#####################################################################
# Alchemist log file - simulation started at: 2020-01-17T08:07+0000 #
#####################################################################
# seed = 10.0, taskFrequency = 0.1, cloudcost = 10.0, algorithm = true
#
# The columns have the following meaning: 
# time taskHops[Mean] hasTask[Sum] tasks[Sum] completedTasks[Sum] giveupTasks[Sum] taskLatency[Sum] 
0.0 NaN 0.0 0.0 0.0 0.0 0.0 
2.003600544622995 NaN 16.0 22.0 0.0 0.0 0.0 
4.003600544622995 NaN 36.0 43.0 0.0 0.0 0.0 
6.003600544622995 NaN 57.0 60.0 0.0 0.0 0.0 
8.000646675124983 NaN 64.0 72.0 0.0 0.0 0.0 
10.003600544622994 NaN 77.0 78.0 0.0 0.0 0.0 
12.003600544622994 0.0 86.0 89.0 1.0 0.0 11.0 
14.003600544622994 1.0 91.0 93.0 4.0 0.0 50.0 
16.003600544622994 1.1818181818181819 89.0 99.0 11.0 0.0 146.0 
18.003600544622994 1.1428571428571428 91.0 107.0 14.0 0.0 186.0 
20.003600544622994 1.1333333333333333 95.0 110.0 15.0 0.0 203.0 
22.003600544622994 1.125 95.0 113.0 16.0 0.0 220.0 
24.003600544622994 1.2222222222222223 102.0 120.0 18.0 0.0 259.0 
26.003600544622994 1.263157894736842 103.0 121.0 19.0 0.0 280.0 
28.003600544622994 1.35 105.0 125.0 20.0 0.0 306.0 
30.003600544622994 1.3333333333333333 106.0 126.0 21.0 0.0 328.0 
32.003600544623 1.3181818181818181 104.0 128.0 22.0 0.0 342.0 
34.003600544623 1.48 106.0 130.0 25.0 0.0 411.0 
36.003600544623 1.48 105.0 132.0 25.0 0.0 411.0 
38.003600544623 1.4444444444444444 110.0 138.0 27.0 0.0 446.0 
40.003600544623 1.4444444444444444 112.0 140.0 27.0 0.0 446.0 
42.003600544623 1.5357142857142858 113.0 141.0 28.0 0.0 482.0 
44.003600544623 1.5862068965517242 115.0 143.0 29.0 0.0 514.0 
46.003600544623 1.5862068965517242 118.0 147.0 29.0 0.0 514.0 
48.003600544623 1.6774193548387095 115.0 148.0 32.0 0.0 586.0 
50.003600544623 1.78125 118.0 150.0 33.0 0.0 614.0 
52.003600544623 1.875 117.0 150.0 35.0 0.0 643.0 
54.003600544623 1.875 115.0 150.0 35.0 0.0 643.0 
56.003600544623 1.8484848484848484 114.0 150.0 36.0 0.0 690.0 
58.003600544623 1.878787878787879 113.0 150.0 37.0 0.0 703.0 
60.003600544623 1.9696969696969697 113.0 153.0 39.0 0.0 737.0 
62.003600544623 1.9696969696969697 115.0 154.0 39.0 0.0 737.0 
64.003600544623 2.1470588235294117 117.0 157.0 42.0 0.0 812.0 
66.003600544623 2.2941176470588234 116.0 160.0 43.0 0.0 831.0 
68.003600544623 2.2941176470588234 118.0 161.0 43.0 0.0 831.0 
70.003600544623 2.3529411764705883 118.0 162.0 44.0 0.0 864.0 
72.003600544623 2.3529411764705883 119.0 164.0 44.0 0.0 864.0 
74.003600544623 2.3714285714285714 120.0 164.0 46.0 0.0 942.0 
76.003600544623 2.3714285714285714 118.0 164.0 46.0 0.0 942.0 
78.003600544623 2.361111111111111 118.0 164.0 47.0 0.0 1008.0 
80.003600544623 2.4444444444444446 117.0 164.0 49.0 0.0 1038.0 
82.003600544623 2.5 114.0 165.0 51.0 0.0 1071.0 
84.003600544623 2.621621621621622 113.0 165.0 52.0 0.0 1125.0 
86.00228617235493 2.7027027027027026 112.0 165.0 53.0 0.0 1151.0 
88.003600544623 2.7027027027027026 113.0 167.0 53.0 0.0 1151.0 
90.003600544623 2.7027027027027026 114.0 167.0 53.0 0.0 1151.0 
92.003600544623 2.756756756756757 115.0 169.0 54.0 0.0 1170.0 
94.003600544623 2.756756756756757 115.0 170.0 54.0 0.0 1170.0 
96.003600544623 2.736842105263158 117.0 172.0 55.0 0.0 1256.0 
98.003600544623 2.9473684210526314 117.0 173.0 57.0 0.0 1300.0 
100.003600544623 2.9473684210526314 116.0 174.0 57.0 0.0 1300.0 
102.003600544623 3.128205128205128 120.0 177.0 57.0 1.0 1401.0 
104.003600544623 5.689655172413793 112.0 178.0 58.0 21.0 3354.0 
106.003600544623 8.275862068965518 86.0 178.0 58.0 60.0 6392.0 
108.003600544623 9.284403669724771 52.0 181.0 58.0 89.0 8808.0 
110.003600544623 9.752212389380531 40.0 191.0 58.0 98.0 9261.0 
112.003600544623 10.324786324786325 34.0 198.0 59.0 108.0 9776.0 
114.003600544623 10.571428571428571 33.0 203.0 59.0 113.0 9993.0 
116.003600544623 10.825 32.0 212.0 60.0 117.0 10207.0 
118.0030709138933 11.066115702479339 37.0 221.0 60.0 121.0 10313.0 
120.003600544623 11.432 44.0 231.0 60.0 130.0 10899.0 
122.003600544623 11.696000000000002 41.0 239.0 61.0 133.0 10917.0 
124.003600544623 12.096 52.0 248.0 61.0 138.0 11129.0 
126.003600544623 12.256 52.0 255.0 61.0 140.0 11144.0 
128.003600544623 12.416 54.0 259.0 61.0 142.0 11152.0 
130.0030785804496 12.76 57.0 267.0 63.0 146.0 11397.0 
132.003600544623 13.096 60.0 274.0 65.0 150.0 11541.0 
134.003600544623 13.176 66.0 281.0 65.0 151.0 11546.0 
136.003600544623 13.664 68.0 288.0 66.0 157.0 11607.0 
138.003600544623 13.744 71.0 295.0 66.0 158.0 11630.0 
140.003600544623 13.904 77.0 302.0 66.0 160.0 11654.0 
142.003600544623 13.984 80.0 307.0 66.0 161.0 11662.0 
144.003600544623 14.304 81.0 309.0 66.0 165.0 11730.0 
146.003600544623 14.464 85.0 317.0 66.0 167.0 11752.0 
148.003600544623 14.568000000000001 87.0 322.0 67.0 168.0 11773.0 
150.003600544623 14.648 95.0 333.0 67.0 169.0 11774.0 
152.003600544623 14.687999999999999 102.0 340.0 69.0 169.0 11820.0 
154.003600544623 14.72 104.0 343.0 70.0 169.0 11851.0 
156.003600544623 14.744 108.0 348.0 72.0 169.0 11889.0 
158.003600544623 14.792 109.0 351.0 73.0 169.0 11912.0 
160.003600544623 14.808 110.0 355.0 75.0 169.0 11951.0 
162.003600544623 14.928 109.0 358.0 77.0 170.0 12017.0 
164.003600544623 15.248000000000001 107.0 358.0 77.0 174.0 12146.0 
166.003600544623 15.584 102.0 358.0 79.0 178.0 12301.0 
168.003600544623 15.584 105.0 363.0 79.0 178.0 12301.0 
170.003600544623 15.824 109.0 366.0 79.0 181.0 12371.0 
172.003600544623 16.224 104.0 368.0 79.0 186.0 12488.0 
174.003600544623 16.224 106.0 371.0 79.0 186.0 12488.0 
176.003600544623 16.288 105.0 371.0 81.0 186.0 12536.0 
178.003600544623 16.312 103.0 371.0 82.0 186.0 12563.0 
180.003600544623 16.312 104.0 372.0 82.0 186.0 12563.0 
182.003600544623 16.312 105.0 374.0 82.0 186.0 12563.0 
184.003600544623 16.32 107.0 377.0 83.0 186.0 12600.0 
186.003600544623 16.32 110.0 379.0 83.0 186.0 12600.0 
188.003600544623 16.344 110.0 380.0 84.0 186.0 12636.0 
190.00149313635012 16.503999999999998 109.0 382.0 84.0 188.0 12665.0 
192.00320526013036 16.672 110.0 385.0 85.0 190.0 12721.0 
194.003600544623 17.024 111.0 387.0 86.0 194.0 13023.0 
196.003600544623 17.032 108.0 389.0 87.0 194.0 13037.0 
198.003600544623 17.264000000000003 108.0 391.0 89.0 196.0 13264.0 
200.003600544623 17.344 106.0 391.0 89.0 197.0 13279.0 
202.003600544623 17.584 104.0 393.0 89.0 200.0 13487.0 
204.003600544623 17.584 105.0 394.0 89.0 200.0 13487.0 
206.003600544623 17.664 107.0 397.0 89.0 201.0 13533.0 
208.003600544623 17.696 107.0 398.0 91.0 201.0 13556.0 
210.003600544623 17.84 105.0 400.0 93.0 202.0 13698.0 
212.003600544623 18.672 101.0 403.0 94.0 212.0 14271.0 
214.003600544623 19.247999999999998 93.0 403.0 95.0 219.0 14843.0 
216.003600544623 20.544 91.0 411.0 96.0 235.0 16009.0 
218.003600544623 20.864 83.0 414.0 96.0 239.0 16180.0 
220.003600544623 21.664 75.0 417.0 96.0 249.0 16710.0 
222.003600544623 22.824 66.0 419.0 98.0 263.0 17808.0 
224.003600544623 23.464 59.0 427.0 98.0 271.0 18226.0 
226.003600544623 24.344 56.0 436.0 98.0 282.0 18714.0 
228.003600544623 25.064 56.0 446.0 98.0 291.0 18943.0 
230.003600544623 25.631999999999998 56.0 453.0 99.0 298.0 19234.0 
232.003600544623 26.136000000000003 60.0 462.0 100.0 304.0 19535.0 
234.003600544623 27.096 57.0 469.0 100.0 316.0 19863.0 
236.003600544623 28.240000000000002 54.0 480.0 102.0 330.0 20445.0 
238.003600544623 28.4 50.0 483.0 102.0 332.0 20453.0 
240.003600544623 28.72 51.0 486.0 102.0 336.0 20481.0 
242.003600544623 29.216 52.0 494.0 103.0 342.0 20742.0 
244.003600544623 29.496000000000002 56.0 508.0 105.0 345.0 20898.0 
246.003600544623 29.872 61.0 515.0 108.0 349.0 21019.0 
248.003600544623 30.352 62.0 525.0 108.0 355.0 21239.0 
250.003600544623 31.119999999999997 60.0 530.0 109.0 364.0 21334.0 
252.003600544623 31.68 66.0 541.0 109.0 371.0 21540.0 
254.003600544623 32.336 59.0 545.0 110.0 379.0 21602.0 
256.003600544623 32.856 61.0 553.0 111.0 385.0 21637.0 
258.003600544623 33.36 59.0 563.0 112.0 391.0 21725.0 
260.003600544623 34.168 64.0 576.0 113.0 401.0 21832.0 
262.003600544623 34.263999999999996 65.0 583.0 114.0 402.0 21848.0 
264.003600544623 34.263999999999996 78.0 597.0 114.0 402.0 21848.0 
266.003600544623 35.072 80.0 605.0 115.0 412.0 21898.0 
268.003600544623 35.072 84.0 612.0 115.0 412.0 21898.0 
270.003600544623 35.392 90.0 618.0 115.0 416.0 22148.0 
272.003600544623 36.431999999999995 88.0 624.0 115.0 429.0 22454.0 
274.003600544623 36.512 83.0 629.0 115.0 430.0 22455.0 
276.003600544623 36.68 84.0 631.0 116.0 432.0 22483.0 
278.003600544623 36.696 89.0 637.0 117.0 432.0 22496.0 
280.003600544623 36.696 89.0 639.0 117.0 432.0 22496.0 
282.003600544623 36.856 97.0 646.0 117.0 434.0 22515.0 
284.003600544623 37.032000000000004 91.0 647.0 119.0 436.0 22597.0 
286.003600544623 37.28 93.0 651.0 120.0 439.0 22665.0 
288.003600544623 38.0 93.0 656.0 120.0 448.0 22864.0 
290.003600544623 38.0 92.0 662.0 120.0 448.0 22864.0 
292.003600544623 38.168 96.0 667.0 121.0 450.0 23027.0 
294.003600544623 38.376 93.0 670.0 123.0 452.0 23132.0 
296.003600544623 38.584 94.0 675.0 125.0 454.0 23196.0 
298.003600544623 38.664 100.0 681.0 125.0 455.0 23297.0 
300.003600544623 39.016000000000005 100.0 684.0 126.0 459.0 23470.0 
302.003600544623 39.336 99.0 685.0 126.0 463.0 23642.0 
304.003600544623 39.344 99.0 690.0 127.0 463.0 23656.0 
306.003600544623 39.44 102.0 693.0 128.0 464.0 23676.0 
308.003600544623 39.624 100.0 694.0 130.0 466.0 23797.0 
310.0013566168011 39.624 100.0 697.0 130.0 466.0 23797.0 
312.003600544623 39.64 103.0 700.0 131.0 466.0 23812.0 
314.003600544623 39.864 102.0 700.0 133.0 468.0 23933.0 
316.003600544623 40.024 100.0 703.0 133.0 470.0 24099.0 
318.003600544623 40.512 99.0 704.0 134.0 476.0 24379.0 
320.003600544623 40.592000000000006 97.0 711.0 134.0 477.0 24397.0 
322.003600544623 40.768 99.0 711.0 136.0 479.0 24558.0 
324.003600544623 41.248000000000005 99.0 717.0 136.0 485.0 25013.0 
326.003600544623 42.392 88.0 718.0 137.0 499.0 25766.0 
328.003600544623 42.632 86.0 726.0 137.0 502.0 25796.0 
330.003600544623 43.672 83.0 728.0 137.0 515.0 26357.0 
332.003600544623 44.432 68.0 731.0 139.0 524.0 26861.0 
334.003600544623 44.84 69.0 738.0 139.0 529.0 27044.0 
336.003600544623 45.488 65.0 740.0 140.0 537.0 27212.0 
338.003600544623 46.656 65.0 751.0 141.0 551.0 27880.0 
340.003600544623 47.216 62.0 760.0 141.0 558.0 27954.0 
342.003600544623 47.536 61.0 764.0 141.0 562.0 28041.0 
344.003600544623 48.176 62.0 773.0 141.0 570.0 28359.0 
346.003600544623 48.727999999999994 59.0 776.0 143.0 576.0 28756.0 
348.003600544623 49.616 55.0 781.0 144.0 587.0 29096.0 
350.003600544623 50.176 55.0 794.0 144.0 594.0 29208.0 
352.003600544623 50.192 59.0 802.0 146.0 594.0 29222.0 
354.003600544623 50.656 66.0 814.0 149.0 599.0 29514.0 
356.003600544623 51.136 64.0 819.0 149.0 605.0 29710.0 
358.003600544623 51.455999999999996 67.0 825.0 149.0 609.0 29726.0 
360.003600544623 51.744 75.0 836.0 151.0 612.0 29826.0 
362.003600544623 53.184 69.0 842.0 151.0 630.0 30163.0 
364.003600544623 53.584 73.0 856.0 151.0 635.0 30295.0 
366.003600544623 54.248000000000005 74.0 863.0 152.0 643.0 30498.0 
368.003600544623 55.239999999999995 70.0 875.0 153.0 655.0 30616.0 
370.003600544623 56.224000000000004 66.0 883.0 154.0 667.0 30805.0 
372.003600544623 57.263999999999996 61.0 891.0 154.0 680.0 30908.0 
374.003600544623 58.16 59.0 902.0 156.0 691.0 30977.0 
376.00291073814856 59.216 54.0 913.0 157.0 704.0 31203.0 
378.003600544623 59.856 54.0 925.0 157.0 712.0 31382.0 
380.003600544623 60.176 57.0 935.0 157.0 716.0 31418.0 
382.003600544623 60.495999999999995 68.0 945.0 157.0 720.0 31448.0 
384.003600544623 60.984 67.0 950.0 158.0 726.0 31554.0 
386.003600544623 61.24 69.0 959.0 159.0 729.0 31564.0 
388.003600544623 61.28 75.0 963.0 161.0 729.0 31600.0 
390.00197345716987 61.88 77.0 973.0 164.0 736.0 31751.0 
392.003600544623 62.2 75.0 977.0 164.0 740.0 31891.0 
394.003600544623 62.552 76.0 984.0 165.0 744.0 32067.0 
396.003600544623 62.712 77.0 990.0 165.0 746.0 32084.0 
398.003600544623 63.128 82.0 996.0 166.0 751.0 32341.0 
400.003600544623 63.304 83.0 1003.0 168.0 753.0 32439.0 
402.003600544623 63.304 86.0 1007.0 168.0 753.0 32439.0 
404.003600544623 64.024 83.0 1014.0 168.0 762.0 32645.0 
406.003600544623 64.296 84.0 1016.0 170.0 765.0 32722.0 
408.003600544623 64.304 87.0 1024.0 171.0 765.0 32736.0 
410.003600544623 64.752 84.0 1026.0 173.0 770.0 32929.0 
412.003600544623 64.768 85.0 1030.0 174.0 770.0 32987.0 
414.003600544623 65.04 88.0 1036.0 176.0 773.0 33049.0 
416.003600544623 65.384 89.0 1044.0 178.0 777.0 33117.0 
418.003600544623 65.464 92.0 1047.0 178.0 778.0 33152.0 
420.003600544623 65.784 90.0 1049.0 178.0 782.0 33295.0 
422.003600544623 66.12 91.0 1055.0 179.0 786.0 33383.0 
424.003600544623 66.376 88.0 1059.0 180.0 789.0 33443.0 
426.003600544623 66.376 92.0 1062.0 180.0 789.0 33443.0 
428.003600544623 66.464 94.0 1065.0 181.0 790.0 33505.0 
430.003600544623 67.24 95.0 1069.0 184.0 799.0 33963.0 
432.003600544623 67.416 85.0 1073.0 185.0 801.0 34057.0 
434.003600544623 67.528 86.0 1076.0 187.0 802.0 34099.0 
436.003600544623 67.816 86.0 1077.0 189.0 805.0 34257.0 
438.003600544623 67.976 89.0 1087.0 189.0 807.0 34394.0 
440.003600544623 68.376 93.0 1090.0 189.0 812.0 34568.0 
442.003600544623 69.176 86.0 1092.0 189.0 822.0 34943.0 
444.003600544623 69.824 79.0 1098.0 190.0 830.0 35093.0 
446.003600544623 70.55199999999999 78.0 1103.0 191.0 839.0 35302.0 
448.003600544623 71.44 65.0 1109.0 192.0 850.0 35677.0 
450.003600544623 72.24 68.0 1119.0 192.0 860.0 36139.0 
452.003600544623 72.728 72.0 1128.0 193.0 866.0 36452.0 
454.003600544623 73.0 68.0 1130.0 195.0 869.0 36612.0 
456.003600544623 73.328 65.0 1131.0 196.0 873.0 36774.0 
458.003600544623 73.744 64.0 1139.0 198.0 878.0 36925.0 
460.003600544623 74.008 70.0 1149.0 199.0 881.0 37065.0 
462.003600544623 74.488 74.0 1157.0 199.0 887.0 37147.0 
464.003600544623 75.208 75.0 1167.0 199.0 896.0 37328.0 
466.003600544623 75.928 71.0 1170.0 199.0 905.0 37698.0 
468.003600544623 76.50399999999999 66.0 1179.0 200.0 912.0 37752.0 
470.003600544623 77.144 68.0 1184.0 200.0 920.0 37890.0 
472.003600544623 78.104 64.0 1190.0 200.0 932.0 38160.0 
474.003600544623 78.184 64.0 1199.0 200.0 933.0 38219.0 
476.003600544623 78.824 67.0 1204.0 200.0 941.0 38467.0 
478.003600544623 79.55199999999999 60.0 1212.0 201.0 950.0 38671.0 
480.003600544623 79.968 65.0 1220.0 202.0 955.0 38819.0 
482.003600544623 80.55199999999999 66.0 1231.0 203.0 962.0 38969.0 
484.003600544623 81.688 67.0 1242.0 204.0 976.0 39324.0 
486.003600544623 81.944 64.0 1249.0 205.0 979.0 39367.0 
488.003600544623 82.672 65.0 1257.0 206.0 988.0 39548.0 
490.003600544623 83.168 61.0 1261.0 207.0 994.0 39641.0 
492.003600544623 83.504 66.0 1273.0 208.0 998.0 39670.0 
494.003600544623 84.416 69.0 1286.0 209.0 1009.0 39980.0 
496.003600544623 85.12 68.0 1292.0 211.0 1017.0 40158.0 
498.003600544623 85.28 73.0 1303.0 211.0 1019.0 40168.0 
500.003600544623 85.92 72.0 1309.0 211.0 1027.0 40312.0 
502.003600544623 86.264 71.0 1313.0 213.0 1031.0 40372.0 
504.003600544623 86.84 74.0 1320.0 213.0 1038.0 40533.0 
506.003600544623 87.4 66.0 1324.0 213.0 1045.0 40684.0 
508.003600544623 87.72 71.0 1335.0 213.0 1049.0 40804.0 
510.003600544623 88.55199999999999 73.0 1343.0 214.0 1059.0 40881.0 
512.0036005446229 88.872 76.0 1353.0 214.0 1063.0 40948.0 
514.0036005446229 88.888 79.0 1358.0 215.0 1063.0 40968.0 
516.0036005446229 89.104 84.0 1364.0 216.0 1065.0 41022.0 
518.0036005446229 89.864 87.0 1371.0 217.0 1074.0 41218.0 
520.0036005446229 90.136 78.0 1373.0 219.0 1077.0 41344.0 
522.0036005446229 90.32 80.0 1379.0 221.0 1079.0 41434.0 
524.0036005446229 90.408 79.0 1381.0 222.0 1080.0 41460.0 
526.0036005446229 91.048 80.0 1388.0 222.0 1088.0 41664.0 
528.0036005446229 91.176 78.0 1391.0 223.0 1089.0 41695.0 
530.0036005446229 91.352 78.0 1393.0 224.0 1091.0 41729.0 
532.0036005446229 91.768 77.0 1397.0 225.0 1096.0 41839.0 
534.0036005446229 91.944 77.0 1400.0 226.0 1098.0 41917.0 
536.0036005446229 92.208 76.0 1405.0 228.0 1101.0 42070.0 
538.0036005446229 92.52799999999999 77.0 1411.0 228.0 1105.0 42242.0 
540.0036005446229 93.184 80.0 1416.0 228.0 1113.0 42477.0 
542.0036005446229 93.44 77.0 1422.0 229.0 1116.0 42538.0 
544.0036005446229 93.52 81.0 1428.0 229.0 1117.0 42560.0 
546.0036005446229 93.68 84.0 1431.0 229.0 1119.0 42647.0 
548.0036005446229 93.704 90.0 1438.0 231.0 1119.0 42680.0 
550.0036005446229 93.872 91.0 1442.0 232.0 1121.0 42826.0 
552.0036005446229 94.832 87.0 1445.0 232.0 1133.0 43166.0 
554.0036005446229 96.008 85.0 1457.0 234.0 1147.0 43563.0 
556.0036005446229 96.264 78.0 1462.0 235.0 1150.0 43631.0 
558.0036005446229 96.264 81.0 1467.0 235.0 1150.0 43631.0 
560.0036005446229 96.52 85.0 1474.0 238.0 1152.0 43730.0 
562.0036005446229 97.68 81.0 1478.0 241.0 1166.0 44029.0 
564.0036005446229 98.72 66.0 1484.0 241.0 1179.0 44337.0 
566.0036005446229 99.536 65.0 1491.0 242.0 1189.0 44644.0 
568.0008765488101 100.01599999999999 57.0 1494.0 242.0 1195.0 44915.0 
570.0008749887628 100.752 60.0 1502.0 243.0 1204.0 45107.0 
572.0036005446229 101.392 52.0 1507.0 243.0 1212.0 45375.0 
574.0036005446229 102.272 60.0 1521.0 243.0 1223.0 45691.0 
576.0036005446229 103.248 56.0 1531.0 244.0 1235.0 45894.0 
578.0036005446229 103.416 54.0 1539.0 245.0 1237.0 45911.0 
580.0036005446229 103.696 57.0 1541.0 247.0 1240.0 46055.0 
582.0036005446229 104.336 62.0 1558.0 247.0 1248.0 46134.0 
584.0036005446229 104.6 69.0 1568.0 248.0 1251.0 46172.0 
586.0036005446229 105.88 72.0 1579.0 248.0 1267.0 46381.0 
588.0036005446229 106.28 71.0 1586.0 248.0 1272.0 46455.0 
590.0036005446229 106.688 70.0 1593.0 249.0 1277.0 46536.0 
592.0036005446229 107.088 67.0 1599.0 249.0 1282.0 46622.0 
594.0036005446229 107.648 71.0 1605.0 249.0 1289.0 46877.0 
596.0036005446229 108.944 61.0 1612.0 251.0 1305.0 47353.0 
598.0036005446229 109.824 55.0 1619.0 251.0 1316.0 47582.0 
600.0036005446229 110.544 51.0 1627.0 251.0 1325.0 47793.0 
602.0036005446229 110.544 57.0 1637.0 251.0 1325.0 47793.0 
604.0036005446229 110.704 70.0 1648.0 251.0 1327.0 47796.0 
606.0036005446229 111.208 70.0 1658.0 252.0 1333.0 47927.0 
608.0036005446229 112.00800000000001 73.0 1667.0 252.0 1343.0 48032.0 
610.0036005446229 112.808 73.0 1676.0 252.0 1353.0 48125.0 
612.0036005446229 113.136 73.0 1684.0 253.0 1357.0 48168.0 
614.0036005446229 113.384 78.0 1690.0 254.0 1360.0 48209.0 
616.0036005446229 113.704 77.0 1695.0 254.0 1364.0 48275.0 
618.0036005446229 114.352 77.0 1702.0 255.0 1372.0 48487.0 
620.0036005446229 115.232 77.0 1711.0 255.0 1383.0 48661.0 
622.0036005446229 115.488 75.0 1716.0 256.0 1386.0 48719.0 
624.0036005446229 116.44800000000001 76.0 1722.0 256.0 1398.0 48968.0 
626.0036005446229 116.976 71.0 1733.0 258.0 1404.0 49030.0 
628.0036005446229 117.056 74.0 1740.0 258.0 1405.0 49030.0 
630.0036005446229 117.52000000000001 75.0 1746.0 262.0 1410.0 49196.0 
632.0036005446229 118.03999999999999 71.0 1752.0 263.0 1416.0 49406.0 
634.0036005446229 118.52000000000001 72.0 1758.0 263.0 1422.0 49585.0 
636.0000621427051 118.6 77.0 1765.0 263.0 1423.0 49630.0 
638.0036005446229 118.68 81.0 1771.0 263.0 1424.0 49654.0 
640.0036005446229 119.488 85.0 1774.0 264.0 1434.0 49878.0 
642.0036005446229 120.288 80.0 1781.0 264.0 1444.0 50002.0 
644.0036005446229 120.792 74.0 1786.0 265.0 1450.0 50136.0 
646.0036005446229 121.12 78.0 1797.0 266.0 1454.0 50225.0 
648.0005233434779 121.28 80.0 1804.0 266.0 1456.0 50329.0 
650.0036005446229 121.936 84.0 1808.0 267.0 1464.0 50494.0 
652.0036005446229 122.112 79.0 1814.0 268.0 1466.0 50601.0 
654.0036005446229 122.592 79.0 1817.0 268.0 1472.0 50714.0 
656.0036005446229 123.232 77.0 1822.0 268.0 1480.0 50869.0 
658.0036005446229 123.632 77.0 1830.0 268.0 1485.0 50921.0 
660.0036005446229 123.888 81.0 1837.0 269.0 1488.0 50973.0 
662.0036005446229 124.208 82.0 1842.0 269.0 1492.0 51015.0 
664.0036005446229 124.608 83.0 1846.0 269.0 1497.0 51233.0 
666.0036005446229 125.008 80.0 1853.0 269.0 1502.0 51412.0 
668.0036005446229 125.744 80.0 1858.0 270.0 1511.0 51687.0 
670.0036005446229 126.232 71.0 1859.0 271.0 1517.0 51976.0 
672.0036005446229 126.272 75.0 1864.0 272.0 1517.0 52010.0 
674.0036005446229 126.512 78.0 1869.0 272.0 1520.0 52073.0 
676.0036005446229 127.712 79.0 1877.0 272.0 1535.0 52460.0 
678.0036005446229 129.2 66.0 1883.0 274.0 1553.0 52893.0 
680.0036005446229 130.104 56.0 1895.0 275.0 1564.0 53234.0 
682.0036005446229 130.504 59.0 1902.0 275.0 1569.0 53354.0 
684.0036005446229 130.584 68.0 1915.0 275.0 1570.0 53355.0 
686.0036005446229 132.392 69.0 1925.0 275.0 1592.0 53819.0 
688.002666432028 132.712 61.0 1936.0 275.0 1596.0 53841.0 
690.0036005446229 133.192 66.0 1943.0 275.0 1602.0 53859.0 
692.0036005446229 133.432 70.0 1947.0 275.0 1605.0 53907.0 
694.0036005446229 133.992 66.0 1952.0 275.0 1612.0 54062.0 
696.0036005446229 134.248 69.0 1961.0 276.0 1615.0 54122.0 
698.0036005446229 134.504 70.0 1965.0 277.0 1618.0 54159.0 
700.0036005446229 135.032 73.0 1975.0 279.0 1624.0 54232.0 
702.0036005446229 135.224 78.0 1985.0 281.0 1626.0 54246.0 
704.0036005446229 136.272 74.0 1988.0 282.0 1639.0 54619.0 
706.0036005446229 137.632 58.0 1990.0 282.0 1656.0 55082.0 
708.0036005446229 138.448 52.0 2001.0 283.0 1666.0 55363.0 
710.0036005446229 138.928 54.0 2006.0 283.0 1672.0 55500.0 
712.0036005446229 139.344 52.0 2018.0 284.0 1677.0 55595.0 
714.0036005446229 139.6 59.0 2022.0 285.0 1680.0 55629.0 
716.0036005446229 140.08 55.0 2026.0 285.0 1686.0 55770.0 
718.0036005446229 140.504 59.0 2036.0 286.0 1691.0 55874.0 
720.0036005446229 141.008 60.0 2041.0 287.0 1697.0 56137.0 
722.0036005446229 141.728 61.0 2050.0 287.0 1706.0 56215.0 
724.0036005446229 142.368 60.0 2061.0 287.0 1714.0 56261.0 
726.0036005446229 142.648 64.0 2072.0 289.0 1717.0 56334.0 
728.0036005446229 143.704 66.0 2079.0 290.0 1730.0 56658.0 
730.0036005446229 144.104 55.0 2082.0 290.0 1735.0 56669.0 
732.0036005446229 144.264 59.0 2089.0 290.0 1737.0 56704.0 
734.0036005446229 144.344 68.0 2102.0 290.0 1738.0 56704.0 
736.0036005446229 144.712 78.0 2114.0 293.0 1742.0 56767.0 
738.0036005446229 145.144 79.0 2120.0 294.0 1747.0 56861.0 
740.0036005446229 145.736 77.0 2125.0 294.0 1754.0 56926.0 
742.0019082977478 146.456 73.0 2129.0 294.0 1763.0 57065.0 
744.0036005446229 146.8 80.0 2142.0 296.0 1767.0 57201.0 
746.0036005446229 147.336 79.0 2149.0 299.0 1773.0 57401.0 
748.0036005446229 148.08 75.0 2153.0 301.0 1782.0 57699.0 
750.0036005446229 148.72 66.0 2157.0 301.0 1790.0 57883.0 
752.0036005446229 148.72 70.0 2163.0 301.0 1790.0 57883.0 
754.0036005446229 149.072 71.0 2165.0 303.0 1794.0 57962.0 
756.0036005446229 149.472 68.0 2170.0 303.0 1799.0 58011.0 
758.0036005446229 149.792 65.0 2172.0 303.0 1803.0 58115.0 
760.0036005446229 149.952 67.0 2176.0 303.0 1805.0 58198.0 
762.0036005446229 150.304 75.0 2183.0 304.0 1809.0 58286.0 
764.0036005446229 150.728 74.0 2188.0 304.0 1814.0 58417.0 
766.0036005446229 150.976 73.0 2193.0 305.0 1817.0 58503.0 
768.0036005446229 150.976 77.0 2200.0 305.0 1817.0 58503.0 
770.0036005446229 151.008 79.0 2204.0 307.0 1817.0 58512.0 
772.0036005446229 151.016 84.0 2211.0 308.0 1817.0 58548.0 
774.0036005446229 151.112 90.0 2218.0 309.0 1818.0 58587.0 
776.0036005446229 151.192 95.0 2225.0 309.0 1819.0 58593.0 
778.0036005446229 151.672 95.0 2230.0 309.0 1825.0 58653.0 
780.0036005446229 152.664 92.0 2239.0 310.0 1837.0 59043.0 
782.0036005446229 153.792 87.0 2242.0 311.0 1851.0 59379.0 
784.0036005446229 155.2 79.0 2249.0 312.0 1868.0 59873.0 
786.0036005446229 155.6 75.0 2256.0 312.0 1873.0 59991.0 
788.0036005446229 156.48 69.0 2263.0 312.0 1884.0 60223.0 
790.0028478481963 157.28 61.0 2266.0 312.0 1894.0 60405.0 
792.0036005446229 157.68 65.0 2275.0 312.0 1899.0 60524.0 
794.0036005446229 157.76 70.0 2283.0 312.0 1900.0 60533.0 
796.0036005446229 158.08 76.0 2291.0 312.0 1904.0 60553.0 
798.0036005446229 158.56 77.0 2300.0 312.0 1910.0 60660.0 
800.0036005446229 159.136 80.0 2307.0 313.0 1917.0 60847.0 
802.0036005446229 159.792 73.0 2310.0 314.0 1925.0 61002.0 
804.0036005446229 160.84 69.0 2318.0 315.0 1938.0 61300.0 
806.0036005446229 161.448 63.0 2327.0 317.0 1945.0 61581.0 
808.0036005446229 161.536 68.0 2337.0 318.0 1946.0 61598.0 
810.0036005446229 162.216 72.0 2343.0 320.0 1954.0 61773.0 
812.0033799820933 162.96 72.0 2349.0 321.0 1963.0 62035.0 
814.0036005446229 163.76 71.0 2364.0 321.0 1973.0 62211.0 
816.0036005446229 164.152 73.0 2373.0 324.0 1977.0 62282.0 
818.0036005446229 164.384 76.0 2382.0 325.0 1979.0 62328.0 
820.0036005446229 164.976 78.0 2390.0 325.0 1986.0 62602.0 
822.0036005446229 165.464 83.0 2398.0 326.0 1992.0 62656.0 
824.0036005446229 165.976 81.0 2401.0 328.0 1998.0 62849.0 
826.0036005446229 166.44 77.0 2407.0 330.0 2003.0 63083.0 
828.0036005446229 167.248 77.0 2416.0 331.0 2013.0 63469.0 
830.0036005446229 167.816 72.0 2420.0 332.0 2020.0 63575.0 
832.0036005446229 168.224 65.0 2423.0 333.0 2025.0 63662.0 
834.0036005446229 168.544 68.0 2431.0 333.0 2029.0 63803.0 
836.0036005446229 169.184 66.0 2436.0 333.0 2037.0 63997.0 
838.0036005446229 169.96 64.0 2440.0 336.0 2046.0 64249.0 
840.0036005446229 170.2 64.0 2448.0 336.0 2049.0 64294.0 
842.0036005446229 170.52 65.0 2459.0 336.0 2053.0 64345.0 
844.0036005446229 170.6 74.0 2466.0 336.0 2054.0 64352.0 
846.0036005446229 171.328 85.0 2480.0 339.0 2062.0 64519.0 
848.0036005446229 171.672 79.0 2485.0 341.0 2066.0 64642.0 
850.0036005446229 171.992 78.0 2490.0 341.0 2070.0 64713.0 
852.0036005446229 172.552 78.0 2492.0 341.0 2077.0 64846.0 
854.0036005446229 172.792 73.0 2496.0 341.0 2080.0 64872.0 
856.0036005446229 172.96 81.0 2505.0 342.0 2082.0 65028.0 
858.0036005446229 173.232 81.0 2512.0 344.0 2085.0 65168.0 
860.0036005446229 173.488 81.0 2516.0 345.0 2088.0 65301.0 
862.0036005446229 173.568 84.0 2519.0 345.0 2089.0 65337.0 
864.0036005446229 173.84 82.0 2519.0 348.0 2092.0 65521.0 
866.0036005446229 174.07999999999998 83.0 2526.0 348.0 2095.0 65656.0 
868.0036005446229 174.368 86.0 2533.0 350.0 2098.0 65740.0 
870.0036005446229 175.112 87.0 2536.0 351.0 2107.0 65956.0 
872.0036005446229 175.152 80.0 2541.0 352.0 2107.0 65992.0 
874.0036005446229 175.816 78.0 2546.0 353.0 2115.0 66152.0 
876.0036005446229 176.296 78.0 2549.0 353.0 2121.0 66309.0 
878.0036005446229 177.096 73.0 2555.0 353.0 2131.0 66614.0 
880.0036005446229 177.256 72.0 2559.0 353.0 2133.0 66646.0 
882.0036005446229 177.36 74.0 2563.0 355.0 2134.0 66743.0 
884.0036005446229 177.76 74.0 2565.0 355.0 2139.0 66931.0 
886.0036005446229 178.0 74.0 2572.0 355.0 2142.0 67125.0 
888.0036005446229 178.568 76.0 2576.0 356.0 2149.0 67339.0 
890.0036005446229 179.128 76.0 2586.0 356.0 2156.0 67625.0 
892.0036005446229 179.208 76.0 2591.0 356.0 2157.0 67674.0 
894.0036005446229 179.96 80.0 2599.0 357.0 2166.0 67896.0 
896.0036005446229 180.76 76.0 2608.0 357.0 2176.0 68170.0 
898.0016628759356 181.24 78.0 2614.0 357.0 2182.0 68272.0 
900.0036005446229 181.72 77.0 2620.0 357.0 2188.0 68341.0 
#####################################################################
# End of data export. Simulation finished at: 2020-01-17T11:58+0000 #
#####################################################################
