#####################################################################
# Alchemist log file - simulation started at: 2020-01-16T03:20+0000 #
#####################################################################
# seed = 6.0, taskFrequency = 0.0075, cloudcost = 29.0, algorithm = false
#
# The columns have the following meaning: 
# time taskHops[Mean] hasTask[Sum] tasks[Sum] completedTasks[Sum] giveupTasks[Sum] taskLatency[Sum] 
0.0 NaN 0.0 0.0 0.0 0.0 0.0 
2.0043581642399184 NaN 0.0 0.0 0.0 0.0 0.0 
4.004358164239918 NaN 1.0 2.0 0.0 0.0 0.0 
6.004358164239918 NaN 4.0 4.0 0.0 0.0 0.0 
8.004358164239918 NaN 5.0 6.0 0.0 0.0 0.0 
10.004358164239918 NaN 8.0 8.0 0.0 0.0 0.0 
12.004358164239918 NaN 11.0 13.0 0.0 0.0 0.0 
14.004358164239918 NaN 17.0 19.0 0.0 0.0 0.0 
16.004358164239918 NaN 23.0 24.0 0.0 0.0 0.0 
18.004358164239918 NaN 25.0 25.0 0.0 0.0 0.0 
20.004358164239918 NaN 26.0 26.0 0.0 0.0 0.0 
22.004358164239918 NaN 26.0 26.0 0.0 0.0 0.0 
24.004358164239918 NaN 28.0 28.0 0.0 0.0 0.0 
26.004358164239918 NaN 30.0 30.0 0.0 0.0 0.0 
28.004358164239918 NaN 33.0 34.0 0.0 0.0 0.0 
30.004358164239918 NaN 34.0 35.0 0.0 0.0 0.0 
32.00435816423992 NaN 36.0 37.0 0.0 0.0 0.0 
34.00435816423992 NaN 37.0 37.0 0.0 0.0 0.0 
36.00435816423992 NaN 37.0 37.0 0.0 0.0 0.0 
38.00435816423992 NaN 38.0 38.0 0.0 0.0 0.0 
40.00435816423992 NaN 42.0 42.0 0.0 0.0 0.0 
42.00435816423992 NaN 42.0 42.0 0.0 0.0 0.0 
44.00435816423992 NaN 42.0 42.0 0.0 0.0 0.0 
46.00435816423992 NaN 43.0 43.0 0.0 0.0 0.0 
48.00435816423992 NaN 43.0 43.0 0.0 0.0 0.0 
50.00435816423992 NaN 44.0 45.0 0.0 0.0 0.0 
52.00435816423992 NaN 46.0 46.0 0.0 0.0 0.0 
54.00435816423992 NaN 49.0 49.0 0.0 0.0 0.0 
56.00435816423992 NaN 50.0 51.0 0.0 0.0 0.0 
58.00435816423992 NaN 51.0 51.0 0.0 0.0 0.0 
60.00435816423992 NaN 52.0 52.0 0.0 0.0 0.0 
62.00435816423992 NaN 53.0 53.0 0.0 0.0 0.0 
64.00435816423992 NaN 57.0 58.0 0.0 0.0 0.0 
66.00435816423992 NaN 58.0 58.0 0.0 0.0 0.0 
68.00435816423992 NaN 59.0 59.0 0.0 0.0 0.0 
70.00435816423992 NaN 59.0 59.0 0.0 0.0 0.0 
72.00435816423992 NaN 59.0 59.0 0.0 0.0 0.0 
74.00435816423992 2.0 59.0 61.0 1.0 0.0 61.0 
76.00435816423992 2.0 61.0 62.0 1.0 0.0 61.0 
78.00435816423992 2.0 61.0 62.0 1.0 0.0 61.0 
80.00435816423992 2.0 61.0 62.0 1.0 0.0 61.0 
82.00435816423992 2.0 61.0 62.0 1.0 0.0 61.0 
84.00435816423992 2.0 62.0 64.0 1.0 0.0 61.0 
86.00435816423992 2.0 63.0 64.0 1.0 0.0 61.0 
88.00435816423992 2.0 64.0 65.0 1.0 0.0 61.0 
90.00435816423992 2.0 65.0 66.0 1.0 0.0 61.0 
92.00435816423992 2.0 66.0 67.0 1.0 0.0 61.0 
94.00435816423992 2.0 66.0 68.0 1.0 0.0 61.0 
96.00435816423992 2.0 68.0 69.0 1.0 0.0 61.0 
98.00435816423992 2.0 68.0 69.0 1.0 0.0 61.0 
100.00435816423992 2.0 69.0 71.0 1.0 0.0 61.0 
102.00435816423992 2.0 70.0 71.0 1.0 0.0 61.0 
104.00435816423992 2.0 70.0 71.0 1.0 0.0 61.0 
106.00435816423992 2.0 70.0 72.0 1.0 0.0 61.0 
108.00435816423992 15.5 71.0 72.0 1.0 1.0 163.0 
110.00435816423992 20.0 70.0 72.0 1.0 2.0 265.0 
112.00435816423992 22.25 70.0 74.0 1.0 3.0 367.0 
114.00435816423992 25.142857142857142 70.0 76.0 1.0 6.0 684.0 
116.00435816423992 26.3 68.0 76.0 1.0 9.0 993.0 
118.00435816423992 27.41176470588235 61.0 76.0 1.0 16.0 1732.0 
120.00435816423992 27.57894736842105 58.0 77.0 1.0 18.0 1951.0 
122.00435816423992 27.57894736842105 58.0 77.0 1.0 18.0 1951.0 
124.00435816423992 27.714285714285715 59.0 78.0 1.0 20.0 2174.0 
126.00435816423992 27.82608695652174 60.0 81.0 1.0 22.0 2385.0 
128.00435816423993 27.92 57.0 81.0 1.0 24.0 2590.0 
130.00435816423993 28.035714285714285 55.0 82.0 1.0 27.0 2896.0 
132.00435816423993 28.06896551724138 54.0 84.0 1.0 28.0 2999.0 
134.00435816423993 28.129032258064516 54.0 85.0 1.0 30.0 3204.0 
136.00435816423993 28.181818181818183 53.0 86.0 1.0 32.0 3443.0 
138.00435816423993 28.181818181818183 56.0 89.0 1.0 32.0 3443.0 
140.00435816423993 28.205882352941178 56.0 89.0 1.0 33.0 3546.0 
142.00435816423993 28.289473684210527 54.0 90.0 1.0 37.0 3955.0 
144.00435816423993 28.289473684210527 52.0 90.0 1.0 37.0 3955.0 
146.00435816423993 28.289473684210527 52.0 90.0 1.0 37.0 3955.0 
148.00435816423993 28.289473684210527 53.0 91.0 1.0 37.0 3955.0 
150.00435816423993 28.289473684210527 54.0 92.0 1.0 37.0 3955.0 
152.00435816423993 28.307692307692307 54.0 93.0 1.0 38.0 4057.0 
154.00435816423993 28.357142857142858 51.0 93.0 1.0 41.0 4415.0 
156.00435816423993 28.4 50.0 94.0 1.0 44.0 4721.0 
158.00435816423993 28.41304347826087 50.0 95.0 1.0 45.0 4824.0 
160.00435816423993 28.425531914893618 49.0 96.0 1.0 46.0 4927.0 
162.00435816423993 28.425531914893618 49.0 96.0 1.0 46.0 4927.0 
164.00435816423993 28.425531914893618 49.0 96.0 1.0 46.0 4927.0 
166.00435816423993 28.470588235294116 46.0 96.0 1.0 50.0 5335.0 
168.00435816423993 28.48076923076923 44.0 97.0 1.0 51.0 5438.0 
170.00435816423993 28.49056603773585 45.0 97.0 1.0 52.0 5541.0 
172.00435816423993 28.5 43.0 97.0 1.0 53.0 5651.0 
174.00435816423993 28.5 44.0 98.0 1.0 53.0 5651.0 
176.00435816423993 28.517857142857142 44.0 98.0 1.0 55.0 5913.0 
178.00435816423993 28.526315789473685 42.0 99.0 1.0 56.0 6016.0 
180.00435816423993 28.526315789473685 44.0 101.0 1.0 56.0 6016.0 
182.00435816423993 28.526315789473685 44.0 101.0 1.0 56.0 6016.0 
184.00435816423993 28.526315789473685 44.0 101.0 1.0 56.0 6016.0 
186.00435816423993 28.526315789473685 45.0 102.0 1.0 56.0 6016.0 
188.00435816423993 28.53448275862069 44.0 102.0 1.0 57.0 6119.0 
190.00435816423993 28.53448275862069 45.0 103.0 1.0 57.0 6119.0 
192.00435816423993 28.54237288135593 45.0 103.0 1.0 58.0 6222.0 
194.00435816423993 28.55 44.0 104.0 1.0 59.0 6324.0 
196.00435816423993 28.557377049180328 44.0 105.0 1.0 60.0 6474.0 
198.00282171561483 28.571428571428573 43.0 106.0 1.0 62.0 6680.0 
200.00435816423993 28.571428571428573 44.0 107.0 1.0 62.0 6680.0 
202.00435816423993 28.578125 44.0 108.0 1.0 63.0 6783.0 
204.00435816423993 28.584615384615386 44.0 109.0 1.0 64.0 6886.0 
206.00435816423993 28.584615384615386 46.0 112.0 1.0 64.0 6886.0 
208.00435816423993 28.584615384615386 47.0 113.0 1.0 64.0 6886.0 
210.00435816423993 28.59090909090909 47.0 114.0 1.0 65.0 6989.0 
212.00435816423993 28.59090909090909 49.0 115.0 1.0 65.0 6989.0 
214.00435816423993 28.602941176470587 52.0 118.0 1.0 67.0 7193.0 
216.00435816423993 28.602941176470587 52.0 120.0 1.0 67.0 7193.0 
218.00435816423993 28.608695652173914 52.0 121.0 1.0 68.0 7296.0 
220.00435816423993 28.614285714285714 52.0 121.0 1.0 69.0 7403.0 
222.00435816423993 28.619718309859156 52.0 122.0 1.0 70.0 7506.0 
224.00435816423993 28.619718309859156 53.0 124.0 1.0 70.0 7506.0 
226.00435816423993 28.625 53.0 125.0 1.0 71.0 7656.0 
228.00435816423993 28.635135135135137 52.0 125.0 1.0 73.0 7860.0 
230.00435816423993 28.635135135135137 53.0 127.0 1.0 73.0 7860.0 
232.00435816423993 28.64 53.0 128.0 1.0 74.0 7962.0 
234.00435816423993 28.644736842105264 53.0 128.0 1.0 75.0 8064.0 
236.00435816423993 28.653846153846153 55.0 133.0 1.0 77.0 8270.0 
238.00435816423993 29.025641025641026 54.0 134.0 1.0 78.0 8372.0 
240.00435816423993 29.3875 54.0 135.0 1.0 81.0 8678.0 
242.00435816423993 29.3875 53.0 136.0 1.0 81.0 8678.0 
244.00435816423993 29.395061728395063 54.0 136.0 1.0 82.0 8781.0 
246.00435816423993 29.753086419753085 53.0 137.0 1.0 83.0 8781.0 
248.00435816423993 29.753086419753085 53.0 137.0 1.0 83.0 8781.0 
250.00435816423993 29.74390243902439 53.0 139.0 1.0 84.0 8884.0 
252.00435816423993 29.734939759036145 53.0 139.0 1.0 85.0 8986.0 
254.00435816423993 30.08433734939759 52.0 139.0 1.0 86.0 9088.0 
256.00435816423993 30.08433734939759 52.0 139.0 1.0 86.0 9088.0 
258.00435816423993 30.071428571428573 52.0 139.0 1.0 87.0 9190.0 
260.00435816423993 30.058823529411764 52.0 140.0 1.0 88.0 9292.0 
262.00435816423993 30.046511627906977 51.0 140.0 1.0 89.0 9395.0 
264.00435816423993 30.04597701149425 50.0 140.0 1.0 90.0 9636.0 
266.00435816423993 30.04597701149425 50.0 141.0 1.0 90.0 9636.0 
268.00435816423993 30.04597701149425 51.0 142.0 1.0 90.0 9636.0 
270.00435816423993 30.04597701149425 51.0 142.0 1.0 90.0 9636.0 
272.00435816423993 30.03409090909091 50.0 142.0 1.0 91.0 9739.0 
274.00435816423993 30.03409090909091 51.0 143.0 1.0 91.0 9739.0 
276.00435816423993 30.02247191011236 51.0 143.0 1.0 92.0 9841.0 
278.00435816423993 30.02247191011236 51.0 144.0 1.0 92.0 9841.0 
280.00435816423993 30.02247191011236 51.0 145.0 1.0 92.0 9841.0 
282.00435816423993 30.0 50.0 146.0 1.0 95.0 10239.0 
284.00435816423993 30.0 50.0 146.0 1.0 95.0 10239.0 
286.00435816423993 30.0 50.0 146.0 1.0 95.0 10239.0 
288.00435816423993 30.315217391304348 50.0 146.0 1.0 96.0 10341.0 
290.00435816423993 30.315217391304348 50.0 147.0 1.0 96.0 10341.0 
292.00435816423993 30.630434782608695 50.0 147.0 1.0 97.0 10444.0 
294.00435816423993 30.630434782608695 50.0 148.0 1.0 97.0 10444.0 
296.00435816423993 30.945652173913043 51.0 150.0 1.0 98.0 10546.0 
298.00435816423993 30.945652173913043 52.0 151.0 1.0 98.0 10546.0 
300.00435816423993 30.9247311827957 51.0 151.0 1.0 99.0 10649.0 
302.00435816423993 31.21276595744681 49.0 151.0 1.0 101.0 10853.0 
304.00435816423993 31.189473684210526 51.0 153.0 1.0 102.0 10980.0 
306.00435816423993 31.46875 48.0 154.0 1.0 104.0 11185.0 
308.00435816423993 32.072916666666664 49.0 155.0 1.0 106.0 11390.0 
310.00435816423993 32.375 49.0 157.0 1.0 107.0 11493.0 
312.00435816423993 32.34020618556701 49.0 158.0 1.0 108.0 11596.0 
314.00435816423993 32.27272727272727 49.0 159.0 1.0 110.0 11802.0 
316.00435816423993 32.495049504950494 47.0 159.0 1.0 113.0 12109.0 
318.00435816423993 32.42718446601942 45.0 159.0 1.0 115.0 12313.0 
320.00435816423993 32.39423076923077 45.0 161.0 1.0 116.0 12415.0 
322.00435816423993 32.39423076923077 44.0 161.0 1.0 116.0 12415.0 
324.00435816423993 32.67307692307692 44.0 161.0 1.0 117.0 12517.0 
326.00435816423993 32.91428571428571 43.0 161.0 1.0 119.0 12721.0 
328.00435816423993 33.19047619047619 40.0 161.0 1.0 120.0 12823.0 
330.00435816423993 33.19047619047619 40.0 161.0 1.0 120.0 12823.0 
332.00435816423993 33.74285714285715 40.0 161.0 1.0 122.0 13028.0 
334.00435816423993 34.01904761904762 37.0 162.0 1.0 123.0 13130.0 
336.00435816423993 34.01904761904762 39.0 163.0 1.0 123.0 13130.0 
338.00435816423993 34.24528301886792 38.0 165.0 1.0 125.0 13334.0 
340.00435816423993 34.19626168224299 40.0 167.0 1.0 126.0 13437.0 
342.00435816423993 34.467289719626166 41.0 168.0 1.0 127.0 13539.0 
344.00435816423993 34.467289719626166 40.0 169.0 1.0 127.0 13539.0 
346.00435816423993 34.73831775700934 40.0 169.0 1.0 128.0 13642.0 
348.00435816423993 34.73831775700934 42.0 171.0 1.0 128.0 13642.0 
350.00435816423993 34.73831775700934 42.0 171.0 1.0 128.0 13642.0 
352.00435816423993 34.73831775700934 42.0 171.0 1.0 128.0 13642.0 
354.00435816423993 35.2803738317757 40.0 172.0 1.0 130.0 13848.0 
356.00435816423993 35.22222222222222 41.0 173.0 1.0 131.0 14078.0 
358.00435816423993 35.22222222222222 42.0 174.0 1.0 131.0 14078.0 
360.00435816423993 35.22222222222222 43.0 175.0 1.0 131.0 14078.0 
362.00435816423993 35.49074074074074 42.0 176.0 1.0 132.0 14180.0 
364.00435816423993 35.49074074074074 44.0 177.0 1.0 132.0 14180.0 
366.00435816423993 35.49074074074074 44.0 177.0 1.0 132.0 14180.0 
368.00435816423993 35.49074074074074 44.0 177.0 1.0 132.0 14180.0 
370.00435816423993 35.43119266055046 45.0 179.0 1.0 133.0 14282.0 
372.00435816423993 35.43119266055046 45.0 180.0 1.0 133.0 14282.0 
374.00435816423993 35.43119266055046 46.0 180.0 1.0 133.0 14282.0 
376.00435816423993 35.43119266055046 46.0 180.0 1.0 133.0 14282.0 
378.00435816423993 35.43119266055046 48.0 183.0 1.0 133.0 14282.0 
380.00435816423993 35.372727272727275 50.0 184.0 1.0 134.0 14385.0 
382.00435816423993 35.372727272727275 49.0 184.0 1.0 134.0 14385.0 
384.00435816423993 35.9 47.0 184.0 1.0 136.0 14590.0 
386.00435816423993 35.9 47.0 184.0 1.0 136.0 14590.0 
388.00435816423993 35.9 47.0 184.0 1.0 136.0 14590.0 
390.00435816423993 35.9 47.0 185.0 1.0 136.0 14590.0 
392.00435816423993 35.83783783783784 50.0 187.0 1.0 137.0 14693.0 
394.00435816423993 35.776785714285715 48.0 188.0 1.0 138.0 14963.0 
396.00435816423993 36.035714285714285 49.0 189.0 1.0 139.0 15066.0 
398.00435816423993 36.294642857142854 49.0 189.0 1.0 140.0 15168.0 
400.00435816423993 36.8125 47.0 189.0 1.0 142.0 15373.0 
402.00435816423993 36.8125 49.0 192.0 1.0 142.0 15373.0 
404.00435816423993 36.8125 50.0 193.0 1.0 142.0 15373.0 
406.00435816423993 37.330357142857146 48.0 193.0 1.0 144.0 15577.0 
408.00435816423993 37.330357142857146 48.0 193.0 1.0 144.0 15577.0 
410.00435816423993 37.848214285714285 46.0 193.0 1.0 146.0 15782.0 
412.00435816423993 38.283185840707965 45.0 193.0 1.0 149.0 16125.0 
414.00435816423993 38.20175438596491 42.0 193.0 1.0 150.0 16303.0 
416.00435816423993 38.12173913043478 43.0 194.0 1.0 151.0 16405.0 
418.00435816423993 38.12173913043478 42.0 195.0 1.0 151.0 16405.0 
420.00435816423993 38.12173913043478 43.0 195.0 1.0 151.0 16405.0 
422.00435816423993 38.62608695652174 42.0 195.0 1.0 153.0 16610.0 
424.00435816423993 38.62608695652174 41.0 195.0 1.0 153.0 16610.0 
426.00435816423993 38.62608695652174 43.0 197.0 1.0 153.0 16610.0 
428.00435816423993 38.62608695652174 45.0 199.0 1.0 153.0 16610.0 
430.00435816423993 38.62608695652174 46.0 200.0 1.0 153.0 16610.0 
432.00435816423993 38.62608695652174 48.0 202.0 1.0 153.0 16610.0 
434.00435816423993 38.62608695652174 48.0 203.0 1.0 153.0 16610.0 
436.00435816423993 38.87826086956522 50.0 205.0 1.0 154.0 16810.0 
438.00435816423993 39.38260869565217 50.0 206.0 1.0 156.0 17016.0 
440.00435816423993 39.63478260869565 50.0 207.0 1.0 157.0 17118.0 
442.00435816423993 40.04310344827586 48.0 207.0 1.0 160.0 17427.0 
444.00435816423993 40.29310344827586 47.0 208.0 1.0 161.0 17530.0 
446.00435816423993 40.29310344827586 46.0 208.0 1.0 161.0 17530.0 
448.00435816423993 40.54310344827586 45.0 209.0 1.0 162.0 17633.0 
450.00435816423993 41.04310344827586 48.0 211.0 1.0 164.0 17839.0 
452.00435816423993 41.04310344827586 46.0 211.0 1.0 164.0 17839.0 
454.00435816423993 41.04310344827586 46.0 211.0 1.0 164.0 17839.0 
456.00435816423993 41.04310344827586 47.0 212.0 1.0 164.0 17839.0 
458.00435816423993 41.54310344827586 47.0 213.0 1.0 166.0 18044.0 
460.00435816423993 41.79310344827586 47.0 214.0 1.0 167.0 18146.0 
462.00435816423993 41.93162393162393 47.0 215.0 1.0 169.0 18399.0 
464.00435816423993 41.93162393162393 46.0 216.0 1.0 169.0 18399.0 
466.00435816423993 42.067796610169495 44.0 216.0 1.0 171.0 18604.0 
468.00435816423993 42.067796610169495 45.0 217.0 1.0 171.0 18604.0 
470.00435816423993 42.067796610169495 45.0 218.0 1.0 171.0 18604.0 
472.00435816423993 42.313559322033896 46.0 219.0 1.0 172.0 18706.0 
474.00435816423993 42.313559322033896 47.0 221.0 1.0 172.0 18706.0 
476.00435816423993 42.559322033898304 48.0 222.0 1.0 173.0 18809.0 
478.00435816423993 42.559322033898304 49.0 223.0 1.0 173.0 18809.0 
480.00435816423993 43.050847457627114 49.0 223.0 1.0 175.0 19013.0 
482.00435816423993 43.54237288135593 45.0 223.0 1.0 177.0 19218.0 
484.00435816423993 43.54237288135593 45.0 223.0 1.0 177.0 19218.0 
486.00435816423993 43.54237288135593 48.0 226.0 1.0 177.0 19218.0 
488.00435816423993 43.54237288135593 48.0 226.0 1.0 177.0 19218.0 
490.00435816423993 43.54237288135593 49.0 228.0 1.0 177.0 19218.0 
492.00435816423993 43.54237288135593 50.0 228.0 1.0 177.0 19218.0 
494.00435816423993 43.90756302521008 48.0 228.0 1.0 180.0 19525.0 
496.00435816423993 43.90756302521008 47.0 228.0 1.0 180.0 19525.0 
498.00435816423993 44.15126050420169 47.0 229.0 1.0 181.0 19628.0 
500.00435816423993 44.15126050420169 48.0 230.0 1.0 181.0 19628.0 
502.00435816423993 44.15126050420169 49.0 232.0 1.0 181.0 19628.0 
504.00435816423993 44.26666666666667 49.0 232.0 1.0 183.0 19833.0 
506.00435816423993 44.50833333333334 48.0 232.0 1.0 184.0 19935.0 
508.00435816423993 44.380165289256205 49.0 234.0 1.0 185.0 20384.0 
510.00435816423993 44.380165289256205 48.0 234.0 1.0 185.0 20384.0 
512.0043581642399 44.380165289256205 48.0 234.0 1.0 185.0 20384.0 
514.0043581642399 44.380165289256205 49.0 235.0 1.0 185.0 20384.0 
516.0043581642399 44.380165289256205 51.0 237.0 1.0 185.0 20384.0 
518.0043581642399 44.619834710743795 52.0 239.0 1.0 186.0 20486.0 
520.0043581642399 44.619834710743795 52.0 239.0 1.0 186.0 20486.0 
522.0043581642399 44.85950413223141 53.0 241.0 1.0 187.0 20589.0 
524.0043581642399 44.85950413223141 53.0 242.0 1.0 187.0 20589.0 
526.0043581642399 44.85950413223141 55.0 243.0 1.0 187.0 20589.0 
528.0043581642399 45.33884297520662 54.0 243.0 1.0 189.0 20794.0 
530.0043581642399 45.81818181818182 52.0 243.0 1.0 191.0 20998.0 
532.0043581642399 46.05785123966942 51.0 243.0 1.0 192.0 21100.0 
534.0043581642399 46.53719008264463 48.0 243.0 1.0 194.0 21304.0 
536.0043581642399 46.53719008264463 49.0 244.0 1.0 194.0 21304.0 
538.0043581642399 47.256198347107436 47.0 244.0 1.0 197.0 21612.0 
540.0043581642399 47.49586776859504 46.0 244.0 1.0 198.0 21715.0 
542.0043581642399 48.21487603305785 45.0 246.0 1.0 201.0 22264.0 
544.0043581642399 48.21487603305785 45.0 247.0 1.0 201.0 22264.0 
546.0043581642399 48.45454545454545 44.0 247.0 1.0 202.0 22366.0 
548.0043581642399 48.45454545454545 44.0 248.0 1.0 202.0 22366.0 
550.0043581642399 48.45454545454545 45.0 248.0 1.0 202.0 22366.0 
552.0043581642399 49.17355371900827 44.0 248.0 1.0 205.0 22673.0 
554.0043581642399 49.17355371900827 43.0 249.0 1.0 205.0 22673.0 
556.0043581642399 49.17355371900827 43.0 249.0 1.0 205.0 22673.0 
558.0043581642399 49.41322314049587 42.0 250.0 1.0 206.0 22775.0 
560.0043581642399 49.65289256198347 44.0 252.0 1.0 207.0 22877.0 
562.0043581642399 49.892561983471076 43.0 252.0 1.0 208.0 22979.0 
564.0043581642399 50.14049586776859 44.0 253.0 1.0 209.0 23081.0 
566.0043581642399 50.14049586776859 43.0 253.0 1.0 209.0 23081.0 
568.0043581642399 50.14049586776859 44.0 254.0 1.0 209.0 23081.0 
570.0043581642399 50.3801652892562 43.0 254.0 1.0 210.0 23183.0 
572.0043581642399 50.3801652892562 44.0 255.0 1.0 210.0 23183.0 
574.0043581642399 50.85950413223141 43.0 256.0 1.0 212.0 23389.0 
576.0043581642399 51.09917355371901 43.0 257.0 1.0 213.0 23491.0 
578.0043581642399 51.578512396694215 43.0 258.0 1.0 215.0 23696.0 
580.0043581642399 51.81818181818182 42.0 258.0 1.0 216.0 23799.0 
582.0043581642399 51.81818181818182 41.0 258.0 1.0 216.0 23799.0 
584.0043581642399 51.81818181818182 41.0 258.0 1.0 216.0 23799.0 
586.0043581642399 51.81818181818182 42.0 259.0 1.0 216.0 23799.0 
588.0024372288337 52.106557377049185 43.0 261.0 1.0 219.0 24106.0 
590.0043581642399 52.106557377049185 41.0 261.0 1.0 219.0 24106.0 
592.0043581642399 52.34426229508197 41.0 261.0 1.0 220.0 24208.0 
594.0039039297906 52.58196721311475 40.0 263.0 1.0 221.0 24311.0 
596.0043581642399 52.58196721311475 41.0 263.0 1.0 221.0 24311.0 
598.0043581642399 52.58196721311475 41.0 264.0 1.0 221.0 24311.0 
600.0043581642399 52.81967213114754 41.0 264.0 1.0 222.0 24413.0 
602.0043581642399 53.057377049180324 41.0 264.0 1.0 223.0 24516.0 
604.0043581642399 53.29508196721311 42.0 266.0 1.0 224.0 24618.0 
606.0043581642399 53.5327868852459 40.0 266.0 1.0 225.0 24721.0 
608.0043581642399 53.5327868852459 40.0 266.0 1.0 225.0 24721.0 
610.0043581642399 54.00819672131147 38.0 266.0 1.0 227.0 24925.0 
612.0043581642399 54.00819672131147 38.0 266.0 1.0 227.0 24925.0 
614.0043581642399 54.00819672131147 38.0 266.0 1.0 227.0 24925.0 
616.0043581642399 54.24590163934427 41.0 269.0 1.0 228.0 25027.0 
618.0043581642399 54.721311475409834 40.0 271.0 1.0 230.0 25231.0 
620.0043581642399 55.19672131147541 39.0 271.0 1.0 232.0 25435.0 
622.0043581642399 55.19672131147541 39.0 272.0 1.0 232.0 25435.0 
624.0043581642399 55.43442622950819 41.0 275.0 1.0 233.0 25538.0 
626.0043581642399 55.43442622950819 41.0 275.0 1.0 233.0 25538.0 
628.0043581642399 55.90983606557378 40.0 275.0 1.0 235.0 25744.0 
630.0043581642399 55.90983606557378 40.0 277.0 1.0 235.0 25744.0 
632.0043581642399 55.90983606557378 41.0 277.0 1.0 235.0 25744.0 
634.0043581642399 55.90983606557378 41.0 277.0 1.0 235.0 25744.0 
636.0043581642399 55.90983606557378 42.0 278.0 1.0 235.0 25744.0 
638.0043581642399 56.147540983606554 42.0 278.0 1.0 236.0 25846.0 
640.0043581642399 56.147540983606554 42.0 279.0 1.0 236.0 25846.0 
642.0043581642399 56.38524590163935 41.0 279.0 1.0 237.0 26091.0 
644.0043581642399 56.86065573770492 42.0 281.0 1.0 239.0 26296.0 
646.0043581642399 57.09836065573771 42.0 282.0 1.0 240.0 26399.0 
648.0043581642399 57.09836065573771 41.0 283.0 1.0 240.0 26399.0 
650.0043581642399 57.09836065573771 42.0 285.0 1.0 240.0 26399.0 
652.0043581642399 57.33606557377048 43.0 285.0 1.0 241.0 26502.0 
654.0043581642399 57.33606557377048 43.0 285.0 1.0 241.0 26502.0 
656.0043581642399 57.57377049180327 43.0 285.0 1.0 242.0 26605.0 
658.0043581642399 57.57377049180327 44.0 287.0 1.0 242.0 26605.0 
660.0043581642399 57.57377049180327 44.0 287.0 1.0 242.0 26605.0 
662.0043581642399 57.81147540983606 43.0 288.0 1.0 243.0 26708.0 
664.0043581642399 58.04918032786886 43.0 288.0 1.0 244.0 26811.0 
666.0043581642399 58.286885245901644 44.0 290.0 1.0 245.0 26913.0 
668.0043581642399 58.524590163934434 43.0 290.0 1.0 246.0 27179.0 
670.0043581642399 58.76229508196721 42.0 290.0 1.0 247.0 27281.0 
672.0043581642399 58.76229508196721 43.0 291.0 1.0 247.0 27281.0 
674.0043581642399 59.0 43.0 291.0 1.0 248.0 27384.0 
676.0043581642399 59.23770491803279 44.0 294.0 1.0 249.0 27486.0 
678.0043581642399 59.475409836065566 46.0 296.0 1.0 250.0 27588.0 
680.0043581642399 59.713114754098356 45.0 296.0 1.0 251.0 27691.0 
682.0043581642399 59.713114754098356 44.0 296.0 1.0 251.0 27691.0 
684.0043581642399 59.713114754098356 44.0 296.0 1.0 251.0 27691.0 
686.0043581642399 59.713114754098356 44.0 297.0 1.0 251.0 27691.0 
688.0043581642399 59.950819672131146 46.0 298.0 1.0 252.0 27793.0 
690.0043581642399 60.18852459016394 45.0 298.0 1.0 253.0 27895.0 
692.0043581642399 60.42622950819673 43.0 298.0 1.0 254.0 27997.0 
694.0043581642399 60.42622950819673 43.0 298.0 1.0 254.0 27997.0 
696.0043581642399 60.42622950819673 43.0 299.0 1.0 254.0 27997.0 
698.0043581642399 60.66393442622951 43.0 299.0 1.0 255.0 28099.0 
700.0043581642399 60.66393442622951 44.0 300.0 1.0 255.0 28099.0 
702.0043581642399 60.90163934426229 43.0 300.0 1.0 256.0 28202.0 
704.0043581642399 60.90163934426229 43.0 300.0 1.0 256.0 28202.0 
706.0043581642399 60.8780487804878 41.0 300.0 1.0 258.0 28406.0 
708.0043581642399 60.8780487804878 41.0 300.0 1.0 258.0 28406.0 
710.0043581642399 60.8780487804878 41.0 301.0 1.0 258.0 28406.0 
712.0043581642399 60.8780487804878 43.0 302.0 1.0 258.0 28406.0 
714.0043581642399 60.8780487804878 44.0 303.0 1.0 258.0 28406.0 
716.0043581642399 60.8780487804878 45.0 304.0 1.0 258.0 28406.0 
718.0043581642399 61.34959349593496 45.0 306.0 1.0 260.0 28611.0 
720.0043581642399 61.58536585365853 47.0 308.0 1.0 261.0 28713.0 
722.0043581642399 61.82113821138212 46.0 309.0 1.0 262.0 28816.0 
724.0043581642399 62.05691056910569 47.0 310.0 1.0 263.0 28918.0 
726.0043581642399 62.29268292682927 46.0 310.0 1.0 264.0 29021.0 
728.0043581642399 62.52845528455285 46.0 312.0 1.0 265.0 29124.0 
730.0043581642399 62.52845528455285 47.0 313.0 1.0 265.0 29124.0 
732.0043581642399 62.76422764227643 47.0 313.0 1.0 266.0 29227.0 
734.0043581642399 63.0 45.0 313.0 1.0 267.0 29330.0 
736.0043581642399 63.0 47.0 315.0 1.0 267.0 29330.0 
738.0043581642399 63.23577235772357 46.0 315.0 1.0 268.0 29432.0 
740.0043581642399 63.23577235772357 47.0 316.0 1.0 268.0 29432.0 
742.0043581642399 63.47154471544715 47.0 316.0 1.0 269.0 29535.0 
744.0043581642399 63.47154471544715 47.0 317.0 1.0 269.0 29535.0 
746.0043581642399 63.94308943089431 46.0 317.0 1.0 271.0 29740.0 
748.0043581642399 64.17886178861788 45.0 317.0 1.0 272.0 29843.0 
750.0043581642399 64.17886178861788 44.0 318.0 1.0 272.0 29843.0 
752.0043581642399 64.41463414634146 44.0 319.0 1.0 273.0 29946.0 
754.0043581642399 64.88617886178862 44.0 320.0 1.0 275.0 30152.0 
756.0043581642399 64.88617886178862 44.0 320.0 1.0 275.0 30152.0 
758.0043581642399 64.88617886178862 45.0 321.0 1.0 275.0 30152.0 
760.0043581642399 64.88617886178862 45.0 321.0 1.0 275.0 30152.0 
762.0043581642399 64.88617886178862 46.0 322.0 1.0 275.0 30152.0 
764.0043581642399 64.88617886178862 47.0 323.0 1.0 275.0 30152.0 
766.0043581642399 65.1219512195122 46.0 323.0 1.0 276.0 30255.0 
768.0043581642399 65.35772357723577 46.0 323.0 1.0 277.0 30358.0 
770.0043581642399 65.59349593495935 45.0 324.0 1.0 278.0 30512.0 
772.0043581642399 65.59349593495935 45.0 324.0 1.0 278.0 30512.0 
774.0043581642399 65.82926829268293 44.0 324.0 1.0 279.0 30614.0 
776.0043581642399 65.82926829268293 44.0 324.0 1.0 279.0 30614.0 
778.0043581642399 66.53658536585365 45.0 325.0 1.0 282.0 30922.0 
780.000532099387 67.00813008130082 42.0 326.0 1.0 284.0 31127.0 
782.0021099874925 67.2439024390244 41.0 326.0 1.0 285.0 31388.0 
784.0043581642399 67.2439024390244 41.0 327.0 1.0 285.0 31388.0 
786.0043581642399 67.2439024390244 44.0 330.0 1.0 285.0 31388.0 
788.0043581642399 67.2439024390244 44.0 330.0 1.0 285.0 31388.0 
790.0043581642399 67.71544715447155 42.0 330.0 1.0 287.0 31593.0 
792.0043581642399 67.71544715447155 42.0 330.0 1.0 287.0 31593.0 
794.0043581642399 67.71544715447155 42.0 330.0 1.0 287.0 31593.0 
796.0043581642399 67.71544715447155 42.0 330.0 1.0 287.0 31593.0 
798.0043581642399 67.71544715447155 43.0 331.0 1.0 287.0 31593.0 
800.0043581642399 67.95121951219512 42.0 334.0 1.0 288.0 31696.0 
802.0043581642399 68.1869918699187 46.0 335.0 1.0 289.0 31799.0 
804.0043581642399 68.1869918699187 46.0 337.0 1.0 289.0 31799.0 
806.0043581642399 68.1869918699187 47.0 337.0 1.0 289.0 31799.0 
808.0043581642399 68.1869918699187 47.0 337.0 1.0 289.0 31799.0 
810.0043581642399 68.1869918699187 47.0 337.0 1.0 289.0 31799.0 
812.0043581642399 68.1869918699187 47.0 337.0 1.0 289.0 31799.0 
814.0043581642399 68.65853658536585 46.0 337.0 1.0 291.0 32005.0 
816.0043581642399 68.89430894308944 45.0 338.0 1.0 292.0 32107.0 
818.0043581642399 69.130081300813 46.0 340.0 1.0 293.0 32210.0 
820.0043581642399 69.36585365853658 46.0 341.0 1.0 294.0 32313.0 
822.0043581642399 69.83739837398373 46.0 342.0 1.0 296.0 32518.0 
824.0043581642399 70.07317073170732 44.0 342.0 1.0 297.0 32620.0 
826.0043581642399 70.3089430894309 44.0 343.0 1.0 298.0 32722.0 
828.0043581642399 70.3089430894309 45.0 345.0 1.0 298.0 32722.0 
830.0043581642399 70.78048780487805 46.0 347.0 1.0 300.0 32926.0 
832.0043581642399 71.2520325203252 45.0 348.0 1.0 302.0 33201.0 
834.0043581642399 71.48780487804878 45.0 348.0 1.0 303.0 33412.0 
836.0043581642399 71.48780487804878 44.0 348.0 1.0 303.0 33412.0 
838.0043581642399 72.1951219512195 44.0 348.0 1.0 306.0 33789.0 
840.0043581642399 72.1951219512195 42.0 349.0 1.0 306.0 33789.0 
842.0043581642399 72.4308943089431 42.0 350.0 1.0 307.0 33892.0 
844.0043581642399 72.4308943089431 42.0 350.0 1.0 307.0 33892.0 
846.0043581642399 72.66666666666666 42.0 350.0 1.0 308.0 33994.0 
848.0043581642399 72.66666666666666 42.0 351.0 1.0 308.0 33994.0 
850.0043581642399 72.66666666666666 43.0 352.0 1.0 308.0 33994.0 
852.0043581642399 72.66666666666666 43.0 353.0 1.0 308.0 33994.0 
854.0043581642399 72.90243902439025 44.0 354.0 1.0 309.0 34097.0 
856.0043581642399 73.3739837398374 44.0 356.0 1.0 311.0 34302.0 
858.0043581642399 73.3739837398374 46.0 358.0 1.0 311.0 34302.0 
860.0043581642399 73.60975609756098 46.0 359.0 1.0 312.0 34404.0 
862.0043581642399 73.60975609756098 46.0 359.0 1.0 312.0 34404.0 
864.0043581642399 74.08130081300813 46.0 360.0 1.0 314.0 34650.0 
866.0043581642399 74.3170731707317 45.0 360.0 1.0 315.0 34752.0 
868.0043581642399 74.55284552845528 45.0 361.0 1.0 316.0 35060.0 
870.0043581642399 74.55284552845528 44.0 361.0 1.0 316.0 35060.0 
872.0043581642399 74.78861788617886 44.0 362.0 1.0 317.0 35162.0 
874.0043581642399 74.78861788617886 46.0 364.0 1.0 317.0 35162.0 
876.0043581642399 74.78861788617886 46.0 364.0 1.0 317.0 35162.0 
878.0043581642399 74.78861788617886 46.0 364.0 1.0 317.0 35162.0 
880.0043581642399 75.02439024390245 46.0 365.0 1.0 318.0 35264.0 
882.0043581642399 75.26016260162602 46.0 366.0 1.0 319.0 35367.0 
884.0043581642399 75.26016260162602 46.0 366.0 1.0 319.0 35367.0 
886.0043581642399 75.4959349593496 45.0 366.0 1.0 320.0 35659.0 
888.0043581642399 76.4390243902439 44.0 367.0 1.0 324.0 36068.0 
890.0043581642399 76.4390243902439 42.0 368.0 1.0 324.0 36068.0 
892.0043581642399 76.4390243902439 43.0 368.0 1.0 324.0 36068.0 
894.0043581642399 76.4390243902439 44.0 369.0 1.0 324.0 36068.0 
896.0043581642399 76.4390243902439 44.0 369.0 1.0 324.0 36068.0 
898.0043581642399 76.4390243902439 44.0 369.0 1.0 324.0 36068.0 
900.0043581642399 76.67479674796748 43.0 369.0 1.0 325.0 36170.0 
#####################################################################
# End of data export. Simulation finished at: 2020-01-16T03:21+0000 #
#####################################################################
