#####################################################################
# Alchemist log file - simulation started at: 2020-02-01T21:36+0000 #
#####################################################################
# seed = 52.0, taskFrequency = 0.0075, cloudcost = 29.0, algorithm = true
#
# The columns have the following meaning: 
# time taskHops[Mean] hasTask[Sum] tasks[Sum] completedTasks[Sum] giveupTasks[Sum] taskLatency[Sum] 
0.0 NaN 0.0 0.0 0.0 0.0 0.0 
2.0020102761447447 NaN 2.0 2.0 0.0 0.0 0.0 
4.002010276144745 NaN 3.0 4.0 0.0 0.0 0.0 
6.002010276144745 NaN 5.0 6.0 0.0 0.0 0.0 
8.002010276144745 NaN 9.0 12.0 0.0 0.0 0.0 
10.002010276144745 NaN 14.0 15.0 0.0 0.0 0.0 
12.002010276144745 NaN 17.0 19.0 0.0 0.0 0.0 
14.002010276144745 2.0 23.0 23.0 1.0 0.0 13.0 
16.002010276144745 1.5 21.0 23.0 2.0 0.0 27.0 
18.002010276144745 1.5 21.0 25.0 4.0 0.0 54.0 
20.002010276144745 1.6666666666666667 21.0 26.0 6.0 0.0 81.0 
22.002010276144745 1.5 20.0 28.0 8.0 0.0 108.0 
24.002010276144745 1.5 21.0 30.0 10.0 0.0 136.0 
26.002010276144745 1.6363636363636362 20.0 31.0 11.0 0.0 155.0 
28.002010276144745 1.6363636363636362 21.0 33.0 11.0 0.0 155.0 
30.002010276144745 1.5833333333333333 24.0 35.0 12.0 0.0 172.0 
32.002010276144745 1.6666666666666667 24.0 36.0 15.0 0.0 231.0 
34.002010276144745 1.8125 20.0 36.0 16.0 0.0 251.0 
36.002010276144745 2.0 21.0 38.0 17.0 0.0 279.0 
38.002010276144745 2.0 22.0 39.0 18.0 0.0 306.0 
40.002010276144745 2.0 21.0 39.0 19.0 0.0 319.0 
42.002010276144745 2.15 19.0 39.0 21.0 0.0 360.0 
44.002010276144745 2.15 20.0 42.0 21.0 0.0 360.0 
46.002010276144745 2.15 22.0 44.0 21.0 0.0 360.0 
48.002010276144745 2.25 23.0 44.0 22.0 0.0 382.0 
50.002010276144745 2.333333333333333 21.0 44.0 23.0 0.0 409.0 
52.002010276144745 2.409090909090909 23.0 46.0 24.0 0.0 453.0 
54.002010276144745 2.4347826086956523 22.0 46.0 25.0 0.0 476.0 
56.002010276144745 2.52 20.0 47.0 27.0 0.0 549.0 
58.002010276144745 2.52 20.0 47.0 27.0 0.0 549.0 
60.002010276144745 2.4615384615384617 20.0 48.0 28.0 0.0 585.0 
62.002010276144745 2.4615384615384617 23.0 52.0 28.0 0.0 585.0 
64.00201027614474 2.5185185185185186 24.0 52.0 29.0 0.0 613.0 
66.00201027614474 2.413793103448276 23.0 53.0 31.0 0.0 680.0 
68.00201027614474 2.5 22.0 54.0 32.0 0.0 703.0 
70.00201027614474 2.5 24.0 56.0 32.0 0.0 703.0 
72.00201027614474 2.5483870967741935 24.0 57.0 34.0 0.0 752.0 
74.00201027614474 2.515151515151515 23.0 58.0 36.0 0.0 804.0 
76.00201027614474 2.5 22.0 59.0 37.0 0.0 824.0 
78.00201027614474 2.5 24.0 62.0 37.0 0.0 824.0 
80.00201027614474 2.5555555555555554 24.0 63.0 39.0 0.0 912.0 
82.00201027614474 2.5405405405405403 25.0 67.0 41.0 0.0 951.0 
84.00201027614474 2.5405405405405403 27.0 68.0 41.0 0.0 951.0 
86.00201027614474 2.5675675675675675 27.0 69.0 42.0 0.0 968.0 
88.00201027614474 2.6666666666666665 28.0 71.0 44.0 0.0 1050.0 
90.00201027614474 2.65 30.0 75.0 45.0 0.0 1066.0 
92.00201027614474 2.6341463414634143 28.0 76.0 47.0 0.0 1092.0 
94.00201027614474 2.5952380952380953 30.0 77.0 48.0 0.0 1111.0 
96.00201027614474 2.5952380952380953 29.0 77.0 48.0 0.0 1111.0 
98.00201027614474 2.5813953488372094 29.0 79.0 49.0 0.0 1185.0 
100.00201027614474 2.577777777777778 29.0 79.0 52.0 0.0 1233.0 
102.00201027614474 2.644444444444445 27.0 81.0 53.0 0.0 1252.0 
104.00201027614474 2.644444444444445 28.0 81.0 53.0 0.0 1252.0 
106.00201027614474 2.6382978723404253 29.0 82.0 55.0 0.0 1359.0 
108.00201027614474 2.693877551020408 25.0 83.0 58.0 0.0 1440.0 
110.00201027614474 2.693877551020408 25.0 83.0 58.0 0.0 1440.0 
112.00201027614474 2.693877551020408 27.0 85.0 58.0 0.0 1440.0 
114.00201027614474 4.283018867924528 27.0 86.0 60.0 3.0 1747.0 
116.00201027614474 4.178571428571428 24.0 89.0 63.0 3.0 1812.0 
118.00201027614474 4.122807017543859 25.0 91.0 64.0 3.0 1842.0 
120.00201027614474 4.122807017543859 24.0 91.0 64.0 3.0 1842.0 
122.00201027614474 4.068965517241378 23.0 91.0 65.0 3.0 1866.0 
124.00201027614474 4.086206896551725 23.0 93.0 66.0 3.0 1882.0 
126.00201027614474 4.135593220338983 25.0 95.0 67.0 3.0 1962.0 
128.00201027614474 4.135593220338983 26.0 96.0 67.0 3.0 1962.0 
130.00201027614474 4.116666666666666 26.0 97.0 68.0 3.0 1998.0 
132.00201027614474 5.065573770491804 24.0 99.0 69.0 5.0 2117.0 
134.00201027614474 5.0 24.0 100.0 71.0 5.0 2155.0 
136.00201027614474 5.109375 22.0 101.0 75.0 5.0 2262.0 
138.00201027614474 5.109375 25.0 105.0 75.0 5.0 2262.0 
140.00201027614474 5.476923076923076 25.0 106.0 75.0 6.0 2364.0 
142.00201027614474 5.969230769230769 26.0 109.0 76.0 7.0 2400.0 
144.00201027614474 5.924242424242425 26.0 109.0 77.0 7.0 2418.0 
146.00201027614474 5.924242424242425 26.0 110.0 77.0 7.0 2418.0 
148.00201027614474 5.924242424242425 28.0 112.0 77.0 7.0 2418.0 
150.00201027614474 5.753623188405797 28.0 112.0 81.0 7.0 2511.0 
152.00201027614474 5.619718309859155 25.0 114.0 83.0 7.0 2545.0 
154.00201027614474 5.4324324324324325 22.0 117.0 86.0 7.0 2592.0 
156.00201027614474 5.4324324324324325 24.0 118.0 86.0 7.0 2592.0 
158.00201027614474 5.4324324324324325 26.0 119.0 86.0 7.0 2592.0 
160.00201027614474 5.4459459459459465 26.0 120.0 87.0 7.0 2605.0 
162.00201027614474 5.447368421052633 24.0 122.0 90.0 7.0 2719.0 
164.00201027614474 6.129870129870129 24.0 122.0 90.0 9.0 2829.0 
166.00201027614474 6.1558441558441555 23.0 122.0 91.0 9.0 2849.0 
168.00201027614474 6.873417721518987 21.0 122.0 91.0 11.0 2961.0 
170.00201027614474 7.5625 18.0 122.0 92.0 13.0 3096.0 
172.00201027614474 7.756097560975609 18.0 125.0 93.0 14.0 3216.0 
174.00201027614474 8.060240963855422 18.0 125.0 94.0 15.0 3360.0 
176.00201027614474 8.060240963855422 17.0 126.0 94.0 15.0 3360.0 
178.00201027614474 8.132530120481928 16.0 126.0 96.0 15.0 3410.0 
180.00201027614474 8.095238095238095 14.0 126.0 97.0 15.0 3447.0 
182.00201027614474 8.095238095238095 15.0 127.0 97.0 15.0 3447.0 
184.00201027614474 8.142857142857144 15.0 127.0 98.0 15.0 3471.0 
186.00201027614474 8.166666666666668 16.0 129.0 99.0 15.0 3486.0 
188.00201027614474 8.337209302325581 16.0 131.0 100.0 16.0 3659.0 
190.00201027614474 8.43820224719101 12.0 131.0 102.0 17.0 3810.0 
192.00201027614474 8.666666666666668 13.0 132.0 102.0 18.0 3912.0 
194.00201027614474 8.688888888888888 13.0 134.0 103.0 18.0 3934.0 
196.00201027614474 8.711111111111112 13.0 135.0 104.0 18.0 3982.0 
198.00201027614474 8.711111111111112 13.0 135.0 104.0 18.0 3982.0 
200.00201027614474 8.648351648351648 14.0 137.0 105.0 18.0 4001.0 
202.00201027614474 8.65934065934066 14.0 138.0 106.0 18.0 4018.0 
204.00201027614474 8.67032967032967 15.0 140.0 107.0 18.0 4036.0 
206.00201027614474 8.736263736263735 15.0 142.0 108.0 18.0 4087.0 
208.00201027614474 8.791208791208792 17.0 143.0 110.0 18.0 4125.0 
210.00201027614474 8.802197802197801 15.0 145.0 111.0 18.0 4141.0 
212.00201027614474 8.824175824175825 17.0 146.0 112.0 18.0 4160.0 
214.00201027614474 8.857142857142856 16.0 146.0 113.0 18.0 4179.0 
216.00201027614474 8.857142857142856 18.0 149.0 113.0 18.0 4179.0 
218.00201027614474 8.879120879120881 18.0 151.0 114.0 18.0 4193.0 
220.00201027614474 8.945054945054943 19.0 152.0 117.0 18.0 4240.0 
222.00201027614474 8.989010989010987 19.0 155.0 118.0 18.0 4259.0 
224.00201027614474 8.92391304347826 22.0 158.0 120.0 18.0 4292.0 
226.00201027614474 8.92391304347826 21.0 159.0 120.0 18.0 4292.0 
228.00201027614474 8.881720430107528 21.0 161.0 122.0 18.0 4368.0 
230.00201027614474 8.913978494623658 21.0 162.0 123.0 18.0 4387.0 
232.00201027614474 9.180851063829786 23.0 164.0 124.0 19.0 4428.0 
234.00201027614474 9.52127659574468 21.0 164.0 125.0 20.0 4549.0 
236.00201027614474 9.52127659574468 20.0 165.0 125.0 20.0 4549.0 
238.00201027614474 9.52127659574468 21.0 166.0 125.0 20.0 4549.0 
240.00201027614474 9.473684210526315 23.0 168.0 126.0 20.0 4578.0 
242.00201027614474 9.473684210526315 22.0 169.0 126.0 20.0 4578.0 
244.00201027614474 9.473684210526315 24.0 170.0 126.0 20.0 4578.0 
246.00201027614474 9.515789473684212 24.0 170.0 127.0 20.0 4600.0 
248.00201027614474 9.557894736842107 24.0 172.0 128.0 20.0 4626.0 
250.00201027614474 9.557894736842107 25.0 173.0 128.0 20.0 4626.0 
252.00201027614474 9.56842105263158 24.0 174.0 129.0 20.0 4640.0 
254.00201027614474 9.6 27.0 177.0 130.0 20.0 4667.0 
256.00201027614474 9.822916666666666 29.0 180.0 130.0 21.0 4769.0 
258.00201027614474 9.822916666666666 29.0 182.0 130.0 21.0 4769.0 
260.00201027614474 10.061855670103096 29.0 182.0 131.0 22.0 4869.0 
262.00201027614474 10.36082474226804 29.0 183.0 131.0 23.0 4909.0 
264.00201027614474 10.295918367346939 29.0 185.0 133.0 23.0 4992.0 
266.00201027614474 10.295918367346939 31.0 187.0 133.0 23.0 4992.0 
268.00201027614474 10.26262626262626 30.0 189.0 135.0 23.0 5061.0 
270.00201027614474 10.26262626262626 34.0 193.0 135.0 23.0 5061.0 
272.00201027614474 10.26262626262626 35.0 195.0 135.0 23.0 5061.0 
274.00201027614474 10.282828282828282 38.0 196.0 136.0 23.0 5083.0 
276.00201027614474 10.383838383838384 38.0 198.0 139.0 23.0 5172.0 
278.00201027614474 10.383838383838384 36.0 198.0 139.0 23.0 5172.0 
280.00201027614474 10.414141414141413 36.0 201.0 140.0 23.0 5211.0 
282.00201027614474 10.380000000000003 38.0 202.0 142.0 23.0 5280.0 
284.00201027614474 10.410000000000002 37.0 203.0 143.0 23.0 5307.0 
286.00201027614474 10.429999999999996 37.0 203.0 144.0 23.0 5321.0 
288.00201027614474 10.336633663366335 35.0 203.0 145.0 23.0 5340.0 
290.00201027614474 10.336633663366335 36.0 204.0 145.0 23.0 5340.0 
292.00201027614474 10.366336633663366 36.0 204.0 146.0 23.0 5364.0 
294.00201027614474 10.3960396039604 34.0 204.0 147.0 23.0 5384.0 
296.00201027614474 10.3960396039604 35.0 206.0 147.0 23.0 5384.0 
298.00201027614474 10.425742574257427 37.0 209.0 149.0 23.0 5424.0 
300.00201027614474 10.425742574257427 37.0 209.0 149.0 23.0 5424.0 
302.00201027614474 10.372549019607842 35.0 211.0 152.0 23.0 5498.0 
304.00201027614474 10.372549019607842 36.0 211.0 152.0 23.0 5498.0 
306.00201027614474 10.441176470588237 35.0 211.0 153.0 23.0 5555.0 
308.00201027614474 10.441176470588237 35.0 211.0 153.0 23.0 5555.0 
310.00201027614474 10.441176470588237 35.0 211.0 153.0 23.0 5555.0 
312.00201027614474 10.450980392156863 34.0 211.0 154.0 23.0 5577.0 
314.00201027614474 10.519607843137255 33.0 211.0 155.0 23.0 5620.0 
316.00201027614474 10.436893203883493 33.0 212.0 156.0 23.0 5639.0 
318.00201027614474 10.436893203883493 33.0 212.0 156.0 23.0 5639.0 
320.00201027614474 10.942307692307692 33.0 214.0 156.0 25.0 5842.0 
322.00201027614474 11.584905660377359 30.0 214.0 156.0 28.0 5989.0 
324.00201027614474 11.766355140186917 32.0 218.0 156.0 29.0 6091.0 
326.00201027614474 11.97222222222222 32.0 218.0 157.0 30.0 6255.0 
328.00201027614474 12.555555555555555 29.0 219.0 158.0 32.0 6397.0 
330.00201027614474 12.555555555555555 32.0 222.0 158.0 32.0 6397.0 
332.00201027614474 12.79816513761468 32.0 223.0 160.0 33.0 6632.0 
334.00201027614474 12.825688073394494 30.0 224.0 162.0 33.0 6707.0 
336.00201027614474 12.825688073394494 30.0 225.0 162.0 33.0 6707.0 
338.00201027614474 12.825688073394494 31.0 227.0 162.0 33.0 6707.0 
340.00201027614474 12.84403669724771 32.0 227.0 163.0 33.0 6745.0 
342.00201027614474 12.99090909090909 30.0 228.0 163.0 34.0 6846.0 
344.00201027614474 13.405405405405407 31.0 229.0 163.0 36.0 6949.0 
346.00201027614474 13.927927927927929 28.0 229.0 163.0 38.0 7125.0 
348.00201027614474 14.288288288288289 26.0 229.0 167.0 39.0 7400.0 
350.00201027614474 14.288288288288289 24.0 230.0 167.0 39.0 7400.0 
352.00201027614474 14.342342342342343 23.0 230.0 168.0 39.0 7428.0 
354.00201027614474 14.342342342342343 23.0 230.0 168.0 39.0 7428.0 
356.00201027614474 14.491071428571429 25.0 233.0 169.0 40.0 7548.0 
358.00201027614474 14.75 24.0 233.0 169.0 41.0 7650.0 
360.00201027614474 15.535714285714286 20.0 233.0 170.0 44.0 7891.0 
362.00201027614474 15.672566371681416 19.0 233.0 171.0 45.0 7930.0 
364.00201027614474 15.929203539823009 19.0 236.0 171.0 46.0 8031.0 
366.00201027614474 16.903508771929825 17.0 236.0 173.0 50.0 8427.0 
368.00201027614474 16.903508771929825 13.0 236.0 173.0 50.0 8427.0 
370.00201027614474 16.903508771929825 13.0 236.0 173.0 50.0 8427.0 
372.00201027614474 16.903508771929825 14.0 237.0 173.0 50.0 8427.0 
374.00201027614474 16.903508771929825 17.0 240.0 173.0 50.0 8427.0 
376.00201027614474 16.903508771929825 18.0 241.0 173.0 50.0 8427.0 
378.00201027614474 16.903508771929825 18.0 241.0 173.0 50.0 8427.0 
380.00201027614474 16.903508771929825 18.0 241.0 173.0 50.0 8427.0 
382.00201027614474 17.157894736842103 21.0 244.0 173.0 51.0 8529.0 
384.00201027614474 17.44736842105263 21.0 249.0 175.0 52.0 8552.0 
386.00201027614474 17.75438596491228 20.0 250.0 176.0 53.0 8575.0 
388.00201027614474 17.75438596491228 21.0 251.0 176.0 53.0 8575.0 
390.00201027614474 17.75438596491228 25.0 255.0 176.0 53.0 8575.0 
392.00201027614474 17.75438596491228 26.0 255.0 176.0 53.0 8575.0 
394.00201027614474 17.771929824561404 28.0 259.0 177.0 53.0 8638.0 
396.00201027614474 17.789473684210527 28.0 259.0 178.0 53.0 8652.0 
398.00201027614474 18.061403508771928 28.0 259.0 178.0 54.0 8753.0 
400.00201027614474 18.315789473684212 27.0 260.0 178.0 55.0 8818.0 
402.00201027614474 18.35964912280702 26.0 262.0 180.0 55.0 8850.0 
404.00201027614474 18.394736842105264 26.0 263.0 182.0 55.0 8871.0 
406.00201027614474 18.649122807017545 28.0 266.0 182.0 56.0 8912.0 
408.00201027614474 18.649122807017545 29.0 267.0 182.0 56.0 8912.0 
410.00201027614474 18.649122807017545 29.0 269.0 182.0 56.0 8912.0 
412.00201027614474 18.701754385964914 31.0 270.0 184.0 56.0 8978.0 
414.00201027614474 18.75438596491228 29.0 271.0 187.0 56.0 9037.0 
416.00201027614474 18.75438596491228 30.0 273.0 187.0 56.0 9037.0 
418.00201027614474 18.75438596491228 31.0 274.0 187.0 56.0 9037.0 
420.00201027614474 18.798245614035086 29.0 274.0 189.0 56.0 9081.0 
422.00201027614474 18.798245614035086 29.0 274.0 189.0 56.0 9081.0 
424.00201027614474 18.833333333333332 29.0 275.0 190.0 56.0 9114.0 
426.00201027614474 19.122807017543856 29.0 275.0 192.0 57.0 9256.0 
428.00201027614474 19.122807017543856 29.0 278.0 192.0 57.0 9256.0 
430.00201027614474 19.175438596491226 28.0 280.0 194.0 57.0 9303.0 
432.00201027614474 20.017391304347825 28.0 280.0 194.0 61.0 9530.0 
434.00201027614474 20.069565217391307 24.0 281.0 196.0 61.0 9595.0 
436.00201027614474 20.069565217391307 24.0 281.0 196.0 61.0 9595.0 
438.00201027614474 20.069565217391307 24.0 281.0 196.0 61.0 9595.0 
440.00201027614474 20.069565217391307 24.0 282.0 196.0 61.0 9595.0 
442.00201027614474 20.07826086956522 25.0 283.0 197.0 61.0 9608.0 
444.00201027614474 20.104347826086958 27.0 285.0 198.0 61.0 9635.0 
446.00201027614474 20.66086956521739 25.0 288.0 200.0 63.0 9856.0 
448.00201027614474 20.66086956521739 26.0 289.0 200.0 63.0 9856.0 
450.00201027614474 20.68695652173913 26.0 291.0 201.0 63.0 9875.0 
452.00201027614474 20.68695652173913 27.0 292.0 201.0 63.0 9875.0 
454.00201027614474 20.704347826086956 29.0 293.0 202.0 63.0 9902.0 
456.00201027614474 20.704347826086956 28.0 293.0 202.0 63.0 9902.0 
458.00201027614474 21.48695652173913 27.0 294.0 202.0 66.0 10147.0 
460.00201027614474 21.32758620689655 26.0 296.0 203.0 66.0 10167.0 
462.00201027614474 21.379310344827587 26.0 297.0 205.0 66.0 10187.0 
464.00201027614474 21.448275862068964 27.0 298.0 207.0 66.0 10229.0 
466.00201027614474 21.448275862068964 25.0 298.0 207.0 66.0 10229.0 
468.00201027614474 21.448275862068964 26.0 300.0 207.0 66.0 10229.0 
470.00201027614474 21.45689655172414 26.0 300.0 208.0 66.0 10249.0 
472.00201027614474 21.474137931034484 28.0 302.0 209.0 66.0 10269.0 
474.00201027614474 21.76724137931034 25.0 302.0 210.0 67.0 10390.0 
476.00201027614474 22.32758620689655 22.0 302.0 211.0 69.0 10501.0 
478.00201027614474 22.85344827586207 19.0 303.0 212.0 71.0 10712.0 
480.00201027614474 23.137931034482758 20.0 304.0 213.0 72.0 10732.0 
482.00201027614474 23.14655172413793 19.0 304.0 214.0 72.0 10746.0 
484.00201027614474 23.465517241379313 18.0 305.0 215.0 73.0 10886.0 
486.00201027614474 23.465517241379313 19.0 307.0 215.0 73.0 10886.0 
488.00201027614474 23.5 19.0 308.0 216.0 73.0 10906.0 
490.00201027614474 23.75862068965517 20.0 309.0 217.0 74.0 11034.0 
492.00201027614474 24.119658119658123 17.0 310.0 218.0 76.0 11318.0 
494.00201027614474 24.162393162393165 15.0 310.0 220.0 76.0 11427.0 
496.00201027614474 24.162393162393165 14.0 311.0 220.0 76.0 11427.0 
498.00201027614474 24.17094017094017 14.0 312.0 221.0 76.0 11446.0 
500.00201027614474 24.17094017094017 15.0 312.0 221.0 76.0 11446.0 
502.00201027614474 24.17094017094017 16.0 314.0 221.0 76.0 11446.0 
504.00201027614474 23.974576271186443 17.0 315.0 222.0 76.0 11522.0 
506.00201027614474 24.245762711864405 19.0 319.0 223.0 77.0 11620.0 
508.00201027614474 24.254237288135595 21.0 322.0 224.0 77.0 11638.0 
510.00201027614474 24.991525423728813 20.0 322.0 224.0 80.0 11759.0 
512.0020102761448 25.008474576271187 19.0 324.0 225.0 80.0 11779.0 
514.0020102761448 25.04237288135593 20.0 326.0 227.0 80.0 11794.0 
516.0020102761448 25.04237288135593 20.0 327.0 227.0 80.0 11794.0 
518.0020102761448 25.04237288135593 21.0 328.0 227.0 80.0 11794.0 
520.0020102761448 25.076271186440675 21.0 328.0 228.0 80.0 11829.0 
522.0020102761448 25.09322033898305 20.0 329.0 229.0 80.0 11848.0 
524.0020102761448 25.152542372881356 19.0 329.0 232.0 80.0 11898.0 
526.0020102761448 25.22689075630252 16.0 331.0 233.0 81.0 12019.0 
528.0020102761448 25.26890756302521 15.0 331.0 235.0 81.0 12051.0 
530.0020102761448 25.26890756302521 15.0 332.0 235.0 81.0 12051.0 
532.0020102761448 25.075 19.0 335.0 237.0 81.0 12102.0 
534.0020102761448 24.688524590163933 17.0 338.0 239.0 81.0 12134.0 
536.0020102761448 24.70491803278689 17.0 338.0 240.0 81.0 12154.0 
538.0020102761448 24.737704918032783 17.0 340.0 241.0 81.0 12174.0 
540.0020102761448 24.754098360655735 17.0 341.0 243.0 81.0 12202.0 
542.0020102761448 24.754098360655735 19.0 343.0 243.0 81.0 12202.0 
544.0020102761448 24.778688524590162 19.0 343.0 245.0 81.0 12276.0 
546.0020102761448 24.778688524590162 17.0 344.0 245.0 81.0 12276.0 
548.0020102761448 25.28688524590164 19.0 345.0 245.0 83.0 12479.0 
550.0020102761448 25.5327868852459 16.0 346.0 246.0 84.0 12540.0 
552.0020102761448 25.540983606557376 16.0 346.0 247.0 84.0 12554.0 
554.0020102761448 25.540983606557376 16.0 349.0 247.0 84.0 12554.0 
556.0020102761448 25.63114754098361 16.0 350.0 251.0 84.0 12639.0 
558.0020102761448 25.63114754098361 16.0 351.0 251.0 84.0 12639.0 
560.0020102761448 25.63114754098361 16.0 351.0 251.0 84.0 12639.0 
562.0020102761448 25.63114754098361 17.0 354.0 251.0 84.0 12639.0 
564.0020102761448 25.63114754098361 19.0 355.0 251.0 84.0 12639.0 
566.0020102761448 25.72950819672131 19.0 357.0 255.0 84.0 12778.0 
568.0020102761448 25.754098360655735 18.0 358.0 256.0 84.0 12815.0 
570.0020102761448 25.754098360655735 18.0 358.0 256.0 84.0 12815.0 
572.0020102761448 25.778688524590162 18.0 358.0 257.0 84.0 12837.0 
574.0020102761448 25.84426229508197 15.0 358.0 261.0 84.0 12994.0 
576.0020102761448 25.885245901639347 13.0 359.0 263.0 84.0 13036.0 
578.0020102761448 25.885245901639347 13.0 360.0 263.0 84.0 13036.0 
580.0020102761448 25.885245901639347 16.0 363.0 263.0 84.0 13036.0 
582.0020102761448 25.901639344262296 17.0 364.0 264.0 84.0 13056.0 
584.0020102761448 25.991803278688526 17.0 367.0 267.0 84.0 13127.0 
586.0020102761448 26.311475409836063 16.0 367.0 268.0 85.0 13248.0 
588.0020102761448 26.33606557377049 14.0 367.0 269.0 85.0 13270.0 
590.0020102761448 26.33606557377049 14.0 368.0 269.0 85.0 13270.0 
592.0020102761448 26.360655737704917 15.0 370.0 270.0 85.0 13283.0 
594.0020102761448 26.39344262295082 17.0 372.0 271.0 85.0 13301.0 
596.0020102761448 26.39344262295082 17.0 373.0 271.0 85.0 13301.0 
598.0020102761448 26.434426229508194 17.0 373.0 272.0 85.0 13341.0 
600.0020102761448 26.434426229508194 19.0 376.0 272.0 85.0 13341.0 
602.0020102761448 26.47540983606557 20.0 378.0 274.0 85.0 13385.0 
604.0020102761448 26.491803278688526 19.0 379.0 275.0 85.0 13390.0 
606.0020102761448 26.51639344262295 18.0 379.0 277.0 85.0 13428.0 
608.0020102761448 26.51639344262295 19.0 381.0 277.0 85.0 13428.0 
610.0020102761448 26.557377049180324 18.0 382.0 279.0 85.0 13460.0 
612.0020102761448 26.557377049180324 19.0 383.0 279.0 85.0 13460.0 
614.0020102761448 26.557377049180324 19.0 384.0 279.0 85.0 13460.0 
616.0020102761448 26.60655737704918 18.0 384.0 281.0 85.0 13518.0 
618.0020102761448 26.63114754098361 18.0 386.0 283.0 85.0 13551.0 
620.0020102761448 26.63114754098361 19.0 387.0 283.0 85.0 13551.0 
622.0020102761448 26.66393442622951 20.0 388.0 284.0 85.0 13573.0 
624.0020102761448 26.737704918032787 17.0 391.0 288.0 85.0 13691.0 
626.0020102761448 26.78688524590164 18.0 391.0 291.0 85.0 13765.0 
628.0020102761448 26.78688524590164 15.0 391.0 291.0 85.0 13765.0 
630.0020102761448 26.78688524590164 18.0 394.0 291.0 85.0 13765.0 
632.0020102761448 26.811475409836067 16.0 395.0 293.0 85.0 13798.0 
634.0020102761448 26.86885245901639 17.0 396.0 294.0 85.0 13848.0 
636.0020102761448 27.10655737704918 17.0 396.0 294.0 86.0 13950.0 
638.0020102761448 27.10655737704918 16.0 398.0 294.0 86.0 13950.0 
640.0020102761448 27.15573770491803 17.0 400.0 297.0 86.0 14010.0 
642.0020102761448 26.959349593495933 17.0 401.0 298.0 86.0 14086.0 
644.0020102761448 27.01626016260163 16.0 401.0 300.0 86.0 14125.0 
646.0020102761448 27.032520325203254 16.0 402.0 301.0 86.0 14141.0 
648.0020102761448 27.065040650406505 15.0 403.0 302.0 86.0 14160.0 
650.0020102761448 27.065040650406505 15.0 403.0 302.0 86.0 14160.0 
652.0020102761448 27.065040650406505 15.0 403.0 302.0 86.0 14160.0 
654.0020102761448 27.065040650406505 16.0 404.0 302.0 86.0 14160.0 
656.0020102761448 27.11382113821138 17.0 405.0 304.0 86.0 14200.0 
658.0020102761448 27.11382113821138 15.0 405.0 304.0 86.0 14200.0 
660.0020102761448 27.15447154471545 15.0 407.0 306.0 86.0 14281.0 
662.0020102761448 27.20325203252033 14.0 410.0 309.0 86.0 14362.0 
664.0020102761448 27.211382113821138 16.0 412.0 310.0 86.0 14386.0 
666.0020102761448 27.26829268292683 16.0 413.0 311.0 86.0 14422.0 
668.0020102761448 27.26829268292683 18.0 415.0 311.0 86.0 14422.0 
670.0020102761448 27.29268292682927 16.0 415.0 313.0 86.0 14457.0 
672.0020102761448 27.31707317073171 15.0 415.0 314.0 86.0 14496.0 
674.0020102761448 27.325203252032523 18.0 418.0 315.0 86.0 14510.0 
676.0020102761448 27.341463414634145 17.0 418.0 317.0 86.0 14541.0 
678.0020102761448 27.35772357723577 14.0 418.0 319.0 86.0 14578.0 
680.0020102761448 27.459677419354836 11.0 419.0 322.0 87.0 14750.0 
682.0020102761448 27.725806451612907 10.0 420.0 324.0 88.0 14789.0 
684.0020102761448 27.725806451612907 8.0 420.0 324.0 88.0 14789.0 
686.0020102761448 27.806451612903224 9.0 421.0 326.0 88.0 14911.0 
688.0020102761448 27.81451612903226 6.0 422.0 327.0 88.0 14924.0 
690.0020102761448 27.846774193548388 8.0 424.0 328.0 88.0 14947.0 
692.0020102761448 27.846774193548388 9.0 427.0 328.0 88.0 14947.0 
694.0020102761448 27.862903225806452 10.0 427.0 329.0 88.0 14967.0 
696.0020102761448 27.87903225806452 11.0 428.0 330.0 88.0 14989.0 
698.0020102761448 27.89516129032258 11.0 429.0 331.0 88.0 15002.0 
700.0020102761448 27.911290322580648 11.0 431.0 332.0 88.0 15087.0 
702.0019312105378 27.919354838709676 11.0 431.0 333.0 88.0 15101.0 
704.0020102761448 27.959677419354836 9.0 431.0 336.0 88.0 15152.0 
706.0020102761448 27.959677419354836 7.0 431.0 336.0 88.0 15152.0 
708.0020102761448 27.975806451612907 7.0 431.0 337.0 88.0 15165.0 
710.0020102761448 28.0 5.0 432.0 339.0 88.0 15196.0 
712.0020102761448 28.040322580645164 6.0 434.0 342.0 88.0 15230.0 
714.0020102761448 28.040322580645164 4.0 435.0 342.0 88.0 15230.0 
716.0020102761448 28.040322580645164 7.0 437.0 342.0 88.0 15230.0 
718.0020102761448 28.040322580645164 7.0 438.0 342.0 88.0 15230.0 
720.0020102761448 28.088709677419352 7.0 438.0 344.0 88.0 15278.0 
722.0020102761448 28.088709677419352 6.0 438.0 344.0 88.0 15278.0 
724.0020102761448 28.088709677419352 6.0 439.0 344.0 88.0 15278.0 
726.0020102761448 28.10483870967742 9.0 442.0 345.0 88.0 15292.0 
728.0020102761448 28.12096774193548 9.0 443.0 346.0 88.0 15307.0 
730.0020102761448 28.153225806451612 8.0 444.0 349.0 88.0 15351.0 
732.0020102761448 28.153225806451612 7.0 445.0 349.0 88.0 15351.0 
734.0020102761448 28.153225806451612 9.0 448.0 349.0 88.0 15351.0 
736.0020102761448 28.153225806451612 11.0 448.0 349.0 88.0 15351.0 
738.0020102761448 28.193548387096776 11.0 449.0 351.0 88.0 15385.0 
740.0020102761448 28.201612903225808 9.0 450.0 352.0 88.0 15398.0 
742.0020102761448 28.217741935483872 14.0 455.0 354.0 88.0 15424.0 
744.0020102761448 28.25 13.0 456.0 356.0 88.0 15460.0 
746.0020102761448 28.282258064516128 13.0 458.0 358.0 88.0 15487.0 
748.0020102761448 28.290322580645164 14.0 460.0 359.0 88.0 15501.0 
750.0020102761448 28.290322580645164 14.0 461.0 359.0 88.0 15501.0 
752.0020102761448 28.290322580645164 15.0 463.0 359.0 88.0 15501.0 
754.0020102761448 28.322580645161292 16.0 463.0 362.0 88.0 15543.0 
756.0020102761448 28.37903225806452 13.0 465.0 364.0 88.0 15578.0 
758.0020102761448 28.387096774193548 16.0 469.0 365.0 88.0 15596.0 
760.0020102761448 28.411290322580648 18.0 471.0 367.0 88.0 15629.0 
762.0020102761448 28.427419354838708 17.0 474.0 368.0 88.0 15642.0 
764.0020102761448 28.45161290322581 18.0 476.0 370.0 88.0 15674.0 
766.0020102761448 28.467741935483872 18.0 479.0 371.0 88.0 15694.0 
768.0020102761448 28.483870967741932 22.0 482.0 372.0 88.0 15714.0 
770.0020102761448 28.508064516129036 21.0 483.0 374.0 88.0 15740.0 
772.0020102761448 28.548387096774192 20.0 484.0 377.0 88.0 15789.0 
774.0020102761448 28.596774193548388 21.0 486.0 379.0 88.0 15835.0 
776.0020102761448 28.612903225806452 21.0 489.0 381.0 88.0 15849.0 
778.0020102761448 28.637096774193548 19.0 489.0 383.0 88.0 15880.0 
780.0020102761448 28.661290322580648 17.0 489.0 385.0 88.0 15908.0 
782.0020102761448 28.68548387096774 14.0 489.0 387.0 88.0 15932.0 
784.0020102761448 28.733870967741932 12.0 489.0 389.0 88.0 15980.0 
786.0020102761448 28.733870967741932 13.0 490.0 389.0 88.0 15980.0 
788.0020102761448 28.782258064516128 11.0 492.0 392.0 88.0 16032.0 
790.0020102761448 28.782258064516128 13.0 494.0 392.0 88.0 16032.0 
792.0020102761448 28.782258064516128 15.0 496.0 392.0 88.0 16032.0 
794.0020102761448 28.81451612903226 16.0 498.0 394.0 88.0 16089.0 
796.0020102761448 28.830645161290324 17.0 499.0 395.0 88.0 16109.0 
798.0020102761448 28.830645161290324 18.0 502.0 395.0 88.0 16109.0 
800.0020102761448 28.830645161290324 20.0 504.0 395.0 88.0 16109.0 
802.0020102761448 28.838709677419352 21.0 504.0 396.0 88.0 16123.0 
804.0020102761448 28.87096774193548 21.0 506.0 397.0 88.0 16161.0 
806.0020102761448 28.87903225806452 20.0 507.0 398.0 88.0 16206.0 
808.0020102761448 28.89516129032258 23.0 509.0 399.0 88.0 16226.0 
810.0020102761448 28.89516129032258 22.0 509.0 399.0 88.0 16226.0 
812.0020102761448 28.943548387096776 21.0 510.0 402.0 88.0 16275.0 
814.0020102761448 28.983870967741932 23.0 514.0 405.0 88.0 16350.0 
816.0020102761448 29.0 21.0 517.0 406.0 88.0 16370.0 
818.0020102761448 29.016129032258068 25.0 519.0 407.0 88.0 16389.0 
820.0020102761448 29.096774193548388 26.0 521.0 409.0 88.0 16468.0 
822.0020102761448 29.112903225806452 25.0 524.0 410.0 88.0 16487.0 
824.0020102761448 29.112903225806452 26.0 525.0 410.0 88.0 16487.0 
826.0020102761448 29.14516129032258 27.0 526.0 411.0 88.0 16519.0 
828.0020102761448 29.153225806451612 27.0 526.0 412.0 88.0 16533.0 
830.0020102761448 29.169354838709676 27.0 528.0 413.0 88.0 16552.0 
832.0020102761448 29.177419354838708 26.0 528.0 414.0 88.0 16565.0 
834.0020102761448 29.177419354838708 26.0 528.0 414.0 88.0 16565.0 
836.0020102761448 29.201612903225808 28.0 530.0 415.0 88.0 16588.0 
838.0020102761448 29.217741935483872 26.0 530.0 416.0 88.0 16619.0 
840.0020102761448 29.225806451612907 26.0 530.0 417.0 88.0 16641.0 
842.0020102761448 29.233870967741932 28.0 533.0 418.0 88.0 16642.0 
844.0020102761448 29.290322580645164 26.0 534.0 420.0 88.0 16708.0 
846.0020102761448 29.31451612903226 27.0 537.0 421.0 88.0 16708.0 
848.0020102761448 29.338709677419352 27.0 538.0 423.0 88.0 16792.0 
850.0020102761448 29.338709677419352 27.0 539.0 423.0 88.0 16792.0 
852.0020102761448 29.338709677419352 30.0 541.0 423.0 88.0 16792.0 
854.0020102761448 29.62903225806452 30.0 541.0 424.0 89.0 16926.0 
856.0020102761448 29.669354838709676 29.0 542.0 425.0 89.0 16990.0 
858.0020102761448 29.669354838709676 29.0 543.0 425.0 89.0 16990.0 
860.0020102761448 29.693548387096776 29.0 544.0 426.0 89.0 17030.0 
862.0020102761448 29.693548387096776 30.0 545.0 426.0 89.0 17030.0 
864.0020102761448 30.0 32.0 547.0 427.0 90.0 17166.0 
866.0020102761448 30.25 28.0 547.0 428.0 91.0 17290.0 
868.0020102761448 30.266129032258068 29.0 550.0 429.0 91.0 17315.0 
870.0020102761448 30.266129032258068 32.0 552.0 429.0 91.0 17315.0 
872.0020102761448 30.266129032258068 32.0 553.0 429.0 91.0 17315.0 
874.0020102761448 30.282258064516128 33.0 553.0 430.0 91.0 17334.0 
876.0020102761448 30.282258064516128 32.0 553.0 430.0 91.0 17334.0 
878.0020102761448 30.362903225806452 34.0 556.0 432.0 91.0 17412.0 
880.0020102761448 30.362903225806452 33.0 556.0 432.0 91.0 17412.0 
882.0020102761448 30.362903225806452 35.0 558.0 432.0 91.0 17412.0 
884.0020102761448 30.37096774193548 36.0 559.0 433.0 91.0 17450.0 
886.0020102761448 30.37096774193548 35.0 559.0 433.0 91.0 17450.0 
888.0020102761448 30.39516129032258 34.0 559.0 434.0 91.0 17468.0 
890.0020102761448 30.39516129032258 34.0 559.0 434.0 91.0 17468.0 
892.0020102761448 30.39516129032258 37.0 562.0 434.0 91.0 17468.0 
894.0020102761448 30.411290322580648 37.0 562.0 435.0 91.0 17515.0 
896.0020102761448 30.45161290322581 35.0 564.0 438.0 91.0 17630.0 
898.0020102761448 30.475806451612904 35.0 564.0 439.0 91.0 17698.0 
900.0020102761448 30.741935483870964 32.0 566.0 441.0 92.0 17836.0 
#####################################################################
# End of data export. Simulation finished at: 2020-02-01T22:05+0000 #
#####################################################################
