#####################################################################
# Alchemist log file - simulation started at: 2020-01-14T12:43+0000 #
#####################################################################
# seed = 0.0, taskFrequency = 0.01778, cloudcost = 17.0, algorithm = false
#
# The columns have the following meaning: 
# time taskHops[Mean] hasTask[Sum] tasks[Sum] completedTasks[Sum] giveupTasks[Sum] taskLatency[Sum] 
0.0 NaN 0.0 0.0 0.0 0.0 0.0 
3.001946029333446 NaN 6.0 8.0 0.0 0.0 0.0 
6.003597735828141 NaN 10.0 11.0 0.0 0.0 0.0 
9.02474739239395 NaN 15.0 16.0 0.0 0.0 0.0 
12.00161963616043 NaN 17.0 18.0 0.0 0.0 0.0 
15.004407487044558 NaN 20.0 23.0 0.0 0.0 0.0 
18.00272890591425 NaN 29.0 29.0 0.0 0.0 0.0 
21.015133110753016 NaN 32.0 33.0 0.0 0.0 0.0 
24.002873682742536 NaN 38.0 39.0 0.0 0.0 0.0 
27.00038183593542 NaN 40.0 41.0 0.0 0.0 0.0 
30.01505236589661 NaN 44.0 45.0 0.0 0.0 0.0 
33.00194297981723 NaN 46.0 50.0 0.0 0.0 0.0 
36.01495405747277 NaN 52.0 54.0 0.0 0.0 0.0 
39.01522890302508 NaN 57.0 57.0 0.0 0.0 0.0 
42.004851567055205 NaN 60.0 60.0 0.0 0.0 0.0 
45.0043994089723 NaN 63.0 63.0 0.0 0.0 0.0 
48.00331331802332 NaN 66.0 69.0 0.0 0.0 0.0 
51.02212485461054 1.0 70.0 72.0 1.0 0.0 16.0 
54.00320603523339 1.0 72.0 73.0 1.0 0.0 16.0 
57.00145715953248 1.0 72.0 75.0 1.0 0.0 16.0 
60.00969571770917 1.0 74.0 77.0 1.0 0.0 16.0 
63.02700670143904 1.0 81.0 82.0 1.0 0.0 16.0 
66.01017604987733 1.0 84.0 86.0 1.0 0.0 16.0 
69.02013659155885 1.0 86.0 89.0 1.0 0.0 16.0 
72.009831559828 1.0 88.0 89.0 1.0 0.0 16.0 
75.00077120410344 1.0 89.0 90.0 1.0 0.0 16.0 
78.01966056372585 1.0 90.0 91.0 1.0 0.0 16.0 
81.00555902748444 1.0 90.0 91.0 1.0 0.0 16.0 
84.01626866375807 1.0 92.0 93.0 1.0 0.0 16.0 
87.00393312021811 1.0 94.0 95.0 1.0 0.0 16.0 
90.0033964339068 1.0 95.0 97.0 1.0 0.0 16.0 
93.00261602595286 1.0 97.0 99.0 1.0 0.0 16.0 
96.01722557371866 1.0 99.0 100.0 1.0 0.0 16.0 
99.00364787311342 1.0 101.0 102.0 1.0 0.0 16.0 
102.00278645622208 1.0 103.0 104.0 1.0 0.0 16.0 
105.01268821127964 11.666666666666666 103.0 105.0 1.0 2.0 221.0 
108.00261030725561 11.666666666666666 102.0 105.0 1.0 2.0 221.0 
111.00188137594438 15.545454545454545 97.0 107.0 1.0 10.0 1064.0 
114.00193796182535 15.76923076923077 95.0 108.0 1.0 12.0 1275.0 
117.00357516451584 16.058823529411764 92.0 109.0 1.0 16.0 1682.0 
120.0000329762784 16.347826086956523 89.0 112.0 1.0 22.0 2327.0 
123.00371565063854 16.482758620689655 88.0 115.0 1.0 28.0 2973.0 
126.00318302874382 16.545454545454547 84.0 116.0 1.0 32.0 3390.0 
129.00504439973145 16.615384615384617 81.0 117.0 1.0 38.0 4010.0 
132.0033807184992 16.634146341463413 78.0 117.0 1.0 40.0 4224.0 
135.00225222112587 16.666666666666668 73.0 118.0 1.0 44.0 4644.0 
138.00732379470222 16.7 69.0 118.0 1.0 49.0 5158.0 
141.0076623701387 16.72222222222222 65.0 118.0 1.0 53.0 5570.0 
144.01203628451933 16.727272727272727 64.0 118.0 1.0 54.0 5673.0 
147.0205532557616 16.75409836065574 61.0 119.0 1.0 60.0 6294.0 
150.01224496354482 16.765625 56.0 119.0 1.0 63.0 6605.0 
153.00462248040856 16.779411764705884 52.0 120.0 1.0 67.0 7019.0 
156.00591226149743 16.782608695652176 51.0 120.0 1.0 68.0 7121.0 
159.0039650050289 16.788732394366196 52.0 123.0 1.0 70.0 7382.0 
162.00249446849827 16.788732394366196 53.0 124.0 1.0 70.0 7382.0 
165.0026003542597 16.80263157894737 50.0 126.0 1.0 75.0 7899.0 
168.00077896862535 16.8125 49.0 129.0 1.0 79.0 8319.0 
171.03381434142796 16.821428571428573 49.0 132.0 1.0 83.0 8735.0 
174.02740478338077 16.825581395348838 47.0 133.0 1.0 85.0 8947.0 
177.00017844141004 16.82758620689655 48.0 135.0 1.0 86.0 9050.0 
180.0131349593717 16.82758620689655 50.0 137.0 1.0 86.0 9050.0 
183.00535816883266 16.829545454545453 54.0 143.0 1.0 87.0 9156.0 
186.0088538994212 16.831460674157302 55.0 145.0 1.0 88.0 9259.0 
189.02092633942854 16.833333333333332 57.0 146.0 1.0 89.0 9361.0 
192.02231705709724 16.833333333333332 57.0 147.0 1.0 89.0 9361.0 
195.00009035777083 16.83695652173913 58.0 149.0 1.0 91.0 9567.0 
198.00897123837058 16.842105263157894 56.0 151.0 1.0 94.0 9877.0 
201.00334049309197 16.846938775510203 57.0 153.0 1.0 97.0 10189.0 
204.00598461818223 16.848484848484848 59.0 158.0 1.0 98.0 10292.0 
207.0067931972312 16.85 59.0 160.0 1.0 99.0 10394.0 
210.00229898136885 16.85 60.0 160.0 1.0 99.0 10394.0 
213.02090586145115 16.85148514851485 62.0 163.0 1.0 100.0 10498.0 
216.00162332163003 16.854368932038835 61.0 164.0 1.0 102.0 10801.0 
219.00350487077642 16.85576923076923 61.0 167.0 1.0 103.0 10906.0 
222.0190355151671 16.857142857142858 64.0 169.0 1.0 104.0 11008.0 
225.00836255576917 17.33644859813084 63.0 171.0 1.0 109.0 11528.0 
228.00447544637396 17.333333333333332 62.0 173.0 1.0 110.0 11629.0 
231.010567171696 17.3302752293578 62.0 174.0 1.0 111.0 11736.0 
234.00056922527293 17.3302752293578 63.0 175.0 1.0 111.0 11736.0 
237.00487772993765 17.3302752293578 63.0 175.0 1.0 111.0 11736.0 
240.01007840273692 17.327272727272728 63.0 177.0 1.0 112.0 11841.0 
243.0029205527662 17.327272727272728 65.0 179.0 1.0 112.0 11841.0 
246.0172316378167 17.327272727272728 65.0 179.0 1.0 112.0 11841.0 
249.0130538786384 17.324324324324323 67.0 182.0 1.0 113.0 11943.0 
252.01177806918363 17.324324324324323 71.0 185.0 1.0 113.0 11943.0 
255.00677816129317 17.324324324324323 72.0 186.0 1.0 113.0 11943.0 
258.00259153500866 17.324324324324323 73.0 188.0 1.0 113.0 11943.0 
261.0033526776239 17.63063063063063 72.0 190.0 1.0 115.0 12148.0 
264.00863803908777 17.776785714285715 71.0 192.0 1.0 117.0 12356.0 
267.0054491866348 17.920353982300885 73.0 193.0 1.0 119.0 12605.0 
270.01513963937134 18.371681415929203 70.0 193.0 1.0 122.0 13017.0 
273.00986460660135 18.50877192982456 68.0 194.0 1.0 124.0 13224.0 
276.00739476265693 18.791304347826088 66.0 194.0 1.0 127.0 13623.0 
279.0139087359807 18.92241379310345 66.0 195.0 1.0 129.0 13835.0 
282.00220298573987 19.362068965517242 64.0 197.0 1.0 132.0 14144.0 
285.0070068235755 19.632478632478634 63.0 200.0 1.0 135.0 14545.0 
288.0049026778138 20.068376068376068 63.0 203.0 1.0 138.0 14854.0 
291.00004319985555 20.358974358974358 63.0 205.0 1.0 140.0 15066.0 
294.02404583677594 20.61864406779661 61.0 205.0 1.0 143.0 15408.0 
297.0003651136804 20.873949579831933 59.0 206.0 1.0 146.0 15717.0 
300.0251127183988 21.016806722689076 59.0 206.0 1.0 147.0 15818.0 
303.0108811733149 21.445378151260506 57.0 209.0 1.0 150.0 16128.0 
306.00378165016224 21.873949579831933 56.0 210.0 1.0 153.0 16431.0 
309.00936927768936 22.116666666666667 56.0 214.0 1.0 156.0 16913.0 
312.0033010910736 22.258333333333333 56.0 217.0 1.0 157.0 17017.0 
315.0023108376487 22.541666666666664 64.0 222.0 1.0 159.0 17223.0 
318.0031741384462 22.541666666666664 63.0 224.0 1.0 159.0 17223.0 
321.01095629713035 22.825 64.0 227.0 1.0 161.0 17429.0 
324.0051296336314 23.391666666666666 65.0 229.0 1.0 165.0 17848.0 
327.0016067346745 23.533333333333335 65.0 232.0 1.0 166.0 17952.0 
330.00000715020343 23.691666666666666 64.0 235.0 2.0 167.0 18093.0 
333.0037006980573 23.975 65.0 236.0 2.0 169.0 18300.0 
336.00804097549064 24.116666666666667 64.0 236.0 2.0 170.0 18404.0 
339.01890099333656 24.116666666666667 64.0 236.0 2.0 170.0 18404.0 
342.00861086154134 24.116666666666667 67.0 240.0 2.0 170.0 18404.0 
345.0013928821624 24.258333333333333 68.0 241.0 2.0 171.0 18509.0 
348.00048971776096 24.33884297520661 67.0 242.0 2.0 173.0 18720.0 
351.00255869532964 24.619834710743802 68.0 244.0 2.0 175.0 18931.0 
354.00049399666176 25.041322314049587 65.0 246.0 2.0 178.0 19241.0 
357.0083180742143 25.322314049586776 65.0 247.0 2.0 180.0 19448.0 
360.0018285906619 25.322314049586776 67.0 250.0 2.0 180.0 19448.0 
363.00722335341715 25.462809917355372 70.0 252.0 2.0 181.0 19553.0 
366.01177767328085 25.672131147540984 71.0 254.0 2.0 184.0 19865.0 
369.0079894023831 25.811475409836067 68.0 256.0 2.0 185.0 19973.0 
372.00658782961364 26.09016393442623 67.0 256.0 2.0 187.0 20187.0 
375.0003681571766 26.09016393442623 69.0 259.0 2.0 187.0 20187.0 
378.00583829588373 26.09016393442623 73.0 262.0 2.0 187.0 20187.0 
381.012878432833 26.229508196721312 76.0 265.0 2.0 188.0 20291.0 
384.00589144730884 26.368852459016395 75.0 266.0 2.0 189.0 20395.0 
387.0038155194665 26.508196721311474 75.0 267.0 2.0 190.0 20499.0 
390.0006948802225 27.065573770491806 76.0 271.0 2.0 194.0 20915.0 
393.0010475684945 27.204918032786885 76.0 273.0 2.0 195.0 21104.0 
396.00197572042987 27.622950819672134 77.0 275.0 2.0 198.0 21422.0 
399.01453595251246 27.622950819672134 75.0 275.0 2.0 198.0 21422.0 
402.0009517038357 27.762295081967213 76.0 277.0 2.0 199.0 21526.0 
405.00043738346847 27.762295081967213 76.0 278.0 2.0 199.0 21526.0 
408.0235618563501 28.040983606557376 77.0 281.0 2.0 201.0 21734.0 
411.0003871927067 28.598360655737704 78.0 283.0 2.0 205.0 22150.0 
414.00017130077384 28.877049180327866 75.0 283.0 2.0 207.0 22357.0 
417.01034721292996 29.573770491803277 71.0 284.0 2.0 212.0 22873.0 
420.0000829279182 30.270491803278688 65.0 286.0 2.0 217.0 23457.0 
423.0057215679539 30.40983606557377 70.0 290.0 2.0 218.0 23559.0 
426.00669871966664 30.827868852459016 68.0 291.0 2.0 221.0 23868.0 
429.00265203657875 31.52459016393443 66.0 293.0 2.0 226.0 24483.0 
432.0082358688265 31.663934426229513 66.0 294.0 2.0 227.0 24586.0 
435.02142447144524 32.09016393442623 64.0 296.0 2.0 230.0 24896.0 
438.0020045986394 32.09016393442623 67.0 299.0 2.0 230.0 24896.0 
441.00272811161284 32.22950819672131 67.0 299.0 2.0 231.0 25030.0 
444.01404953571256 32.50819672131148 68.0 302.0 2.0 233.0 25234.0 
447.0033884341027 32.65853658536585 67.0 303.0 2.0 236.0 25546.0 
450.00264600473525 32.796747967479675 66.0 305.0 2.0 237.0 25648.0 
453.00961523106525 32.9349593495935 66.0 306.0 2.0 238.0 25751.0 
456.00037696500027 32.806451612903224 67.0 308.0 2.0 239.0 25853.0 
459.0018808345426 32.943548387096776 66.0 309.0 2.0 240.0 25956.0 
462.0016739287398 33.62903225806452 66.0 312.0 2.0 245.0 26709.0 
465.02055581863215 34.04032258064517 62.0 314.0 2.0 248.0 27017.0 
468.0000226084949 34.314516129032256 66.0 318.0 2.0 250.0 27224.0 
471.00224306661096 34.45161290322581 67.0 320.0 2.0 251.0 27326.0 
474.0086247004678 34.58870967741935 67.0 323.0 2.0 252.0 27430.0 
477.0029327414837 34.86290322580645 70.0 325.0 2.0 254.0 27634.0 
480.00111034196635 35.41129032258065 66.0 326.0 2.0 258.0 28044.0 
483.0006324692966 35.822580645161295 66.0 327.0 2.0 261.0 28353.0 
486.03451208228756 35.95967741935484 64.0 328.0 2.0 262.0 28455.0 
489.00888202743346 35.95967741935484 65.0 329.0 2.0 262.0 28455.0 
492.00024983910674 36.64516129032258 65.0 331.0 2.0 267.0 28968.0 
495.00026600799873 36.91935483870968 63.0 335.0 2.0 269.0 29172.0 
498.04781536462485 37.193548387096776 64.0 336.0 2.0 271.0 29406.0 
501.0021815805349 37.33064516129032 62.0 337.0 2.0 272.0 29510.0 
504.010669488729 37.46774193548387 64.0 339.0 2.0 273.0 29612.0 
507.00287206066594 37.60483870967742 66.0 343.0 2.0 274.0 29714.0 
510.0045927507655 37.87903225806452 70.0 347.0 2.0 276.0 29919.0 
513.0197929605835 38.016129032258064 69.0 347.0 2.0 277.0 30021.0 
516.0075373052279 38.29032258064516 68.0 349.0 2.0 279.0 30231.0 
519.0024949980736 38.29032258064516 70.0 351.0 2.0 279.0 30231.0 
522.002410055297 38.427419354838705 73.0 354.0 2.0 280.0 30336.0 
525.0008427923092 38.975806451612904 71.0 355.0 2.0 284.0 30748.0 
528.0177403574174 39.25 69.0 357.0 2.0 286.0 30956.0 
531.0070633986982 39.524193548387096 70.0 359.0 2.0 288.0 31162.0 
534.0078467190712 39.524193548387096 70.0 360.0 2.0 288.0 31162.0 
537.0016204595427 39.524193548387096 71.0 361.0 2.0 288.0 31162.0 
540.0040326759279 40.20967741935483 66.0 361.0 2.0 293.0 31683.0 
543.0027846546192 40.20967741935483 66.0 361.0 2.0 293.0 31683.0 
546.0147844425217 40.483870967741936 64.0 361.0 2.0 295.0 31886.0 
549.0009594624091 40.483870967741936 65.0 363.0 2.0 295.0 31886.0 
552.0018537391558 40.75806451612904 67.0 364.0 2.0 297.0 32094.0 
555.0007624273626 41.03225806451613 65.0 365.0 2.0 299.0 32299.0 
558.0085774949416 41.03225806451613 65.0 366.0 2.0 299.0 32299.0 
561.0090720451562 41.16935483870967 65.0 367.0 2.0 300.0 32402.0 
564.008594163034 41.58064516129033 63.0 368.0 2.0 303.0 32715.0 
567.0004670125082 41.85483870967742 64.0 370.0 2.0 305.0 32948.0 
570.0064574465825 42.266129032258064 63.0 373.0 2.0 308.0 33258.0 
573.0000590926439 42.403225806451616 63.0 375.0 2.0 309.0 33361.0 
576.0014264599586 42.95161290322581 62.0 379.0 2.0 313.0 33777.0 
579.000612029909 43.08870967741935 64.0 380.0 2.0 314.0 33880.0 
582.004245476706 43.225806451612904 65.0 384.0 2.0 315.0 33985.0 
585.0069913503219 43.5 67.0 385.0 2.0 317.0 34193.0 
588.0004005648789 43.774193548387096 68.0 388.0 2.0 319.0 34481.0 
591.0027119616499 43.91129032258065 67.0 389.0 2.0 320.0 34583.0 
594.0055999290812 44.04838709677419 68.0 390.0 2.0 321.0 34685.0 
597.0241643504976 44.45967741935483 66.0 391.0 2.0 324.0 34995.0 
600.0017475916603 44.376 66.0 394.0 2.0 326.0 35546.0 
603.0050272569239 44.512 68.0 399.0 2.0 327.0 35650.0 
606.0037727753671 44.919999999999995 68.0 399.0 2.0 330.0 35962.0 
609.0124444834457 45.328 65.0 399.0 2.0 333.0 36270.0 
612.0031422621407 46.144 59.0 401.0 2.0 339.0 36926.0 
615.0151805245389 46.144 63.0 405.0 2.0 339.0 36926.0 
618.0012695787541 46.416 63.0 405.0 2.0 341.0 37130.0 
621.0006103359684 46.688 62.0 407.0 2.0 343.0 37400.0 
624.0002306957862 46.824 62.0 407.0 2.0 344.0 37502.0 
627.0093232822746 47.368 61.0 409.0 2.0 348.0 37915.0 
630.0139861125804 47.368 60.0 411.0 2.0 348.0 37915.0 
633.0025248858175 47.775999999999996 60.0 412.0 2.0 351.0 38223.0 
636.0029201800464 47.775999999999996 59.0 413.0 2.0 351.0 38223.0 
639.0054255179932 48.048 60.0 415.0 2.0 353.0 38432.0 
642.0035556187313 48.048 63.0 418.0 2.0 353.0 38432.0 
645.0010884349962 48.048 63.0 419.0 2.0 353.0 38432.0 
648.0106247149928 48.048 68.0 423.0 2.0 353.0 38432.0 
651.0170025933129 48.184 70.0 428.0 2.0 354.0 38534.0 
654.002664403099 48.32 73.0 430.0 2.0 355.0 38638.0 
657.0111754966646 48.592000000000006 76.0 433.0 2.0 357.0 38848.0 
660.0124833491737 48.727999999999994 75.0 434.0 2.0 358.0 38951.0 
663.0067636107884 48.864 74.0 435.0 2.0 359.0 39053.0 
666.008465059878 49.0 73.0 435.0 2.0 360.0 39156.0 
669.0440400512953 49.272000000000006 74.0 438.0 2.0 362.0 39453.0 
672.0003569305234 49.544000000000004 73.0 440.0 2.0 364.0 39658.0 
675.0064752674463 49.952 71.0 441.0 2.0 367.0 39969.0 
678.0001464664697 50.495999999999995 72.0 444.0 2.0 371.0 40381.0 
681.0013330192688 50.768 69.0 445.0 2.0 373.0 40585.0 
684.0052189029088 51.040000000000006 70.0 448.0 2.0 375.0 40790.0 
687.0023853559067 51.176 73.0 450.0 2.0 376.0 40893.0 
690.0051338742679 51.856 72.0 454.0 2.0 381.0 41474.0 
693.0032302528855 51.992000000000004 71.0 454.0 2.0 382.0 41584.0 
696.0007406270116 52.263999999999996 69.0 455.0 2.0 384.0 41790.0 
699.0004099688563 52.4 68.0 457.0 2.0 385.0 41893.0 
702.0187591311862 52.672 69.0 457.0 2.0 387.0 42098.0 
705.0051264569039 53.215999999999994 66.0 459.0 2.0 391.0 42511.0 
708.0086924770195 53.488 64.0 460.0 2.0 393.0 42721.0 
711.0029445893394 53.488 68.0 466.0 2.0 393.0 42721.0 
714.0195539527867 53.488 72.0 468.0 2.0 393.0 42721.0 
717.0024004720123 53.895999999999994 72.0 469.0 2.0 396.0 43032.0 
720.0208344172678 54.168 71.0 471.0 2.0 398.0 43245.0 
723.010087489677 54.44 70.0 472.0 2.0 400.0 43451.0 
726.0173367068606 54.44 70.0 474.0 2.0 400.0 43451.0 
729.0009263320644 54.712 70.0 475.0 2.0 402.0 43656.0 
732.0144462449211 54.84799999999999 71.0 477.0 2.0 403.0 43758.0 
735.0015995190071 54.983999999999995 72.0 478.0 2.0 404.0 43859.0 
738.0008263114854 54.983999999999995 73.0 479.0 2.0 404.0 43859.0 
741.0031693140421 55.256 75.0 483.0 2.0 406.0 44073.0 
744.0062230558532 55.93599999999999 71.0 485.0 2.0 411.0 44784.0 
747.0137270125957 55.93599999999999 73.0 486.0 2.0 411.0 44784.0 
750.0004003031363 56.480000000000004 72.0 488.0 2.0 415.0 45195.0 
753.0074931227005 57.024 69.0 490.0 2.0 419.0 45606.0 
756.0150633612309 57.431999999999995 68.0 492.0 2.0 422.0 45917.0 
759.002267733488 57.70399999999999 66.0 493.0 2.0 424.0 46125.0 
762.0024235178748 57.976 68.0 496.0 2.0 426.0 46331.0 
765.0227031552549 58.112 70.0 499.0 2.0 427.0 46601.0 
768.0098941610315 58.112 71.0 500.0 2.0 427.0 46601.0 
771.0062590332531 58.38399999999999 71.0 502.0 2.0 429.0 46806.0 
774.0082519539836 58.656 71.0 505.0 2.0 431.0 47012.0 
777.000273243359 59.064 73.0 508.0 2.0 434.0 47383.0 
780.0089294542431 59.352 74.0 511.0 3.0 436.0 47941.0 
783.0017865485984 59.760000000000005 71.0 512.0 3.0 439.0 48289.0 
786.0027236802026 59.895999999999994 69.0 512.0 3.0 440.0 48392.0 
789.0027196163462 60.032000000000004 68.0 512.0 3.0 441.0 48499.0 
792.0025170342938 60.848 63.0 512.0 3.0 447.0 49124.0 
795.0148551952101 60.983999999999995 62.0 514.0 3.0 448.0 49229.0 
798.0035620315654 61.12800000000001 62.0 514.0 4.0 449.0 49380.0 
801.0018586140486 61.12800000000001 63.0 516.0 4.0 449.0 49380.0 
804.003487821901 61.272000000000006 64.0 521.0 5.0 450.0 49574.0 
807.0027779934893 61.544000000000004 66.0 522.0 5.0 452.0 49678.0 
810.0004781101007 61.68 64.0 526.0 5.0 453.0 49783.0 
813.0086948988835 62.232 66.0 527.0 5.0 457.0 50244.0 
816.0072041061494 62.504000000000005 66.0 530.0 5.0 459.0 50457.0 
819.0003904475831 62.912 64.0 532.0 5.0 462.0 50775.0 
822.002965379666 63.184 64.0 533.0 5.0 464.0 50984.0 
825.0006015758701 63.32 67.0 537.0 5.0 465.0 51087.0 
828.0016674377574 63.592000000000006 69.0 540.0 5.0 467.0 51557.0 
831.0006983781064 63.864 67.0 542.0 5.0 469.0 51767.0 
834.009886846484 64.136 70.0 546.0 5.0 471.0 51972.0 
837.0016133022743 64.408 68.0 547.0 5.0 473.0 52178.0 
840.0124739216719 64.54400000000001 69.0 548.0 5.0 474.0 52281.0 
843.0129362216954 64.816 71.0 551.0 5.0 476.0 52486.0 
846.018706916615 65.224 67.0 551.0 5.0 479.0 52798.0 
849.0012413973211 65.36 67.0 552.0 5.0 480.0 52901.0 
852.026608818664 65.36 67.0 552.0 5.0 480.0 52901.0 
855.0148085718256 65.768 66.0 553.0 5.0 483.0 53209.0 
858.000774291006 65.904 66.0 555.0 5.0 484.0 53312.0 
861.0127148038541 66.176 65.0 555.0 5.0 486.0 53531.0 
864.0021322817668 66.584 64.0 557.0 5.0 489.0 53843.0 
867.0028840866117 66.72 64.0 559.0 5.0 490.0 53946.0 
870.0048855087567 66.99199999999999 63.0 560.0 5.0 492.0 54153.0 
873.0057358672358 67.264 63.0 562.0 5.0 494.0 54360.0 
876.0020891440819 67.672 62.0 563.0 5.0 497.0 54669.0 
879.0145895222365 68.216 59.0 565.0 5.0 501.0 55078.0 
882.0049956449266 68.216 59.0 566.0 5.0 501.0 55078.0 
885.007417095977 68.624 58.0 568.0 5.0 504.0 55392.0 
888.0059052100362 68.76 61.0 570.0 5.0 505.0 55497.0 
891.0017153895877 68.76 63.0 574.0 5.0 505.0 55497.0 
894.0093048999199 68.89599999999999 66.0 576.0 5.0 506.0 55630.0 
897.0015511738937 68.89599999999999 65.0 576.0 5.0 506.0 55630.0 
900.0084029049837 69.168 63.0 577.0 5.0 508.0 55838.0 
903.0001146087701 69.44 65.0 579.0 5.0 510.0 56148.0 
906.0000529864741 69.98400000000001 60.0 581.0 5.0 514.0 56560.0 
909.0015025006277 70.256 62.0 584.0 5.0 516.0 56771.0 
912.0090736258534 70.256 66.0 589.0 5.0 516.0 56771.0 
915.0017642968588 70.664 66.0 591.0 5.0 519.0 57084.0 
918.0012712741378 71.072 65.0 592.0 5.0 522.0 57395.0 
921.0022399157297 71.072 66.0 593.0 5.0 522.0 57395.0 
924.0000835699125 71.344 65.0 595.0 5.0 524.0 57609.0 
927.0029988147666 71.88799999999999 64.0 596.0 5.0 528.0 58024.0 
930.0436897184073 72.16000000000001 61.0 597.0 5.0 530.0 58230.0 
933.0339711887892 72.56800000000001 59.0 598.0 5.0 533.0 58542.0 
936.0025518112952 72.83999999999999 61.0 600.0 5.0 535.0 58750.0 
939.0066073334323 72.976 59.0 601.0 5.0 536.0 58855.0 
942.0349957641549 73.248 59.0 602.0 5.0 538.0 59064.0 
945.0235349169034 73.79199999999999 60.0 606.0 5.0 542.0 59479.0 
948.0079461691968 73.79199999999999 63.0 612.0 5.0 542.0 59479.0 
951.0039476909168 73.79199999999999 67.0 615.0 5.0 542.0 59479.0 
954.0112824934843 73.928 67.0 615.0 5.0 543.0 59584.0 
957.0040374690695 74.06400000000001 68.0 617.0 5.0 544.0 59685.0 
960.0010750363787 74.06400000000001 68.0 619.0 5.0 544.0 59685.0 
963.0297776506409 74.06400000000001 72.0 621.0 5.0 544.0 59685.0 
966.0003421039438 74.2 71.0 622.0 5.0 545.0 59787.0 
969.0011007580848 74.47200000000001 71.0 623.0 5.0 547.0 60041.0 
972.0025680870591 74.88 69.0 624.0 5.0 550.0 60352.0 
975.0217427968943 75.01599999999999 69.0 627.0 5.0 551.0 60453.0 
978.0000534278817 75.288 71.0 629.0 5.0 553.0 60661.0 
981.0044727933254 75.424 72.0 631.0 5.0 554.0 60765.0 
984.0004609433355 75.56 72.0 632.0 5.0 555.0 60869.0 
987.0010657618626 75.832 72.0 632.0 5.0 557.0 61076.0 
990.0005653034046 75.832 71.0 633.0 5.0 557.0 61076.0 
993.0071188519322 76.376 69.0 635.0 5.0 561.0 61494.0 
996.0097437148311 77.05600000000001 69.0 637.0 5.0 566.0 62090.0 
999.0038234701368 77.192 67.0 638.0 5.0 567.0 62198.0 
1002.0026389755322 77.328 70.0 642.0 5.0 568.0 62299.0 
1005.0122244875372 77.6 67.0 643.0 5.0 570.0 62505.0 
1008.0040151790082 77.6 70.0 645.0 5.0 570.0 62505.0 
1011.0144114786176 78.00800000000001 69.0 646.0 5.0 573.0 62814.0 
1014.0125079561399 78.416 67.0 648.0 5.0 576.0 63123.0 
1017.0099442109502 78.824 65.0 648.0 5.0 579.0 63437.0 
1020.0004190079229 79.096 63.0 650.0 5.0 581.0 63648.0 
1023.0116943838811 79.50399999999999 62.0 650.0 5.0 584.0 63965.0 
1026.0011801047508 79.50399999999999 62.0 651.0 5.0 584.0 63965.0 
1029.000544743177 79.776 62.0 651.0 5.0 586.0 64172.0 
1032.001809217102 79.776 60.0 651.0 5.0 586.0 64172.0 
1035.003294234345 80.048 60.0 653.0 5.0 588.0 64478.0 
1038.0077437257412 80.45599999999999 61.0 655.0 5.0 591.0 64789.0 
1041.0069983528535 80.45599999999999 62.0 660.0 5.0 591.0 64789.0 
1044.0004096897562 80.59200000000001 64.0 662.0 5.0 592.0 64892.0 
1047.0099981039602 81.0 63.0 664.0 5.0 595.0 65202.0 
1050.016254825162 81.54400000000001 63.0 666.0 5.0 599.0 65621.0 
1053.0086529468429 82.224 58.0 667.0 5.0 604.0 66138.0 
1056.0227302342994 82.49600000000001 58.0 668.0 5.0 606.0 66348.0 
1059.0023144529937 82.76799999999999 56.0 669.0 5.0 608.0 66553.0 
1062.001740048859 82.76799999999999 59.0 674.0 5.0 608.0 66553.0 
1065.0067339971367 83.176 59.0 677.0 5.0 611.0 66861.0 
1068.000672123104 83.176 64.0 680.0 5.0 611.0 66861.0 
1071.0196282104164 83.44800000000001 62.0 680.0 5.0 613.0 67066.0 
1074.0037835483063 83.584 64.0 682.0 5.0 614.0 67168.0 
1077.0138509204453 84.128 60.0 683.0 5.0 618.0 67578.0 
1080.000890160826 84.128 60.0 684.0 5.0 618.0 67578.0 
1083.0052356767442 84.4 60.0 684.0 5.0 620.0 67786.0 
1086.0002145613469 84.672 60.0 685.0 5.0 622.0 67995.0 
1089.0021939842447 84.672 59.0 686.0 5.0 622.0 67995.0 
1092.012597216345 84.808 62.0 691.0 5.0 623.0 68098.0 
1095.0033275265255 84.94399999999999 63.0 693.0 5.0 624.0 68200.0 
1098.0014228073287 85.216 63.0 694.0 5.0 626.0 68405.0 
1101.0019109671264 85.488 62.0 694.0 5.0 628.0 68613.0 
1104.000635354427 85.89599999999999 63.0 697.0 5.0 631.0 68920.0 
1107.0065026087057 86.168 60.0 698.0 5.0 633.0 69275.0 
1110.0078437582633 86.44 59.0 698.0 5.0 635.0 69482.0 
1113.0033009980887 86.848 56.0 699.0 5.0 638.0 69875.0 
1116.0145457896135 86.848 56.0 700.0 5.0 638.0 69875.0 
1119.0028409362355 87.12 58.0 703.0 5.0 640.0 70082.0 
1122.0015472244272 87.256 62.0 708.0 5.0 641.0 70185.0 
1125.0239810506264 87.256 65.0 710.0 5.0 641.0 70185.0 
1128.0051616060655 87.392 63.0 711.0 5.0 642.0 70287.0 
1131.003606509184 87.52799999999999 63.0 712.0 5.0 643.0 70410.0 
1134.001304896997 87.52799999999999 66.0 715.0 5.0 643.0 70410.0 
1137.0140730902929 87.664 67.0 715.0 5.0 644.0 70514.0 
1140.0115318693706 88.072 66.0 717.0 5.0 647.0 70824.0 
1143.0047651395453 88.20800000000001 66.0 719.0 5.0 648.0 70927.0 
1146.007905517941 88.61600000000001 67.0 722.0 5.0 651.0 71238.0 
1149.002187102387 89.024 64.0 722.0 5.0 654.0 71552.0 
1152.000331286045 89.16000000000001 64.0 724.0 5.0 655.0 71654.0 
1155.0073514817254 89.44 63.0 726.0 5.0 657.0 71864.0 
1158.0129852737653 89.712 64.0 728.0 5.0 659.0 72070.0 
1161.0152237537595 89.98400000000001 65.0 730.0 5.0 661.0 72683.0 
1164.0042845609028 90.256 62.0 730.0 5.0 663.0 72887.0 
1167.000924836589 90.93599999999999 59.0 731.0 5.0 668.0 73403.0 
1170.01463345063 91.344 57.0 733.0 5.0 671.0 73713.0 
1173.0045813492122 91.47999999999999 58.0 734.0 5.0 672.0 73926.0 
1176.0007672752595 91.752 57.0 735.0 5.0 674.0 74131.0 
1179.0153645555908 91.752 57.0 739.0 5.0 674.0 74131.0 
1182.0079296710537 91.88799999999999 61.0 741.0 5.0 675.0 74236.0 
1185.001770942063 92.024 63.0 746.0 5.0 676.0 74340.0 
1188.0022086432257 92.16000000000001 65.0 746.0 5.0 677.0 74444.0 
1191.016492194184 92.296 64.0 747.0 5.0 678.0 74547.0 
1194.0011445374346 92.56800000000001 64.0 749.0 5.0 680.0 74753.0 
1197.0063016029121 93.12 60.0 751.0 6.0 684.0 75326.0 
1200.0005168028115 93.392 59.0 752.0 6.0 686.0 75531.0 
1203.000156631522 93.392 62.0 754.0 6.0 686.0 75531.0 
1206.016250118676 93.664 62.0 754.0 6.0 688.0 75738.0 
1209.0042718095642 93.8 63.0 758.0 6.0 689.0 75844.0 
1212.0080992041403 93.8 63.0 759.0 6.0 689.0 75844.0 
1215.0014456894858 94.072 64.0 762.0 6.0 691.0 76052.0 
1218.0098069861467 94.072 66.0 764.0 6.0 691.0 76052.0 
1221.0245358816887 94.344 67.0 766.0 6.0 693.0 76260.0 
1224.0064174219995 94.89599999999999 65.0 766.0 6.0 697.0 76673.0 
1227.003212515169 95.44 60.0 768.0 6.0 701.0 77084.0 
1230.0000865248912 95.44 63.0 770.0 6.0 701.0 77084.0 
1233.001666614757 95.576 64.0 771.0 6.0 702.0 77189.0 
1236.009578838875 95.98400000000001 65.0 775.0 6.0 705.0 77498.0 
1239.0002407958527 96.12 63.0 775.0 6.0 706.0 77604.0 
1242.0005787245182 96.25600000000001 65.0 779.0 6.0 707.0 77707.0 
1245.0181525097441 96.664 64.0 781.0 6.0 710.0 78018.0 
1248.0084277273816 96.8 65.0 783.0 6.0 711.0 78120.0 
1251.0118690674378 97.072 64.0 784.0 6.0 713.0 78329.0 
1254.0001139054366 97.072 67.0 788.0 6.0 713.0 78329.0 
1257.0079918528613 97.47999999999999 69.0 790.0 6.0 716.0 78641.0 
1260.0121615831733 97.61600000000001 71.0 793.0 6.0 717.0 78745.0 
1263.006147378876 97.752 70.0 794.0 6.0 718.0 78849.0 
1266.0015903055253 98.024 68.0 794.0 6.0 720.0 79057.0 
1269.0021253499262 98.024 70.0 796.0 6.0 720.0 79057.0 
1272.0009967422234 98.16000000000001 70.0 798.0 6.0 721.0 79158.0 
1275.0073622028708 98.56800000000001 69.0 799.0 6.0 724.0 79469.0 
1278.0183704021817 98.704 71.0 801.0 6.0 725.0 79573.0 
1281.0030692600158 98.704 72.0 803.0 6.0 725.0 79573.0 
1284.0092910219514 99.384 71.0 805.0 6.0 730.0 80092.0 
1287.0016240308473 100.06400000000001 69.0 809.0 6.0 735.0 80607.0 
1290.0001020522027 100.2 68.0 810.0 6.0 736.0 80712.0 
1293.0059714019942 100.2 69.0 811.0 6.0 736.0 80712.0 
1296.0029711382294 100.2 71.0 813.0 6.0 736.0 80712.0 
1299.00049047727 100.47200000000001 71.0 816.0 6.0 738.0 80920.0 
1302.0100612323854 100.74399999999999 70.0 817.0 6.0 740.0 81128.0 
1305.0119910139003 100.88 71.0 819.0 6.0 741.0 81229.0 
1308.0064116398682 101.01599999999999 72.0 820.0 6.0 742.0 81335.0 
1311.0082282110538 101.152 72.0 822.0 6.0 743.0 81437.0 
1314.0036132719 101.56 74.0 825.0 6.0 746.0 81750.0 
1317.0006771013464 101.69599999999998 74.0 827.0 6.0 747.0 81852.0 
1320.000754412169 102.104 75.0 829.0 6.0 750.0 82261.0 
1323.0070711008857 102.376 74.0 831.0 6.0 752.0 82467.0 
1326.000409552018 102.784 72.0 832.0 6.0 755.0 82846.0 
1329.00330314875 102.91999999999999 73.0 835.0 6.0 756.0 82948.0 
1332.0033458051048 103.192 72.0 836.0 6.0 758.0 83154.0 
1335.0039173969753 103.32800000000002 71.0 837.0 6.0 759.0 83256.0 
1338.0002607731274 103.736 69.0 838.0 6.0 762.0 83562.0 
1341.0046619574348 103.87199999999999 69.0 841.0 6.0 763.0 83668.0 
1344.0106616563637 104.28000000000002 69.0 841.0 6.0 766.0 83988.0 
1347.0064899449692 104.55199999999999 70.0 843.0 6.0 768.0 84250.0 
1350.012719258765 104.96000000000001 68.0 844.0 6.0 771.0 84742.0 
1353.0011424336067 105.23200000000001 65.0 844.0 6.0 773.0 84954.0 
1356.0026412223929 105.776 65.0 846.0 6.0 777.0 85418.0 
1359.000612945007 106.45599999999999 59.0 847.0 6.0 782.0 85932.0 
1362.0049575855764 106.59200000000001 60.0 849.0 6.0 783.0 86034.0 
1365.0187103616793 106.736 59.0 851.0 6.0 784.0 86137.0 
1368.0016653063312 107.00800000000001 61.0 854.0 6.0 786.0 86346.0 
1371.0032658482253 107.00800000000001 64.0 856.0 6.0 786.0 86346.0 
1374.0042505217614 107.28 62.0 856.0 6.0 788.0 86553.0 
1377.0007493832288 107.28 65.0 860.0 6.0 788.0 86553.0 
1380.0075853066073 107.688 65.0 860.0 6.0 791.0 86865.0 
1383.0065615369099 107.96000000000001 62.0 861.0 6.0 793.0 87074.0 
1386.0096819259481 108.23200000000001 61.0 862.0 6.0 795.0 87280.0 
1389.0057025650374 108.91199999999999 58.0 863.0 6.0 800.0 87796.0 
1392.0139405299121 108.91199999999999 59.0 867.0 6.0 800.0 87796.0 
1395.001990982277 109.048 61.0 868.0 6.0 801.0 87902.0 
1398.024914787333 109.45599999999999 61.0 870.0 6.0 804.0 88212.0 
1401.0186434231935 109.59200000000001 60.0 872.0 6.0 805.0 88315.0 
1404.014034091187 109.728 63.0 876.0 6.0 806.0 88419.0 
1407.0020408787645 110.13600000000001 64.0 881.0 6.0 809.0 88730.0 
1410.0061928425093 110.40799999999999 65.0 881.0 6.0 811.0 88939.0 
1413.0133655180077 110.40799999999999 66.0 883.0 6.0 811.0 88939.0 
1416.0030057977992 110.952 64.0 884.0 6.0 815.0 89350.0 
1419.0004406501046 111.35999999999999 65.0 888.0 6.0 818.0 89666.0 
1422.01217748927 111.35999999999999 65.0 889.0 6.0 818.0 89666.0 
1425.0146049128605 111.49600000000001 65.0 890.0 6.0 819.0 89882.0 
1428.0047347596528 112.03999999999999 64.0 892.0 6.0 823.0 90303.0 
1431.0107649379947 112.312 63.0 894.0 6.0 825.0 90512.0 
1434.0008310887056 112.584 64.0 896.0 6.0 827.0 90722.0 
1437.0064761696601 112.584 64.0 899.0 6.0 827.0 90722.0 
1440.00801417747 112.71999999999998 67.0 901.0 6.0 828.0 90824.0 
1443.0036441349805 112.856 66.0 901.0 6.0 829.0 90929.0 
1446.0021686989098 113.12800000000001 66.0 902.0 6.0 831.0 91137.0 
1449.0054204641226 113.536 64.0 903.0 6.0 834.0 91450.0 
1452.0064209299512 113.67199999999998 64.0 905.0 6.0 835.0 91552.0 
1455.0213642039632 113.808 64.0 906.0 6.0 836.0 91673.0 
1458.0005528975219 114.08000000000001 68.0 911.0 6.0 838.0 91880.0 
1461.0000910294436 114.08000000000001 68.0 912.0 6.0 838.0 91880.0 
1464.0113608759918 114.488 67.0 914.0 6.0 841.0 92190.0 
1467.0115714292417 114.488 68.0 915.0 6.0 841.0 92190.0 
1470.0045370047471 115.03200000000001 68.0 920.0 6.0 845.0 92602.0 
1473.0022016155706 115.30400000000002 68.0 921.0 6.0 847.0 92807.0 
1476.0041778061006 115.44 70.0 924.0 6.0 848.0 92913.0 
1479.0031058747584 115.712 69.0 926.0 6.0 850.0 93118.0 
1482.0031227984289 115.848 70.0 927.0 6.0 851.0 93223.0 
1485.0171677392889 115.98400000000001 71.0 929.0 6.0 852.0 93325.0 
1488.0058368147481 116.12 72.0 931.0 6.0 853.0 93429.0 
1491.0100710059507 116.25600000000001 72.0 933.0 6.0 854.0 93678.0 
1494.0001405265766 116.52799999999999 72.0 935.0 6.0 856.0 93887.0 
1497.0061656031094 116.93599999999999 72.0 937.0 6.0 859.0 94198.0 
1500.0047298007696 117.344 70.0 938.0 6.0 862.0 94507.0 
1503.00231287195 117.47999999999999 71.0 939.0 6.0 863.0 94611.0 
1506.0214574540369 117.88799999999999 68.0 941.0 6.0 866.0 94919.0 
1509.0079077575535 118.704 68.0 944.0 6.0 872.0 95537.0 
1512.0094621139872 118.704 66.0 944.0 6.0 872.0 95537.0 
1515.0054238259463 118.976 66.0 946.0 6.0 874.0 95743.0 
1518.009265026555 119.11200000000001 69.0 951.0 6.0 875.0 95846.0 
1521.011936104668 119.656 68.0 951.0 6.0 879.0 96270.0 
1524.0112903200447 119.928 67.0 953.0 6.0 881.0 96479.0 
1527.0195127380282 119.928 67.0 954.0 6.0 881.0 96479.0 
1530.0144947921885 120.2 66.0 955.0 6.0 883.0 96685.0 
1533.0080467088078 120.47200000000001 71.0 961.0 6.0 885.0 96892.0 
1536.0065840795485 120.88 68.0 962.0 6.0 888.0 97206.0 
1539.0077172995682 120.88 69.0 963.0 6.0 888.0 97206.0 
1542.001653480317 121.288 68.0 965.0 6.0 891.0 97583.0 
1545.0184511562977 121.424 67.0 965.0 6.0 892.0 97686.0 
1548.0060646226304 121.56 69.0 969.0 6.0 893.0 97788.0 
1551.0049281580914 121.696 71.0 971.0 6.0 894.0 97891.0 
1554.0144517052577 121.696 74.0 974.0 6.0 894.0 97891.0 
1557.0079070517156 121.96799999999999 77.0 979.0 6.0 896.0 98101.0 
1560.0026315817845 122.648 74.0 979.0 6.0 901.0 99220.0 
1563.0022092372164 122.784 73.0 982.0 6.0 902.0 99324.0 
1566.0088389734174 123.05600000000001 73.0 983.0 6.0 904.0 99529.0 
1569.0035317205545 123.05600000000001 74.0 984.0 6.0 904.0 99529.0 
1572.002179555584 123.736 73.0 986.0 6.0 909.0 100045.0 
1575.0116896680904 124.00800000000001 70.0 987.0 6.0 911.0 100254.0 
1578.0087785364753 124.28000000000002 68.0 988.0 6.0 913.0 100461.0 
1581.0068607367948 124.55199999999999 68.0 990.0 6.0 915.0 100671.0 
1584.0005968183254 124.824 68.0 991.0 6.0 917.0 100878.0 
1587.0052492914647 125.096 68.0 994.0 6.0 919.0 101083.0 
1590.0011087129933 125.23200000000001 69.0 996.0 6.0 920.0 101185.0 
1593.0056708114287 125.50399999999999 71.0 999.0 6.0 922.0 101428.0 
1596.001495722871 125.91199999999999 73.0 1001.0 6.0 925.0 101742.0 
1599.002575762088 126.32 71.0 1002.0 6.0 928.0 102051.0 
1602.0002397775145 126.45599999999999 69.0 1004.0 6.0 929.0 102154.0 
1605.0005286136404 126.45599999999999 69.0 1004.0 6.0 929.0 102154.0 
1608.0026219424142 126.59200000000001 69.0 1005.0 6.0 930.0 102258.0 
1611.0047896087194 127.272 67.0 1007.0 6.0 935.0 102776.0 
1614.001394052226 127.272 67.0 1008.0 6.0 935.0 102776.0 
1617.004681717284 127.272 69.0 1011.0 6.0 935.0 102776.0 
1620.0014316714917 127.952 68.0 1013.0 6.0 940.0 103293.0 
1623.0124048711998 128.224 69.0 1016.0 6.0 942.0 103504.0 
1626.0003649884975 128.36 69.0 1018.0 6.0 943.0 103607.0 
1629.0003565173902 128.496 70.0 1020.0 6.0 944.0 103710.0 
1632.0064145970616 128.632 70.0 1022.0 6.0 945.0 103812.0 
1635.0002916015228 129.176 66.0 1022.0 6.0 949.0 104223.0 
1638.0148570098117 129.448 65.0 1022.0 6.0 951.0 104434.0 
1641.0015091064972 129.584 65.0 1024.0 6.0 952.0 104613.0 
1644.024848274665 129.856 66.0 1028.0 6.0 954.0 104821.0 
1647.0093455124004 130.12800000000001 67.0 1028.0 6.0 956.0 105026.0 
1650.0033240576306 130.264 65.0 1028.0 6.0 957.0 105128.0 
1653.012658887473 130.536 65.0 1030.0 6.0 959.0 105334.0 
1656.0078143950145 131.216 63.0 1031.0 6.0 964.0 105851.0 
1659.0024510103883 131.488 60.0 1032.0 6.0 966.0 106057.0 
1662.0149562088448 131.624 61.0 1035.0 6.0 967.0 106162.0 
1665.000002857768 131.89600000000002 60.0 1035.0 6.0 969.0 106377.0 
1668.005325141285 132.168 59.0 1036.0 6.0 971.0 106583.0 
1671.0116644736024 132.576 57.0 1038.0 6.0 974.0 107027.0 
1674.0000731535165 132.712 57.0 1038.0 6.0 975.0 107129.0 
1677.0003827598869 132.848 57.0 1040.0 6.0 976.0 107234.0 
1680.0028664434094 132.848 58.0 1042.0 6.0 976.0 107234.0 
1683.0028639792642 133.12 60.0 1043.0 6.0 978.0 107487.0 
1686.0037943399698 133.256 62.0 1048.0 6.0 979.0 107593.0 
1689.0087530465182 133.8 61.0 1049.0 6.0 983.0 108156.0 
1692.010894531087 134.208 61.0 1050.0 6.0 986.0 108467.0 
1695.0021576312688 134.752 55.0 1051.0 6.0 990.0 108946.0 
1698.022135839138 135.024 54.0 1054.0 6.0 992.0 109154.0 
1701.003718534576 135.16 56.0 1055.0 6.0 993.0 109256.0 
1704.0022146991068 135.432 57.0 1058.0 6.0 995.0 109466.0 
1707.0061923386968 135.568 56.0 1060.0 6.0 996.0 109569.0 
1710.0077680969025 135.568 59.0 1061.0 6.0 996.0 109569.0 
1713.0079642584724 135.704 60.0 1062.0 6.0 997.0 109673.0 
1716.0018742959262 135.84 61.0 1065.0 6.0 998.0 109779.0 
1719.0010504882634 135.976 63.0 1068.0 6.0 999.0 109884.0 
1722.0044402320639 136.384 64.0 1071.0 6.0 1002.0 110196.0 
1725.0002272057195 136.792 61.0 1072.0 6.0 1005.0 110507.0 
1728.0071705295447 137.2 61.0 1075.0 6.0 1008.0 110821.0 
1731.0050011285011 137.472 63.0 1078.0 6.0 1010.0 111027.0 
1734.0052804277846 137.608 61.0 1079.0 6.0 1011.0 111131.0 
1737.009404698514 137.744 61.0 1080.0 6.0 1012.0 111237.0 
1740.014566180094 137.88 62.0 1081.0 6.0 1013.0 111343.0 
1743.002703438456 137.88 62.0 1081.0 6.0 1013.0 111343.0 
1746.0039405476093 137.88 62.0 1081.0 6.0 1013.0 111343.0 
1749.0092948009374 138.424 59.0 1081.0 6.0 1017.0 111766.0 
1752.0079487021128 138.424 59.0 1083.0 6.0 1017.0 111766.0 
1755.003978312263 138.696 61.0 1088.0 6.0 1019.0 111972.0 
1758.0079715141476 138.696 65.0 1091.0 6.0 1019.0 111972.0 
1761.0111372298695 138.96800000000002 65.0 1091.0 6.0 1021.0 112180.0 
1764.000278104359 139.10399999999998 64.0 1092.0 6.0 1022.0 112282.0 
1767.005870740555 139.24 64.0 1093.0 6.0 1023.0 112387.0 
1770.00007683679 139.648 62.0 1093.0 6.0 1026.0 112816.0 
1773.0080262696986 139.92000000000002 61.0 1095.0 6.0 1028.0 113022.0 
1776.0106996611296 140.05599999999998 61.0 1096.0 6.0 1029.0 113125.0 
1779.0014940801884 140.192 62.0 1098.0 6.0 1030.0 113227.0 
1782.003150203412 140.328 64.0 1101.0 6.0 1031.0 113329.0 
1785.0015566320908 140.736 61.0 1102.0 6.0 1034.0 113642.0 
1788.0060273440622 140.87199999999999 61.0 1102.0 6.0 1035.0 113744.0 
1791.0049809508382 141.144 60.0 1104.0 6.0 1037.0 113953.0 
1794.0134577665847 141.688 60.0 1105.0 6.0 1041.0 114415.0 
1797.004576986821 141.688 58.0 1107.0 6.0 1041.0 114415.0 
1800.0100975325506 141.824 61.0 1110.0 6.0 1042.0 114520.0 
#####################################################################
# End of data export. Simulation finished at: 2020-01-14T12:45+0000 #
#####################################################################
