#####################################################################
# Alchemist log file - simulation started at: 2020-01-19T11:20+0000 #
#####################################################################
# seed = 19.0, taskFrequency = 0.0075, cloudcost = 3.0, algorithm = false
#
# The columns have the following meaning: 
# time taskHops[Mean] hasTask[Sum] tasks[Sum] completedTasks[Sum] giveupTasks[Sum] taskLatency[Sum] 
0.0 NaN 0.0 0.0 0.0 0.0 0.0 
2.0189000266060093 NaN 2.0 2.0 0.0 0.0 0.0 
4.018900026606009 NaN 3.0 5.0 0.0 0.0 0.0 
6.018900026606009 NaN 7.0 7.0 0.0 0.0 0.0 
8.018900026606008 NaN 7.0 8.0 0.0 0.0 0.0 
10.018900026606008 NaN 8.0 9.0 0.0 0.0 0.0 
12.018900026606008 NaN 9.0 10.0 0.0 0.0 0.0 
14.018900026606008 NaN 10.0 10.0 0.0 0.0 0.0 
16.01890002660601 NaN 11.0 11.0 0.0 0.0 0.0 
18.01890002660601 NaN 13.0 13.0 0.0 0.0 0.0 
20.01890002660601 NaN 13.0 14.0 0.0 0.0 0.0 
22.01890002660601 NaN 15.0 15.0 0.0 0.0 0.0 
24.01890002660601 NaN 16.0 16.0 0.0 0.0 0.0 
26.01890002660601 NaN 17.0 18.0 0.0 0.0 0.0 
28.01890002660601 NaN 19.0 20.0 0.0 0.0 0.0 
30.01890002660601 NaN 20.0 21.0 0.0 0.0 0.0 
32.018900026606005 NaN 22.0 22.0 0.0 0.0 0.0 
34.018900026606005 NaN 22.0 23.0 0.0 0.0 0.0 
36.018900026606005 NaN 24.0 25.0 0.0 0.0 0.0 
38.018900026606005 NaN 25.0 25.0 0.0 0.0 0.0 
40.018900026606005 NaN 25.0 25.0 0.0 0.0 0.0 
42.018900026606005 NaN 25.0 25.0 0.0 0.0 0.0 
44.018900026606005 NaN 26.0 27.0 0.0 0.0 0.0 
46.018900026606005 NaN 28.0 28.0 0.0 0.0 0.0 
48.018900026606005 NaN 28.0 28.0 0.0 0.0 0.0 
50.018900026606005 NaN 29.0 29.0 0.0 0.0 0.0 
52.018900026606005 NaN 32.0 33.0 0.0 0.0 0.0 
54.018900026606005 NaN 34.0 34.0 0.0 0.0 0.0 
56.018900026606005 NaN 36.0 36.0 0.0 0.0 0.0 
58.018900026606005 NaN 36.0 36.0 0.0 0.0 0.0 
60.018900026606005 NaN 37.0 37.0 0.0 0.0 0.0 
62.018900026606005 NaN 39.0 39.0 0.0 0.0 0.0 
64.018900026606 NaN 42.0 42.0 0.0 0.0 0.0 
66.018900026606 NaN 43.0 43.0 0.0 0.0 0.0 
68.018900026606 NaN 44.0 44.0 0.0 0.0 0.0 
70.018900026606 NaN 44.0 44.0 0.0 0.0 0.0 
72.018900026606 NaN 45.0 45.0 0.0 0.0 0.0 
74.018900026606 NaN 47.0 47.0 0.0 0.0 0.0 
76.018900026606 NaN 47.0 47.0 0.0 0.0 0.0 
78.018900026606 NaN 48.0 48.0 0.0 0.0 0.0 
80.018900026606 NaN 49.0 50.0 0.0 0.0 0.0 
82.018900026606 NaN 51.0 53.0 0.0 0.0 0.0 
84.018900026606 NaN 54.0 54.0 0.0 0.0 0.0 
86.018900026606 NaN 57.0 57.0 0.0 0.0 0.0 
88.018900026606 NaN 58.0 58.0 0.0 0.0 0.0 
90.018900026606 NaN 60.0 61.0 0.0 0.0 0.0 
92.018900026606 NaN 62.0 62.0 0.0 0.0 0.0 
94.018900026606 NaN 62.0 62.0 0.0 0.0 0.0 
96.018900026606 NaN 62.0 62.0 0.0 0.0 0.0 
98.018900026606 NaN 63.0 65.0 0.0 0.0 0.0 
100.018900026606 NaN 65.0 66.0 0.0 0.0 0.0 
102.018900026606 NaN 67.0 67.0 0.0 0.0 0.0 
104.018900026606 NaN 67.0 67.0 0.0 0.0 0.0 
106.018900026606 NaN 67.0 67.0 0.0 0.0 0.0 
108.018900026606 NaN 68.0 68.0 0.0 0.0 0.0 
110.018900026606 NaN 69.0 70.0 0.0 0.0 0.0 
112.018900026606 3.0 71.0 71.0 0.0 1.0 111.0 
114.018900026606 3.0 70.0 71.0 0.0 2.0 215.0 
116.018900026606 3.0 69.0 72.0 0.0 4.0 430.0 
118.018900026606 3.0 69.0 75.0 0.0 7.0 766.0 
120.018900026606 3.0 70.0 77.0 0.0 8.0 885.0 
122.018900026606 3.0 70.0 78.0 0.0 9.0 990.0 
124.018900026606 3.0 68.0 78.0 0.0 10.0 1093.0 
126.018900026606 3.0 68.0 78.0 0.0 10.0 1093.0 
128.018900026606 3.0 68.0 80.0 0.0 12.0 1320.0 
130.018900026606 3.0 69.0 81.0 0.0 13.0 1422.0 
132.018900026606 3.0 66.0 81.0 0.0 15.0 1633.0 
134.018900026606 3.0 66.0 82.0 0.0 16.0 1760.0 
136.018900026606 3.0 68.0 84.0 0.0 16.0 1760.0 
138.018900026606 3.0 68.0 85.0 0.0 18.0 1965.0 
140.018900026606 3.0 65.0 85.0 0.0 20.0 2177.0 
142.018900026606 3.0 66.0 86.0 0.0 21.0 2293.0 
144.018900026606 3.0 66.0 87.0 0.0 21.0 2293.0 
146.018900026606 3.0 66.0 87.0 0.0 21.0 2293.0 
148.018900026606 3.0 64.0 87.0 0.0 23.0 2498.0 
150.018900026606 3.0 64.0 87.0 0.0 23.0 2498.0 
152.018900026606 3.0 64.0 88.0 0.0 24.0 2605.0 
154.018900026606 3.0 64.0 88.0 0.0 27.0 2913.0 
156.018900026606 3.0 62.0 90.0 0.0 29.0 3155.0 
158.018900026606 3.0 61.0 91.0 0.0 32.0 3468.0 
160.018900026606 3.0 59.0 91.0 0.0 32.0 3468.0 
162.018900026606 3.0 60.0 92.0 0.0 33.0 3571.0 
164.018900026606 3.0 60.0 93.0 0.0 35.0 3775.0 
166.018900026606 3.0 56.0 94.0 0.0 38.0 4082.0 
168.018900026606 3.0 55.0 95.0 0.0 40.0 4299.0 
170.018900026606 3.0 55.0 95.0 0.0 41.0 4401.0 
172.018900026606 3.0 55.0 96.0 0.0 41.0 4401.0 
174.018900026606 3.0 55.0 96.0 0.0 41.0 4401.0 
176.018900026606 3.0 54.0 96.0 0.0 44.0 4709.0 
178.018900026606 3.0 52.0 96.0 0.0 44.0 4709.0 
180.018900026606 3.0 51.0 96.0 0.0 45.0 4811.0 
182.018900026606 3.0 51.0 96.0 0.0 46.0 4913.0 
184.018900026606 3.0 49.0 98.0 0.0 48.0 5176.0 
186.018900026606 3.0 48.0 100.0 0.0 52.0 5590.0 
188.018900026606 3.0 48.0 101.0 0.0 55.0 5897.0 
190.018900026606 3.0 45.0 101.0 0.0 56.0 5999.0 
192.018900026606 3.0 46.0 103.0 0.0 57.0 6101.0 
194.018900026606 3.0 45.0 104.0 0.0 59.0 6307.0 
196.018900026606 3.0 45.0 104.0 0.0 59.0 6307.0 
198.018900026606 3.0 46.0 105.0 0.0 59.0 6307.0 
200.018900026606 3.0 47.0 106.0 0.0 60.0 6409.0 
202.018900026606 3.0 44.0 106.0 0.0 62.0 6615.0 
204.018900026606 3.015873015873016 44.0 107.0 0.0 63.0 6803.0 
206.018900026606 3.015873015873016 44.0 107.0 0.0 63.0 6803.0 
208.018900026606 3.015873015873016 44.0 107.0 0.0 63.0 6803.0 
210.018900026606 3.015625 44.0 107.0 0.0 64.0 6905.0 
212.018900026606 3.0153846153846153 44.0 108.0 0.0 65.0 7007.0 
214.018900026606 3.014925373134328 41.0 108.0 0.0 67.0 7212.0 
216.018900026606 3.014925373134328 41.0 108.0 0.0 67.0 7212.0 
218.018900026606 3.014925373134328 44.0 111.0 0.0 67.0 7212.0 
220.018900026606 3.0144927536231885 44.0 112.0 0.0 69.0 7416.0 
222.018900026606 3.013888888888889 42.0 115.0 0.0 72.0 7723.0 
224.018900026606 3.0136986301369864 44.0 116.0 0.0 73.0 7825.0 
226.018900026606 3.0136986301369864 43.0 116.0 0.0 73.0 7825.0 
228.018900026606 3.0136986301369864 44.0 118.0 0.0 73.0 7825.0 
230.018900026606 3.0136986301369864 45.0 119.0 0.0 73.0 7825.0 
232.018900026606 3.013157894736842 44.0 119.0 0.0 76.0 8134.0 
234.018900026606 3.013157894736842 43.0 120.0 0.0 76.0 8134.0 
236.018900026606 3.013157894736842 45.0 121.0 0.0 76.0 8134.0 
238.018900026606 3.012987012987013 46.0 122.0 0.0 77.0 8237.0 
240.018900026606 3.0128205128205128 45.0 123.0 0.0 78.0 8339.0 
242.018900026606 3.0128205128205128 45.0 123.0 0.0 78.0 8339.0 
244.018900026606 3.0126582278481013 45.0 123.0 0.0 79.0 8441.0 
246.018900026606 3.0125 43.0 123.0 0.0 80.0 8543.0 
248.018900026606 3.0125 43.0 123.0 0.0 80.0 8543.0 
250.018900026606 3.0125 43.0 123.0 0.0 80.0 8543.0 
252.018900026606 3.0125 43.0 123.0 0.0 80.0 8543.0 
254.018900026606 3.0123456790123457 43.0 123.0 0.0 81.0 8646.0 
256.018900026606 3.0123456790123457 42.0 124.0 0.0 81.0 8646.0 
258.018900026606 3.0481927710843375 43.0 127.0 0.0 84.0 8851.0 
260.018900026606 3.0476190476190474 43.0 127.0 0.0 85.0 8954.0 
262.018900026606 3.0476190476190474 42.0 128.0 0.0 85.0 8954.0 
264.018900026606 3.0470588235294116 42.0 128.0 0.0 86.0 9056.0 
266.018900026606 3.046511627906977 42.0 130.0 0.0 87.0 9159.0 
268.018900026606 3.046511627906977 45.0 132.0 0.0 87.0 9159.0 
270.018900026606 3.045977011494253 47.0 135.0 0.0 88.0 9262.0 
272.018900026606 3.0454545454545454 46.0 135.0 0.0 89.0 9365.0 
274.018900026606 3.044943820224719 46.0 135.0 0.0 90.0 9467.0 
276.018900026606 3.044943820224719 48.0 139.0 0.0 90.0 9467.0 
278.018900026606 3.044943820224719 52.0 142.0 0.0 90.0 9467.0 
280.018900026606 3.044943820224719 52.0 142.0 0.0 90.0 9467.0 
282.018900026606 3.044943820224719 52.0 142.0 0.0 90.0 9467.0 
284.018900026606 3.044943820224719 52.0 142.0 0.0 90.0 9467.0 
286.018900026606 3.044943820224719 52.0 142.0 0.0 90.0 9467.0 
288.018900026606 3.077777777777778 51.0 144.0 0.0 92.0 9672.0 
290.018900026606 3.10989010989011 52.0 145.0 0.0 94.0 9878.0 
292.018900026606 3.10989010989011 51.0 146.0 0.0 94.0 9878.0 
294.018900026606 3.142857142857143 53.0 148.0 0.0 95.0 9981.0 
296.018900026606 3.141304347826087 54.0 149.0 0.0 96.0 10084.0 
298.018900026606 3.141304347826087 53.0 149.0 0.0 96.0 10084.0 
300.018900026606 3.1739130434782608 54.0 150.0 0.0 97.0 10187.0 
302.018900026606 3.2065217391304346 52.0 150.0 0.0 98.0 10289.0 
304.018900026606 3.2065217391304346 53.0 151.0 0.0 98.0 10289.0 
306.018900026606 3.236559139784946 53.0 151.0 0.0 100.0 10562.0 
308.018900026606 3.236559139784946 51.0 151.0 0.0 100.0 10562.0 
310.018900026606 3.236559139784946 52.0 152.0 0.0 100.0 10562.0 
312.018900026606 3.236559139784946 54.0 154.0 0.0 100.0 10562.0 
314.018900026606 3.234042553191489 53.0 154.0 0.0 101.0 10664.0 
316.018900026606 3.234042553191489 55.0 156.0 0.0 101.0 10664.0 
318.018900026606 3.234042553191489 56.0 157.0 0.0 101.0 10664.0 
320.018900026606 3.297872340425532 55.0 157.0 0.0 103.0 10868.0 
322.018900026606 3.294736842105263 55.0 158.0 0.0 104.0 10970.0 
324.018900026606 3.288659793814433 55.0 159.0 0.0 106.0 11174.0 
326.018900026606 3.316326530612245 51.0 159.0 0.0 108.0 11379.0 
328.018900026606 3.316326530612245 51.0 159.0 0.0 108.0 11379.0 
330.018900026606 3.3434343434343434 49.0 159.0 0.0 110.0 11677.0 
332.018900026606 3.34 49.0 160.0 0.0 111.0 11780.0 
334.018900026606 3.3366336633663365 48.0 160.0 0.0 112.0 11883.0 
336.018900026606 3.3366336633663365 48.0 160.0 0.0 112.0 11883.0 
338.018900026606 3.3300970873786406 46.0 160.0 0.0 114.0 12088.0 
340.018900026606 3.326923076923077 45.0 161.0 0.0 115.0 12190.0 
342.018900026606 3.352380952380952 48.0 165.0 0.0 117.0 12441.0 
344.018900026606 3.352380952380952 48.0 165.0 0.0 117.0 12441.0 
346.018900026606 3.349056603773585 48.0 165.0 0.0 118.0 12696.0 
348.018900026606 3.349056603773585 47.0 165.0 0.0 118.0 12696.0 
350.018900026606 3.349056603773585 47.0 165.0 0.0 118.0 12696.0 
352.018900026606 3.349056603773585 47.0 165.0 0.0 118.0 12696.0 
354.018900026606 3.349056603773585 47.0 165.0 0.0 118.0 12696.0 
356.018900026606 3.349056603773585 48.0 166.0 0.0 118.0 12696.0 
358.018900026606 3.349056603773585 48.0 166.0 0.0 118.0 12696.0 
360.018900026606 3.3773584905660377 47.0 166.0 0.0 119.0 12799.0 
362.018900026606 3.3703703703703702 46.0 167.0 0.0 121.0 13005.0 
364.018900026606 3.3703703703703702 47.0 168.0 0.0 121.0 13005.0 
366.018900026606 3.425925925925926 46.0 169.0 0.0 123.0 13290.0 
368.018900026606 3.425925925925926 46.0 170.0 0.0 123.0 13290.0 
370.018900026606 3.5370370370370368 45.0 171.0 0.0 127.0 13700.0 
372.018900026606 3.5871559633027523 47.0 174.0 0.0 130.0 14008.0 
374.018900026606 3.5871559633027523 44.0 174.0 0.0 130.0 14008.0 
376.018900026606 3.5871559633027523 45.0 175.0 0.0 130.0 14008.0 
378.018900026606 3.6422018348623855 45.0 176.0 0.0 132.0 14213.0 
380.018900026606 3.697247706422018 46.0 178.0 0.0 134.0 14417.0 
382.018900026606 3.697247706422018 44.0 178.0 0.0 134.0 14417.0 
384.018900026606 3.690909090909091 45.0 179.0 0.0 135.0 14770.0 
386.018900026606 3.690909090909091 45.0 181.0 0.0 135.0 14770.0 
388.018900026606 3.690909090909091 47.0 182.0 0.0 135.0 14770.0 
390.018900026606 3.690909090909091 48.0 183.0 0.0 135.0 14770.0 
392.018900026606 3.7387387387387387 46.0 183.0 0.0 138.0 15078.0 
394.018900026606 3.7387387387387387 46.0 185.0 0.0 138.0 15078.0 
396.018900026606 3.81981981981982 45.0 185.0 0.0 141.0 15402.0 
398.018900026606 3.846846846846847 44.0 185.0 0.0 142.0 15504.0 
400.018900026606 3.846846846846847 44.0 186.0 0.0 142.0 15504.0 
402.018900026606 3.8392857142857144 45.0 188.0 0.0 143.0 15607.0 
404.018900026606 3.8392857142857144 46.0 189.0 0.0 143.0 15607.0 
406.018900026606 3.8660714285714284 46.0 190.0 0.0 144.0 15709.0 
408.018900026606 3.8660714285714284 46.0 190.0 0.0 144.0 15709.0 
410.018900026606 3.8660714285714284 46.0 190.0 0.0 144.0 15709.0 
412.018900026606 3.8928571428571432 46.0 190.0 0.0 145.0 15812.0 
414.018900026606 3.9115044247787614 44.0 190.0 0.0 147.0 16017.0 
416.018900026606 3.9115044247787614 44.0 191.0 0.0 147.0 16017.0 
418.018900026606 3.9298245614035086 45.0 192.0 0.0 149.0 16222.0 
420.018900026606 3.956140350877193 43.0 192.0 0.0 150.0 16325.0 
422.018900026606 3.956140350877193 43.0 193.0 0.0 150.0 16325.0 
424.018900026606 3.982456140350877 42.0 193.0 0.0 151.0 16427.0 
426.018900026606 3.973913043478261 42.0 195.0 0.0 152.0 16529.0 
428.018900026606 3.973913043478261 44.0 196.0 0.0 152.0 16529.0 
430.018900026606 3.973913043478261 44.0 196.0 0.0 152.0 16529.0 
432.018900026606 3.973913043478261 44.0 197.0 0.0 152.0 16529.0 
434.018900026606 4.0 47.0 200.0 0.0 153.0 16631.0 
436.018900026606 4.0 47.0 200.0 0.0 153.0 16631.0 
438.018900026606 4.0 47.0 200.0 0.0 153.0 16631.0 
440.018900026606 4.0 48.0 202.0 0.0 153.0 16631.0 
442.018900026606 4.0 53.0 206.0 0.0 153.0 16631.0 
444.018900026606 4.094827586206897 52.0 207.0 0.0 158.0 17143.0 
446.018900026606 4.094827586206897 49.0 208.0 0.0 158.0 17143.0 
448.018900026606 4.120689655172414 50.0 209.0 0.0 159.0 17373.0 
450.018900026606 4.120689655172414 51.0 210.0 0.0 159.0 17373.0 
452.018900026606 4.120689655172414 52.0 211.0 0.0 159.0 17373.0 
454.018900026606 4.120689655172414 54.0 214.0 0.0 159.0 17373.0 
456.018900026606 4.120689655172414 57.0 216.0 0.0 159.0 17373.0 
458.018900026606 4.120689655172414 58.0 217.0 0.0 159.0 17373.0 
460.018900026606 4.120689655172414 60.0 219.0 0.0 159.0 17373.0 
462.00155740359116 4.120689655172414 60.0 220.0 0.0 159.0 17373.0 
464.018900026606 4.146551724137931 61.0 220.0 0.0 160.0 17476.0 
466.018900026606 4.162393162393163 60.0 221.0 0.0 162.0 17943.0 
468.018900026606 4.161016949152542 59.0 221.0 0.0 163.0 18046.0 
470.018900026606 4.161016949152542 58.0 221.0 0.0 163.0 18046.0 
472.018900026606 4.211864406779661 58.0 222.0 0.0 165.0 18252.0 
474.018900026606 4.288135593220339 59.0 224.0 0.0 168.0 18561.0 
476.018900026606 4.288135593220339 56.0 224.0 0.0 168.0 18561.0 
478.00627124922636 4.288135593220339 56.0 224.0 0.0 168.0 18561.0 
480.018900026606 4.288135593220339 56.0 224.0 0.0 168.0 18561.0 
482.018900026606 4.352941176470589 53.0 224.0 0.0 172.0 19075.0 
484.018900026606 4.352941176470589 53.0 225.0 0.0 172.0 19075.0 
486.018900026606 4.378151260504202 53.0 226.0 0.0 173.0 19177.0 
488.018900026606 4.4033613445378155 53.0 226.0 0.0 174.0 19279.0 
490.018900026606 4.428571428571429 53.0 228.0 0.0 175.0 19381.0 
492.018900026606 4.428571428571429 53.0 228.0 0.0 175.0 19381.0 
494.018900026606 4.428571428571429 53.0 228.0 0.0 175.0 19381.0 
496.018900026606 4.453781512605042 55.0 230.0 0.0 176.0 19484.0 
498.018900026606 4.4789915966386555 53.0 230.0 0.0 177.0 19587.0 
500.018900026606 4.4789915966386555 54.0 232.0 0.0 177.0 19587.0 
502.018900026606 4.504201680672269 55.0 233.0 0.0 178.0 19689.0 
504.018900026606 4.554621848739496 55.0 234.0 0.0 180.0 19905.0 
506.018900026606 4.605042016806722 55.0 236.0 0.0 182.0 20111.0 
508.018900026606 4.655462184873949 55.0 237.0 0.0 184.0 20347.0 
510.018900026606 4.655462184873949 53.0 237.0 0.0 184.0 20347.0 
512.0189000266059 4.655462184873949 53.0 237.0 0.0 184.0 20347.0 
514.0189000266059 4.680672268907563 52.0 238.0 0.0 185.0 20566.0 
516.0189000266059 4.680672268907563 53.0 238.0 0.0 185.0 20566.0 
518.0189000266059 4.705882352941177 52.0 238.0 0.0 186.0 20668.0 
520.0189000266059 4.73109243697479 52.0 239.0 0.0 187.0 20771.0 
522.005679774343 4.73109243697479 53.0 241.0 0.0 187.0 20771.0 
524.0189000266059 4.756302521008403 56.0 243.0 0.0 188.0 20874.0 
526.0189000266059 4.756302521008403 56.0 244.0 0.0 188.0 20874.0 
528.0189000266059 4.781512605042017 56.0 244.0 0.0 189.0 20976.0 
530.0189000266059 4.831932773109243 54.0 245.0 0.0 191.0 21181.0 
532.0189000266059 4.831932773109243 55.0 246.0 0.0 191.0 21181.0 
534.0189000266059 4.831932773109243 55.0 246.0 0.0 191.0 21181.0 
536.0189000266059 4.907563025210084 55.0 247.0 0.0 194.0 21489.0 
538.0189000266059 4.932773109243698 52.0 247.0 0.0 195.0 21592.0 
540.0189000266059 4.932773109243698 52.0 247.0 0.0 195.0 21592.0 
542.0189000266059 4.957983193277311 52.0 247.0 0.0 196.0 21694.0 
544.0189000266059 5.0588235294117645 51.0 248.0 0.0 200.0 22105.0 
546.0189000266059 5.084033613445378 48.0 248.0 0.0 201.0 22208.0 
548.0189000266059 5.084033613445378 50.0 251.0 0.0 201.0 22208.0 
550.0189000266059 5.1344537815126055 49.0 251.0 0.0 203.0 22414.0 
552.0189000266059 5.159663865546219 48.0 252.0 0.0 204.0 22516.0 
554.0189000266059 5.184873949579832 49.0 253.0 0.0 205.0 22619.0 
556.0189000266059 5.191666666666666 48.0 254.0 0.0 207.0 22823.0 
558.0189000266059 5.2666666666666675 45.0 255.0 0.0 210.0 23130.0 
560.0189000266059 5.24793388429752 45.0 256.0 0.0 211.0 23232.0 
562.0189000266059 5.297520661157026 45.0 256.0 0.0 213.0 23437.0 
564.0189000266059 5.297520661157026 43.0 256.0 0.0 213.0 23437.0 
566.0189000266059 5.322314049586777 43.0 257.0 0.0 214.0 23539.0 
568.0189000266059 5.347107438016529 43.0 257.0 0.0 215.0 23641.0 
570.0189000266059 5.347107438016529 42.0 257.0 0.0 215.0 23641.0 
572.0189000266059 5.347107438016529 43.0 259.0 0.0 215.0 23641.0 
574.0189000266059 5.37190082644628 43.0 259.0 0.0 216.0 23743.0 
576.0189000266059 5.3966942148760335 42.0 259.0 0.0 217.0 23845.0 
578.0189000266059 5.3966942148760335 42.0 259.0 0.0 217.0 23845.0 
580.0189000266059 5.421487603305785 42.0 259.0 0.0 218.0 24069.0 
582.0189000266059 5.421487603305785 41.0 259.0 0.0 218.0 24069.0 
584.0189000266059 5.421487603305785 42.0 260.0 0.0 218.0 24069.0 
586.0189000266059 5.446280991735537 43.0 261.0 0.0 219.0 24171.0 
588.0189000266059 5.446280991735537 43.0 262.0 0.0 219.0 24171.0 
590.0189000266059 5.471074380165288 42.0 262.0 0.0 220.0 24274.0 
592.0189000266059 5.520661157024794 43.0 263.0 0.0 222.0 24479.0 
594.0189000266059 5.520661157024794 42.0 264.0 0.0 222.0 24479.0 
596.0189000266059 5.520661157024794 42.0 264.0 0.0 222.0 24479.0 
598.0189000266059 5.524590163934426 41.0 265.0 0.0 224.0 24683.0 
600.0189000266059 5.524590163934426 43.0 267.0 0.0 224.0 24683.0 
602.0189000266059 5.549180327868852 43.0 267.0 0.0 225.0 24785.0 
604.0189000266059 5.5983606557377055 41.0 267.0 0.0 227.0 24990.0 
606.0189000266059 5.622950819672131 41.0 268.0 0.0 228.0 25092.0 
608.0189000266059 5.672131147540983 39.0 268.0 0.0 230.0 25297.0 
610.0189000266059 5.696721311475409 37.0 268.0 0.0 231.0 25399.0 
612.0189000266059 5.696721311475409 37.0 268.0 0.0 231.0 25399.0 
614.0189000266059 5.696721311475409 38.0 269.0 0.0 231.0 25399.0 
616.0189000266059 5.696721311475409 40.0 271.0 0.0 231.0 25399.0 
618.0189000266059 5.721311475409836 39.0 271.0 0.0 232.0 25502.0 
620.0189000266059 5.721311475409836 39.0 271.0 0.0 232.0 25502.0 
622.0189000266059 5.745901639344263 39.0 271.0 0.0 233.0 25605.0 
624.0189000266059 5.770491803278689 41.0 274.0 0.0 234.0 25707.0 
626.0189000266059 5.8442622950819665 40.0 276.0 0.0 237.0 26013.0 
628.0189000266059 5.8442622950819665 39.0 276.0 0.0 237.0 26013.0 
630.0189000266059 5.8442622950819665 40.0 277.0 0.0 237.0 26013.0 
632.0189000266059 5.868852459016393 41.0 279.0 0.0 238.0 26115.0 
634.0189000266059 5.868852459016393 42.0 280.0 0.0 238.0 26115.0 
636.0189000266059 5.893442622950819 43.0 281.0 0.0 239.0 26365.0 
638.0189000266059 5.918032786885246 43.0 282.0 0.0 240.0 26467.0 
640.0189000266059 5.918032786885246 42.0 282.0 0.0 240.0 26467.0 
642.0189000266059 5.918032786885246 43.0 283.0 0.0 240.0 26467.0 
644.0189000266059 5.918032786885246 43.0 283.0 0.0 240.0 26467.0 
646.0189000266059 5.942622950819672 43.0 284.0 0.0 241.0 26569.0 
648.0189000266059 5.942622950819672 45.0 286.0 0.0 241.0 26569.0 
650.0189000266059 6.0163934426229515 47.0 289.0 0.0 244.0 26878.0 
652.0189000266059 6.0163934426229515 45.0 289.0 0.0 244.0 26878.0 
654.0189000266059 6.0163934426229515 46.0 290.0 0.0 244.0 26878.0 
656.0189000266059 6.040983606557377 45.0 290.0 0.0 245.0 26980.0 
658.0189000266059 6.065573770491803 46.0 291.0 0.0 246.0 27082.0 
660.0189000266059 6.090163934426229 45.0 291.0 0.0 247.0 27185.0 
662.0189000266059 6.090163934426229 44.0 291.0 0.0 247.0 27185.0 
664.0189000266059 6.090163934426229 47.0 294.0 0.0 247.0 27185.0 
666.0189000266059 6.090163934426229 47.0 295.0 0.0 247.0 27185.0 
668.0189000266059 6.090163934426229 48.0 295.0 0.0 247.0 27185.0 
670.0189000266059 6.090163934426229 48.0 295.0 0.0 247.0 27185.0 
672.0189000266059 6.090163934426229 48.0 295.0 0.0 247.0 27185.0 
674.0189000266059 6.114754098360656 47.0 295.0 0.0 248.0 27287.0 
676.0189000266059 6.139344262295081 47.0 297.0 0.0 249.0 27390.0 
678.0189000266059 6.139344262295081 48.0 297.0 0.0 249.0 27390.0 
680.0189000266059 6.1138211382113825 49.0 298.0 0.0 250.0 27970.0 
682.0189000266059 6.1138211382113825 50.0 300.0 0.0 250.0 27970.0 
684.0189000266059 6.1138211382113825 50.0 301.0 0.0 250.0 27970.0 
686.0189000266059 6.1138211382113825 52.0 302.0 0.0 250.0 27970.0 
688.0189000266059 6.138211382113821 53.0 304.0 0.0 251.0 28072.0 
690.0189000266059 6.16260162601626 53.0 304.0 0.0 252.0 28175.0 
692.0189000266059 6.16260162601626 52.0 304.0 0.0 252.0 28175.0 
694.0189000266059 6.186991869918699 51.0 305.0 0.0 253.0 28277.0 
696.0189000266059 6.211382113821138 52.0 305.0 0.0 254.0 28380.0 
698.0189000266059 6.211382113821138 52.0 306.0 0.0 254.0 28380.0 
700.0189000266059 6.211382113821138 53.0 307.0 0.0 254.0 28380.0 
702.0189000266059 6.260162601626017 52.0 307.0 0.0 256.0 28586.0 
704.0189000266059 6.284552845528455 51.0 307.0 0.0 257.0 28692.0 
706.0189000266059 6.284552845528455 52.0 309.0 0.0 257.0 28692.0 
708.0189000266059 6.308943089430894 51.0 309.0 0.0 258.0 28794.0 
710.0189000266059 6.308943089430894 51.0 309.0 0.0 258.0 28794.0 
712.0189000266059 6.308943089430894 51.0 310.0 0.0 258.0 28794.0 
714.0189000266059 6.308943089430894 52.0 310.0 0.0 258.0 28794.0 
716.0189000266059 6.333333333333334 51.0 310.0 0.0 259.0 28896.0 
718.0189000266059 6.330645161290322 51.0 310.0 0.0 261.0 29100.0 
720.0189000266059 6.354838709677419 49.0 310.0 0.0 262.0 29294.0 
722.0189000266059 6.379032258064516 48.0 310.0 0.0 263.0 29485.0 
724.0189000266059 6.379032258064516 47.0 310.0 0.0 263.0 29485.0 
726.0189000266059 6.427419354838709 48.0 312.0 0.0 265.0 29754.0 
728.0189000266059 6.5 46.0 312.0 0.0 268.0 30062.0 
730.0189000266059 6.5 44.0 312.0 0.0 268.0 30062.0 
732.0189000266059 6.5 44.0 312.0 0.0 268.0 30062.0 
734.0189000266059 6.548387096774195 44.0 312.0 0.0 270.0 30268.0 
736.0189000266059 6.572580645161291 43.0 313.0 0.0 271.0 30371.0 
738.0189000266059 6.596774193548387 42.0 314.0 0.0 272.0 30473.0 
740.0189000266059 6.620967741935484 42.0 314.0 0.0 273.0 30576.0 
742.0189000266059 6.620967741935484 41.0 315.0 0.0 273.0 30576.0 
744.0189000266059 6.645161290322581 42.0 316.0 0.0 274.0 30678.0 
746.0189000266059 6.645161290322581 43.0 317.0 0.0 274.0 30678.0 
748.0189000266059 6.645161290322581 44.0 319.0 0.0 274.0 30678.0 
750.0189000266059 6.741935483870968 44.0 321.0 0.0 278.0 31262.0 
752.0189000266059 6.790322580645162 43.0 321.0 0.0 280.0 31467.0 
754.0189000266059 6.814516129032259 41.0 322.0 0.0 281.0 31570.0 
756.0189000266059 6.814516129032259 41.0 322.0 0.0 281.0 31570.0 
758.0189000266059 6.814516129032259 42.0 324.0 0.0 281.0 31570.0 
760.0189000266059 6.838709677419354 42.0 324.0 0.0 282.0 31672.0 
762.0035746438574 6.838709677419354 43.0 325.0 0.0 282.0 31672.0 
764.0189000266059 6.838709677419354 43.0 325.0 0.0 282.0 31672.0 
766.0189000266059 6.935483870967741 41.0 326.0 0.0 286.0 32114.0 
768.0189000266059 6.935483870967741 40.0 326.0 0.0 286.0 32114.0 
770.0109796653821 6.959677419354838 39.0 326.0 0.0 287.0 32217.0 
772.0189000266059 6.959677419354838 39.0 326.0 0.0 287.0 32217.0 
774.0189000266059 6.959677419354838 39.0 326.0 0.0 287.0 32217.0 
776.0189000266059 6.959677419354838 39.0 326.0 0.0 287.0 32217.0 
778.0189000266059 6.983870967741935 38.0 326.0 0.0 288.0 32319.0 
780.0189000266059 7.008064516129032 37.0 326.0 0.0 289.0 32422.0 
782.0189000266059 7.03225806451613 37.0 326.0 0.0 290.0 32525.0 
784.0189000266059 7.080645161290322 36.0 327.0 0.0 292.0 32729.0 
786.0189000266059 7.080645161290322 35.0 327.0 0.0 292.0 32729.0 
788.0189000266059 7.129032258064516 34.0 327.0 0.0 294.0 32934.0 
790.0189000266059 7.153225806451613 32.0 327.0 0.0 295.0 33036.0 
792.0189000266059 7.153225806451613 32.0 327.0 0.0 295.0 33036.0 
794.0189000266059 7.153225806451613 33.0 328.0 0.0 295.0 33036.0 
796.0189000266059 7.153225806451613 35.0 330.0 0.0 295.0 33036.0 
798.0189000266059 7.177419354838709 36.0 332.0 0.0 296.0 33139.0 
800.0189000266059 7.225806451612903 37.0 334.0 0.0 298.0 33490.0 
802.0189000266059 7.25 35.0 334.0 0.0 299.0 33592.0 
804.0189000266059 7.25 35.0 334.0 0.0 299.0 33592.0 
806.0189000266059 7.25 35.0 334.0 0.0 299.0 33592.0 
808.0189000266059 7.298387096774195 37.0 337.0 0.0 301.0 33879.0 
810.0189000266059 7.298387096774195 37.0 338.0 0.0 301.0 33879.0 
812.0189000266059 7.298387096774195 38.0 339.0 0.0 301.0 33879.0 
814.0189000266059 7.298387096774195 38.0 339.0 0.0 301.0 33879.0 
816.0189000266059 7.322580645161291 39.0 341.0 0.0 302.0 33982.0 
818.0189000266059 7.322580645161291 40.0 342.0 0.0 302.0 33982.0 
820.0189000266059 7.322580645161291 40.0 342.0 0.0 302.0 33982.0 
822.0189000266059 7.322580645161291 40.0 342.0 0.0 302.0 33982.0 
824.0189000266059 7.322580645161291 41.0 343.0 0.0 302.0 33982.0 
826.0189000266059 7.322580645161291 41.0 344.0 0.0 302.0 33982.0 
828.0189000266059 7.346774193548387 42.0 344.0 0.0 303.0 34085.0 
830.0189000266059 7.370967741935484 43.0 347.0 0.0 304.0 34188.0 
832.0189000266059 7.370967741935484 44.0 348.0 0.0 304.0 34188.0 
834.0189000266059 7.370967741935484 44.0 348.0 0.0 304.0 34188.0 
836.0189000266059 7.370967741935484 44.0 348.0 0.0 304.0 34188.0 
838.0189000266059 7.395161290322581 45.0 349.0 0.0 305.0 34291.0 
840.0189000266059 7.419354838709678 44.0 349.0 0.0 306.0 34393.0 
842.0189000266059 7.419354838709678 43.0 350.0 0.0 306.0 34393.0 
844.0189000266059 7.419354838709678 45.0 351.0 0.0 306.0 34393.0 
846.0189000266059 7.443548387096773 44.0 351.0 0.0 307.0 34496.0 
848.0189000266059 7.491935483870968 44.0 354.0 0.0 309.0 34701.0 
850.0189000266059 7.540322580645162 45.0 358.0 0.0 311.0 35212.0 
852.0189000266059 7.588709677419354 45.0 359.0 0.0 313.0 35417.0 
854.0189000266059 7.612903225806452 46.0 360.0 0.0 314.0 35520.0 
856.0189000266059 7.637096774193548 45.0 360.0 0.0 315.0 35622.0 
858.0189000266059 7.637096774193548 45.0 360.0 0.0 315.0 35622.0 
860.0189000266059 7.661290322580646 44.0 361.0 0.0 316.0 35724.0 
862.0189000266059 7.685483870967741 45.0 362.0 0.0 317.0 35827.0 
864.0189000266059 7.709677419354838 45.0 362.0 0.0 318.0 35929.0 
866.0189000266059 7.709677419354838 46.0 365.0 0.0 318.0 35929.0 
868.0189000266059 7.709677419354838 47.0 365.0 0.0 318.0 35929.0 
870.0189000266059 7.733870967741935 46.0 365.0 0.0 319.0 36032.0 
872.0189000266059 7.733870967741935 47.0 367.0 0.0 319.0 36032.0 
874.0189000266059 7.733870967741935 49.0 368.0 0.0 319.0 36032.0 
876.0189000266059 7.733870967741935 50.0 369.0 0.0 319.0 36032.0 
878.0189000266059 7.733870967741935 50.0 369.0 0.0 319.0 36032.0 
880.0097931117349 7.733870967741935 50.0 370.0 0.0 319.0 36032.0 
882.0189000266059 7.733870967741935 52.0 371.0 0.0 319.0 36032.0 
884.0189000266059 7.733870967741935 52.0 373.0 0.0 319.0 36032.0 
886.0189000266059 7.758064516129032 54.0 373.0 0.0 320.0 36135.0 
888.0189000266059 7.758064516129032 53.0 373.0 0.0 320.0 36135.0 
890.0189000266059 7.78225806451613 54.0 374.0 0.0 321.0 36320.0 
892.0189000266059 7.78225806451613 54.0 375.0 0.0 321.0 36320.0 
894.0189000266059 7.78225806451613 54.0 375.0 0.0 321.0 36320.0 
896.0189000266059 7.806451612903227 56.0 377.0 0.0 322.0 36423.0 
898.0189000266059 7.854838709677419 55.0 377.0 0.0 324.0 36627.0 
900.0189000266059 7.903225806451613 52.0 377.0 0.0 326.0 36831.0 
#####################################################################
# End of data export. Simulation finished at: 2020-01-19T11:21+0000 #
#####################################################################
