#####################################################################
# Alchemist log file - simulation started at: 2020-01-31T09:51+0000 #
#####################################################################
# seed = 50.0, taskFrequency = 0.01778, cloudcost = 3.0, algorithm = true
#
# The columns have the following meaning: 
# time taskHops[Mean] hasTask[Sum] tasks[Sum] completedTasks[Sum] giveupTasks[Sum] taskLatency[Sum] 
0.0 NaN 0.0 0.0 0.0 0.0 0.0 
2.012017294136071 NaN 8.0 10.0 0.0 0.0 0.0 
4.012017294136071 NaN 13.0 14.0 0.0 0.0 0.0 
6.012017294136071 NaN 16.0 17.0 0.0 0.0 0.0 
8.012017294136072 NaN 19.0 19.0 0.0 0.0 0.0 
10.012017294136072 NaN 20.0 20.0 0.0 0.0 0.0 
12.012017294136072 0.0 25.0 28.0 1.0 0.0 11.0 
14.012017294136072 1.0 29.0 31.0 2.0 0.0 24.0 
16.012017294136072 1.25 31.0 35.0 4.0 0.0 51.0 
18.012017294136072 1.2857142857142858 33.0 39.0 7.0 0.0 95.0 
20.012017294136072 1.7272727272727273 29.0 40.0 11.0 0.0 160.0 
22.012017294136072 1.7272727272727273 32.0 44.0 11.0 0.0 160.0 
24.012017294136072 1.7272727272727273 37.0 49.0 11.0 0.0 160.0 
26.012017294136072 1.846153846153846 38.0 52.0 13.0 0.0 194.0 
28.012017294136072 1.8666666666666667 41.0 57.0 15.0 0.0 236.0 
30.012017294136072 1.8235294117647058 45.0 61.0 17.0 0.0 273.0 
32.01201729413607 1.8947368421052633 48.0 67.0 19.0 0.0 312.0 
34.01201729413607 1.9047619047619047 52.0 72.0 21.0 0.0 347.0 
36.00577029670156 1.8636363636363638 54.0 76.0 22.0 0.0 368.0 
38.01201729413607 1.88 53.0 77.0 25.0 0.0 432.0 
40.01201729413607 1.8571428571428572 53.0 81.0 28.0 0.0 490.0 
42.01201729413607 1.8125 52.0 82.0 32.0 0.0 567.0 
44.01201729413607 1.8181818181818181 50.0 83.0 33.0 0.0 583.0 
46.01201729413607 1.8181818181818181 52.0 85.0 33.0 0.0 583.0 
48.01201729413607 1.8571428571428572 54.0 87.0 35.0 0.0 620.0 
50.01201729413607 1.868421052631579 53.0 90.0 38.0 0.0 690.0 
52.0090110803551 1.8717948717948718 54.0 94.0 40.0 0.0 722.0 
54.01201729413607 1.829268292682927 53.0 97.0 42.0 0.0 768.0 
56.01201729413607 1.8333333333333335 54.0 98.0 43.0 0.0 782.0 
58.01201729413607 1.9047619047619047 55.0 98.0 44.0 0.0 809.0 
60.01201729413607 1.9767441860465116 54.0 99.0 46.0 0.0 863.0 
62.01201729413607 2.0 53.0 101.0 48.0 0.0 898.0 
64.01201729413607 2.0 55.0 104.0 48.0 0.0 898.0 
66.01201729413607 2.0 56.0 105.0 50.0 0.0 942.0 
68.01201729413607 2.0869565217391304 58.0 108.0 52.0 0.0 978.0 
70.01201729413607 2.125 57.0 109.0 54.0 0.0 1039.0 
72.00281345187507 2.204081632653061 56.0 110.0 56.0 0.0 1122.0 
74.01016051338635 2.204081632653061 57.0 114.0 56.0 0.0 1122.0 
76.01201729413607 2.204081632653061 59.0 115.0 56.0 0.0 1122.0 
78.01201729413607 2.18 61.0 118.0 57.0 0.0 1139.0 
80.01201729413607 2.156862745098039 63.0 121.0 58.0 0.0 1182.0 
82.01201729413607 2.1346153846153846 63.0 123.0 59.0 0.0 1202.0 
84.01201729413607 2.132075471698113 64.0 124.0 60.0 0.0 1232.0 
86.01201729413607 2.090909090909091 65.0 125.0 62.0 0.0 1310.0 
88.01201729413607 2.090909090909091 64.0 126.0 62.0 0.0 1310.0 
90.01201729413607 2.090909090909091 64.0 127.0 62.0 0.0 1310.0 
92.01201729413607 2.245614035087719 65.0 128.0 67.0 0.0 1432.0 
94.00735673229077 2.263157894736842 61.0 131.0 68.0 0.0 1445.0 
96.01201729413607 2.263157894736842 64.0 134.0 68.0 0.0 1445.0 
98.01201729413607 2.263157894736842 66.0 136.0 68.0 0.0 1445.0 
100.01201729413607 2.3508771929824563 69.0 137.0 69.0 0.0 1472.0 
102.01201729413607 2.396551724137931 67.0 137.0 71.0 0.0 1506.0 
104.01201729413607 2.475409836065574 66.0 139.0 71.0 3.0 1811.0 
106.01201729413607 2.596774193548387 64.0 140.0 72.0 5.0 1926.0 
108.01201729413607 2.666666666666667 65.0 143.0 75.0 6.0 2103.0 
110.01201729413607 2.746268656716418 61.0 145.0 77.0 9.0 2360.0 
112.01201729413607 2.7746478873239435 58.0 146.0 78.0 13.0 2759.0 
114.01201729413607 2.7746478873239435 57.0 148.0 78.0 13.0 2759.0 
116.0019516832132 2.8194444444444446 56.0 150.0 78.0 15.0 2899.0 
118.01201729413607 2.8666666666666667 56.0 152.0 78.0 19.0 3205.0 
120.01201729413607 2.9871794871794872 52.0 153.0 79.0 24.0 3453.0 
122.01201729413607 3.0256410256410255 51.0 155.0 81.0 24.0 3518.0 
124.01201729413607 3.085365853658536 48.0 155.0 82.0 29.0 3936.0 
126.01201729413607 3.1279069767441863 42.0 155.0 82.0 33.0 4322.0 
128.01201729413606 3.1136363636363638 41.0 157.0 83.0 34.0 4399.0 
130.01201729413606 3.197802197802198 38.0 159.0 84.0 39.0 4670.0 
132.01201729413606 3.268817204301075 36.0 161.0 88.0 41.0 4815.0 
134.01201729413606 3.351063829787234 33.0 166.0 89.0 44.0 4996.0 
136.01201729413606 3.515789473684211 29.0 168.0 89.0 50.0 5437.0 
138.01201729413606 3.536082474226804 32.0 172.0 89.0 53.0 5515.0 
140.01201729413606 3.5670103092783507 30.0 173.0 89.0 54.0 5522.0 
142.01201729413606 3.5816326530612246 30.0 175.0 90.0 55.0 5643.0 
144.01201729413606 3.56 31.0 178.0 92.0 56.0 5742.0 
146.01201729413606 3.5940594059405937 32.0 181.0 93.0 57.0 5845.0 
148.01201729413606 3.5686274509803924 31.0 182.0 94.0 57.0 5862.0 
150.01201729413606 3.5784313725490198 30.0 183.0 95.0 57.0 5878.0 
152.01201729413606 3.6796116504854366 35.0 188.0 96.0 60.0 5967.0 
154.01201729413606 3.650943396226415 31.0 191.0 97.0 62.0 6190.0 
156.01201729413606 3.672897196261682 33.0 193.0 98.0 63.0 6286.0 
158.01201729413606 3.766355140186916 33.0 196.0 101.0 64.0 6355.0 
160.01201729413606 3.759259259259259 32.0 198.0 101.0 65.0 6456.0 
162.01201729413606 3.8090909090909095 32.0 200.0 103.0 67.0 6687.0 
164.01201729413606 3.801801801801802 30.0 200.0 103.0 68.0 6789.0 
166.01201729413606 3.8303571428571432 32.0 205.0 106.0 69.0 6834.0 
168.01201729413606 3.9464285714285716 32.0 208.0 107.0 73.0 7023.0 
170.01201729413606 4.071428571428571 27.0 211.0 109.0 76.0 7087.0 
172.01201729413606 4.071428571428571 27.0 212.0 109.0 76.0 7087.0 
174.01201729413606 4.089285714285714 31.0 217.0 110.0 76.0 7110.0 
176.01201729413606 4.089285714285714 33.0 219.0 110.0 76.0 7110.0 
178.01201729413606 4.1607142857142865 31.0 219.0 111.0 78.0 7152.0 
180.01201729413606 4.201754385964913 31.0 222.0 112.0 80.0 7306.0 
182.01201729413606 4.2 31.0 224.0 113.0 81.0 7330.0 
184.01201729413606 4.226086956521739 32.0 226.0 113.0 82.0 7432.0 
186.01201729413606 4.226086956521739 32.0 227.0 113.0 82.0 7432.0 
188.01201729413606 4.243478260869566 36.0 231.0 114.0 82.0 7445.0 
190.01201729413606 4.321739130434783 37.0 235.0 116.0 83.0 7578.0 
192.01201729413606 4.339130434782608 36.0 236.0 117.0 83.0 7598.0 
194.01201729413606 4.373913043478261 37.0 238.0 120.0 83.0 7635.0 
196.01201729413606 4.469565217391303 42.0 245.0 120.0 84.0 7669.0 
198.01201729413606 4.469565217391303 42.0 247.0 120.0 84.0 7669.0 
200.01201729413606 4.534482758620689 44.0 250.0 120.0 88.0 7761.0 
202.01201729413606 4.534482758620689 43.0 252.0 120.0 88.0 7761.0 
204.01201729413606 4.589743589743589 44.0 254.0 123.0 88.0 7855.0 
206.01201729413606 4.632478632478632 42.0 257.0 124.0 89.0 7884.0 
208.01201729413606 4.632478632478632 45.0 259.0 124.0 89.0 7884.0 
210.01201729413606 4.6890756302521 42.0 260.0 127.0 93.0 8071.0 
212.01201729413606 4.731092436974789 39.0 262.0 129.0 94.0 8110.0 
214.01201729413606 4.789915966386554 39.0 262.0 130.0 94.0 8121.0 
216.01201729413606 4.833333333333334 37.0 263.0 133.0 94.0 8198.0 
218.01201729413606 4.833333333333334 37.0 265.0 133.0 94.0 8198.0 
220.01201729413606 4.866666666666666 38.0 266.0 134.0 95.0 8224.0 
222.01201729413606 4.866666666666666 39.0 268.0 134.0 95.0 8224.0 
224.01201729413606 4.8916666666666675 40.0 269.0 136.0 95.0 8255.0 
226.01201729413606 4.908333333333334 39.0 272.0 137.0 95.0 8271.0 
228.01201729413606 4.908333333333334 40.0 272.0 137.0 95.0 8271.0 
230.01201729413606 4.966666666666666 42.0 275.0 139.0 95.0 8332.0 
232.01201729413606 4.966666666666666 43.0 277.0 139.0 95.0 8332.0 
234.01201729413606 4.966666666666666 43.0 277.0 139.0 95.0 8332.0 
236.01201729413606 5.033333333333334 42.0 278.0 141.0 97.0 8418.0 
238.01201729413606 5.058333333333334 44.0 283.0 141.0 98.0 8429.0 
240.01201729413606 5.099173553719008 47.0 288.0 142.0 100.0 8636.0 
242.01201729413606 5.106557377049181 46.0 290.0 142.0 102.0 8823.0 
244.01201729413606 5.131147540983608 50.0 294.0 142.0 103.0 8827.0 
246.01201729413606 5.1557377049180335 49.0 295.0 142.0 104.0 8928.0 
248.01201729413606 5.213114754098362 49.0 297.0 143.0 106.0 9012.0 
250.01201729413606 5.252032520325204 47.0 299.0 146.0 106.0 9118.0 
252.01201729413606 5.252032520325204 49.0 301.0 146.0 106.0 9118.0 
254.01201729413606 5.3495934959349585 52.0 304.0 146.0 110.0 9292.0 
256.01201729413606 5.422764227642277 49.0 307.0 148.0 112.0 9328.0 
258.01201729413606 5.536585365853659 48.0 310.0 150.0 114.0 9404.0 
260.01201729413606 5.560975609756097 48.0 312.0 150.0 115.0 9416.0 
262.01201729413606 5.739837398373983 45.0 314.0 150.0 121.0 9682.0 
264.01201729413606 5.764227642276422 43.0 315.0 150.0 122.0 9694.0 
266.01201729413606 5.788617886178862 42.0 316.0 150.0 123.0 9710.0 
268.01201729413606 5.869918699186991 48.0 322.0 151.0 124.0 9858.0 
270.01201729413606 5.894308943089431 48.0 325.0 151.0 125.0 9959.0 
272.01201729413606 5.959349593495934 47.0 325.0 153.0 127.0 10129.0 
274.01201729413606 6.105691056910569 45.0 329.0 155.0 130.0 10203.0 
276.01201729413606 6.252032520325205 43.0 332.0 155.0 136.0 10536.0 
278.01201729413606 6.357723577235771 39.0 334.0 156.0 140.0 10762.0 
280.01201729413606 6.365853658536585 37.0 335.0 157.0 140.0 10775.0 
282.01201729413606 6.43089430894309 41.0 338.0 158.0 142.0 10903.0 
284.01201729413606 6.560975609756096 35.0 341.0 160.0 146.0 11073.0 
286.01201729413606 6.609756097560975 34.0 341.0 160.0 148.0 11079.0 
288.01201729413606 6.642276422764229 33.0 342.0 161.0 149.0 11100.0 
290.01201729413606 6.642276422764229 32.0 342.0 161.0 149.0 11100.0 
292.01201729413606 6.642276422764229 34.0 346.0 161.0 149.0 11100.0 
294.01201729413606 6.666666666666666 40.0 351.0 162.0 149.0 11119.0 
296.01201729413606 6.691056910569106 41.0 352.0 162.0 150.0 11216.0 
298.01201729413606 6.798387096774195 38.0 352.0 162.0 156.0 11491.0 
300.0034393419928 6.846774193548386 34.0 354.0 163.0 157.0 11581.0 
302.01201729413606 6.870967741935484 35.0 357.0 163.0 158.0 11682.0 
304.01201729413606 6.991935483870968 34.0 358.0 163.0 163.0 11988.0 
306.01201729413606 7.016129032258065 35.0 362.0 163.0 164.0 12002.0 
308.00291051492655 7.03225806451613 38.0 366.0 164.0 164.0 12005.0 
310.01201729413606 7.03225806451613 39.0 367.0 164.0 164.0 12005.0 
312.01201729413606 7.056451612903226 40.0 369.0 166.0 164.0 12075.0 
314.002246729534 7.056451612903226 42.0 374.0 166.0 164.0 12075.0 
316.01201729413606 7.056451612903226 45.0 377.0 166.0 164.0 12075.0 
318.01201729413606 7.064516129032259 51.0 381.0 167.0 164.0 12088.0 
320.01201729413606 7.064516129032259 51.0 384.0 167.0 164.0 12088.0 
322.01201729413606 7.064516129032259 54.0 385.0 167.0 164.0 12088.0 
324.01201729413606 7.072580645161291 55.0 387.0 168.0 164.0 12101.0 
326.01201729413606 7.104838709677419 56.0 389.0 169.0 165.0 12130.0 
328.01201729413606 7.169354838709678 55.0 389.0 170.0 166.0 12308.0 
330.01201729413606 7.192 52.0 390.0 172.0 168.0 12444.0 
332.01201729413606 7.32 49.0 392.0 173.0 172.0 12717.0 
334.01201729413606 7.384 47.0 394.0 177.0 173.0 12782.0 
336.01201729413606 7.4079999999999995 45.0 396.0 177.0 174.0 12782.0 
338.01201729413606 7.4079999999999995 45.0 396.0 177.0 174.0 12782.0 
340.01201729413606 7.512 46.0 399.0 178.0 178.0 13020.0 
342.01201729413606 7.672 40.0 401.0 180.0 183.0 13290.0 
344.01201729413606 7.728 40.0 404.0 181.0 185.0 13475.0 
346.01201729413606 7.744 41.0 408.0 182.0 185.0 13505.0 
348.01201729413606 7.776 42.0 411.0 183.0 186.0 13510.0 
350.01201729413606 7.808 42.0 412.0 184.0 187.0 13527.0 
352.01201729413606 7.808 45.0 417.0 184.0 187.0 13527.0 
354.01201729413606 7.832 47.0 420.0 184.0 188.0 13586.0 
356.01201729413606 7.904 47.0 422.0 184.0 191.0 13710.0 
358.01201729413606 7.959999999999999 48.0 425.0 185.0 192.0 13734.0 
360.01201729413606 7.976000000000001 48.0 426.0 187.0 192.0 13750.0 
362.001073735997 7.976000000000001 47.0 428.0 187.0 192.0 13750.0 
364.01201729413606 8.008000000000001 48.0 430.0 189.0 192.0 13796.0 
366.01201729413606 8.120000000000001 48.0 430.0 192.0 192.0 13910.0 
368.01201729413606 8.152 46.0 431.0 193.0 193.0 13936.0 
370.01201729413606 8.2 44.0 431.0 193.0 195.0 14094.0 
372.01201729413606 8.36 43.0 436.0 194.0 201.0 14465.0 
374.01201729413606 8.384 41.0 437.0 194.0 202.0 14484.0 
376.01201729413606 8.408 41.0 437.0 194.0 203.0 14558.0 
378.01201729413606 8.52 42.0 441.0 195.0 207.0 14794.0 
380.01174514308605 8.616 39.0 442.0 196.0 210.0 14918.0 
382.01201729413606 8.672 38.0 445.0 197.0 211.0 15049.0 
384.01201729413606 8.751999999999999 37.0 451.0 198.0 214.0 15218.0 
386.01201729413606 8.824 40.0 454.0 201.0 214.0 15323.0 
388.01201729413606 8.896 38.0 456.0 201.0 217.0 15344.0 
390.01201729413606 8.92 39.0 459.0 201.0 218.0 15446.0 
392.01201729413606 8.96 42.0 462.0 202.0 218.0 15475.0 
394.01201729413606 9.016 43.0 464.0 203.0 219.0 15661.0 
396.01201729413606 9.16 40.0 465.0 203.0 225.0 15840.0 
398.01201729413606 9.168 37.0 466.0 204.0 225.0 15857.0 
400.01201729413606 9.184000000000001 37.0 467.0 205.0 225.0 15870.0 
402.00379963505725 9.288 36.0 468.0 207.0 227.0 16090.0 
404.01201729413606 9.336 35.0 471.0 208.0 228.0 16103.0 
406.01201729413606 9.408 35.0 473.0 209.0 230.0 16234.0 
408.01201729413606 9.504000000000001 37.0 478.0 210.0 233.0 16362.0 
410.01201729413606 9.6 38.0 483.0 214.0 234.0 16446.0 
412.01201729413606 9.6 36.0 484.0 214.0 234.0 16446.0 
414.01201729413606 9.712 37.0 489.0 215.0 238.0 16673.0 
416.01201729413606 9.784 37.0 491.0 215.0 241.0 16799.0 
418.01201729413606 9.8 37.0 494.0 216.0 241.0 16816.0 
420.01201729413606 9.808 36.0 494.0 217.0 241.0 16829.0 
422.01201729413606 9.856 37.0 495.0 218.0 242.0 16964.0 
424.01201729413606 9.943999999999999 38.0 500.0 219.0 245.0 17026.0 
426.01201729413606 9.991999999999999 36.0 501.0 220.0 246.0 17147.0 
428.01201729413606 10.016 38.0 507.0 220.0 247.0 17182.0 
430.01201729413606 10.096 39.0 511.0 226.0 247.0 17269.0 
432.01201729413606 10.104 38.0 512.0 227.0 247.0 17282.0 
434.01201729413606 10.104 40.0 514.0 227.0 247.0 17282.0 
436.01201729413606 10.112 42.0 516.0 228.0 247.0 17295.0 
438.01201729413606 10.2 41.0 518.0 230.0 249.0 17360.0 
440.01201729413606 10.256 38.0 519.0 233.0 250.0 17515.0 
442.01201729413606 10.304 35.0 520.0 233.0 252.0 17583.0 
444.01201729413606 10.392 35.0 523.0 236.0 254.0 17659.0 
446.01201729413606 10.48 33.0 525.0 237.0 256.0 17804.0 
448.01201729413606 10.544 35.0 529.0 239.0 257.0 17935.0 
450.01201729413606 10.568000000000001 35.0 532.0 239.0 258.0 18002.0 
452.01201729413606 10.608 36.0 534.0 240.0 259.0 18056.0 
454.01201729413606 10.656 38.0 537.0 240.0 261.0 18090.0 
456.01201729413606 10.704 37.0 539.0 240.0 263.0 18169.0 
458.01201729413606 10.751999999999999 37.0 541.0 240.0 265.0 18292.0 
460.01201729413606 10.776 39.0 545.0 242.0 265.0 18329.0 
462.01201729413606 10.8 40.0 548.0 242.0 266.0 18363.0 
464.01201729413606 10.856 40.0 551.0 244.0 267.0 18472.0 
466.01201729413606 10.888 44.0 555.0 246.0 267.0 18504.0 
468.01201729413606 10.92 43.0 557.0 248.0 267.0 18537.0 
470.01201729413606 10.936 45.0 561.0 249.0 267.0 18553.0 
472.01201729413606 10.936 45.0 561.0 249.0 267.0 18553.0 
474.01201729413606 10.984 45.0 563.0 250.0 268.0 18681.0 
476.01201729413606 11.056000000000001 46.0 565.0 251.0 270.0 18732.0 
478.01201729413606 11.064 45.0 567.0 252.0 270.0 18745.0 
480.01201729413606 11.120000000000001 45.0 568.0 253.0 271.0 18781.0 
482.01201729413606 11.128 44.0 570.0 254.0 271.0 18797.0 
484.01201729413606 11.175999999999998 46.0 573.0 254.0 273.0 19000.0 
486.01201729413606 11.256 45.0 576.0 257.0 275.0 19155.0 
488.01201729413606 11.384 43.0 580.0 259.0 277.0 19227.0 
490.01201729413606 11.384 45.0 581.0 259.0 277.0 19227.0 
492.01201729413606 11.384 50.0 587.0 259.0 277.0 19227.0 
494.01201729413606 11.488 50.0 590.0 261.0 280.0 19273.0 
496.01201729413606 11.576 46.0 590.0 263.0 282.0 19414.0 
498.01201729413606 11.616 45.0 592.0 264.0 283.0 19440.0 
500.01201729413606 11.623999999999999 48.0 596.0 265.0 283.0 19454.0 
502.01201729413606 11.623999999999999 51.0 599.0 265.0 283.0 19454.0 
504.01201729413606 11.648000000000001 51.0 600.0 267.0 283.0 19489.0 
506.01201729413606 11.696000000000002 47.0 601.0 269.0 284.0 19559.0 
508.01201729413606 11.72 50.0 604.0 269.0 285.0 19660.0 
510.01201729413606 11.824000000000002 52.0 606.0 270.0 289.0 19934.0 
512.0120172941361 11.952 47.0 608.0 272.0 292.0 20086.0 
514.0120172941361 12.032 43.0 610.0 273.0 295.0 20204.0 
516.0120172941361 12.08 43.0 611.0 275.0 296.0 20297.0 
518.0120172941361 12.16 41.0 614.0 276.0 298.0 20428.0 
520.0120172941361 12.216 40.0 616.0 277.0 300.0 20519.0 
522.0120172941361 12.272 38.0 619.0 279.0 300.0 20576.0 
524.0120172941361 12.32 39.0 619.0 279.0 302.0 20683.0 
526.0104738413955 12.367999999999999 44.0 626.0 281.0 303.0 20718.0 
528.0120172941361 12.367999999999999 44.0 630.0 281.0 303.0 20718.0 
530.0120172941361 12.416 47.0 631.0 281.0 305.0 20788.0 
532.0120172941361 12.568000000000001 44.0 632.0 282.0 309.0 21078.0 
534.0120172941361 12.64 41.0 635.0 283.0 311.0 21167.0 
536.0120172941361 12.664 40.0 636.0 283.0 312.0 21269.0 
538.0120172941361 12.68 40.0 636.0 284.0 312.0 21299.0 
540.0120172941361 12.712 42.0 638.0 285.0 312.0 21300.0 
542.0120172941361 12.728 43.0 641.0 287.0 312.0 21330.0 
544.0120172941361 12.751999999999999 43.0 643.0 289.0 312.0 21370.0 
546.0120172941361 12.848 43.0 645.0 289.0 316.0 21484.0 
548.0120172941361 12.92 40.0 646.0 291.0 317.0 21637.0 
550.0120172941361 12.952 40.0 648.0 292.0 318.0 21741.0 
552.0120172941361 12.976 41.0 654.0 293.0 318.0 21759.0 
554.0120172941361 13.104 43.0 656.0 295.0 322.0 22028.0 
556.0120172941361 13.16 39.0 659.0 296.0 324.0 22098.0 
558.0120172941361 13.208 38.0 659.0 296.0 326.0 22268.0 
560.0120172941361 13.232 36.0 660.0 298.0 326.0 22297.0 
562.0120172941361 13.344 36.0 664.0 300.0 329.0 22610.0 
564.0120172941361 13.344 37.0 666.0 300.0 329.0 22610.0 
566.0120172941361 13.384 38.0 668.0 302.0 329.0 22628.0 
568.0120172941361 13.488 37.0 670.0 304.0 331.0 22848.0 
570.0120172941361 13.616 33.0 671.0 306.0 335.0 23102.0 
572.0120172941361 13.664 31.0 672.0 308.0 335.0 23156.0 
574.0120172941361 13.696 31.0 677.0 309.0 336.0 23175.0 
576.0120172941361 13.72 35.0 682.0 309.0 337.0 23276.0 
578.0120172941361 13.832 32.0 683.0 310.0 341.0 23507.0 
580.0120172941361 13.84 32.0 684.0 311.0 341.0 23526.0 
582.0120172941361 13.872 32.0 685.0 312.0 342.0 23642.0 
584.0120172941361 13.92 33.0 690.0 315.0 342.0 23706.0 
586.0120172941361 13.96 34.0 692.0 316.0 343.0 23734.0 
588.0120172941361 13.984 33.0 694.0 316.0 344.0 23761.0 
590.0120172941361 14.032 35.0 696.0 319.0 344.0 23841.0 
592.0120172941361 14.032 34.0 697.0 319.0 344.0 23841.0 
594.0120172941361 14.064 34.0 699.0 320.0 345.0 23872.0 
596.0120172941361 14.112 38.0 703.0 320.0 347.0 23893.0 
598.0120172941361 14.112 37.0 705.0 320.0 347.0 23893.0 
600.0120172941361 14.144 40.0 707.0 321.0 348.0 23924.0 
602.0120172941361 14.24 43.0 715.0 325.0 349.0 24096.0 
604.0120172941361 14.288 40.0 715.0 326.0 350.0 24141.0 
606.0120172941361 14.352 36.0 715.0 327.0 352.0 24284.0 
608.0120172941361 14.367999999999999 37.0 718.0 328.0 352.0 24301.0 
610.0120172941361 14.367999999999999 40.0 720.0 328.0 352.0 24301.0 
612.0120172941361 14.367999999999999 40.0 720.0 328.0 352.0 24301.0 
614.0120172941361 14.495999999999999 41.0 722.0 331.0 355.0 24572.0 
616.0120172941361 14.528 37.0 724.0 333.0 355.0 24619.0 
618.0120172941361 14.552 35.0 725.0 333.0 356.0 24635.0 
620.0120172941361 14.64 37.0 728.0 334.0 359.0 24750.0 
622.0120172941361 14.64 39.0 732.0 334.0 359.0 24750.0 
624.0120172941361 14.687999999999999 40.0 734.0 335.0 360.0 24874.0 
626.0120172941361 14.736 40.0 736.0 335.0 362.0 25005.0 
628.0120172941361 14.784 42.0 739.0 335.0 364.0 25110.0 
630.0120172941361 14.808 39.0 739.0 335.0 365.0 25119.0 
632.0120172941361 14.912 40.0 742.0 337.0 368.0 25193.0 
634.0120172941361 14.952 38.0 745.0 338.0 369.0 25248.0 
636.0120172941361 15.008 41.0 749.0 340.0 369.0 25297.0 
638.0120172941361 15.072 42.0 753.0 343.0 369.0 25367.0 
640.0120172941361 15.152 41.0 754.0 346.0 369.0 25516.0 
642.0120172941361 15.152 39.0 755.0 346.0 369.0 25516.0 
644.0120172941361 15.16 42.0 757.0 347.0 369.0 25533.0 
646.0120172941361 15.16 42.0 758.0 347.0 369.0 25533.0 
648.0120172941361 15.16 45.0 761.0 347.0 369.0 25533.0 
650.0120172941361 15.176 47.0 765.0 348.0 369.0 25552.0 
652.0120172941361 15.192 49.0 767.0 349.0 369.0 25575.0 
654.0120172941361 15.303999999999998 48.0 767.0 351.0 373.0 25755.0 
656.0120172941361 15.352 44.0 770.0 353.0 374.0 25854.0 
658.0120172941361 15.408 43.0 772.0 355.0 374.0 25922.0 
660.0120172941361 15.408 44.0 773.0 355.0 374.0 25922.0 
662.0120172941361 15.440000000000001 45.0 775.0 356.0 375.0 25983.0 
664.0120172941361 15.616 43.0 777.0 358.0 380.0 26306.0 
666.0120172941361 15.616 43.0 782.0 358.0 380.0 26306.0 
668.0120172941361 15.68 46.0 784.0 359.0 381.0 26370.0 
670.0120172941361 15.72 45.0 786.0 360.0 381.0 26422.0 
672.0120172941361 15.728 47.0 790.0 361.0 381.0 26437.0 
674.0120172941361 15.728 48.0 790.0 361.0 381.0 26437.0 
676.0120172941361 15.776 49.0 793.0 363.0 381.0 26483.0 
678.0120172941361 15.872 47.0 795.0 365.0 383.0 26660.0 
680.0120172941361 15.872 47.0 795.0 365.0 383.0 26660.0 
682.0120172941361 15.872 47.0 795.0 365.0 383.0 26660.0 
684.0086003218368 15.92 50.0 798.0 367.0 383.0 26704.0 
686.0120172941361 16.048 46.0 798.0 370.0 385.0 26924.0 
688.0120172941361 16.048 46.0 801.0 370.0 385.0 26924.0 
690.0120172941361 16.072 48.0 803.0 371.0 385.0 26948.0 
692.0120172941361 16.112000000000002 47.0 805.0 372.0 386.0 27065.0 
694.0120172941361 16.112000000000002 50.0 808.0 372.0 386.0 27065.0 
696.0120172941361 16.16 52.0 814.0 372.0 388.0 27201.0 
698.0120172941361 16.240000000000002 51.0 816.0 375.0 389.0 27360.0 
700.0120172941361 16.312 50.0 818.0 375.0 392.0 27508.0 
702.0120172941361 16.36 50.0 821.0 377.0 393.0 27636.0 
704.0120172941361 16.472 50.0 823.0 378.0 397.0 27957.0 
706.0120172941361 16.52 48.0 824.0 378.0 399.0 28008.0 
708.0101585722128 16.584 46.0 826.0 381.0 399.0 28083.0 
710.0120172941361 16.631999999999998 45.0 827.0 383.0 399.0 28144.0 
712.0120172941361 16.712 46.0 829.0 385.0 401.0 28251.0 
714.0120172941361 16.768 46.0 832.0 385.0 402.0 28352.0 
716.0120172941361 16.856 45.0 834.0 386.0 404.0 28388.0 
718.0120172941361 16.872 46.0 837.0 387.0 404.0 28411.0 
720.0051166442203 16.872 46.0 838.0 387.0 404.0 28411.0 
722.0120172941361 16.96 46.0 842.0 390.0 405.0 28590.0 
724.0120172941361 17.216 43.0 842.0 392.0 414.0 29231.0 
726.0120172941361 17.224 37.0 844.0 393.0 414.0 29244.0 
728.0120172941361 17.247999999999998 37.0 846.0 393.0 415.0 29306.0 
730.0120172941361 17.296 39.0 850.0 393.0 417.0 29345.0 
732.0120172941361 17.312 40.0 852.0 394.0 417.0 29363.0 
734.0120172941361 17.312 41.0 852.0 394.0 417.0 29363.0 
736.0120172941361 17.4 41.0 853.0 396.0 419.0 29534.0 
738.0120172941361 17.536 37.0 855.0 397.0 424.0 29749.0 
740.0120172941361 17.624000000000002 31.0 855.0 398.0 427.0 29885.0 
742.0120172941361 17.672 31.0 857.0 398.0 428.0 29986.0 
744.0120172941361 17.68 30.0 857.0 399.0 428.0 30009.0 
746.0120172941361 17.696 32.0 861.0 400.0 428.0 30032.0 
748.0120172941361 17.696 33.0 861.0 400.0 428.0 30032.0 
750.0120172941361 17.744 34.0 864.0 400.0 430.0 30183.0 
752.0120172941361 17.880000000000003 33.0 866.0 403.0 431.0 30356.0 
754.0120172941361 17.928 31.0 867.0 403.0 433.0 30485.0 
756.0120172941361 17.928 34.0 872.0 403.0 433.0 30485.0 
758.0120172941361 18.0 37.0 876.0 406.0 433.0 30525.0 
760.0120172941361 18.016 37.0 877.0 407.0 433.0 30549.0 
762.0120172941361 18.016 39.0 880.0 407.0 433.0 30549.0 
764.0120172941361 18.048 41.0 882.0 408.0 434.0 30571.0 
766.0120172941361 18.096 40.0 884.0 411.0 434.0 30661.0 
768.0120172941361 18.184 38.0 886.0 412.0 437.0 30725.0 
770.0120172941361 18.184 41.0 891.0 412.0 437.0 30725.0 
772.0120172941361 18.256 42.0 894.0 412.0 440.0 30929.0 
774.0120172941361 18.36 39.0 897.0 413.0 444.0 31095.0 
776.0120172941361 18.368000000000002 40.0 899.0 414.0 444.0 31108.0 
778.0120172941361 18.448 42.0 902.0 416.0 445.0 31259.0 
780.0120172941361 18.503999999999998 39.0 904.0 417.0 447.0 31375.0 
782.0120172941361 18.503999999999998 41.0 905.0 417.0 447.0 31375.0 
784.0120172941361 18.503999999999998 43.0 908.0 417.0 447.0 31375.0 
786.0120172941361 18.520000000000003 45.0 909.0 418.0 447.0 31392.0 
788.0120172941361 18.552 47.0 913.0 419.0 447.0 31424.0 
790.0120172941361 18.568 47.0 915.0 420.0 447.0 31467.0 
792.0120172941361 18.576 50.0 919.0 421.0 447.0 31481.0 
794.0120172941361 18.592 52.0 920.0 422.0 447.0 31518.0 
796.0120172941361 18.656 53.0 922.0 423.0 449.0 31659.0 
798.0120172941361 18.688 51.0 923.0 424.0 449.0 31682.0 
800.0120172941361 18.832 50.0 925.0 424.0 455.0 31897.0 
802.0053229514674 18.84 47.0 927.0 425.0 455.0 31910.0 
804.0120172941361 18.936 48.0 931.0 426.0 458.0 32041.0 
806.0120172941361 19.032 44.0 931.0 426.0 462.0 32236.0 
808.0120172941361 19.064 43.0 933.0 428.0 462.0 32286.0 
810.0120172941361 19.064 46.0 936.0 428.0 462.0 32286.0 
812.0120172941361 19.144 48.0 939.0 429.0 464.0 32426.0 
814.0120172941361 19.192 46.0 940.0 429.0 466.0 32614.0 
816.0120172941361 19.192 45.0 941.0 429.0 466.0 32614.0 
818.0120172941361 19.224 45.0 942.0 430.0 466.0 32640.0 
820.0120172941361 19.247999999999998 49.0 945.0 430.0 467.0 32657.0 
822.0120172941361 19.296 50.0 947.0 430.0 469.0 32728.0 
824.0120172941361 19.304 51.0 951.0 431.0 469.0 32745.0 
826.0120172941361 19.312 51.0 953.0 432.0 469.0 32770.0 
828.0120172941361 19.344 54.0 957.0 433.0 469.0 32831.0 
830.0120172941361 19.392000000000003 54.0 958.0 433.0 471.0 32877.0 
832.0120172941361 19.503999999999998 54.0 960.0 434.0 475.0 33139.0 
834.0120172941361 19.552 49.0 961.0 436.0 476.0 33191.0 
836.0120172941361 19.552 52.0 965.0 436.0 476.0 33191.0 
838.0120172941361 19.552 54.0 966.0 436.0 476.0 33191.0 
840.0120172941361 19.648000000000003 55.0 968.0 439.0 477.0 33323.0 
842.0120172941361 19.704 52.0 970.0 440.0 477.0 33372.0 
844.0120172941361 19.728 52.0 971.0 442.0 477.0 33404.0 
846.0120172941361 19.768 51.0 971.0 444.0 477.0 33446.0 
848.0120172941361 19.848 49.0 972.0 445.0 479.0 33632.0 
850.0120172941361 19.863999999999997 50.0 974.0 446.0 479.0 33656.0 
852.0120172941361 19.96 48.0 974.0 446.0 482.0 33811.0 
854.0120172941361 20.008000000000003 45.0 974.0 446.0 484.0 33849.0 
856.0120172941361 20.016000000000002 47.0 978.0 447.0 484.0 33863.0 
858.011517508579 20.064 47.0 979.0 448.0 485.0 33995.0 
860.0120172941361 20.119999999999997 46.0 980.0 449.0 487.0 34229.0 
862.0120172941361 20.192 44.0 984.0 449.0 490.0 34474.0 
864.0120172941361 20.232 46.0 987.0 450.0 490.0 34526.0 
866.0120172941361 20.232 47.0 988.0 450.0 490.0 34526.0 
868.0120172941361 20.344 45.0 989.0 451.0 494.0 34690.0 
870.0120172941361 20.375999999999998 44.0 991.0 452.0 495.0 34813.0 
872.0120172941361 20.496000000000002 43.0 992.0 452.0 500.0 35099.0 
874.0120172941361 20.631999999999998 42.0 996.0 453.0 505.0 35554.0 
876.0120172941361 20.727999999999998 37.0 998.0 453.0 509.0 35801.0 
878.0120172941361 20.8 39.0 1002.0 455.0 511.0 35858.0 
880.0120172941361 20.816 38.0 1004.0 456.0 511.0 35883.0 
882.0120172941361 20.84 41.0 1008.0 456.0 512.0 35985.0 
884.0120172941361 20.896 41.0 1012.0 457.0 514.0 36154.0 
886.0120172941361 20.991999999999997 40.0 1013.0 457.0 518.0 36266.0 
888.0120172941361 21.0 39.0 1017.0 458.0 518.0 36279.0 
890.0064217275436 21.072 42.0 1019.0 458.0 520.0 36390.0 
892.0120172941361 21.168 41.0 1021.0 458.0 524.0 36426.0 
894.0120172941361 21.240000000000002 37.0 1024.0 459.0 526.0 36577.0 
896.0120172941361 21.264000000000003 39.0 1026.0 459.0 527.0 36598.0 
898.0120172941361 21.288 41.0 1029.0 459.0 528.0 36652.0 
900.0120172941361 21.32 44.0 1032.0 462.0 528.0 36693.0 
#####################################################################
# End of data export. Simulation finished at: 2020-01-31T11:11+0000 #
#####################################################################
