#####################################################################
# Alchemist log file - simulation started at: 2020-01-19T00:01+0000 #
#####################################################################
# seed = 17.0, taskFrequency = 0.0075, cloudcost = 29.0, algorithm = true
#
# The columns have the following meaning: 
# time taskHops[Mean] hasTask[Sum] tasks[Sum] completedTasks[Sum] giveupTasks[Sum] taskLatency[Sum] 
0.0 NaN 0.0 0.0 0.0 0.0 0.0 
2.002823245690351 NaN 3.0 3.0 0.0 0.0 0.0 
4.002823245690351 NaN 4.0 5.0 0.0 0.0 0.0 
6.002823245690351 NaN 6.0 6.0 0.0 0.0 0.0 
8.002823245690351 NaN 6.0 7.0 0.0 0.0 0.0 
10.002823245690351 NaN 11.0 11.0 0.0 0.0 0.0 
12.002823245690351 NaN 12.0 12.0 0.0 0.0 0.0 
14.002823245690351 1.0 14.0 14.0 1.0 0.0 13.0 
16.00282324569035 1.0 12.0 14.0 2.0 0.0 26.0 
18.00282324569035 1.25 12.0 16.0 4.0 0.0 56.0 
20.00282324569035 1.1666666666666667 11.0 17.0 6.0 0.0 85.0 
22.00282324569035 1.25 11.0 17.0 8.0 0.0 112.0 
24.00282324569035 1.3 9.0 19.0 10.0 0.0 140.0 
26.00282324569035 1.3 10.0 20.0 10.0 0.0 140.0 
28.00282324569035 1.3333333333333333 9.0 21.0 12.0 0.0 171.0 
30.00282324569035 1.3076923076923077 9.0 22.0 13.0 0.0 184.0 
32.00282324569035 1.4666666666666666 8.0 24.0 15.0 0.0 221.0 
34.00282324569035 1.4375 12.0 27.0 16.0 0.0 235.0 
36.00282324569035 1.4375 13.0 29.0 16.0 0.0 235.0 
38.00282324569035 1.5 13.0 32.0 18.0 0.0 262.0 
40.00282324569035 1.5263157894736843 13.0 32.0 19.0 0.0 276.0 
42.00282324569035 1.55 12.0 32.0 20.0 0.0 289.0 
44.00282324569035 1.5909090909090908 12.0 33.0 22.0 0.0 329.0 
46.00282324569035 1.5416666666666665 12.0 34.0 24.0 0.0 355.0 
48.00282324569035 1.6 12.0 37.0 25.0 0.0 368.0 
50.00282324569035 1.6 14.0 39.0 25.0 0.0 368.0 
52.00282324569035 1.6071428571428572 15.0 40.0 28.0 0.0 417.0 
54.00282324569035 1.6896551724137931 13.0 44.0 30.0 0.0 451.0 
56.00282324569035 1.7 15.0 45.0 31.0 0.0 469.0 
58.00282324569035 1.7 14.0 46.0 31.0 0.0 469.0 
60.00282324569035 1.78125 15.0 47.0 33.0 0.0 511.0 
62.00282324569035 1.84375 15.0 48.0 34.0 0.0 524.0 
64.00282324569035 1.9393939393939394 13.0 48.0 36.0 0.0 557.0 
66.00282324569035 1.9393939393939394 17.0 54.0 36.0 0.0 557.0 
68.00282324569035 1.9142857142857141 18.0 54.0 38.0 0.0 586.0 
70.00282324569035 1.9166666666666665 16.0 55.0 40.0 0.0 619.0 
72.00282324569035 1.8717948717948718 15.0 57.0 43.0 0.0 678.0 
74.00282324569035 1.8717948717948718 15.0 58.0 43.0 0.0 678.0 
76.00282324569035 1.95 16.0 61.0 44.0 0.0 706.0 
78.00282324569035 1.9268292682926829 18.0 62.0 45.0 0.0 719.0 
80.00282324569035 2.0232558139534884 17.0 64.0 49.0 0.0 784.0 
82.00282324569035 2.0681818181818183 18.0 67.0 50.0 0.0 819.0 
84.00282324569035 2.1333333333333333 19.0 69.0 52.0 0.0 851.0 
86.00282324569035 2.148936170212766 17.0 69.0 55.0 0.0 905.0 
88.00282324569035 2.12 13.0 69.0 58.0 0.0 949.0 
90.00282324569035 2.1372549019607843 12.0 70.0 59.0 0.0 963.0 
92.00282324569035 2.1346153846153846 12.0 71.0 60.0 0.0 978.0 
94.00282324569035 2.1538461538461537 10.0 71.0 61.0 0.0 991.0 
96.00282324569035 2.188679245283019 10.0 72.0 63.0 0.0 1047.0 
98.00282324569035 2.185185185185185 8.0 73.0 64.0 0.0 1072.0 
100.00282324569035 2.1818181818181817 9.0 74.0 65.0 0.0 1090.0 
102.00282324569035 2.1607142857142856 10.0 76.0 66.0 0.0 1109.0 
104.00282324569035 2.1578947368421053 11.0 77.0 67.0 0.0 1131.0 
106.00282324569035 2.206896551724138 9.0 78.0 69.0 0.0 1168.0 
108.00282324569035 2.206896551724138 11.0 81.0 69.0 0.0 1168.0 
110.00282324569035 2.206896551724138 14.0 84.0 69.0 0.0 1168.0 
112.00282324569035 2.3220338983050848 14.0 85.0 72.0 0.0 1228.0 
114.00282324569035 2.3278688524590163 13.0 86.0 74.0 0.0 1259.0 
116.00282324569035 2.338709677419355 11.0 87.0 75.0 0.0 1273.0 
118.00282324569035 2.338709677419355 12.0 87.0 75.0 0.0 1273.0 
120.00282324569035 2.3492063492063493 13.0 88.0 76.0 0.0 1289.0 
122.00282324569035 2.3384615384615386 13.0 89.0 78.0 0.0 1319.0 
124.00282324569035 2.3134328358208953 11.0 90.0 80.0 0.0 1346.0 
126.00282324569035 2.3043478260869565 10.0 91.0 82.0 0.0 1384.0 
128.00282324569037 2.3043478260869565 11.0 93.0 82.0 0.0 1384.0 
130.00282324569037 2.3055555555555554 10.0 97.0 87.0 0.0 1481.0 
132.00282324569037 2.3055555555555554 14.0 103.0 87.0 0.0 1481.0 
134.00282324569037 2.3055555555555554 17.0 104.0 87.0 0.0 1481.0 
136.00282324569037 2.3055555555555554 21.0 109.0 87.0 0.0 1481.0 
138.00282324569037 2.375 21.0 109.0 89.0 0.0 1515.0 
140.00282324569037 2.416666666666667 20.0 109.0 90.0 0.0 1529.0 
142.00282324569037 2.416666666666667 20.0 112.0 90.0 0.0 1529.0 
144.00282324569037 2.513888888888889 20.0 113.0 93.0 0.0 1577.0 
146.00282324569037 2.493150684931507 21.0 116.0 94.0 0.0 1591.0 
148.00282324569037 2.527027027027027 22.0 117.0 96.0 0.0 1629.0 
150.00282324569037 2.5733333333333333 20.0 117.0 99.0 0.0 1678.0 
152.00282324569037 2.6133333333333333 18.0 118.0 100.0 0.0 1700.0 
154.00282324569037 2.6133333333333333 20.0 120.0 100.0 0.0 1700.0 
156.00282324569037 2.6025641025641026 19.0 122.0 105.0 0.0 1786.0 
158.00282324569037 2.6202531645569622 18.0 123.0 107.0 0.0 1822.0 
160.00282324569037 2.6202531645569622 16.0 124.0 107.0 0.0 1822.0 
162.00282324569037 2.6202531645569622 17.0 124.0 107.0 0.0 1822.0 
164.00282324569037 2.6125 16.0 124.0 109.0 0.0 1873.0 
166.00282324569037 2.6419753086419755 16.0 127.0 111.0 0.0 1909.0 
168.00282324569037 2.6707317073170733 16.0 129.0 113.0 0.0 1942.0 
170.00282324569037 2.6707317073170733 17.0 130.0 113.0 0.0 1942.0 
172.00282324569037 2.6867469879518073 17.0 132.0 116.0 0.0 2002.0 
174.00282324569037 2.710843373493976 16.0 132.0 117.0 0.0 2020.0 
176.00282324569037 2.7710843373493974 16.0 133.0 118.0 0.0 2061.0 
178.00282324569037 2.7738095238095237 17.0 135.0 119.0 0.0 2074.0 
180.00282324569037 2.764705882352941 17.0 136.0 120.0 0.0 2118.0 
182.00282324569037 2.8 15.0 136.0 122.0 0.0 2154.0 
184.00282324569037 2.8 14.0 136.0 122.0 0.0 2154.0 
186.00282324569037 2.8117647058823527 14.0 137.0 123.0 0.0 2172.0 
188.00282324569037 2.8117647058823527 15.0 138.0 123.0 0.0 2172.0 
190.00282324569037 2.8823529411764706 13.0 138.0 125.0 0.0 2218.0 
192.00282324569037 2.8720930232558137 11.0 138.0 127.0 0.0 2246.0 
194.00282324569037 2.8720930232558137 14.0 141.0 127.0 0.0 2246.0 
196.00282324569037 2.9186046511627906 14.0 142.0 129.0 0.0 2338.0 
198.00282324569037 2.9186046511627906 17.0 146.0 129.0 0.0 2338.0 
200.00282324569037 2.9186046511627906 17.0 146.0 129.0 0.0 2338.0 
202.00282324569037 2.9080459770114944 17.0 147.0 130.0 0.0 2352.0 
204.00282324569037 2.942528735632184 17.0 148.0 131.0 0.0 2384.0 
206.00282324569037 2.954022988505747 18.0 150.0 132.0 0.0 2397.0 
208.00282324569037 2.9886363636363638 19.0 153.0 134.0 0.0 2482.0 
210.00282324569037 3.034090909090909 19.0 154.0 136.0 0.0 2511.0 
212.00282324569037 3.0681818181818183 19.0 156.0 137.0 0.0 2511.0 
214.00282324569037 3.0681818181818183 19.0 156.0 137.0 0.0 2511.0 
216.00282324569037 3.1136363636363638 21.0 158.0 138.0 0.0 2530.0 
218.00282324569037 3.1348314606741576 23.0 161.0 139.0 0.0 2551.0 
220.00282324569037 3.1555555555555554 21.0 162.0 142.0 0.0 2608.0 
222.00282324569037 3.142857142857143 22.0 165.0 143.0 0.0 2636.0 
224.00282324569037 3.1630434782608696 21.0 166.0 146.0 0.0 2678.0 
226.00282324569037 3.1789473684210527 22.0 168.0 149.0 0.0 2831.0 
228.00282324569037 3.2105263157894735 18.0 168.0 150.0 0.0 2850.0 
230.00282324569037 3.2526315789473683 18.0 168.0 151.0 0.0 2882.0 
232.00282324569037 3.53125 18.0 170.0 152.0 1.0 2996.0 
234.00282324569037 3.7938144329896906 20.0 174.0 152.0 2.0 3015.0 
236.00282324569037 3.876288659793814 17.0 175.0 155.0 2.0 3080.0 
238.00282324569037 3.8469387755102042 17.0 176.0 156.0 2.0 3093.0 
240.00282324569037 3.86734693877551 19.0 177.0 157.0 2.0 3127.0 
242.00282324569037 3.86734693877551 19.0 178.0 157.0 2.0 3127.0 
244.00282324569037 3.82 20.0 179.0 159.0 2.0 3159.0 
246.00282324569037 3.8217821782178216 17.0 180.0 161.0 2.0 3209.0 
248.00282324569037 3.794117647058824 17.0 182.0 162.0 2.0 3222.0 
250.00282324569037 3.813725490196078 21.0 185.0 163.0 2.0 3236.0 
252.00282324569037 3.8155339805825244 20.0 185.0 165.0 2.0 3273.0 
254.00282324569037 3.8252427184466016 18.0 186.0 166.0 2.0 3302.0 
256.00282324569037 3.8932038834951457 17.0 186.0 167.0 2.0 3340.0 
258.00282324569037 3.8942307692307687 17.0 187.0 169.0 2.0 3372.0 
260.00282324569037 3.9807692307692313 15.0 188.0 171.0 2.0 3477.0 
262.00282324569037 3.9903846153846154 16.0 190.0 172.0 2.0 3490.0 
264.00282324569037 4.019230769230769 15.0 190.0 173.0 2.0 3532.0 
266.00282324569037 4.057692307692308 15.0 191.0 174.0 2.0 3552.0 
268.00282324569037 4.057692307692308 15.0 194.0 174.0 2.0 3552.0 
270.00282324569037 4.009433962264151 17.0 194.0 176.0 2.0 3665.0 
272.00282324569037 4.028301886792454 17.0 195.0 177.0 2.0 3683.0 
274.00282324569037 4.046728971962617 16.0 196.0 179.0 2.0 3732.0 
276.00282324569037 4.046728971962617 16.0 197.0 179.0 2.0 3732.0 
278.00282324569037 4.027777777777778 15.0 197.0 180.0 2.0 3747.0 
280.00282324569037 4.055555555555555 14.0 197.0 181.0 2.0 3765.0 
282.00282324569037 4.045871559633028 14.0 198.0 183.0 2.0 3829.0 
284.00282324569037 4.0733944954128445 14.0 199.0 184.0 2.0 3845.0 
286.00282324569037 4.091743119266055 13.0 201.0 185.0 2.0 3858.0 
288.00282324569037 4.119266055045872 15.0 203.0 186.0 2.0 3888.0 
290.00282324569037 4.119266055045872 15.0 203.0 186.0 2.0 3888.0 
292.00282324569037 4.192660550458716 15.0 203.0 188.0 2.0 3939.0 
294.00282324569037 4.153153153153154 14.0 205.0 190.0 2.0 4035.0 
296.00282324569037 4.153153153153154 14.0 206.0 190.0 2.0 4035.0 
298.00282324569037 4.171171171171171 13.0 206.0 191.0 2.0 4049.0 
300.00282324569037 4.1891891891891895 14.0 207.0 192.0 2.0 4068.0 
302.00282324569037 4.207207207207206 12.0 207.0 193.0 2.0 4082.0 
304.00282324569037 4.243243243243244 12.0 208.0 194.0 2.0 4120.0 
306.00282324569037 4.252252252252252 13.0 209.0 195.0 2.0 4141.0 
308.00282324569037 4.261261261261262 13.0 211.0 196.0 2.0 4155.0 
310.00282324569037 4.261261261261262 16.0 214.0 196.0 2.0 4155.0 
312.00282324569037 4.2972972972972965 16.0 217.0 198.0 2.0 4198.0 
314.00282324569037 4.324324324324325 16.0 218.0 200.0 2.0 4291.0 
316.00282324569037 4.324324324324325 18.0 220.0 200.0 2.0 4291.0 
318.00282324569037 4.324324324324325 21.0 223.0 200.0 2.0 4291.0 
320.00282324569037 4.36036036036036 20.0 224.0 203.0 2.0 4339.0 
322.00282324569037 4.3873873873873865 18.0 225.0 205.0 2.0 4432.0 
324.00282324569037 4.396396396396396 17.0 227.0 206.0 2.0 4445.0 
326.00282324569037 4.396396396396396 19.0 227.0 206.0 2.0 4445.0 
328.00282324569037 4.396396396396396 19.0 227.0 206.0 2.0 4445.0 
330.00282324569037 4.45945945945946 18.0 228.0 209.0 2.0 4505.0 
332.00282324569037 4.45945945945946 18.0 229.0 209.0 2.0 4505.0 
334.00282324569037 4.468468468468468 17.0 229.0 210.0 2.0 4518.0 
336.00282324569037 4.486486486486486 17.0 230.0 211.0 2.0 4537.0 
338.00282324569037 4.576576576576576 15.0 231.0 213.0 2.0 4581.0 
340.00282324569037 4.576576576576576 16.0 233.0 213.0 2.0 4581.0 
342.00282324569037 4.576576576576576 18.0 233.0 213.0 2.0 4581.0 
344.00282324569037 4.6126126126126135 17.0 233.0 215.0 2.0 4620.0 
346.00282324569037 4.63963963963964 19.0 236.0 216.0 2.0 4648.0 
348.00282324569037 4.63963963963964 18.0 236.0 216.0 2.0 4648.0 
350.00282324569037 4.666666666666666 17.0 238.0 217.0 2.0 4679.0 
352.00282324569037 4.936936936936936 18.0 239.0 218.0 3.0 4795.0 
354.00282324569037 5.468468468468468 19.0 241.0 219.0 5.0 4827.0 
356.00282324569037 5.468468468468468 19.0 243.0 219.0 5.0 4827.0 
358.00282324569037 5.468468468468468 20.0 245.0 219.0 5.0 4827.0 
360.00282324569037 5.495495495495495 23.0 247.0 220.0 5.0 4842.0 
362.00282324569037 5.495495495495495 22.0 249.0 220.0 5.0 4842.0 
364.00282324569037 5.495495495495495 26.0 252.0 220.0 5.0 4842.0 
366.00282324569037 5.54054054054054 26.0 253.0 221.0 5.0 4872.0 
368.00282324569037 5.576576576576576 28.0 258.0 224.0 5.0 4939.0 
370.00282324569037 5.846846846846847 30.0 259.0 224.0 6.0 5041.0 
372.00282324569037 6.108108108108107 31.0 261.0 224.0 7.0 5050.0 
374.00282324569037 6.108108108108107 32.0 263.0 224.0 7.0 5050.0 
376.00282324569037 6.108108108108107 33.0 264.0 224.0 7.0 5050.0 
378.00282324569037 6.080357142857144 34.0 266.0 226.0 7.0 5088.0 
380.00282324569037 6.080357142857144 35.0 268.0 226.0 7.0 5088.0 
382.00282324569037 6.080357142857144 37.0 270.0 226.0 7.0 5088.0 
384.00282324569037 6.142857142857144 38.0 272.0 230.0 7.0 5185.0 
386.00282324569037 6.232142857142856 37.0 274.0 232.0 7.0 5237.0 
388.00282324569037 6.25 37.0 276.0 233.0 7.0 5259.0 
390.00282324569037 6.743362831858408 35.0 276.0 234.0 9.0 5385.0 
392.00282324569037 6.769911504424778 33.0 276.0 235.0 9.0 5404.0 
394.00282324569037 6.787610619469027 31.0 276.0 236.0 9.0 5424.0 
396.00282324569037 6.787610619469027 32.0 277.0 236.0 9.0 5424.0 
398.00282324569037 6.787610619469027 33.0 279.0 236.0 9.0 5424.0 
400.00282324569037 6.787610619469027 37.0 282.0 236.0 9.0 5424.0 
402.00282324569037 6.8672566371681425 36.0 283.0 239.0 9.0 5504.0 
404.00282324569037 6.893805309734512 35.0 284.0 240.0 9.0 5524.0 
406.00282324569037 6.893805309734512 37.0 287.0 240.0 9.0 5524.0 
408.00282324569037 6.902654867256636 38.0 287.0 241.0 9.0 5552.0 
410.00282324569037 6.938053097345133 36.0 287.0 242.0 9.0 5599.0 
412.00282324569037 7.140350877192981 37.0 289.0 243.0 10.0 5716.0 
414.00282324569037 7.482456140350878 37.0 290.0 244.0 11.0 5848.0 
416.00282324569037 7.991228070175438 35.0 292.0 244.0 13.0 6051.0 
418.00282324569037 7.991228070175438 35.0 292.0 244.0 13.0 6051.0 
420.00282324569037 8.289473684210527 33.0 292.0 247.0 14.0 6201.0 
422.00282324569037 8.31578947368421 30.0 292.0 248.0 14.0 6235.0 
424.00282324569037 8.578947368421051 30.0 293.0 248.0 15.0 6337.0 
426.00282324569037 8.614035087719296 30.0 295.0 250.0 15.0 6384.0 
428.00282324569037 8.622807017543858 32.0 297.0 251.0 15.0 6401.0 
430.00282324569037 8.649122807017543 32.0 298.0 253.0 15.0 6469.0 
432.00282324569037 8.582608695652175 29.0 298.0 254.0 15.0 6487.0 
434.00282324569037 8.582608695652175 29.0 299.0 254.0 15.0 6487.0 
436.00282324569037 8.652173913043478 30.0 300.0 256.0 15.0 6585.0 
438.00282324569037 8.60344827586207 29.0 300.0 258.0 15.0 6684.0 
440.00282324569037 8.60344827586207 29.0 302.0 258.0 15.0 6684.0 
442.00282324569037 9.112068965517242 30.0 303.0 258.0 17.0 6793.0 
444.00282324569037 9.879310344827585 24.0 303.0 259.0 20.0 6986.0 
446.00282324569037 10.129310344827585 25.0 305.0 259.0 21.0 6986.0 
448.00282324569037 10.155172413793101 25.0 306.0 260.0 21.0 7033.0 
450.00282324569037 10.17241379310345 25.0 306.0 262.0 21.0 7077.0 
452.00282324569037 10.42241379310345 23.0 308.0 262.0 22.0 7179.0 
454.00282324569037 10.846153846153847 25.0 310.0 263.0 24.0 7350.0 
456.0010517978039 11.296610169491524 21.0 312.0 266.0 26.0 7579.0 
458.00282324569037 11.61864406779661 18.0 312.0 268.0 27.0 7783.0 
460.00282324569037 11.61864406779661 18.0 313.0 268.0 27.0 7783.0 
462.00282324569037 11.652542372881356 17.0 314.0 270.0 27.0 7819.0 
464.00282324569037 11.652542372881356 18.0 315.0 270.0 27.0 7819.0 
466.00282324569037 12.152542372881356 18.0 316.0 271.0 29.0 7994.0 
468.00282324569037 12.344537815126051 14.0 319.0 273.0 30.0 8130.0 
470.00282324569037 12.344537815126051 16.0 320.0 273.0 30.0 8130.0 
472.00282324569037 12.361344537815125 18.0 322.0 274.0 30.0 8148.0 
474.00282324569037 12.369747899159664 18.0 323.0 275.0 30.0 8161.0 
476.00282324569037 12.3781512605042 18.0 323.0 276.0 30.0 8174.0 
478.00282324569037 12.420168067226891 17.0 324.0 277.0 30.0 8180.0 
480.00282324569037 12.420168067226891 18.0 325.0 277.0 30.0 8180.0 
482.00282324569037 12.462184873949578 18.0 326.0 279.0 30.0 8222.0 
484.00282324569037 12.487394957983193 19.0 330.0 281.0 30.0 8254.0 
486.00282324569037 12.974789915966387 19.0 331.0 281.0 32.0 8368.0 
488.00282324569037 12.974789915966387 19.0 333.0 281.0 32.0 8368.0 
490.00282324569037 13.302521008403362 18.0 335.0 284.0 33.0 8535.0 
492.00282324569037 13.302521008403362 19.0 336.0 284.0 33.0 8535.0 
494.00282324569037 13.302521008403362 20.0 337.0 284.0 33.0 8535.0 
496.00282324569037 13.310924369747898 19.0 337.0 285.0 33.0 8553.0 
498.00282324569037 13.310924369747898 19.0 339.0 285.0 33.0 8553.0 
500.00282324569037 13.575 19.0 339.0 290.0 34.0 8778.0 
502.00282324569037 13.825000000000001 16.0 341.0 291.0 35.0 8799.0 
504.00282324569037 14.075000000000001 15.0 342.0 292.0 36.0 8914.0 
506.00282324569037 14.083333333333332 13.0 343.0 294.0 36.0 8959.0 
508.00282324569037 14.083333333333332 14.0 345.0 294.0 36.0 8959.0 
510.00282324569037 14.100000000000001 14.0 345.0 295.0 36.0 8978.0 
512.0028232456904 14.100000000000001 14.0 345.0 295.0 36.0 8978.0 
514.0028232456904 14.100000000000001 14.0 346.0 295.0 36.0 8978.0 
516.0028232456904 14.008264462809919 16.0 347.0 296.0 36.0 9006.0 
518.0028232456904 14.066115702479339 12.0 347.0 299.0 36.0 9060.0 
520.0028232456904 14.066115702479339 12.0 347.0 299.0 36.0 9060.0 
522.0028232456904 14.066115702479339 14.0 349.0 299.0 36.0 9060.0 
524.0028232456904 14.107438016528926 16.0 354.0 302.0 36.0 9197.0 
526.0028232456904 14.107438016528926 19.0 357.0 302.0 36.0 9197.0 
528.0028232456904 14.132231404958679 20.0 358.0 303.0 36.0 9218.0 
530.0028232456904 14.198347107438014 21.0 360.0 304.0 36.0 9259.0 
532.0028232456904 14.677685950413222 19.0 360.0 304.0 38.0 9367.0 
534.0028232456904 14.735537190082642 18.0 361.0 307.0 38.0 9432.0 
536.0028232456904 14.735537190082642 17.0 362.0 307.0 38.0 9432.0 
538.0028232456904 14.743801652892563 17.0 362.0 308.0 38.0 9486.0 
540.0028232456904 14.743801652892563 16.0 363.0 308.0 38.0 9486.0 
542.0028232456904 14.801652892561986 19.0 366.0 311.0 38.0 9542.0 
544.0028232456904 14.81818181818182 19.0 368.0 312.0 38.0 9543.0 
546.0028232456904 15.09090909090909 18.0 369.0 314.0 39.0 9590.0 
548.0028232456904 15.099173553719009 17.0 371.0 315.0 39.0 9611.0 
550.0028232456904 15.0 16.0 371.0 316.0 39.0 9630.0 
552.0028232456904 15.024590163934429 16.0 372.0 317.0 39.0 9658.0 
554.0028232456904 15.065573770491806 15.0 372.0 319.0 39.0 9708.0 
556.0028232456904 15.098360655737704 14.0 373.0 321.0 39.0 9742.0 
558.0028232456904 15.098360655737704 15.0 375.0 321.0 39.0 9742.0 
560.0028232456904 15.131147540983607 16.0 378.0 323.0 39.0 9776.0 
562.0028232456904 15.188524590163937 17.0 380.0 326.0 39.0 9842.0 
564.0028232456904 15.188524590163937 16.0 381.0 326.0 39.0 9842.0 
566.0028232456904 15.19672131147541 16.0 381.0 327.0 39.0 9856.0 
568.0028232456904 15.19672131147541 16.0 382.0 327.0 39.0 9856.0 
570.0028232456904 15.262295081967215 15.0 383.0 329.0 39.0 9967.0 
572.0028232456904 15.270491803278691 16.0 384.0 330.0 39.0 9980.0 
574.0028232456904 15.270491803278691 16.0 385.0 330.0 39.0 9980.0 
576.0028232456904 15.508196721311476 19.0 388.0 330.0 40.0 9983.0 
578.0028232456904 15.524590163934429 18.0 389.0 331.0 40.0 10000.0 
580.0028232456904 15.524590163934429 18.0 389.0 331.0 40.0 10000.0 
582.0028232456904 15.614754098360653 16.0 389.0 334.0 40.0 10069.0 
584.0028232456904 15.860655737704919 14.0 389.0 334.0 41.0 10171.0 
586.0028232456904 15.860655737704919 15.0 391.0 334.0 41.0 10171.0 
588.0028232456904 15.860655737704919 17.0 392.0 334.0 41.0 10171.0 
590.0028232456904 15.885245901639347 16.0 393.0 336.0 41.0 10221.0 
592.0028232456904 15.885245901639347 18.0 395.0 336.0 41.0 10221.0 
594.0028232456904 15.901639344262296 20.0 397.0 337.0 41.0 10240.0 
596.0028232456904 15.901639344262296 20.0 399.0 337.0 41.0 10240.0 
598.0028232456904 15.934426229508194 20.0 399.0 340.0 41.0 10313.0 
600.0028232456904 15.95901639344262 20.0 402.0 341.0 41.0 10326.0 
602.0028232456904 15.975409836065571 20.0 404.0 343.0 41.0 10356.0 
604.0028232456904 15.983606557377051 20.0 405.0 344.0 41.0 10357.0 
606.0028232456904 16.0327868852459 19.0 407.0 346.0 41.0 10415.0 
608.0028232456904 16.0327868852459 21.0 408.0 346.0 41.0 10415.0 
610.0028232456904 16.049180327868857 21.0 408.0 347.0 41.0 10484.0 
612.0028232456904 16.090163934426226 20.0 408.0 349.0 41.0 10540.0 
614.0028232456904 16.188524590163937 17.0 409.0 352.0 41.0 10582.0 
616.0028232456904 16.221311475409838 16.0 409.0 353.0 41.0 10622.0 
618.0028232456904 16.254098360655735 16.0 411.0 354.0 41.0 10646.0 
620.0028232456904 16.278688524590162 15.0 411.0 356.0 41.0 10680.0 
622.0028232456904 16.29508196721311 14.0 412.0 357.0 41.0 10700.0 
624.0028232456904 16.29508196721311 16.0 415.0 357.0 41.0 10700.0 
626.0028232456904 16.29508196721311 18.0 417.0 357.0 41.0 10700.0 
628.0028232456904 16.29508196721311 19.0 417.0 357.0 41.0 10700.0 
630.0028232456904 16.36885245901639 19.0 417.0 359.0 41.0 10762.0 
632.0028232456904 16.852459016393443 16.0 418.0 360.0 43.0 10914.0 
634.0028232456904 16.885245901639347 17.0 420.0 361.0 43.0 10941.0 
636.0028232456904 16.901639344262296 17.0 423.0 363.0 43.0 10972.0 
638.0028232456904 16.901639344262296 19.0 425.0 363.0 43.0 10972.0 
640.0028232456904 16.918032786885245 18.0 426.0 364.0 43.0 11008.0 
642.0028232456904 16.918032786885245 20.0 427.0 364.0 43.0 11008.0 
644.0028232456904 16.934426229508194 21.0 429.0 365.0 43.0 11027.0 
646.0028232456904 17.188524590163937 21.0 430.0 365.0 44.0 11129.0 
648.0028232456904 17.221311475409838 22.0 432.0 367.0 44.0 11167.0 
650.0028232456904 17.262295081967213 20.0 432.0 370.0 44.0 11209.0 
652.0028232456904 17.311475409836063 20.0 434.0 372.0 44.0 11282.0 
654.0028232456904 17.311475409836063 19.0 436.0 372.0 44.0 11282.0 
656.0028232456904 17.352459016393443 21.0 439.0 373.0 44.0 11303.0 
658.0028232456904 17.360655737704917 22.0 441.0 374.0 44.0 11316.0 
660.0028232456904 17.385245901639347 22.0 441.0 375.0 44.0 11351.0 
662.0028232456904 17.385245901639347 22.0 441.0 375.0 44.0 11351.0 
664.0028232456904 17.67213114754098 21.0 443.0 378.0 45.0 11597.0 
666.0028232456904 17.95901639344262 16.0 443.0 381.0 46.0 11732.0 
668.0028232456904 18.02459016393443 16.0 445.0 383.0 46.0 11790.0 
670.0028232456904 18.0327868852459 17.0 446.0 384.0 46.0 11803.0 
672.0028232456904 18.049180327868857 17.0 448.0 386.0 46.0 11845.0 
674.0028232456904 18.10655737704918 15.0 450.0 389.0 46.0 11908.0 
676.0028232456904 18.122950819672134 14.0 450.0 390.0 46.0 11932.0 
678.0028232456904 18.15573770491803 13.0 451.0 391.0 46.0 11986.0 
680.0028232456904 18.17213114754098 13.0 451.0 392.0 46.0 12012.0 
682.0028232456904 18.221311475409838 12.0 452.0 394.0 46.0 12039.0 
684.0028232456904 18.29508196721311 12.0 453.0 397.0 46.0 12137.0 
686.0028232456904 18.29508196721311 12.0 455.0 397.0 46.0 12137.0 
688.0028232456904 18.311475409836063 11.0 455.0 399.0 46.0 12164.0 
690.0028232456904 18.32786885245902 11.0 457.0 400.0 46.0 12183.0 
692.0028232456904 18.39344262295082 10.0 458.0 403.0 46.0 12254.0 
694.0028232456904 18.401639344262296 9.0 458.0 404.0 46.0 12270.0 
696.0028232456904 18.442622950819676 6.0 459.0 406.0 46.0 12323.0 
698.0028232456904 18.4672131147541 9.0 462.0 408.0 46.0 12349.0 
700.0028232456904 18.4672131147541 9.0 463.0 408.0 46.0 12349.0 
702.0028232456904 18.47540983606557 9.0 464.0 409.0 46.0 12362.0 
704.0028232456904 18.508196721311478 9.0 465.0 411.0 46.0 12394.0 
706.0028232456904 18.51639344262295 9.0 467.0 412.0 46.0 12408.0 
708.0028232456904 18.51639344262295 10.0 468.0 412.0 46.0 12408.0 
710.0028232456904 18.51639344262295 10.0 468.0 412.0 46.0 12408.0 
712.0028232456904 18.549180327868857 8.0 469.0 414.0 46.0 12434.0 
714.0028232456904 18.549180327868857 9.0 469.0 414.0 46.0 12434.0 
716.0028232456904 18.590163934426226 10.0 471.0 417.0 46.0 12487.0 
718.0028232456904 18.590163934426226 8.0 473.0 417.0 46.0 12487.0 
720.0028232456904 18.622950819672134 10.0 474.0 419.0 46.0 12513.0 
722.0028232456904 18.63114754098361 9.0 474.0 420.0 46.0 12531.0 
724.0028232456904 18.63114754098361 9.0 475.0 420.0 46.0 12531.0 
726.0028232456904 18.639344262295083 10.0 477.0 421.0 46.0 12545.0 
728.0028232456904 18.68032786885246 11.0 478.0 423.0 46.0 12595.0 
730.0028232456904 18.688524590163937 10.0 480.0 424.0 46.0 12609.0 
732.0028232456904 18.721311475409838 12.0 482.0 426.0 46.0 12637.0 
734.0028232456904 18.745901639344265 11.0 484.0 428.0 46.0 12668.0 
736.0028232456904 18.745901639344265 14.0 490.0 428.0 46.0 12668.0 
738.0028232456904 18.754098360655735 18.0 494.0 429.0 46.0 12682.0 
740.0028232456904 18.778688524590162 20.0 496.0 430.0 46.0 12696.0 
742.0028232456904 18.64227642276423 21.0 498.0 432.0 46.0 12723.0 
744.0028232456904 18.666666666666668 19.0 500.0 434.0 46.0 12756.0 
746.0028232456904 18.69918699186992 19.0 502.0 437.0 46.0 12796.0 
748.0028232456904 18.72357723577236 21.0 505.0 438.0 46.0 12809.0 
750.0028232456904 18.72357723577236 21.0 506.0 438.0 46.0 12809.0 
752.0028232456904 18.739837398373982 23.0 508.0 439.0 46.0 12826.0 
754.0028232456904 18.747967479674795 22.0 508.0 440.0 46.0 12840.0 
756.0028232456904 18.821138211382117 20.0 508.0 443.0 46.0 12892.0 
758.0028232456904 18.86991869918699 18.0 509.0 446.0 46.0 12947.0 
760.0028232456904 18.88617886178862 18.0 510.0 447.0 46.0 12969.0 
762.0028232456904 18.934959349593495 17.0 512.0 450.0 46.0 13025.0 
764.0028232456904 18.959349593495933 16.0 512.0 451.0 46.0 13044.0 
766.0028232456904 18.98373983739837 17.0 514.0 453.0 46.0 13082.0 
768.0028232456904 19.008130081300816 14.0 515.0 454.0 46.0 13113.0 
770.0028232456904 19.008130081300816 17.0 517.0 454.0 46.0 13113.0 
772.0028232456904 19.01626016260163 16.0 517.0 455.0 46.0 13132.0 
774.0028232456904 18.903225806451612 14.0 517.0 457.0 46.0 13203.0 
776.0028232456904 18.927419354838708 14.0 519.0 458.0 46.0 13221.0 
778.0028232456904 18.95161290322581 14.0 522.0 461.0 46.0 13294.0 
780.0028232456904 18.991935483870964 14.0 524.0 464.0 46.0 13352.0 
782.002036271603 19.024193548387093 16.0 530.0 466.0 46.0 13384.0 
784.0028232456904 19.04838709677419 17.0 531.0 468.0 46.0 13417.0 
786.0028232456904 19.04838709677419 19.0 533.0 468.0 46.0 13417.0 
788.0028232456904 19.072580645161292 20.0 535.0 469.0 46.0 13453.0 
790.0028232456904 19.072580645161292 22.0 537.0 469.0 46.0 13453.0 
792.0028232456904 19.088709677419352 22.0 538.0 470.0 46.0 13476.0 
794.0028232456904 19.096774193548388 22.0 538.0 471.0 46.0 13490.0 
796.0028232456904 19.12903225806452 20.0 539.0 474.0 46.0 13531.0 
798.0028232456904 19.12903225806452 21.0 541.0 474.0 46.0 13531.0 
800.0028232456904 19.161290322580648 21.0 543.0 478.0 46.0 13592.0 
802.0028232456904 19.209677419354836 18.0 544.0 481.0 46.0 13656.0 
804.0028232456904 19.266129032258068 16.0 545.0 483.0 46.0 13709.0 
806.0028232456904 19.266129032258068 16.0 546.0 483.0 46.0 13709.0 
808.0028232456904 19.282258064516128 19.0 549.0 484.0 46.0 13741.0 
810.0028232456904 19.282258064516128 22.0 552.0 484.0 46.0 13741.0 
812.0028232456904 19.282258064516128 23.0 553.0 484.0 46.0 13741.0 
814.0028232456904 19.31451612903226 22.0 553.0 485.0 46.0 13772.0 
816.0028232456904 19.346774193548388 23.0 554.0 486.0 46.0 13791.0 
818.0028232456904 19.346774193548388 22.0 555.0 486.0 46.0 13791.0 
820.0028232456904 19.41935483870968 22.0 557.0 489.0 46.0 13847.0 
822.0028232456904 19.41935483870968 22.0 557.0 489.0 46.0 13847.0 
824.0028232456904 19.443548387096776 22.0 558.0 490.0 46.0 13866.0 
826.0028232456904 19.45161290322581 23.0 560.0 491.0 46.0 13880.0 
828.0028232456904 19.532258064516128 25.0 562.0 494.0 46.0 13960.0 
830.0028232456904 19.532258064516128 23.0 563.0 494.0 46.0 13960.0 
832.0028232456904 19.532258064516128 26.0 566.0 494.0 46.0 13960.0 
834.0028232456904 19.572580645161292 25.0 567.0 496.0 46.0 14010.0 
836.0028232456904 19.60483870967742 26.0 570.0 499.0 46.0 14064.0 
838.0028232456904 19.60483870967742 25.0 570.0 499.0 46.0 14064.0 
840.0028232456904 19.60483870967742 25.0 570.0 499.0 46.0 14064.0 
842.0028232456904 19.677419354838708 23.0 572.0 503.0 46.0 14163.0 
844.0028232456904 19.70161290322581 22.0 572.0 504.0 46.0 14182.0 
846.0028232456904 19.70161290322581 24.0 574.0 504.0 46.0 14182.0 
848.0028232456904 19.75 27.0 577.0 507.0 46.0 14258.0 
850.0028232456904 20.225806451612904 25.0 579.0 508.0 48.0 14431.0 
852.0028232456904 20.717741935483872 23.0 581.0 509.0 50.0 14489.0 
854.0028232456904 20.741935483870964 22.0 583.0 510.0 50.0 14516.0 
856.0028232456904 20.766129032258068 24.0 585.0 511.0 50.0 14530.0 
858.0028232456904 20.790322580645164 25.0 587.0 512.0 50.0 14554.0 
860.0028232456904 20.790322580645164 26.0 588.0 512.0 50.0 14554.0 
862.0028232456904 20.85483870967742 24.0 589.0 515.0 50.0 14682.0 
864.0028232456904 20.903225806451612 23.0 590.0 517.0 50.0 14723.0 
866.0028232456904 20.911290322580644 23.0 590.0 518.0 50.0 14737.0 
868.0028232456904 20.93548387096774 23.0 591.0 519.0 50.0 14765.0 
870.0028232456904 20.95161290322581 23.0 592.0 521.0 50.0 14779.0 
872.0028232456904 20.975806451612904 22.0 594.0 524.0 50.0 14826.0 
874.0028232456904 21.008064516129036 19.0 594.0 525.0 50.0 14867.0 
876.0028232456904 21.03225806451613 19.0 596.0 526.0 50.0 14895.0 
878.0028232456904 21.03225806451613 21.0 597.0 526.0 50.0 14895.0 
880.0028232456904 21.346774193548388 20.0 597.0 528.0 51.0 15069.0 
882.0028232456904 21.37903225806452 19.0 599.0 529.0 51.0 15173.0 
884.0028232456904 21.403225806451612 19.0 601.0 531.0 51.0 15220.0 
886.0028232456904 21.403225806451612 19.0 601.0 531.0 51.0 15220.0 
888.0028232456904 21.41935483870968 18.0 602.0 532.0 51.0 15240.0 
890.0028232456904 21.693548387096776 17.0 602.0 533.0 52.0 15385.0 
892.0028232456904 21.991935483870964 13.0 602.0 536.0 53.0 15548.0 
894.0028232456904 21.991935483870964 14.0 603.0 536.0 53.0 15548.0 
896.0028232456904 22.0 15.0 604.0 537.0 53.0 15561.0 
898.0028232456904 22.0 14.0 604.0 537.0 53.0 15561.0 
900.0028232456904 22.008064516129036 14.0 604.0 538.0 53.0 15585.0 
#####################################################################
# End of data export. Simulation finished at: 2020-01-19T00:23+0000 #
#####################################################################
