#####################################################################
# Alchemist log file - simulation started at: 2020-01-26T18:35+0000 #
#####################################################################
# seed = 44.0, taskFrequency = 0.0075, cloudcost = 50.0, algorithm = false
#
# The columns have the following meaning: 
# time taskHops[Mean] hasTask[Sum] tasks[Sum] completedTasks[Sum] giveupTasks[Sum] taskLatency[Sum] 
0.0 NaN 0.0 0.0 0.0 0.0 0.0 
2.009986908242473 NaN 1.0 2.0 0.0 0.0 0.0 
4.009986908242473 NaN 2.0 2.0 0.0 0.0 0.0 
6.009986908242473 NaN 2.0 3.0 0.0 0.0 0.0 
8.009986908242473 NaN 5.0 5.0 0.0 0.0 0.0 
10.009986908242473 NaN 7.0 7.0 0.0 0.0 0.0 
12.009986908242473 NaN 7.0 7.0 0.0 0.0 0.0 
14.009986908242473 NaN 10.0 10.0 0.0 0.0 0.0 
16.009986908242475 NaN 11.0 11.0 0.0 0.0 0.0 
18.009986908242475 NaN 13.0 13.0 0.0 0.0 0.0 
20.009986908242475 NaN 13.0 13.0 0.0 0.0 0.0 
22.009986908242475 NaN 17.0 18.0 0.0 0.0 0.0 
24.009986908242475 NaN 18.0 19.0 0.0 0.0 0.0 
26.009986908242475 NaN 22.0 22.0 0.0 0.0 0.0 
28.009986908242475 NaN 23.0 23.0 0.0 0.0 0.0 
30.009986908242475 NaN 26.0 26.0 0.0 0.0 0.0 
32.009986908242475 NaN 26.0 27.0 0.0 0.0 0.0 
34.009986908242475 NaN 27.0 27.0 0.0 0.0 0.0 
36.009986908242475 NaN 28.0 28.0 0.0 0.0 0.0 
38.009986908242475 NaN 28.0 28.0 0.0 0.0 0.0 
40.009986908242475 NaN 29.0 29.0 0.0 0.0 0.0 
42.009986908242475 NaN 32.0 33.0 0.0 0.0 0.0 
44.009986908242475 NaN 33.0 33.0 0.0 0.0 0.0 
46.009986908242475 NaN 33.0 33.0 0.0 0.0 0.0 
48.009986908242475 NaN 33.0 33.0 0.0 0.0 0.0 
50.009986908242475 NaN 33.0 34.0 0.0 0.0 0.0 
52.009986908242475 NaN 35.0 35.0 0.0 0.0 0.0 
54.009986908242475 NaN 35.0 35.0 0.0 0.0 0.0 
56.009986908242475 NaN 35.0 35.0 0.0 0.0 0.0 
58.009986908242475 NaN 38.0 39.0 0.0 0.0 0.0 
60.009986908242475 NaN 40.0 40.0 0.0 0.0 0.0 
62.009986908242475 NaN 42.0 42.0 0.0 0.0 0.0 
64.00998690824247 NaN 42.0 42.0 0.0 0.0 0.0 
66.00998690824247 NaN 43.0 44.0 0.0 0.0 0.0 
68.00998690824247 NaN 44.0 45.0 0.0 0.0 0.0 
70.00998690824247 NaN 46.0 46.0 0.0 0.0 0.0 
72.00787719750319 NaN 47.0 47.0 0.0 0.0 0.0 
74.00998690824247 NaN 48.0 48.0 0.0 0.0 0.0 
76.00998690824247 NaN 49.0 49.0 0.0 0.0 0.0 
78.00998690824247 NaN 49.0 49.0 0.0 0.0 0.0 
80.00998690824247 NaN 52.0 52.0 0.0 0.0 0.0 
82.00998690824247 NaN 52.0 52.0 0.0 0.0 0.0 
84.00998690824247 NaN 53.0 53.0 0.0 0.0 0.0 
86.00998690824247 NaN 53.0 54.0 0.0 0.0 0.0 
88.00998690824247 NaN 54.0 54.0 0.0 0.0 0.0 
90.00998690824247 NaN 56.0 56.0 0.0 0.0 0.0 
92.00998690824247 NaN 58.0 59.0 0.0 0.0 0.0 
94.00998690824247 NaN 60.0 61.0 0.0 0.0 0.0 
96.00998690824247 NaN 62.0 62.0 0.0 0.0 0.0 
98.00998690824247 NaN 63.0 63.0 0.0 0.0 0.0 
100.00998690824247 NaN 63.0 64.0 0.0 0.0 0.0 
102.00998690824247 NaN 64.0 65.0 0.0 0.0 0.0 
104.00998690824247 NaN 66.0 67.0 0.0 0.0 0.0 
106.00998690824247 NaN 68.0 69.0 0.0 0.0 0.0 
108.00998690824247 NaN 70.0 70.0 0.0 0.0 0.0 
110.00998690824247 50.0 69.0 71.0 0.0 1.0 102.0 
112.00998690824247 50.0 72.0 74.0 0.0 1.0 102.0 
114.00998690824247 50.0 75.0 76.0 0.0 2.0 208.0 
116.00998690824247 50.0 72.0 77.0 0.0 6.0 633.0 
118.00998690824247 50.0 72.0 78.0 0.0 6.0 633.0 
120.00998690824247 50.0 73.0 80.0 0.0 7.0 746.0 
122.00998690824247 50.0 73.0 83.0 0.0 8.0 850.0 
124.00998690824247 50.0 74.0 84.0 0.0 12.0 1260.0 
126.00998690824247 50.0 71.0 84.0 0.0 13.0 1383.0 
128.00998690824247 50.0 71.0 84.0 0.0 16.0 1689.0 
130.00998690824247 50.0 69.0 85.0 0.0 18.0 1906.0 
132.00998690824247 50.0 67.0 86.0 0.0 19.0 2009.0 
134.00998690824247 50.0 67.0 86.0 0.0 20.0 2128.0 
136.00998690824247 50.0 67.0 87.0 0.0 21.0 2232.0 
138.00998690824247 50.0 65.0 87.0 0.0 22.0 2334.0 
140.00998690824247 50.0 65.0 87.0 0.0 22.0 2334.0 
142.00998690824247 50.0 67.0 89.0 0.0 22.0 2334.0 
144.00998690824247 50.0 67.0 90.0 0.0 26.0 2767.0 
146.00998690824247 50.0 63.0 90.0 0.0 27.0 2870.0 
148.00998690824247 50.0 63.0 90.0 0.0 27.0 2870.0 
150.00998690824247 50.0 63.0 90.0 0.0 27.0 2870.0 
152.00998690824247 50.0 64.0 91.0 0.0 27.0 2870.0 
154.00998690824247 50.0 63.0 91.0 0.0 29.0 3076.0 
156.00998690824247 50.0 62.0 91.0 0.0 29.0 3076.0 
158.00998690824247 50.0 62.0 91.0 0.0 29.0 3076.0 
160.00998690824247 50.0 63.0 92.0 0.0 32.0 3382.0 
162.00998690824247 51.515151515151516 60.0 93.0 0.0 34.0 3485.0 
164.00998690824247 51.42857142857143 59.0 93.0 0.0 36.0 3690.0 
166.00998690824247 51.42857142857143 58.0 94.0 0.0 36.0 3690.0 
168.00998690824247 51.388888888888886 59.0 96.0 0.0 37.0 3792.0 
170.00998690824247 51.351351351351354 58.0 96.0 0.0 38.0 3895.0 
172.00998690824247 51.282051282051285 56.0 96.0 0.0 40.0 4100.0 
174.00998690824247 51.282051282051285 57.0 97.0 0.0 40.0 4100.0 
176.00998690824247 51.25 57.0 97.0 0.0 41.0 4203.0 
178.00998690824247 51.16279069767442 54.0 97.0 0.0 44.0 4564.0 
180.00998690824247 51.16279069767442 55.0 100.0 0.0 44.0 4564.0 
182.00998690824247 51.08695652173913 55.0 101.0 0.0 47.0 4919.0 
184.00027947717655 51.08695652173913 54.0 102.0 0.0 47.0 4919.0 
186.00998690824247 51.06382978723404 55.0 102.0 0.0 48.0 5021.0 
188.00998690824247 51.06382978723404 55.0 103.0 0.0 48.0 5021.0 
190.00998690824247 51.02040816326531 54.0 103.0 0.0 50.0 5301.0 
192.00998690824247 50.98039215686274 52.0 103.0 0.0 52.0 5505.0 
194.00998690824247 50.943396226415096 50.0 103.0 0.0 54.0 5710.0 
196.00998690824247 50.925925925925924 49.0 104.0 0.0 55.0 5813.0 
198.00998690824247 50.87719298245614 50.0 107.0 0.0 58.0 6137.0 
200.00998690824247 50.86206896551724 49.0 109.0 0.0 59.0 6239.0 
202.00998690824247 50.86206896551724 53.0 112.0 0.0 59.0 6239.0 
204.00998690824247 50.86206896551724 53.0 112.0 0.0 59.0 6239.0 
206.00998690824247 50.833333333333336 53.0 114.0 0.0 61.0 6444.0 
208.00998690824247 50.81967213114754 54.0 115.0 0.0 62.0 6546.0 
210.00998690824247 50.806451612903224 52.0 115.0 0.0 63.0 6649.0 
212.00998690824247 50.806451612903224 53.0 116.0 0.0 63.0 6649.0 
214.00998690824247 50.76923076923077 52.0 118.0 0.0 66.0 6956.0 
216.00998690824247 50.73529411764706 51.0 118.0 0.0 69.0 7264.0 
218.00998690824247 50.73529411764706 49.0 120.0 0.0 69.0 7264.0 
220.00998690824247 50.714285714285715 52.0 122.0 0.0 71.0 7470.0 
222.00998690824247 50.70422535211268 51.0 123.0 0.0 72.0 7572.0 
224.00998690824247 50.69444444444444 52.0 124.0 0.0 73.0 7674.0 
226.00998690824247 50.67567567567568 50.0 125.0 0.0 75.0 7880.0 
228.00998690824247 51.351351351351354 50.0 126.0 0.0 76.0 7983.0 
230.00998690824247 51.351351351351354 50.0 126.0 0.0 76.0 7983.0 
232.00998690824247 51.333333333333336 50.0 126.0 0.0 77.0 8086.0 
234.00998690824247 51.31578947368421 49.0 126.0 0.0 78.0 8220.0 
236.00998690824247 51.298701298701296 47.0 126.0 0.0 79.0 8323.0 
238.00998690824247 51.282051282051285 47.0 126.0 0.0 80.0 8425.0 
240.00998690824247 51.282051282051285 46.0 127.0 0.0 80.0 8425.0 
242.00998690824247 51.282051282051285 48.0 128.0 0.0 80.0 8425.0 
244.00998690824247 51.25 48.0 129.0 0.0 82.0 8629.0 
246.00998690824247 51.25 47.0 129.0 0.0 82.0 8629.0 
248.00998690824247 51.21951219512195 47.0 130.0 0.0 84.0 8888.0 
250.00998690824247 51.21951219512195 47.0 131.0 0.0 84.0 8888.0 
252.00998690824247 51.21951219512195 48.0 132.0 0.0 84.0 8888.0 
254.00998690824247 51.204819277108435 48.0 133.0 0.0 85.0 8990.0 
256.00998690824247 51.204819277108435 49.0 134.0 0.0 85.0 8990.0 
258.00998690824247 51.204819277108435 50.0 136.0 0.0 85.0 8990.0 
260.00998690824247 51.19047619047619 51.0 136.0 0.0 86.0 9146.0 
262.00998690824247 51.785714285714285 49.0 136.0 0.0 87.0 9248.0 
264.00998690824247 51.785714285714285 49.0 136.0 0.0 87.0 9248.0 
266.00998690824247 51.76470588235294 51.0 138.0 0.0 88.0 9484.0 
268.00998690824247 52.35294117647059 51.0 139.0 0.0 89.0 9587.0 
270.00998690824247 52.906976744186046 50.0 139.0 0.0 91.0 9792.0 
272.00998690824247 52.906976744186046 50.0 141.0 0.0 91.0 9792.0 
274.00998690824247 52.906976744186046 52.0 143.0 0.0 91.0 9792.0 
276.00998690824247 52.87356321839081 53.0 144.0 0.0 92.0 9895.0 
278.00998690824247 52.87356321839081 52.0 144.0 0.0 92.0 9895.0 
280.00998690824247 52.87356321839081 52.0 144.0 0.0 92.0 9895.0 
282.00998690824247 53.44827586206897 52.0 144.0 0.0 93.0 9998.0 
284.00998690824247 53.37078651685393 52.0 146.0 0.0 95.0 10204.0 
286.00998690824247 53.37078651685393 52.0 147.0 0.0 95.0 10204.0 
288.00998690824247 53.333333333333336 51.0 147.0 0.0 96.0 10307.0 
290.00998690824247 53.2967032967033 51.0 147.0 0.0 97.0 10410.0 
292.00998690824247 53.2967032967033 50.0 147.0 0.0 97.0 10410.0 
294.00998690824247 53.2967032967033 50.0 147.0 0.0 97.0 10410.0 
296.00998690824247 53.2967032967033 51.0 148.0 0.0 97.0 10410.0 
298.00998690824247 53.2967032967033 51.0 148.0 0.0 97.0 10410.0 
300.00998690824247 54.94505494505494 49.0 149.0 0.0 100.0 10717.0 
302.00998690824247 55.97826086956522 47.0 149.0 0.0 103.0 11117.0 
304.00998690824247 56.38297872340426 44.0 149.0 0.0 106.0 11425.0 
306.00998690824247 56.38297872340426 43.0 149.0 0.0 106.0 11425.0 
308.00998690824247 56.8421052631579 42.0 149.0 0.0 108.0 11630.0 
310.00998690824247 56.770833333333336 43.0 151.0 0.0 109.0 11733.0 
312.00998690824247 56.770833333333336 43.0 152.0 0.0 109.0 11733.0 
314.00998690824247 57.29166666666667 43.0 152.0 0.0 110.0 11836.0 
316.00998690824247 57.8125 44.0 154.0 0.0 111.0 11939.0 
318.00998690824247 58.33333333333333 43.0 155.0 0.0 112.0 12042.0 
320.00998690824247 58.33333333333333 43.0 155.0 0.0 112.0 12042.0 
322.00998690824247 59.89583333333333 42.0 156.0 0.0 115.0 12350.0 
324.00998690824247 60.41666666666667 40.0 156.0 0.0 116.0 12452.0 
326.00998690824247 60.30927835051547 41.0 157.0 0.0 117.0 12555.0 
328.00998690824247 60.20408163265306 40.0 158.0 0.0 118.0 12658.0 
330.00998690824247 60.71428571428571 40.0 160.0 0.0 119.0 12760.0 
332.00998690824247 60.71428571428571 43.0 163.0 0.0 119.0 12760.0 
334.00998690824247 60.71428571428571 45.0 165.0 0.0 119.0 12760.0 
336.00998690824247 60.71428571428571 50.0 170.0 0.0 119.0 12760.0 
338.00998690824247 60.71428571428571 52.0 171.0 0.0 119.0 12760.0 
340.00998690824247 60.71428571428571 52.0 172.0 0.0 119.0 12760.0 
342.00998690824247 60.71428571428571 54.0 173.0 0.0 119.0 12760.0 
344.00998690824247 61.734693877551024 53.0 174.0 0.0 121.0 12966.0 
346.00998690824247 61.61616161616162 53.0 174.0 0.0 122.0 13068.0 
348.00998690824247 61.61616161616162 53.0 176.0 0.0 122.0 13068.0 
350.00998690824247 62.0 52.0 176.0 0.0 124.0 13477.0 
352.00998690824247 61.881188118811885 51.0 176.0 0.0 125.0 13579.0 
354.00998690824247 62.37623762376237 52.0 177.0 0.0 126.0 13681.0 
356.00998690824247 62.871287128712865 54.0 182.0 0.0 127.0 13783.0 
358.00998690824247 63.366336633663366 55.0 182.0 0.0 128.0 13885.0 
360.00998690824247 63.86138613861387 53.0 182.0 0.0 129.0 13987.0 
362.00998690824247 63.86138613861387 54.0 183.0 0.0 129.0 13987.0 
364.00998690824247 63.86138613861387 54.0 183.0 0.0 129.0 13987.0 
366.00998690824247 63.86138613861387 56.0 185.0 0.0 129.0 13987.0 
368.00998690824247 64.35643564356435 56.0 185.0 0.0 130.0 14089.0 
370.00998690824247 64.35643564356435 55.0 186.0 0.0 130.0 14089.0 
372.00998690824247 64.35643564356435 57.0 187.0 0.0 130.0 14089.0 
374.0044177467495 64.70588235294117 57.0 188.0 0.0 132.0 14293.0 
376.00998690824247 65.04854368932038 57.0 189.0 0.0 134.0 14498.0 
378.00998690824247 65.53398058252428 56.0 190.0 0.0 135.0 14600.0 
380.00998690824247 65.53398058252428 55.0 190.0 0.0 135.0 14600.0 
382.00998690824247 65.53398058252428 55.0 190.0 0.0 135.0 14600.0 
384.00998690824247 65.53398058252428 55.0 190.0 0.0 135.0 14600.0 
386.00998690824247 65.86538461538461 55.0 191.0 0.0 137.0 14804.0 
388.00998690824247 66.34615384615385 54.0 191.0 0.0 138.0 14907.0 
390.00998690824247 66.34615384615385 53.0 191.0 0.0 138.0 14907.0 
392.00998690824247 66.82692307692308 53.0 191.0 0.0 139.0 15079.0 
394.00998690824247 66.82692307692308 52.0 191.0 0.0 139.0 15079.0 
396.00998690824247 66.82692307692308 53.0 192.0 0.0 139.0 15079.0 
398.00998690824247 66.66666666666666 53.0 192.0 0.0 140.0 15181.0 
400.00998690824247 66.66666666666666 53.0 193.0 0.0 140.0 15181.0 
402.00998690824247 67.14285714285714 54.0 194.0 0.0 141.0 15284.0 
404.00998690824247 67.14285714285714 53.0 194.0 0.0 141.0 15284.0 
406.00998690824247 67.14285714285714 54.0 195.0 0.0 141.0 15284.0 
408.00998690824247 67.14285714285714 56.0 197.0 0.0 141.0 15284.0 
410.00998690824247 67.14285714285714 57.0 198.0 0.0 141.0 15284.0 
412.00998690824247 68.0952380952381 56.0 200.0 0.0 143.0 15488.0 
414.00998690824247 67.9245283018868 57.0 201.0 0.0 144.0 15590.0 
416.00998690824247 67.9245283018868 57.0 201.0 0.0 144.0 15590.0 
418.00998690824247 68.86792452830188 56.0 202.0 0.0 146.0 15794.0 
420.00998690824247 68.69158878504672 57.0 203.0 0.0 147.0 15897.0 
422.00998690824247 68.69158878504672 57.0 204.0 0.0 147.0 15897.0 
424.00998690824247 68.51851851851852 57.0 208.0 0.0 148.0 15999.0 
426.00998690824247 68.51851851851852 60.0 208.0 0.0 148.0 15999.0 
428.00998690824247 68.98148148148148 60.0 209.0 0.0 149.0 16102.0 
430.00998690824247 68.98148148148148 61.0 210.0 0.0 149.0 16102.0 
432.00998690824247 69.90740740740742 59.0 210.0 0.0 151.0 16307.0 
434.00998690824247 70.64220183486239 57.0 210.0 0.0 154.0 16615.0 
436.00998690824247 70.9090909090909 55.0 211.0 0.0 156.0 16820.0 
438.00998690824247 71.23893805309734 53.0 211.0 0.0 161.0 17409.0 
440.00998690824247 72.12389380530973 48.0 211.0 0.0 163.0 17614.0 
442.00998690824247 72.12389380530973 48.0 211.0 0.0 163.0 17614.0 
444.00998690824247 72.36842105263159 49.0 213.0 0.0 165.0 17820.0 
446.00998690824247 72.36842105263159 50.0 215.0 0.0 165.0 17820.0 
448.00998690824247 72.80701754385966 50.0 216.0 0.0 166.0 17923.0 
450.00998690824247 73.24561403508773 51.0 217.0 0.0 167.0 18026.0 
452.00998690824247 73.6842105263158 49.0 217.0 0.0 168.0 18129.0 
454.00998690824247 73.6842105263158 49.0 218.0 0.0 168.0 18129.0 
456.00998690824247 74.12280701754386 51.0 219.0 0.0 169.0 18232.0 
458.00998690824247 75.87719298245614 49.0 219.0 0.0 173.0 18641.0 
460.00998690824247 76.3157894736842 45.0 219.0 0.0 174.0 18744.0 
462.00998690824247 76.3157894736842 46.0 221.0 0.0 174.0 18744.0 
464.00998690824247 76.75438596491227 47.0 221.0 0.0 175.0 18846.0 
466.00998690824247 76.75438596491227 46.0 221.0 0.0 175.0 18846.0 
468.00998690824247 77.63157894736841 47.0 222.0 0.0 177.0 19051.0 
470.00998690824247 77.63157894736841 45.0 222.0 0.0 177.0 19051.0 
472.00998690824247 77.63157894736841 46.0 223.0 0.0 177.0 19051.0 
474.00998690824247 78.50877192982456 45.0 225.0 0.0 179.0 19257.0 
476.00998690824247 78.50877192982456 46.0 226.0 0.0 179.0 19257.0 
478.00998690824247 79.3859649122807 46.0 226.0 0.0 181.0 19462.0 
480.00998690824247 79.82456140350877 45.0 227.0 0.0 182.0 19564.0 
482.00998690824247 79.82456140350877 45.0 227.0 0.0 182.0 19564.0 
484.00998690824247 79.82456140350877 45.0 227.0 0.0 182.0 19564.0 
486.00998690824247 79.82456140350877 47.0 230.0 0.0 182.0 19564.0 
488.00998690824247 80.26315789473685 49.0 231.0 0.0 183.0 19667.0 
490.00998690824247 80.26315789473685 48.0 231.0 0.0 183.0 19667.0 
492.00998690824247 80.26315789473685 49.0 232.0 0.0 183.0 19667.0 
494.00998690824247 80.26315789473685 51.0 234.0 0.0 183.0 19667.0 
496.00998690824247 80.26315789473685 51.0 234.0 0.0 183.0 19667.0 
498.00998690824247 80.7017543859649 50.0 234.0 0.0 184.0 19769.0 
500.00998690824247 80.7017543859649 50.0 235.0 0.0 184.0 19769.0 
502.00998690824247 81.14035087719299 50.0 235.0 0.0 185.0 19871.0 
504.00998690824247 81.57894736842105 49.0 235.0 0.0 186.0 19973.0 
506.00998690824247 81.57894736842105 49.0 235.0 0.0 186.0 19973.0 
508.00998690824247 82.01754385964912 49.0 236.0 0.0 187.0 20075.0 
510.00998690824247 81.73913043478261 50.0 237.0 0.0 188.0 20178.0 
512.0099869082425 82.17391304347827 49.0 237.0 0.0 189.0 20280.0 
514.0099869082425 82.60869565217392 47.0 238.0 0.0 190.0 20382.0 
516.0099869082425 82.75862068965517 47.0 239.0 0.0 192.0 20587.0 
518.0099869082425 82.75862068965517 47.0 239.0 0.0 192.0 20587.0 
520.0099869082425 83.1896551724138 49.0 241.0 0.0 193.0 20689.0 
522.0099869082425 83.62068965517241 48.0 241.0 0.0 194.0 20792.0 
524.0099869082425 84.05172413793103 47.0 241.0 0.0 195.0 20894.0 
526.0099869082425 84.05172413793103 46.0 241.0 0.0 195.0 20894.0 
528.0099869082425 85.3448275862069 43.0 241.0 0.0 198.0 21203.0 
530.0099869082425 85.3448275862069 43.0 241.0 0.0 198.0 21203.0 
532.0099869082425 86.63793103448275 42.0 242.0 0.0 201.0 21533.0 
534.0099869082425 86.63793103448275 42.0 243.0 0.0 201.0 21533.0 
536.0099869082425 86.63793103448275 42.0 244.0 0.0 201.0 21533.0 
538.0099869082425 87.06896551724138 42.0 244.0 0.0 202.0 21635.0 
540.0099869082425 87.06896551724138 42.0 244.0 0.0 202.0 21635.0 
542.0099869082425 87.06896551724138 42.0 244.0 0.0 202.0 21635.0 
544.0099869082425 87.06896551724138 42.0 244.0 0.0 202.0 21635.0 
546.0099869082425 87.93103448275863 42.0 244.0 0.0 204.0 21839.0 
548.0099869082425 88.79310344827586 40.0 244.0 0.0 206.0 22044.0 
550.0099869082425 89.22413793103448 40.0 247.0 0.0 207.0 22147.0 
552.0099869082425 89.6551724137931 39.0 247.0 0.0 208.0 22249.0 
554.0099869082425 89.6551724137931 39.0 247.0 0.0 208.0 22249.0 
556.0099869082425 89.6551724137931 41.0 249.0 0.0 208.0 22249.0 
558.0099869082425 89.74358974358975 41.0 250.0 0.0 210.0 22455.0 
560.0099869082425 89.74358974358975 41.0 251.0 0.0 210.0 22455.0 
562.0099869082425 89.74358974358975 42.0 253.0 0.0 210.0 22455.0 
564.0099869082425 90.17094017094017 43.0 253.0 0.0 211.0 22557.0 
566.0099869082425 89.83050847457628 43.0 255.0 0.0 212.0 22660.0 
568.0099869082425 89.83050847457628 44.0 256.0 0.0 212.0 22660.0 
570.0099869082425 90.67796610169492 43.0 256.0 0.0 214.0 22997.0 
572.0099869082425 90.67796610169492 42.0 256.0 0.0 214.0 22997.0 
574.0099869082425 91.10169491525423 43.0 257.0 0.0 215.0 23099.0 
576.0099869082425 91.52542372881356 45.0 261.0 0.0 216.0 23201.0 
578.0099869082425 91.94915254237289 44.0 261.0 0.0 217.0 23304.0 
580.0099869082425 92.3728813559322 43.0 261.0 0.0 218.0 23407.0 
582.0099869082425 92.3728813559322 44.0 263.0 0.0 218.0 23407.0 
584.0036598700513 93.22033898305085 44.0 264.0 0.0 220.0 23829.0 
586.0099869082425 93.22033898305085 45.0 265.0 0.0 220.0 23829.0 
588.0099869082425 94.0677966101695 45.0 265.0 0.0 222.0 24034.0 
590.0099869082425 94.91525423728814 43.0 266.0 0.0 224.0 24240.0 
592.0099869082425 94.91525423728814 43.0 268.0 0.0 224.0 24240.0 
594.0099869082425 95.33898305084746 44.0 268.0 0.0 225.0 24342.0 
596.0099869082425 96.18644067796609 43.0 268.0 0.0 227.0 24547.0 
598.0099869082425 96.18644067796609 41.0 269.0 0.0 227.0 24547.0 
600.0099869082425 96.18644067796609 42.0 269.0 0.0 227.0 24547.0 
602.0099869082425 96.18644067796609 44.0 271.0 0.0 227.0 24547.0 
604.0099869082425 96.61016949152543 44.0 273.0 0.0 228.0 24650.0 
606.0099869082425 96.61016949152543 46.0 275.0 0.0 228.0 24650.0 
608.0099869082425 96.61016949152543 48.0 276.0 0.0 228.0 24650.0 
610.0099869082425 96.61016949152543 48.0 276.0 0.0 228.0 24650.0 
612.0099869082425 97.45762711864408 48.0 277.0 0.0 230.0 24855.0 
614.0099869082425 97.05882352941177 47.0 278.0 0.0 231.0 25459.0 
616.0099869082425 97.05882352941177 47.0 278.0 0.0 231.0 25459.0 
618.0099869082425 97.89915966386555 46.0 278.0 0.0 233.0 25664.0 
620.0099869082425 97.89915966386555 46.0 279.0 0.0 233.0 25664.0 
622.0099869082425 98.73949579831931 46.0 280.0 0.0 235.0 25870.0 
624.0099869082425 98.73949579831931 45.0 280.0 0.0 235.0 25870.0 
626.0099869082425 98.73949579831931 46.0 281.0 0.0 235.0 25870.0 
628.0099869082425 98.73949579831931 46.0 282.0 0.0 235.0 25870.0 
630.0099869082425 98.73949579831931 48.0 283.0 0.0 235.0 25870.0 
632.0099869082425 98.73949579831931 48.0 283.0 0.0 235.0 25870.0 
634.0099869082425 99.15966386554621 48.0 283.0 0.0 236.0 25972.0 
636.0099869082425 99.5798319327731 48.0 284.0 0.0 237.0 26074.0 
638.0099869082425 99.5798319327731 47.0 284.0 0.0 237.0 26074.0 
640.0099869082425 99.16666666666666 46.0 284.0 0.0 238.0 26177.0 
642.0099869082425 99.16666666666666 46.0 284.0 0.0 238.0 26177.0 
644.0099869082425 99.16666666666666 47.0 285.0 0.0 238.0 26177.0 
646.0099869082425 99.16666666666666 47.0 285.0 0.0 238.0 26177.0 
648.0099869082425 99.16666666666666 48.0 286.0 0.0 238.0 26177.0 
650.0099869082425 99.16666666666666 48.0 286.0 0.0 238.0 26177.0 
652.0099869082425 100.0 47.0 286.0 0.0 240.0 26382.0 
654.0099869082425 100.41666666666666 46.0 287.0 0.0 241.0 26485.0 
656.0099869082425 100.41666666666666 46.0 287.0 0.0 241.0 26485.0 
658.0099869082425 101.25 46.0 287.0 0.0 243.0 26690.0 
660.0099869082425 101.66666666666666 44.0 288.0 0.0 244.0 26792.0 
662.0099869082425 102.08333333333334 45.0 289.0 0.0 245.0 26895.0 
664.0099869082425 102.5 44.0 289.0 0.0 246.0 27358.0 
666.0099869082425 102.91666666666666 43.0 290.0 0.0 247.0 27461.0 
668.0099869082425 103.75 42.0 291.0 0.0 249.0 27666.0 
670.0099869082425 104.16666666666666 42.0 293.0 0.0 250.0 27768.0 
672.0099869082425 104.16666666666666 44.0 294.0 0.0 250.0 27768.0 
674.0099869082425 104.16666666666666 44.0 294.0 0.0 250.0 27768.0 
676.0099869082425 104.58333333333334 47.0 298.0 0.0 251.0 27870.0 
678.0099869082425 106.25 47.0 300.0 0.0 255.0 28279.0 
680.0099869082425 106.25 45.0 300.0 0.0 255.0 28279.0 
682.0099869082425 106.66666666666666 44.0 301.0 0.0 256.0 28537.0 
684.0099869082425 107.08333333333334 45.0 301.0 0.0 257.0 28640.0 
686.0099869082425 107.5 45.0 304.0 0.0 258.0 28743.0 
688.0099869082425 108.33333333333334 45.0 304.0 0.0 260.0 28947.0 
690.0099869082425 108.33333333333334 46.0 306.0 0.0 260.0 28947.0 
692.0099869082425 108.33333333333334 46.0 306.0 0.0 260.0 28947.0 
694.0099869082425 108.75 46.0 306.0 0.0 261.0 29049.0 
696.0099869082425 109.16666666666666 44.0 306.0 0.0 262.0 29152.0 
698.0099869082425 109.16666666666666 45.0 308.0 0.0 262.0 29152.0 
700.0099869082425 109.16666666666666 47.0 309.0 0.0 262.0 29152.0 
702.0099869082425 109.16666666666666 47.0 309.0 0.0 262.0 29152.0 
704.0099869082425 108.19672131147541 47.0 310.0 0.0 264.0 29690.0 
706.0099869082425 108.60655737704919 47.0 312.0 0.0 265.0 29792.0 
708.0099869082425 109.42622950819671 46.0 312.0 0.0 267.0 29998.0 
710.0099869082425 110.24590163934427 45.0 313.0 0.0 269.0 30203.0 
712.0099869082425 110.24590163934427 44.0 313.0 0.0 269.0 30203.0 
714.0099869082425 110.65573770491804 44.0 313.0 0.0 270.0 30305.0 
716.0099869082425 110.65573770491804 43.0 313.0 0.0 270.0 30305.0 
718.0099869082425 111.47540983606558 42.0 313.0 0.0 272.0 30536.0 
720.0099869082425 111.47540983606558 41.0 313.0 0.0 272.0 30536.0 
722.0099869082425 111.88524590163935 40.0 313.0 0.0 273.0 30638.0 
724.0099869082425 111.88524590163935 42.0 315.0 0.0 273.0 30638.0 
726.0099869082425 113.11475409836065 41.0 316.0 0.0 276.0 30866.0 
728.0099869082425 113.11475409836065 41.0 317.0 0.0 276.0 30866.0 
730.0099869082425 113.11475409836065 41.0 317.0 0.0 276.0 30866.0 
732.0099869082425 113.9344262295082 42.0 319.0 0.0 278.0 31072.0 
734.0099869082425 113.9344262295082 41.0 319.0 0.0 278.0 31072.0 
736.0099869082425 113.9344262295082 43.0 321.0 0.0 278.0 31072.0 
738.0099869082425 114.34426229508196 42.0 321.0 0.0 279.0 31174.0 
740.0099869082425 114.34426229508196 42.0 322.0 0.0 279.0 31174.0 
742.0099869082425 114.34426229508196 44.0 323.0 0.0 279.0 31174.0 
744.0099869082425 114.34426229508196 45.0 324.0 0.0 279.0 31174.0 
746.0099869082425 114.75409836065573 44.0 325.0 0.0 280.0 31276.0 
748.0099869082425 114.75409836065573 45.0 325.0 0.0 280.0 31276.0 
750.0099869082425 115.1639344262295 45.0 325.0 0.0 281.0 31379.0 
752.0099869082425 115.1639344262295 45.0 326.0 0.0 281.0 31379.0 
754.0099869082425 115.1639344262295 45.0 326.0 0.0 281.0 31379.0 
756.0099869082425 115.57377049180329 45.0 326.0 0.0 282.0 31482.0 
758.0099869082425 115.57377049180329 46.0 328.0 0.0 282.0 31482.0 
760.0099869082425 115.57377049180329 48.0 330.0 0.0 282.0 31482.0 
762.0099869082425 115.98360655737706 51.0 333.0 0.0 283.0 31584.0 
764.0099869082425 116.80327868852459 50.0 333.0 0.0 285.0 31888.0 
766.0099869082425 116.80327868852459 48.0 333.0 0.0 285.0 31888.0 
768.0099869082425 117.21311475409837 48.0 333.0 0.0 286.0 31990.0 
770.0099869082425 117.21311475409837 47.0 334.0 0.0 286.0 31990.0 
772.0099869082425 118.0327868852459 47.0 335.0 0.0 288.0 32195.0 
774.0099869082425 118.85245901639345 47.0 336.0 0.0 290.0 32400.0 
776.0099869082425 118.85245901639345 47.0 337.0 0.0 290.0 32400.0 
778.0099869082425 120.49180327868854 45.0 340.0 0.0 294.0 32808.0 
780.0099869082425 120.90163934426228 45.0 340.0 0.0 295.0 32910.0 
782.0099869082425 120.90163934426228 46.0 341.0 0.0 295.0 32910.0 
784.0099869082425 120.90163934426228 46.0 341.0 0.0 295.0 32910.0 
786.0099869082425 121.31147540983606 45.0 341.0 0.0 296.0 33013.0 
788.0099869082425 122.1311475409836 45.0 341.0 0.0 298.0 33217.0 
790.0099869082425 122.54098360655739 43.0 342.0 0.0 299.0 33320.0 
792.0099869082425 123.36065573770492 44.0 344.0 0.0 301.0 33524.0 
794.0099869082425 123.36065573770492 44.0 345.0 0.0 301.0 33524.0 
796.0099869082425 123.36065573770492 46.0 347.0 0.0 301.0 33524.0 
798.0099869082425 123.36065573770492 46.0 347.0 0.0 301.0 33524.0 
800.0099869082425 123.7704918032787 46.0 348.0 0.0 302.0 33626.0 
802.0099869082425 124.59016393442623 45.0 349.0 0.0 304.0 33831.0 
804.0099869082425 124.59016393442623 45.0 349.0 0.0 304.0 33831.0 
806.0099869082425 125.0 46.0 350.0 0.0 305.0 33934.0 
808.0099869082425 125.40983606557377 46.0 352.0 0.0 306.0 34036.0 
810.0099869082425 125.81967213114756 46.0 354.0 0.0 307.0 34139.0 
812.0099869082425 126.63934426229508 46.0 354.0 0.0 309.0 34428.0 
814.0099869082425 126.63934426229508 45.0 354.0 0.0 309.0 34428.0 
816.0099869082425 126.63934426229508 45.0 354.0 0.0 309.0 34428.0 
818.0099869082425 126.63934426229508 46.0 355.0 0.0 309.0 34428.0 
820.0099869082425 126.63934426229508 47.0 356.0 0.0 309.0 34428.0 
822.0099869082425 126.63934426229508 47.0 356.0 0.0 309.0 34428.0 
824.0099869082425 126.63934426229508 47.0 356.0 0.0 309.0 34428.0 
826.0099869082425 127.45901639344261 47.0 358.0 0.0 311.0 34632.0 
828.0099869082425 127.45901639344261 47.0 358.0 0.0 311.0 34632.0 
830.0099869082425 127.8688524590164 47.0 358.0 0.0 312.0 34734.0 
832.0099869082425 127.8688524590164 47.0 359.0 0.0 312.0 34734.0 
834.0099869082425 128.68852459016392 46.0 359.0 0.0 314.0 34939.0 
836.0099869082425 128.68852459016392 45.0 360.0 0.0 314.0 34939.0 
838.0099869082425 129.50819672131146 46.0 360.0 0.0 316.0 35144.0 
840.0099869082425 129.50819672131146 45.0 361.0 0.0 316.0 35144.0 
842.0099869082425 129.50819672131146 45.0 361.0 0.0 316.0 35144.0 
844.0099869082425 130.327868852459 46.0 363.0 0.0 318.0 35350.0 
846.0099869082425 130.7377049180328 45.0 364.0 0.0 319.0 35452.0 
848.0099869082425 130.7377049180328 45.0 364.0 0.0 319.0 35452.0 
850.0099869082425 130.7377049180328 45.0 364.0 0.0 319.0 35452.0 
852.0099869082425 130.7377049180328 45.0 364.0 0.0 319.0 35452.0 
854.0099869082425 131.14754098360658 44.0 364.0 0.0 320.0 35554.0 
856.0099869082425 131.14754098360658 45.0 365.0 0.0 320.0 35554.0 
858.0099869082425 131.14754098360658 45.0 365.0 0.0 320.0 35554.0 
860.0099869082425 131.96721311475412 46.0 366.0 0.0 322.0 35759.0 
862.0099869082425 132.78688524590163 43.0 367.0 0.0 324.0 35963.0 
864.0099869082425 134.01639344262293 42.0 367.0 0.0 327.0 36270.0 
866.0099869082425 134.01639344262293 40.0 367.0 0.0 327.0 36270.0 
868.0099869082425 134.01639344262293 40.0 367.0 0.0 327.0 36270.0 
870.0099869082425 134.01639344262293 40.0 367.0 0.0 327.0 36270.0 
872.0099869082425 134.01639344262293 40.0 367.0 0.0 327.0 36270.0 
874.0099869082425 134.8360655737705 39.0 368.0 0.0 329.0 36475.0 
876.0099869082425 135.24590163934425 39.0 368.0 0.0 330.0 36577.0 
878.0099869082425 135.65573770491804 38.0 369.0 0.0 331.0 36679.0 
880.0099869082425 136.0655737704918 39.0 370.0 0.0 332.0 36782.0 
882.0099869082425 136.88524590163934 37.0 370.0 0.0 334.0 37169.0 
884.0099869082425 137.2950819672131 36.0 371.0 0.0 335.0 37272.0 
886.0099869082425 137.2950819672131 41.0 377.0 0.0 335.0 37272.0 
888.0099869082425 137.2950819672131 45.0 380.0 0.0 335.0 37272.0 
890.0099869082425 137.2950819672131 45.0 380.0 0.0 335.0 37272.0 
892.0099869082425 137.7049180327869 44.0 380.0 0.0 336.0 37374.0 
894.0099869082425 138.11475409836066 45.0 381.0 0.0 337.0 37476.0 
896.0099869082425 138.52459016393442 43.0 382.0 0.0 338.0 37578.0 
898.0099869082425 138.21138211382112 44.0 383.0 0.0 340.0 38520.0 
900.0099869082425 138.21138211382112 44.0 384.0 0.0 340.0 38520.0 
#####################################################################
# End of data export. Simulation finished at: 2020-01-26T18:36+0000 #
#####################################################################
