#####################################################################
# Alchemist log file - simulation started at: 2020-02-21T01:01+0000 #
#####################################################################
# seed = 97.0, taskFrequency = 0.01778, cloudcost = 0.0, algorithm = true
#
# The columns have the following meaning: 
# time taskHops[Mean] hasTask[Sum] tasks[Sum] completedTasks[Sum] giveupTasks[Sum] taskLatency[Sum] 
0.0 NaN 0.0 0.0 0.0 0.0 0.0 
2.009389358947394 NaN 1.0 1.0 0.0 0.0 0.0 
4.009389358947394 NaN 3.0 5.0 0.0 0.0 0.0 
6.009389358947394 NaN 6.0 6.0 0.0 0.0 0.0 
8.009389358947395 NaN 8.0 9.0 0.0 0.0 0.0 
10.009389358947395 NaN 11.0 12.0 0.0 0.0 0.0 
12.009389358947395 NaN 14.0 14.0 0.0 0.0 0.0 
14.009389358947395 NaN 17.0 18.0 0.0 0.0 0.0 
16.009389358947395 2.0 18.0 20.0 1.0 0.0 14.0 
18.009389358947395 1.5 23.0 25.0 2.0 0.0 28.0 
20.009389358947395 1.8 27.0 31.0 5.0 0.0 70.0 
22.009389358947395 2.0 31.0 36.0 6.0 0.0 89.0 
24.009389358947395 2.0 31.0 39.0 9.0 0.0 141.0 
26.009389358947395 1.9 33.0 44.0 10.0 0.0 154.0 
28.009389358947395 1.7692307692307692 34.0 45.0 13.0 0.0 202.0 
30.009389358947395 1.8666666666666667 38.0 51.0 15.0 0.0 234.0 
32.009389358947395 1.8666666666666667 40.0 56.0 15.0 0.0 234.0 
34.009389358947395 1.85 44.0 61.0 20.0 0.0 335.0 
36.009389358947395 1.8181818181818181 43.0 64.0 22.0 0.0 376.0 
38.009389358947395 1.76 42.0 66.0 25.0 0.0 431.0 
40.009389358947395 1.7407407407407407 41.0 68.0 27.0 0.0 467.0 
42.009389358947395 1.793103448275862 41.0 69.0 29.0 0.0 504.0 
44.009389358947395 1.7666666666666666 40.0 71.0 30.0 0.0 518.0 
46.009389358947395 1.71875 40.0 72.0 32.0 0.0 564.0 
48.009389358947395 1.7142857142857142 41.0 76.0 35.0 0.0 609.0 
50.009389358947395 1.763157894736842 41.0 80.0 39.0 0.0 666.0 
52.00507440956979 1.763157894736842 44.0 84.0 39.0 0.0 666.0 
54.009389358947395 1.725 47.0 89.0 41.0 0.0 713.0 
56.009389358947395 1.725 50.0 91.0 41.0 0.0 713.0 
58.009389358947395 1.7857142857142858 51.0 94.0 43.0 0.0 759.0 
60.009389358947395 1.8604651162790697 51.0 95.0 44.0 0.0 792.0 
62.009389358947395 1.8636363636363638 50.0 97.0 45.0 0.0 805.0 
64.0093893589474 1.826086956521739 53.0 98.0 47.0 0.0 835.0 
66.0093893589474 1.851063829787234 52.0 99.0 48.0 0.0 864.0 
68.0093893589474 1.8775510204081631 51.0 100.0 50.0 0.0 921.0 
70.0093893589474 1.9183673469387754 50.0 102.0 51.0 0.0 935.0 
72.0093893589474 1.9 52.0 103.0 52.0 0.0 953.0 
74.0093893589474 1.9019607843137254 53.0 107.0 53.0 0.0 968.0 
76.0093893589474 1.923076923076923 54.0 109.0 54.0 0.0 984.0 
78.0093893589474 1.9433962264150941 54.0 112.0 56.0 0.0 1022.0 
80.0093893589474 2.0 57.0 114.0 58.0 0.0 1088.0 
82.0093893589474 2.0727272727272728 55.0 116.0 61.0 0.0 1181.0 
84.0093893589474 2.090909090909091 57.0 118.0 62.0 0.0 1203.0 
86.0093893589474 2.090909090909091 58.0 121.0 62.0 0.0 1203.0 
88.0093893589474 2.090909090909091 61.0 126.0 62.0 0.0 1203.0 
90.0093893589474 2.090909090909091 65.0 127.0 62.0 0.0 1203.0 
92.0093893589474 2.107142857142857 65.0 129.0 63.0 0.0 1222.0 
94.0093893589474 2.107142857142857 69.0 134.0 63.0 0.0 1222.0 
96.0093893589474 2.1578947368421053 72.0 136.0 64.0 0.0 1289.0 
98.0093893589474 2.135593220338983 73.0 137.0 66.0 0.0 1324.0 
100.0093893589474 2.15 70.0 138.0 68.0 0.0 1375.0 
102.0093893589474 2.15 71.0 140.0 68.0 0.0 1375.0 
104.0093893589474 2.15 74.0 143.0 68.0 0.0 1375.0 
106.0093893589474 2.15 75.0 143.0 68.0 0.0 1375.0 
108.0093893589474 2.216666666666667 74.0 143.0 70.0 0.0 1426.0 
110.0093893589474 2.225806451612903 72.0 144.0 72.0 0.0 1464.0 
112.0093893589474 2.225806451612903 72.0 144.0 72.0 0.0 1464.0 
114.0093893589474 2.225806451612903 73.0 146.0 72.0 0.0 1464.0 
116.0093893589474 2.3015873015873014 74.0 146.0 75.0 0.0 1558.0 
118.0093893589474 2.292307692307692 72.0 148.0 77.0 1.0 1689.0 
120.0093893589474 2.2238805970149254 69.0 148.0 77.0 5.0 1969.0 
122.0093893589474 2.106666666666667 63.0 149.0 78.0 13.0 2689.0 
124.0093893589474 2.0125 54.0 151.0 79.0 19.0 3095.0 
126.0093893589474 2.024390243902439 53.0 152.0 81.0 20.0 3214.0 
128.0093893589474 2.0240963855421685 49.0 152.0 82.0 21.0 3355.0 
130.0093893589474 2.0 49.0 155.0 82.0 23.0 3457.0 
132.0093893589474 1.988235294117647 50.0 156.0 83.0 24.0 3502.0 
134.0093893589474 1.9540229885057472 49.0 158.0 83.0 27.0 3786.0 
136.0093893589474 1.9438202247191012 50.0 161.0 84.0 29.0 4023.0 
138.0093893589474 1.967032967032967 44.0 161.0 86.0 33.0 4339.0 
140.0093893589474 1.967032967032967 43.0 164.0 86.0 34.0 4345.0 
142.0093893589474 1.989010989010989 44.0 165.0 87.0 35.0 4464.0 
144.0093893589474 1.946808510638298 43.0 166.0 88.0 37.0 4694.0 
146.0093893589474 1.90625 40.0 167.0 88.0 41.0 5030.0 
148.0093893589474 1.9479166666666665 40.0 170.0 89.0 42.0 5108.0 
150.0093893589474 1.9278350515463916 38.0 173.0 89.0 44.0 5312.0 
152.0093893589474 1.8800000000000001 42.0 176.0 89.0 49.0 5551.0 
154.0093893589474 1.892156862745098 38.0 178.0 90.0 53.0 5758.0 
156.0093893589474 1.8737864077669901 34.0 178.0 90.0 55.0 5871.0 
158.0093893589474 1.8846153846153846 33.0 180.0 91.0 58.0 6056.0 
160.0093893589474 1.9238095238095236 34.0 184.0 92.0 59.0 6177.0 
162.0093893589474 1.9433962264150941 34.0 186.0 93.0 60.0 6214.0 
164.0093893589474 1.9433962264150941 35.0 188.0 93.0 60.0 6214.0 
166.0093893589474 1.9433962264150941 36.0 191.0 93.0 60.0 6214.0 
168.0093893589474 1.971698113207547 37.0 192.0 95.0 61.0 6253.0 
170.0093893589474 1.990566037735849 36.0 193.0 96.0 62.0 6282.0 
172.0093893589474 2.0 38.0 196.0 97.0 62.0 6295.0 
174.0093893589474 2.009433962264151 37.0 198.0 98.0 64.0 6332.0 
176.0093893589474 2.009433962264151 38.0 201.0 98.0 64.0 6332.0 
178.0093893589474 1.9814814814814816 38.0 202.0 99.0 67.0 6661.0 
180.0093893589474 1.9724770642201834 35.0 202.0 100.0 70.0 6772.0 
182.0093893589474 1.990909090909091 31.0 204.0 102.0 71.0 6915.0 
184.0093893589474 2.0272727272727273 30.0 206.0 103.0 72.0 6991.0 
186.0093893589474 2.0272727272727273 33.0 208.0 103.0 72.0 6991.0 
188.0093893589474 2.0272727272727273 36.0 211.0 103.0 73.0 7032.0 
190.0093893589474 1.9910714285714284 34.0 211.0 103.0 76.0 7338.0 
192.0093893589474 2.0089285714285716 34.0 218.0 104.0 77.0 7455.0 
194.0093893589474 1.9824561403508774 36.0 220.0 105.0 80.0 7569.0 
196.0093893589474 1.9652173913043476 36.0 223.0 105.0 82.0 7680.0 
198.0093893589474 1.973913043478261 36.0 223.0 105.0 83.0 7782.0 
200.0093893589474 2.0086956521739134 36.0 224.0 107.0 83.0 7820.0 
202.0093893589474 2.034782608695652 33.0 224.0 108.0 83.0 7839.0 
204.0093893589474 2.034782608695652 33.0 224.0 108.0 83.0 7839.0 
206.0093893589474 2.0172413793103448 34.0 226.0 108.0 84.0 7864.0 
208.00062664471542 2.025862068965517 32.0 228.0 109.0 86.0 7914.0 
210.0093893589474 2.025862068965517 34.0 231.0 109.0 86.0 7914.0 
212.0093893589474 2.025862068965517 36.0 231.0 109.0 86.0 7914.0 
214.0093893589474 2.034188034188034 37.0 232.0 110.0 87.0 8038.0 
216.0093893589474 2.034188034188034 37.0 235.0 110.0 87.0 8038.0 
218.0093893589474 2.094017094017094 38.0 240.0 112.0 88.0 8076.0 
220.0093893589474 2.111111111111111 41.0 243.0 113.0 88.0 8099.0 
222.0093893589474 2.136752136752137 43.0 245.0 114.0 89.0 8250.0 
224.0093893589474 2.153846153846154 42.0 246.0 116.0 90.0 8392.0 
226.0093893589474 2.1623931623931627 41.0 248.0 117.0 90.0 8408.0 
228.0093893589474 2.2051282051282053 42.0 252.0 119.0 90.0 8447.0 
230.0093893589474 2.2393162393162394 43.0 253.0 120.0 90.0 8492.0 
232.0093893589474 2.2820512820512824 42.0 254.0 121.0 92.0 8645.0 
234.0093893589474 2.307692307692308 40.0 255.0 123.0 93.0 8771.0 
236.0093893589474 2.307692307692308 43.0 259.0 123.0 93.0 8771.0 
238.0093893589474 2.316239316239316 43.0 260.0 124.0 93.0 8793.0 
240.0093893589474 2.333333333333333 46.0 263.0 125.0 94.0 8907.0 
242.0093893589474 2.35042735042735 44.0 263.0 126.0 94.0 8924.0 
244.0093893589474 2.35042735042735 44.0 265.0 126.0 94.0 8924.0 
246.0093893589474 2.4017094017094016 42.0 267.0 129.0 95.0 9088.0 
248.0093893589474 2.4017094017094016 44.0 270.0 129.0 96.0 9117.0 
250.0093893589474 2.452991452991453 46.0 274.0 131.0 97.0 9214.0 
252.0093893589474 2.4615384615384617 46.0 276.0 132.0 99.0 9336.0 
254.0093893589474 2.4661016949152543 49.0 285.0 133.0 103.0 9545.0 
256.0093893589474 2.4915254237288136 50.0 287.0 134.0 103.0 9548.0 
258.0093893589474 2.5 49.0 289.0 135.0 103.0 9561.0 
260.0093893589474 2.5 53.0 292.0 135.0 103.0 9561.0 
262.0093893589474 2.584745762711864 53.0 294.0 137.0 104.0 9723.0 
264.0093893589474 2.610169491525424 54.0 296.0 138.0 105.0 9845.0 
266.0093893589474 2.61864406779661 54.0 297.0 139.0 105.0 9858.0 
268.0093893589474 2.6949152542372885 52.0 299.0 143.0 109.0 10124.0 
270.0093893589474 2.711864406779661 45.0 301.0 144.0 113.0 10257.0 
272.0093893589474 2.7457627118644066 45.0 304.0 146.0 114.0 10397.0 
274.0093893589474 2.7542372881355934 45.0 305.0 147.0 114.0 10411.0 
276.0093893589474 2.7310924369747895 45.0 307.0 147.0 115.0 10512.0 
278.0093893589474 2.708333333333333 44.0 307.0 147.0 116.0 10614.0 
280.0093893589474 2.75 43.0 307.0 148.0 117.0 10662.0 
282.0093893589474 2.75 43.0 309.0 148.0 117.0 10662.0 
284.0093893589474 2.783333333333333 44.0 310.0 150.0 117.0 10697.0 
286.0093893589474 2.858333333333333 43.0 312.0 152.0 117.0 10778.0 
288.0093893589474 2.908333333333333 41.0 312.0 154.0 120.0 10981.0 
290.0093893589474 2.966666666666667 37.0 313.0 156.0 120.0 11030.0 
292.0093893589474 2.966666666666667 38.0 314.0 156.0 120.0 11030.0 
294.0093893589474 2.9916666666666663 38.0 315.0 156.0 122.0 11143.0 
296.0093893589474 3.016666666666667 39.0 317.0 157.0 122.0 11174.0 
298.0093893589474 3.0247933884297518 41.0 322.0 158.0 123.0 11322.0 
300.0093893589474 3.0247933884297518 43.0 324.0 158.0 124.0 11423.0 
302.0093893589474 3.0247933884297518 45.0 327.0 158.0 125.0 11427.0 
304.0093893589474 3.0413223140495864 45.0 330.0 160.0 125.0 11462.0 
306.0093893589474 3.066115702479339 46.0 333.0 162.0 125.0 11483.0 
308.0093893589474 3.0826446280991733 46.0 333.0 163.0 125.0 11509.0 
310.0093893589474 3.0826446280991733 48.0 337.0 163.0 125.0 11509.0 
312.0093893589474 3.0826446280991733 51.0 340.0 163.0 126.0 11554.0 
314.0093893589474 3.165289256198347 52.0 342.0 166.0 128.0 11697.0 
316.0093893589474 3.1885245901639343 47.0 347.0 170.0 129.0 11765.0 
318.0093893589474 3.1885245901639343 50.0 349.0 170.0 129.0 11765.0 
320.0093893589474 3.2049180327868854 49.0 350.0 171.0 133.0 11969.0 
322.0093893589474 3.1951219512195124 45.0 352.0 172.0 136.0 12295.0 
324.0093893589474 3.1839999999999993 44.0 355.0 173.0 139.0 12575.0 
326.0093893589474 3.224 42.0 355.0 176.0 140.0 12736.0 
328.0093893589474 3.224 40.0 357.0 176.0 141.0 12747.0 
330.0093893589474 3.3120000000000003 37.0 360.0 179.0 142.0 12847.0 
332.0093893589474 3.3120000000000003 40.0 361.0 179.0 144.0 13050.0 
334.0093893589474 3.32 39.0 364.0 180.0 147.0 13122.0 
336.0093893589474 3.3280000000000003 36.0 366.0 181.0 148.0 13237.0 
338.0093893589474 3.384 35.0 369.0 182.0 149.0 13362.0 
340.0093893589474 3.3920000000000003 37.0 370.0 182.0 154.0 13592.0 
342.0093893589474 3.3920000000000003 36.0 372.0 182.0 154.0 13592.0 
344.0093893589474 3.5119999999999996 36.0 374.0 186.0 154.0 13752.0 
346.0093893589474 3.528 36.0 378.0 187.0 154.0 13793.0 
348.0093893589474 3.5439999999999996 37.0 378.0 187.0 155.0 13821.0 
350.0093893589474 3.5439999999999996 36.0 380.0 187.0 156.0 13878.0 
352.0093893589474 3.56 37.0 381.0 188.0 156.0 13907.0 
354.0093893589474 3.584 38.0 383.0 189.0 157.0 13983.0 
356.0093893589474 3.616 36.0 384.0 189.0 161.0 14389.0 
358.0093893589474 3.616 36.0 387.0 189.0 164.0 14424.0 
360.0093893589474 3.656 33.0 388.0 191.0 165.0 14466.0 
362.0093893589474 3.696 35.0 392.0 195.0 165.0 14540.0 
364.0093893589474 3.768 32.0 395.0 198.0 167.0 14761.0 
366.0093893589474 3.768 33.0 400.0 198.0 173.0 14918.0 
368.0093893589474 3.776 31.0 403.0 199.0 173.0 14932.0 
370.0093893589474 3.8 33.0 407.0 201.0 174.0 15081.0 
372.0093893589474 3.808 31.0 408.0 202.0 175.0 15149.0 
374.0093893589474 3.808 33.0 410.0 202.0 175.0 15149.0 
376.0093893589474 3.8480000000000003 32.0 411.0 204.0 175.0 15188.0 
378.0093893589474 3.856 34.0 415.0 205.0 175.0 15205.0 
380.0093893589474 3.8880000000000003 34.0 417.0 207.0 175.0 15235.0 
382.0093893589474 3.8880000000000003 36.0 418.0 207.0 175.0 15235.0 
384.0093893589474 3.8880000000000003 44.0 426.0 207.0 175.0 15235.0 
386.0093893589474 3.9520000000000004 46.0 429.0 209.0 175.0 15300.0 
388.0093893589474 4.0 45.0 430.0 211.0 175.0 15338.0 
390.0093893589474 4.024 46.0 432.0 213.0 175.0 15365.0 
392.0093893589474 4.032 45.0 433.0 214.0 175.0 15365.0 
394.0093893589474 4.032 46.0 435.0 214.0 175.0 15365.0 
396.0093893589474 4.04 47.0 437.0 215.0 175.0 15386.0 
398.0093893589474 4.08 45.0 438.0 218.0 175.0 15443.0 
400.0093893589474 4.08 46.0 440.0 218.0 175.0 15443.0 
402.0093893589474 4.08 49.0 442.0 218.0 175.0 15443.0 
404.0093893589474 4.168 47.0 444.0 222.0 175.0 15540.0 
406.0093893589474 4.192 46.0 444.0 223.0 175.0 15559.0 
408.0093893589474 4.192 49.0 448.0 223.0 175.0 15559.0 
410.0093893589474 4.192 52.0 450.0 223.0 175.0 15559.0 
412.0093893589474 4.215999999999999 53.0 452.0 225.0 178.0 15842.0 
414.0093893589474 4.264 47.0 453.0 228.0 182.0 16219.0 
416.0093893589474 4.303999999999999 43.0 453.0 229.0 182.0 16248.0 
418.0093893589474 4.336 43.0 455.0 229.0 184.0 16395.0 
420.0093893589474 4.343999999999999 40.0 455.0 230.0 187.0 16521.0 
422.0093893589474 4.36 39.0 459.0 232.0 187.0 16555.0 
424.0093893589474 4.36 40.0 460.0 232.0 187.0 16555.0 
426.0093893589474 4.4079999999999995 41.0 461.0 234.0 187.0 16600.0 
428.0093893589474 4.4079999999999995 41.0 462.0 234.0 187.0 16600.0 
430.0093893589474 4.4319999999999995 42.0 465.0 235.0 187.0 16622.0 
432.0093893589474 4.488 43.0 469.0 238.0 188.0 16793.0 
434.0093893589474 4.488 45.0 472.0 238.0 189.0 16794.0 
436.0020231502259 4.536 45.0 473.0 239.0 190.0 16929.0 
438.0093893589474 4.536 44.0 473.0 239.0 190.0 16929.0 
440.0093893589474 4.5680000000000005 41.0 474.0 241.0 191.0 17009.0 
442.0093893589474 4.608 41.0 477.0 242.0 194.0 17086.0 
444.0093893589474 4.608 42.0 478.0 242.0 194.0 17086.0 
446.0093893589474 4.608 43.0 479.0 242.0 195.0 17187.0 
448.0093893589474 4.6240000000000006 43.0 481.0 243.0 198.0 17382.0 
450.0093893589474 4.632000000000001 39.0 482.0 244.0 199.0 17467.0 
452.0093893589474 4.64 38.0 482.0 245.0 199.0 17538.0 
454.0093893589474 4.64 40.0 485.0 245.0 199.0 17538.0 
456.0093893589474 4.696000000000001 41.0 489.0 248.0 199.0 17601.0 
458.0093893589474 4.720000000000001 43.0 490.0 250.0 199.0 17640.0 
460.0093893589474 4.720000000000001 41.0 492.0 250.0 200.0 17741.0 
462.0093893589474 4.720000000000001 41.0 494.0 250.0 201.0 17742.0 
464.0093893589474 4.752000000000001 45.0 497.0 251.0 201.0 17838.0 
466.0093893589474 4.768 46.0 499.0 252.0 202.0 18051.0 
468.0093893589474 4.784000000000001 47.0 503.0 252.0 206.0 18250.0 
470.0093893589474 4.84 46.0 505.0 253.0 206.0 18337.0 
472.0093893589474 4.872 47.0 511.0 254.0 210.0 18752.0 
474.0093893589474 4.872 47.0 512.0 254.0 213.0 18872.0 
476.0093893589474 4.919999999999999 43.0 514.0 256.0 215.0 18924.0 
478.0093893589474 4.919999999999999 44.0 515.0 256.0 215.0 18924.0 
480.0093893589474 4.919999999999999 43.0 515.0 256.0 217.0 19063.0 
482.0093893589474 4.944 40.0 516.0 257.0 220.0 19168.0 
484.0093893589474 4.968 37.0 516.0 259.0 224.0 19246.0 
486.0093893589474 4.992 34.0 521.0 261.0 226.0 19464.0 
488.0093893589474 4.992 36.0 524.0 261.0 227.0 19477.0 
490.0093893589474 4.992 37.0 526.0 261.0 228.0 19478.0 
492.0093893589474 5.016000000000001 37.0 527.0 262.0 231.0 19684.0 
494.0093893589474 5.032 34.0 529.0 263.0 231.0 19705.0 
496.0093893589474 5.032 36.0 530.0 263.0 231.0 19705.0 
498.0093893589474 5.04 37.0 533.0 264.0 231.0 19749.0 
500.0093893589474 5.064 38.0 534.0 266.0 231.0 19776.0 
502.0093893589474 5.087999999999999 39.0 538.0 268.0 231.0 19804.0 
504.0093893589474 5.136 37.0 539.0 269.0 234.0 20027.0 
506.0093893589474 5.136 39.0 542.0 269.0 234.0 20027.0 
508.0093893589474 5.144 41.0 545.0 270.0 234.0 20041.0 
510.0093893589474 5.183999999999999 41.0 546.0 271.0 234.0 20068.0 
512.0093893589474 5.208 41.0 549.0 273.0 235.0 20208.0 
514.0093893589474 5.208 40.0 551.0 273.0 236.0 20219.0 
516.0093893589474 5.208 43.0 552.0 273.0 236.0 20219.0 
518.0093893589474 5.224 45.0 555.0 274.0 237.0 20340.0 
520.0093893589474 5.232 46.0 558.0 275.0 237.0 20353.0 
522.0093893589474 5.239999999999999 46.0 560.0 276.0 239.0 20477.0 
524.0093893589474 5.239999999999999 46.0 562.0 276.0 242.0 20642.0 
526.0093893589474 5.272 41.0 562.0 279.0 243.0 20738.0 
528.0093893589474 5.272 43.0 566.0 279.0 243.0 20738.0 
530.0093893589474 5.279999999999999 44.0 567.0 280.0 244.0 20852.0 
532.0093893589474 5.32 44.0 570.0 280.0 246.0 20957.0 
534.0093893589474 5.351999999999999 45.0 575.0 280.0 252.0 21269.0 
536.0093893589474 5.416 43.0 580.0 283.0 255.0 21567.0 
538.0093893589474 5.4799999999999995 38.0 581.0 286.0 257.0 21651.0 
540.0093893589474 5.4959999999999996 39.0 583.0 287.0 257.0 21671.0 
542.0093893589474 5.4959999999999996 40.0 584.0 287.0 258.0 21682.0 
544.0093893589474 5.5200000000000005 39.0 584.0 288.0 258.0 21711.0 
546.0093893589474 5.5200000000000005 37.0 585.0 288.0 259.0 21812.0 
548.0093893589474 5.5200000000000005 38.0 587.0 288.0 261.0 21902.0 
550.0093893589474 5.5280000000000005 39.0 589.0 289.0 261.0 21916.0 
552.0093893589474 5.5280000000000005 39.0 591.0 289.0 264.0 22144.0 
554.0093893589474 5.5680000000000005 36.0 593.0 292.0 264.0 22196.0 
556.0093893589474 5.616 38.0 595.0 293.0 265.0 22244.0 
558.0093893589474 5.616 37.0 595.0 293.0 265.0 22244.0 
560.0093893589474 5.64 40.0 599.0 294.0 265.0 22264.0 
562.0005448539079 5.648 42.0 602.0 295.0 265.0 22277.0 
564.0093893589474 5.648 43.0 604.0 295.0 265.0 22277.0 
566.0093893589474 5.664 43.0 606.0 296.0 272.0 22450.0 
568.0093893589474 5.68 43.0 611.0 297.0 273.0 22485.0 
570.0093893589474 5.728 42.0 613.0 299.0 273.0 22549.0 
572.0093893589474 5.728 45.0 618.0 299.0 274.0 22650.0 
574.0093893589474 5.728 44.0 620.0 299.0 276.0 22839.0 
576.0093893589474 5.728 39.0 621.0 299.0 282.0 23134.0 
578.0093893589474 5.728 42.0 624.0 299.0 282.0 23134.0 
580.0093893589474 5.760000000000001 44.0 626.0 300.0 282.0 23154.0 
582.0093893589474 5.784000000000001 45.0 627.0 301.0 282.0 23165.0 
584.0093893589474 5.784000000000001 45.0 630.0 301.0 282.0 23165.0 
586.0093893589474 5.8 46.0 631.0 303.0 282.0 23200.0 
588.0093893589474 5.816000000000001 46.0 634.0 304.0 283.0 23234.0 
590.0093893589474 5.832 48.0 635.0 305.0 283.0 23253.0 
592.0093893589474 5.880000000000001 45.0 636.0 308.0 286.0 23517.0 
594.0093893589474 5.880000000000001 44.0 640.0 308.0 288.0 23558.0 
596.0093893589474 5.896 45.0 641.0 309.0 288.0 23580.0 
598.0093893589474 5.944 45.0 643.0 311.0 288.0 23637.0 
600.0093893589474 5.968 44.0 644.0 312.0 288.0 23657.0 
602.0093893589474 5.976000000000001 45.0 645.0 313.0 288.0 23670.0 
604.0093893589474 5.976000000000001 44.0 646.0 313.0 291.0 23867.0 
606.0093893589474 5.984 42.0 647.0 314.0 292.0 23950.0 
608.0093893589474 6.032 42.0 650.0 315.0 297.0 24257.0 
610.0093893589474 6.04 40.0 653.0 316.0 298.0 24272.0 
612.0093893589474 6.04 41.0 655.0 316.0 298.0 24272.0 
614.0093893589474 6.048 41.0 656.0 317.0 298.0 24293.0 
616.0093893589474 6.056 40.0 657.0 318.0 299.0 24327.0 
618.0093893589474 6.104 40.0 658.0 319.0 299.0 24410.0 
620.0093893589474 6.144 42.0 663.0 320.0 300.0 24530.0 
622.0093893589474 6.16 42.0 665.0 322.0 300.0 24559.0 
624.0002908925536 6.183999999999999 41.0 665.0 323.0 302.0 24677.0 
626.0093893589474 6.208 40.0 668.0 324.0 303.0 24797.0 
628.0093893589474 6.208 43.0 670.0 324.0 304.0 24858.0 
630.0093893589474 6.208 44.0 673.0 324.0 309.0 25136.0 
632.0006215961549 6.208 41.0 674.0 324.0 309.0 25136.0 
634.0093893589474 6.256 40.0 675.0 327.0 312.0 25416.0 
636.0093893589474 6.272 37.0 677.0 328.0 313.0 25455.0 
638.0093893589474 6.32 37.0 680.0 329.0 313.0 25499.0 
640.0093893589474 6.32 39.0 681.0 329.0 313.0 25499.0 
642.0093893589474 6.343999999999999 40.0 683.0 330.0 313.0 25569.0 
644.0093893589474 6.384 40.0 686.0 333.0 315.0 25621.0 
646.0093893589474 6.4 37.0 686.0 334.0 315.0 25688.0 
648.0093893589474 6.4 38.0 688.0 334.0 316.0 25718.0 
650.0093893589474 6.4 38.0 690.0 334.0 319.0 25808.0 
652.0093893589474 6.4 38.0 691.0 334.0 319.0 25808.0 
654.0093893589474 6.4 38.0 693.0 334.0 320.0 25910.0 
656.0093893589474 6.448 37.0 694.0 336.0 324.0 26181.0 
658.0093893589474 6.448 36.0 700.0 336.0 331.0 26351.0 
660.0093893589474 6.448 35.0 703.0 336.0 331.0 26351.0 
662.0093893589474 6.4719999999999995 37.0 707.0 338.0 333.0 26606.0 
664.0093893589474 6.5040000000000004 32.0 709.0 340.0 336.0 26849.0 
666.0093893589474 6.5920000000000005 32.0 711.0 342.0 337.0 26966.0 
668.0093893589474 6.664 33.0 713.0 344.0 338.0 27088.0 
670.008948441459 6.736 32.0 717.0 345.0 341.0 27338.0 
672.0093893589474 6.736 30.0 720.0 345.0 342.0 27355.0 
674.0093893589474 6.736 38.0 726.0 345.0 343.0 27356.0 
676.0093893589474 6.760000000000001 40.0 728.0 347.0 343.0 27394.0 
678.0093893589474 6.84 39.0 732.0 349.0 343.0 27519.0 
680.0093893589474 6.84 41.0 736.0 349.0 344.0 27519.0 
682.0093893589474 6.896 42.0 737.0 352.0 344.0 27558.0 
684.0093893589474 6.896 43.0 740.0 352.0 344.0 27558.0 
686.0093893589474 6.904 48.0 745.0 353.0 345.0 27597.0 
688.0093893589474 6.912000000000001 45.0 746.0 354.0 348.0 27644.0 
690.0093893589474 6.928 45.0 748.0 355.0 348.0 27664.0 
692.0093893589474 6.928 46.0 749.0 355.0 348.0 27664.0 
694.0093893589474 6.928 46.0 750.0 355.0 348.0 27664.0 
696.0093893589474 6.968 46.0 751.0 357.0 348.0 27711.0 
698.0093893589474 7.0 44.0 751.0 358.0 350.0 27864.0 
700.0093893589474 7.048 41.0 753.0 361.0 353.0 28043.0 
702.0085661844251 7.104000000000001 41.0 757.0 363.0 353.0 28092.0 
704.0093893589474 7.104000000000001 43.0 759.0 363.0 353.0 28092.0 
706.0093893589474 7.104000000000001 44.0 760.0 363.0 353.0 28092.0 
708.0093893589474 7.104000000000001 45.0 762.0 363.0 353.0 28092.0 
710.0093893589474 7.128 46.0 763.0 364.0 353.0 28129.0 
712.0093893589474 7.128 48.0 767.0 364.0 353.0 28129.0 
714.0093893589474 7.192 52.0 771.0 368.0 353.0 28189.0 
716.0093893589474 7.192 51.0 773.0 368.0 353.0 28189.0 
718.0093893589474 7.215999999999999 50.0 774.0 370.0 353.0 28254.0 
720.0093893589474 7.215999999999999 51.0 775.0 370.0 354.0 28286.0 
722.0093893589474 7.279999999999999 53.0 779.0 372.0 357.0 28504.0 
724.0093893589474 7.279999999999999 53.0 783.0 372.0 357.0 28504.0 
726.0093893589474 7.279999999999999 54.0 783.0 372.0 358.0 28540.0 
728.0093893589474 7.279999999999999 54.0 784.0 372.0 362.0 28660.0 
730.0093893589474 7.288 52.0 788.0 373.0 363.0 28768.0 
732.0093893589474 7.311999999999999 51.0 790.0 374.0 365.0 28957.0 
734.0093893589474 7.343999999999999 47.0 791.0 375.0 368.0 29145.0 
736.0093893589474 7.36 47.0 791.0 376.0 370.0 29362.0 
738.0093893589474 7.367999999999999 48.0 794.0 377.0 370.0 29382.0 
740.0093893589474 7.392 49.0 797.0 378.0 371.0 29492.0 
742.0093893589474 7.416 49.0 799.0 379.0 372.0 29534.0 
744.0093893589474 7.416 51.0 802.0 379.0 372.0 29534.0 
746.0093893589474 7.4319999999999995 51.0 804.0 379.0 377.0 29949.0 
748.0093893589474 7.4319999999999995 49.0 805.0 379.0 377.0 29949.0 
750.0093893589474 7.448 50.0 807.0 380.0 377.0 29969.0 
752.0093893589474 7.448 51.0 808.0 380.0 377.0 29969.0 
754.0093893589474 7.448 53.0 810.0 380.0 377.0 29969.0 
756.0093893589474 7.488 53.0 811.0 381.0 378.0 30048.0 
758.0093893589474 7.488 53.0 813.0 381.0 378.0 30048.0 
760.0093893589474 7.5280000000000005 56.0 816.0 383.0 378.0 30162.0 
762.0093893589474 7.5600000000000005 53.0 818.0 385.0 379.0 30297.0 
764.0093893589474 7.5600000000000005 55.0 820.0 385.0 383.0 30433.0 
766.0093893589474 7.5600000000000005 53.0 822.0 385.0 383.0 30433.0 
768.0093893589474 7.576 53.0 822.0 385.0 384.0 30534.0 
770.0093893589474 7.5920000000000005 52.0 823.0 387.0 384.0 30622.0 
772.0093893589474 7.5920000000000005 54.0 826.0 387.0 384.0 30622.0 
774.0093893589474 7.5920000000000005 57.0 829.0 387.0 385.0 30724.0 
776.0093893589474 7.5920000000000005 57.0 829.0 387.0 387.0 30843.0 
778.0093893589474 7.5920000000000005 57.0 831.0 387.0 391.0 31038.0 
780.0093893589474 7.5920000000000005 54.0 832.0 387.0 393.0 31240.0 
782.0093893589474 7.648 54.0 836.0 388.0 396.0 31457.0 
784.0093893589474 7.648 54.0 838.0 388.0 396.0 31457.0 
786.0093893589474 7.672 56.0 841.0 390.0 398.0 31712.0 
788.0093893589474 7.672 51.0 842.0 390.0 401.0 31875.0 
790.0093893589474 7.672 52.0 846.0 390.0 402.0 31894.0 
792.0093893589474 7.688000000000001 54.0 846.0 390.0 403.0 31996.0 
794.0093893589474 7.720000000000001 49.0 847.0 391.0 408.0 32281.0 
796.0093893589474 7.720000000000001 49.0 849.0 391.0 408.0 32281.0 
798.0093893589474 7.752000000000001 50.0 849.0 393.0 408.0 32320.0 
800.0093893589474 7.8 49.0 850.0 395.0 408.0 32384.0 
802.0093893589474 7.8 48.0 853.0 395.0 408.0 32384.0 
804.0093893589474 7.8 51.0 854.0 395.0 409.0 32485.0 
806.0093893589474 7.824000000000001 50.0 855.0 397.0 409.0 32522.0 
808.0093893589474 7.84 49.0 857.0 398.0 409.0 32583.0 
810.0093893589474 7.880000000000001 52.0 861.0 400.0 411.0 32649.0 
812.0093893589474 7.880000000000001 51.0 864.0 400.0 412.0 32694.0 
814.0093893589474 7.888000000000001 51.0 865.0 401.0 418.0 33105.0 
816.0093893589474 7.928 48.0 870.0 404.0 420.0 33352.0 
818.0093893589474 7.928 48.0 872.0 404.0 420.0 33352.0 
820.0093893589474 7.928 48.0 872.0 404.0 420.0 33352.0 
822.0093893589474 7.928 49.0 873.0 404.0 421.0 33453.0 
824.0093893589474 8.024 46.0 874.0 407.0 421.0 33494.0 
826.0093893589474 8.072 46.0 876.0 407.0 422.0 33595.0 
828.0093893589474 8.072 48.0 880.0 407.0 423.0 33627.0 
830.0093893589474 8.16 47.0 881.0 410.0 424.0 33800.0 
832.0093893589474 8.2 48.0 883.0 410.0 427.0 34105.0 
834.0093893589474 8.2 44.0 884.0 410.0 431.0 34353.0 
836.0092073632104 8.2 46.0 887.0 410.0 431.0 34353.0 
838.0093893589474 8.216 45.0 890.0 411.0 432.0 34429.0 
840.0093893589474 8.232 46.0 893.0 412.0 434.0 34636.0 
842.0093893589474 8.248000000000001 42.0 895.0 413.0 439.0 34956.0 
844.0093893589474 8.312000000000001 39.0 895.0 415.0 442.0 35104.0 
846.0093893589474 8.32 37.0 895.0 416.0 444.0 35146.0 
848.0093893589474 8.344 37.0 898.0 417.0 445.0 35172.0 
850.0093893589474 8.344 38.0 900.0 417.0 446.0 35172.0 
852.0093893589474 8.344 37.0 902.0 417.0 447.0 35274.0 
854.0093893589474 8.344 38.0 902.0 417.0 449.0 35283.0 
856.0093893589474 8.352 35.0 904.0 418.0 451.0 35336.0 
858.0093893589474 8.384 35.0 906.0 419.0 452.0 35407.0 
860.0093893589474 8.384 36.0 910.0 419.0 454.0 35424.0 
862.0093893589474 8.4 38.0 912.0 420.0 457.0 35692.0 
864.0093893589474 8.4 37.0 915.0 420.0 457.0 35692.0 
866.0093893589474 8.408 38.0 918.0 421.0 459.0 35752.0 
868.0093893589474 8.408 39.0 919.0 421.0 460.0 35759.0 
870.0093893589474 8.408 41.0 923.0 421.0 461.0 35761.0 
872.0093893589474 8.408 41.0 926.0 421.0 466.0 36033.0 
874.0093893589474 8.424 37.0 927.0 422.0 468.0 36151.0 
876.0093893589474 8.440000000000001 37.0 929.0 424.0 468.0 36267.0 
878.0093893589474 8.448 40.0 932.0 425.0 468.0 36287.0 
880.0093893589474 8.448 40.0 934.0 425.0 470.0 36319.0 
882.0093893589474 8.48 40.0 936.0 426.0 471.0 36339.0 
884.0093893589474 8.48 40.0 938.0 426.0 474.0 36578.0 
886.0093893589474 8.536 35.0 940.0 428.0 479.0 36781.0 
888.0093893589474 8.552 35.0 942.0 429.0 479.0 36800.0 
890.0093893589474 8.584 32.0 942.0 430.0 480.0 36931.0 
892.0093893589474 8.584 32.0 945.0 430.0 485.0 37203.0 
894.0093893589474 8.584 32.0 948.0 430.0 486.0 37304.0 
896.0093893589474 8.623999999999999 34.0 950.0 432.0 488.0 37443.0 
898.0093893589474 8.623999999999999 30.0 951.0 432.0 489.0 37464.0 
900.0093893589474 8.672 29.0 951.0 434.0 489.0 37521.0 
#####################################################################
# End of data export. Simulation finished at: 2020-02-21T06:52+0000 #
#####################################################################
