#####################################################################
# Alchemist log file - simulation started at: 2020-02-14T11:34+0000 #
#####################################################################
# seed = 39.0, taskFrequency = 0.01778, cloudcost = 1.0, algorithm = false
#
# The columns have the following meaning: 
# time taskHops[Mean] hasTask[Sum] tasks[Sum] completedTasks[Sum] giveupTasks[Sum] taskLatency[Sum] 
0.0 NaN 0.0 0.0 0.0 0.0 0.0 
2.0003518296079648 NaN 6.0 7.0 0.0 0.0 0.0 
4.000351829607965 NaN 9.0 10.0 0.0 0.0 0.0 
6.000351829607965 NaN 12.0 13.0 0.0 0.0 0.0 
8.000351829607965 NaN 16.0 17.0 0.0 0.0 0.0 
10.000351829607965 NaN 19.0 20.0 0.0 0.0 0.0 
12.000351829607965 0.0 22.0 22.0 1.0 0.0 11.0 
14.000351829607965 0.0 24.0 26.0 1.0 0.0 11.0 
16.000351829607965 0.0 27.0 28.0 1.0 0.0 11.0 
18.000351829607965 0.0 30.0 31.0 1.0 0.0 11.0 
20.000351829607965 0.0 31.0 33.0 1.0 0.0 11.0 
22.000351829607965 0.0 34.0 37.0 1.0 0.0 11.0 
24.000351829607965 0.0 40.0 42.0 1.0 0.0 11.0 
26.000351829607965 0.0 44.0 45.0 1.0 0.0 11.0 
28.000351829607965 0.0 44.0 45.0 1.0 0.0 11.0 
30.000351829607965 0.0 50.0 51.0 1.0 0.0 11.0 
32.000351829607965 0.0 51.0 54.0 1.0 0.0 11.0 
34.000351829607965 0.0 55.0 56.0 1.0 0.0 11.0 
36.000351829607965 0.0 59.0 60.0 1.0 0.0 11.0 
38.000351829607965 0.0 62.0 63.0 1.0 0.0 11.0 
40.000351829607965 0.0 63.0 65.0 1.0 0.0 11.0 
42.000351829607965 0.0 68.0 69.0 1.0 0.0 11.0 
44.000351829607965 0.0 70.0 73.0 1.0 0.0 11.0 
46.000351829607965 0.0 75.0 76.0 1.0 0.0 11.0 
48.000351829607965 0.0 75.0 76.0 1.0 0.0 11.0 
50.000351829607965 0.0 76.0 77.0 1.0 0.0 11.0 
52.000351829607965 0.0 79.0 80.0 1.0 0.0 11.0 
54.000351829607965 0.0 80.0 81.0 1.0 0.0 11.0 
56.000351829607965 0.0 80.0 81.0 1.0 0.0 11.0 
58.000351829607965 0.0 80.0 81.0 1.0 0.0 11.0 
60.000351829607965 0.0 81.0 83.0 1.0 0.0 11.0 
62.000351829607965 0.0 86.0 87.0 1.0 0.0 11.0 
64.00035182960796 0.0 88.0 89.0 1.0 0.0 11.0 
66.00035182960796 0.0 88.0 89.0 1.0 0.0 11.0 
68.00035182960796 0.0 89.0 90.0 1.0 0.0 11.0 
70.00035182960796 0.0 90.0 93.0 1.0 0.0 11.0 
72.00035182960796 0.0 94.0 95.0 1.0 0.0 11.0 
74.00035182960796 0.0 94.0 96.0 1.0 0.0 11.0 
76.00035182960796 0.0 96.0 97.0 1.0 0.0 11.0 
78.00035182960796 0.0 97.0 98.0 1.0 0.0 11.0 
80.00035182960796 0.0 99.0 100.0 1.0 0.0 11.0 
82.00035182960796 0.0 101.0 102.0 1.0 0.0 11.0 
84.00035182960796 0.0 103.0 104.0 1.0 0.0 11.0 
86.00035182960796 0.0 104.0 105.0 1.0 0.0 11.0 
88.00035182960796 0.0 104.0 105.0 1.0 0.0 11.0 
90.00035182960796 0.0 105.0 106.0 1.0 0.0 11.0 
92.00035182960796 0.0 105.0 106.0 1.0 0.0 11.0 
94.00035182960796 0.0 106.0 107.0 1.0 0.0 11.0 
96.00035182960796 0.0 106.0 108.0 1.0 0.0 11.0 
98.00035182960796 0.0 107.0 108.0 1.0 0.0 11.0 
100.00035182960796 0.0 108.0 109.0 1.0 0.0 11.0 
102.00035182960796 0.0 108.0 109.0 1.0 0.0 11.0 
104.00035182960796 0.6666666666666666 108.0 109.0 1.0 2.0 216.0 
106.00035182960796 0.6666666666666666 110.0 113.0 1.0 2.0 216.0 
108.00035182960796 0.8 110.0 113.0 1.0 4.0 420.0 
110.00035182960796 0.8888888888888888 105.0 113.0 1.0 8.0 833.0 
112.00035182960796 0.9166666666666666 104.0 114.0 1.0 11.0 1140.0 
114.00035182960796 0.9444444444444444 97.0 114.0 1.0 17.0 1777.0 
116.00035182960796 0.95 96.0 115.0 1.0 19.0 1982.0 
118.00035182960796 0.9583333333333334 92.0 115.0 1.0 23.0 2394.0 
120.00035182960796 0.9629629629629629 91.0 115.0 1.0 26.0 2702.0 
122.00035182960796 0.9642857142857143 88.0 115.0 1.0 27.0 2804.0 
124.00035182960796 0.967741935483871 88.0 117.0 1.0 30.0 3112.0 
126.00035182960796 0.9736842105263158 83.0 119.0 1.0 37.0 3850.0 
128.00035182960795 0.9767441860465116 79.0 120.0 1.0 42.0 4384.0 
130.00035182960795 0.9767441860465116 78.0 121.0 1.0 42.0 4384.0 
132.00035182960795 0.9795918367346939 73.0 123.0 1.0 48.0 4997.0 
134.00035182960795 0.98 75.0 124.0 1.0 49.0 5100.0 
136.00035182960795 0.9814814814814815 72.0 125.0 1.0 53.0 5541.0 
138.00035182960795 0.9824561403508771 71.0 126.0 1.0 56.0 5850.0 
140.00035182960795 0.9833333333333333 68.0 126.0 1.0 59.0 6157.0 
142.00035182960795 0.9833333333333333 66.0 126.0 1.0 59.0 6157.0 
144.00035182960795 0.9846153846153847 64.0 127.0 1.0 64.0 6669.0 
146.00035182960795 0.9850746268656716 63.0 128.0 1.0 66.0 6873.0 
148.00035182960795 0.9861111111111112 60.0 129.0 1.0 71.0 7386.0 
150.00035182960795 0.9861111111111112 57.0 130.0 1.0 71.0 7386.0 
152.00035182960795 0.9863013698630136 59.0 132.0 1.0 72.0 7488.0 
154.00035182960795 0.9868421052631579 60.0 133.0 1.0 75.0 7795.0 
156.00035182960795 0.987012987012987 58.0 134.0 1.0 76.0 7898.0 
158.00035182960795 0.987012987012987 57.0 134.0 1.0 76.0 7898.0 
160.00035182960795 0.987012987012987 61.0 138.0 1.0 76.0 7898.0 
162.00035182960795 0.9871794871794872 64.0 142.0 1.0 77.0 8000.0 
164.00035182960795 0.9879518072289156 61.0 142.0 1.0 82.0 8511.0 
166.00035182960795 0.9882352941176471 61.0 144.0 1.0 84.0 8717.0 
168.00035182960795 0.9882352941176471 59.0 144.0 1.0 84.0 8717.0 
170.00035182960795 0.9883720930232558 59.0 145.0 1.0 85.0 8820.0 
172.00035182960795 0.9883720930232558 60.0 147.0 1.0 85.0 8820.0 
174.00035182960795 1.0 58.0 147.0 1.0 89.0 9230.0 
176.00035182960795 1.0 57.0 147.0 1.0 89.0 9230.0 
178.00035182960795 1.0 57.0 148.0 1.0 91.0 9436.0 
180.00035182960795 1.0 57.0 149.0 1.0 92.0 9538.0 
182.00035182960795 1.0 57.0 150.0 1.0 94.0 9743.0 
184.00035182960795 1.0 55.0 151.0 1.0 96.0 9948.0 
186.00035182960795 1.0 55.0 153.0 1.0 98.0 10153.0 
188.00035182960795 1.0 55.0 154.0 1.0 99.0 10256.0 
190.00035182960795 1.0 56.0 157.0 1.0 99.0 10256.0 
192.00035182960795 1.0 58.0 158.0 1.0 100.0 10358.0 
194.00035182960795 1.0 57.0 159.0 1.0 100.0 10358.0 
196.00035182960795 1.0 59.0 160.0 1.0 101.0 10460.0 
198.00035182960795 1.0 59.0 162.0 1.0 101.0 10460.0 
200.00035182960795 1.0 60.0 163.0 1.0 102.0 10563.0 
202.00035182960795 1.0 60.0 165.0 1.0 103.0 10665.0 
204.00035182960795 1.0 62.0 166.0 1.0 103.0 10665.0 
206.00035182960795 1.0 62.0 167.0 1.0 103.0 10665.0 
208.00035182960795 1.0 65.0 170.0 1.0 107.0 11074.0 
210.00035182960795 1.0 63.0 171.0 1.0 107.0 11074.0 
212.00035182960795 1.0 63.0 171.0 1.0 107.0 11074.0 
214.00035182960795 1.0 63.0 173.0 1.0 108.0 11176.0 
216.00035182960795 1.0 64.0 173.0 1.0 108.0 11176.0 
218.00035182960795 1.0 65.0 175.0 1.0 109.0 11279.0 
220.00035182960795 1.0 66.0 176.0 1.0 109.0 11279.0 
222.00035182960795 1.0 66.0 177.0 1.0 109.0 11279.0 
224.00035182960795 1.0 68.0 178.0 1.0 109.0 11279.0 
226.00035182960795 1.0 69.0 180.0 1.0 110.0 11381.0 
228.00035182960795 1.009090909090909 68.0 180.0 1.0 111.0 11483.0 
230.00035182960795 1.0089285714285714 68.0 182.0 1.0 113.0 11688.0 
232.00035182960795 1.008849557522124 69.0 183.0 1.0 114.0 11790.0 
234.00035182960795 1.008849557522124 68.0 184.0 1.0 114.0 11790.0 
236.00035182960795 1.0263157894736843 69.0 187.0 1.0 117.0 12099.0 
238.00035182960795 1.0350877192982457 69.0 189.0 1.0 118.0 12201.0 
240.00035182960795 1.0350877192982457 71.0 190.0 1.0 118.0 12201.0 
242.00035182960795 1.043859649122807 70.0 190.0 1.0 119.0 12304.0 
244.00035182960795 1.043859649122807 70.0 190.0 1.0 119.0 12304.0 
246.00035182960795 1.0526315789473684 71.0 192.0 1.0 120.0 12407.0 
248.00035182960795 1.0526315789473684 73.0 194.0 1.0 120.0 12407.0 
250.00035182960795 1.0614035087719298 73.0 195.0 1.0 121.0 12509.0 
252.00035182960795 1.0614035087719298 75.0 197.0 1.0 121.0 12509.0 
254.00035182960795 1.087719298245614 74.0 198.0 1.0 124.0 12816.0 
256.00035182960795 1.0964912280701755 74.0 199.0 1.0 125.0 12918.0 
258.00035182960795 1.1052631578947367 74.0 200.0 1.0 126.0 13021.0 
260.00035182960795 1.1140350877192982 74.0 201.0 1.0 127.0 13136.0 
262.00035182960795 1.1293103448275863 70.0 201.0 1.0 131.0 13546.0 
264.00035182960795 1.1452991452991452 68.0 201.0 1.0 134.0 13853.0 
266.00035182960795 1.1538461538461537 65.0 202.0 1.0 135.0 13956.0 
268.00035182960795 1.1694915254237288 66.0 203.0 1.0 138.0 14305.0 
270.00035182960795 1.1779661016949152 64.0 204.0 1.0 139.0 14305.0 
272.00035182960795 1.1779661016949152 65.0 205.0 1.0 139.0 14305.0 
274.00035182960795 1.194915254237288 65.0 206.0 1.0 141.0 14510.0 
276.00035182960795 1.2033898305084745 63.0 206.0 1.0 142.0 14613.0 
278.00035182960795 1.2033898305084745 65.0 208.0 1.0 142.0 14613.0 
280.00035182960795 1.2118644067796611 65.0 208.0 1.0 143.0 14716.0 
282.00035182960795 1.2203389830508475 65.0 210.0 1.0 144.0 14819.0 
284.00035182960795 1.228813559322034 64.0 210.0 1.0 145.0 14921.0 
286.00035182960795 1.2372881355932204 63.0 210.0 1.0 146.0 15023.0 
288.00035182960795 1.2457627118644068 65.0 212.0 1.0 147.0 15125.0 
290.00035182960795 1.2521008403361344 64.0 214.0 1.0 149.0 15330.0 
292.00035182960795 1.2605042016806722 64.0 214.0 1.0 150.0 15433.0 
294.00035182960795 1.275 61.0 214.0 1.0 153.0 15892.0 
296.00035182960795 1.275 62.0 216.0 1.0 153.0 15892.0 
298.00035182960795 1.2916666666666667 61.0 217.0 1.0 155.0 16098.0 
300.00035182960795 1.3 63.0 219.0 1.0 156.0 16201.0 
302.00035182960795 1.3166666666666667 63.0 221.0 1.0 158.0 16407.0 
304.00035182960795 1.3140495867768596 63.0 222.0 1.0 159.0 16510.0 
306.00035182960795 1.322314049586777 62.0 223.0 1.0 160.0 16613.0 
308.00035182960795 1.322314049586777 62.0 223.0 1.0 160.0 16613.0 
310.00035182960795 1.3553719008264462 61.0 224.0 1.0 164.0 17023.0 
312.00035182960795 1.3553719008264462 59.0 225.0 1.0 164.0 17023.0 
314.00035182960795 1.3553719008264462 61.0 226.0 1.0 164.0 17023.0 
316.00035182960795 1.3636363636363635 61.0 227.0 1.0 165.0 17125.0 
318.00035182960795 1.371900826446281 62.0 230.0 1.0 166.0 17228.0 
320.00035182960795 1.3801652892561984 64.0 233.0 1.0 167.0 17330.0 
322.00035182960795 1.396694214876033 63.0 233.0 1.0 169.0 17535.0 
324.00035182960795 1.396694214876033 63.0 233.0 1.0 169.0 17535.0 
326.00035182960795 1.4132231404958677 61.0 233.0 1.0 171.0 17740.0 
328.00035182960795 1.4297520661157024 61.0 235.0 1.0 173.0 17945.0 
330.00035182960795 1.4297520661157024 61.0 235.0 1.0 173.0 17945.0 
332.00035182960795 1.4462809917355373 62.0 237.0 1.0 175.0 18150.0 
334.00035182960795 1.4545454545454546 61.0 237.0 1.0 176.0 18253.0 
336.00035182960795 1.462809917355372 59.0 238.0 1.0 177.0 18379.0 
338.00035182960795 1.4793388429752068 60.0 241.0 1.0 179.0 18584.0 
340.00035182960795 1.487603305785124 61.0 241.0 1.0 180.0 18687.0 
342.00035182960795 1.5041322314049588 60.0 242.0 1.0 182.0 18892.0 
344.00035182960795 1.5041322314049588 60.0 243.0 1.0 182.0 18892.0 
346.00035182960795 1.5041322314049588 60.0 243.0 1.0 182.0 18892.0 
348.00035182960795 1.512396694214876 62.0 245.0 1.0 183.0 18994.0 
350.00035182960795 1.537190082644628 61.0 246.0 1.0 186.0 19302.0 
352.00035182960795 1.537190082644628 60.0 248.0 1.0 186.0 19302.0 
354.00035182960795 1.56198347107438 59.0 249.0 1.0 189.0 19609.0 
356.00035182960795 1.5702479338842976 60.0 251.0 1.0 190.0 19711.0 
358.00035182960795 1.5785123966942147 60.0 251.0 1.0 191.0 19813.0 
360.00035182960795 1.5867768595041323 60.0 253.0 1.0 192.0 19915.0 
362.00035182960795 1.5950413223140498 61.0 255.0 1.0 193.0 20017.0 
364.00035182960795 1.5950413223140498 63.0 257.0 1.0 193.0 20017.0 
366.00035182960795 1.5950413223140498 63.0 257.0 1.0 193.0 20017.0 
368.00035182960795 1.5901639344262297 64.0 258.0 1.0 194.0 20349.0 
370.00035182960795 1.5853658536585364 63.0 258.0 1.0 195.0 20687.0 
372.00035182960795 1.5853658536585364 63.0 259.0 1.0 195.0 20687.0 
374.00035182960795 1.5934959349593494 64.0 262.0 1.0 196.0 20789.0 
376.00035182960795 1.6016260162601625 66.0 265.0 1.0 197.0 20891.0 
378.00035182960795 1.6016260162601625 67.0 265.0 1.0 197.0 20891.0 
380.00035182960795 1.6178861788617884 68.0 266.0 1.0 199.0 21096.0 
382.00035182960795 1.6178861788617884 66.0 266.0 1.0 199.0 21096.0 
384.00035182960795 1.6260162601626016 67.0 267.0 1.0 200.0 21199.0 
386.00035182960795 1.6341463414634148 65.0 268.0 1.0 201.0 21302.0 
388.00035182960795 1.6341463414634148 66.0 268.0 1.0 201.0 21302.0 
390.00035182960795 1.6504065040650406 64.0 270.0 1.0 203.0 21506.0 
392.00035182960795 1.6585365853658538 67.0 272.0 1.0 204.0 21608.0 
394.00035182960795 1.6666666666666665 68.0 274.0 1.0 205.0 21711.0 
396.00035182960795 1.6666666666666665 68.0 274.0 1.0 205.0 21711.0 
398.00035182960795 1.6829268292682928 67.0 274.0 1.0 207.0 21916.0 
400.00035182960795 1.6829268292682928 67.0 275.0 1.0 207.0 21916.0 
402.00035182960795 1.707317073170732 68.0 278.0 1.0 210.0 22224.0 
404.00035182960795 1.731707317073171 67.0 281.0 1.0 213.0 22429.0 
406.00035182960795 1.7398373983739837 68.0 282.0 1.0 214.0 22532.0 
408.00035182960795 1.7479674796747968 67.0 282.0 1.0 215.0 22634.0 
410.00035182960795 1.7479674796747968 66.0 282.0 1.0 215.0 22634.0 
412.00035182960795 1.7560975609756098 66.0 282.0 1.0 216.0 22737.0 
414.00035182960795 1.7560975609756098 65.0 282.0 1.0 216.0 22737.0 
416.00035182960795 1.7723577235772359 65.0 283.0 1.0 218.0 22942.0 
418.00035182960795 1.7804878048780488 66.0 286.0 1.0 219.0 23045.0 
420.00035182960795 1.7967479674796747 66.0 287.0 1.0 221.0 23249.0 
422.00035182960795 1.8211382113821137 63.0 288.0 1.0 224.0 23556.0 
424.00035182960795 1.829268292682927 63.0 289.0 1.0 225.0 23659.0 
426.00035182960795 1.829268292682927 65.0 291.0 1.0 225.0 23659.0 
428.00035182960795 1.829268292682927 66.0 292.0 1.0 225.0 23659.0 
430.00035182960795 1.8373983739837396 68.0 295.0 1.0 226.0 23761.0 
432.00035182960795 1.853658536585366 67.0 295.0 1.0 228.0 24029.0 
434.00035182960795 1.8617886178861789 65.0 296.0 1.0 229.0 24131.0 
436.00035182960795 1.8699186991869918 67.0 298.0 1.0 230.0 24234.0 
438.00035182960795 1.8699186991869918 68.0 300.0 1.0 230.0 24234.0 
440.00035182960795 1.8943089430894309 68.0 301.0 1.0 233.0 24542.0 
442.00035182960795 1.9024390243902438 66.0 301.0 1.0 234.0 24645.0 
444.00035182960795 1.910569105691057 67.0 303.0 1.0 235.0 24748.0 
446.00035182960795 1.9186991869918697 68.0 305.0 1.0 236.0 24850.0 
448.00035182960795 1.9186991869918697 69.0 306.0 1.0 236.0 24850.0 
450.00035182960795 1.9268292682926829 68.0 306.0 1.0 237.0 24952.0 
452.00035182960795 1.9349593495934958 69.0 307.0 1.0 238.0 25054.0 
454.00035182960795 1.9430894308943087 69.0 308.0 1.0 239.0 25157.0 
456.00035182960795 1.959349593495935 67.0 309.0 1.0 241.0 25480.0 
458.00035182960795 1.975609756097561 65.0 309.0 1.0 243.0 25685.0 
460.00035182960795 1.975609756097561 65.0 309.0 1.0 243.0 25685.0 
462.00035182960795 1.9918699186991868 68.0 312.0 1.0 245.0 25889.0 
464.00035182960795 1.9919354838709675 66.0 312.0 1.0 247.0 26385.0 
466.00035182960795 2.016129032258065 63.0 313.0 1.0 250.0 26692.0 
468.00035182960795 2.016129032258065 62.0 313.0 1.0 250.0 26692.0 
470.00035182960795 2.024193548387097 65.0 316.0 1.0 251.0 26795.0 
472.00035182960795 2.024193548387097 64.0 317.0 1.0 251.0 26795.0 
474.00035182960795 2.032258064516129 65.0 317.0 1.0 252.0 26897.0 
476.00035182960795 2.0483870967741935 66.0 319.0 1.0 254.0 27101.0 
478.00035182960795 2.080645161290323 62.0 320.0 1.0 258.0 27683.0 
480.00035182960795 2.088709677419355 61.0 322.0 1.0 259.0 27786.0 
482.00035182960795 2.096774193548387 63.0 323.0 1.0 260.0 27888.0 
484.00035182960795 2.096774193548387 64.0 325.0 1.0 260.0 27888.0 
486.00035182960795 2.096774193548387 66.0 327.0 1.0 260.0 27888.0 
488.00035182960795 2.096774193548387 67.0 328.0 1.0 260.0 27888.0 
490.00035182960795 2.104838709677419 66.0 328.0 1.0 261.0 27991.0 
492.00035182960795 2.104838709677419 66.0 328.0 1.0 261.0 27991.0 
494.00035182960795 2.1370967741935485 63.0 329.0 1.0 265.0 28409.0 
496.00035182960795 2.161290322580645 62.0 329.0 1.0 268.0 28717.0 
498.00035182960795 2.161290322580645 61.0 330.0 1.0 268.0 28717.0 
500.00035182960795 2.1774193548387095 61.0 330.0 1.0 269.0 28870.0 
502.00035182960795 2.185483870967742 60.0 331.0 1.0 270.0 28972.0 
504.00035182960795 2.2016129032258065 59.0 331.0 1.0 272.0 29176.0 
506.00035182960795 2.217741935483871 58.0 332.0 1.0 274.0 29381.0 
508.00035182960795 2.225806451612903 58.0 333.0 1.0 275.0 29484.0 
510.00035182960795 2.225806451612903 58.0 334.0 1.0 275.0 29484.0 
512.000351829608 2.225806451612903 58.0 334.0 1.0 275.0 29484.0 
514.000351829608 2.225806451612903 59.0 335.0 1.0 275.0 29484.0 
516.000351829608 2.225806451612903 59.0 336.0 1.0 275.0 29484.0 
518.000351829608 2.2338709677419355 60.0 336.0 1.0 276.0 29587.0 
520.000351829608 2.25 58.0 337.0 1.0 278.0 29792.0 
522.000351829608 2.2661290322580645 57.0 337.0 1.0 280.0 29998.0 
524.000351829608 2.274193548387097 56.0 337.0 1.0 281.0 30166.0 
526.000351829608 2.290322580645161 55.0 338.0 1.0 283.0 30371.0 
528.0002141864531 2.306451612903226 52.0 338.0 1.0 285.0 30575.0 
530.000351829608 2.314516129032258 52.0 339.0 1.0 286.0 30677.0 
532.000351829608 2.346774193548387 51.0 339.0 1.0 290.0 31279.0 
534.000351829608 2.346774193548387 50.0 341.0 1.0 290.0 31279.0 
536.000351829608 2.346774193548387 52.0 343.0 1.0 290.0 31279.0 
538.000351829608 2.370967741935484 50.0 344.0 1.0 293.0 31586.0 
540.000351829608 2.379032258064516 50.0 345.0 1.0 294.0 31688.0 
542.000351829608 2.395161290322581 51.0 349.0 1.0 296.0 31893.0 
544.000351829608 2.395161290322581 54.0 351.0 1.0 296.0 31893.0 
546.000351829608 2.403225806451613 54.0 352.0 1.0 297.0 31995.0 
548.000351829608 2.419354838709677 55.0 354.0 1.0 299.0 32201.0 
550.000351829608 2.435483870967742 54.0 355.0 1.0 301.0 32406.0 
552.000351829608 2.435483870967742 53.0 355.0 1.0 301.0 32406.0 
554.000351829608 2.443548387096774 52.0 355.0 1.0 302.0 32508.0 
556.000351829608 2.4516129032258065 53.0 357.0 1.0 303.0 32610.0 
558.000351829608 2.4516129032258065 53.0 357.0 1.0 303.0 32610.0 
560.000351829608 2.4516129032258065 53.0 357.0 1.0 303.0 32610.0 
562.000351829608 2.4516129032258065 53.0 358.0 1.0 303.0 32610.0 
564.000351829608 2.475806451612903 53.0 358.0 1.0 306.0 32917.0 
566.000351829608 2.475806451612903 51.0 359.0 1.0 306.0 32917.0 
568.000351829608 2.4838709677419355 55.0 362.0 1.0 307.0 33020.0 
570.000351829608 2.4838709677419355 54.0 362.0 1.0 307.0 33020.0 
572.000351829608 2.5080645161290325 55.0 364.0 1.0 310.0 33328.0 
574.000351829608 2.5080645161290325 55.0 367.0 1.0 310.0 33328.0 
576.000351829608 2.516129032258065 56.0 368.0 1.0 311.0 33431.0 
578.000351829608 2.532258064516129 56.0 369.0 1.0 313.0 33635.0 
580.000351829608 2.532258064516129 56.0 370.0 1.0 313.0 33635.0 
582.000351829608 2.548387096774193 57.0 372.0 1.0 315.0 33841.0 
584.000351829608 2.564516129032258 55.0 374.0 1.0 317.0 34046.0 
586.000351829608 2.580645161290323 56.0 375.0 1.0 319.0 34251.0 
588.000351829608 2.596774193548387 55.0 377.0 1.0 321.0 34456.0 
590.000351829608 2.604838709677419 55.0 377.0 1.0 322.0 34559.0 
592.000351829608 2.604838709677419 55.0 379.0 1.0 322.0 34559.0 
594.000351829608 2.604838709677419 57.0 380.0 1.0 322.0 34559.0 
596.000351829608 2.604838709677419 58.0 382.0 1.0 322.0 34559.0 
598.000351829608 2.612903225806451 60.0 384.0 1.0 323.0 34662.0 
600.000351829608 2.620967741935484 62.0 388.0 1.0 324.0 34764.0 
602.000351829608 2.620967741935484 63.0 388.0 1.0 324.0 34764.0 
604.000351829608 2.629032258064516 64.0 390.0 1.0 325.0 34867.0 
606.000351829608 2.629032258064516 65.0 391.0 1.0 325.0 34867.0 
608.000351829608 2.637096774193549 66.0 392.0 1.0 326.0 34969.0 
610.000351829608 2.645161290322581 65.0 392.0 1.0 327.0 35071.0 
612.000351829608 2.653225806451613 64.0 392.0 1.0 328.0 35173.0 
614.000351829608 2.653225806451613 64.0 393.0 1.0 328.0 35173.0 
616.000351829608 2.6612903225806455 64.0 396.0 1.0 329.0 35275.0 
618.000351829608 2.6612903225806455 69.0 400.0 1.0 329.0 35275.0 
620.000351829608 2.669354838709677 70.0 401.0 1.0 330.0 35378.0 
622.000351829608 2.669354838709677 71.0 402.0 1.0 330.0 35378.0 
624.000351829608 2.6774193548387095 70.0 402.0 1.0 331.0 35481.0 
626.000351829608 2.6774193548387095 70.0 402.0 1.0 331.0 35481.0 
628.000351829608 2.685483870967742 70.0 402.0 1.0 332.0 35583.0 
630.000351829608 2.685483870967742 69.0 403.0 1.0 332.0 35583.0 
632.000351829608 2.693548387096774 74.0 407.0 1.0 333.0 35685.0 
634.000351829608 2.693548387096774 74.0 408.0 1.0 333.0 35685.0 
636.000351829608 2.701612903225807 74.0 408.0 1.0 334.0 35787.0 
638.000351829608 2.7177419354838706 71.0 409.0 1.0 336.0 35991.0 
640.000351829608 2.7258064516129026 73.0 410.0 1.0 337.0 36094.0 
642.000351829608 2.7258064516129026 72.0 412.0 1.0 337.0 36094.0 
644.000351829608 2.75 75.0 414.0 1.0 340.0 36401.0 
646.000351829608 2.766129032258065 72.0 415.0 1.0 342.0 36606.0 
648.000351829608 2.766129032258065 73.0 416.0 1.0 342.0 36606.0 
650.000351829608 2.790322580645161 72.0 416.0 1.0 345.0 36914.0 
652.000351829608 2.798387096774193 71.0 417.0 1.0 346.0 37016.0 
654.000351829608 2.806451612903226 70.0 418.0 1.0 347.0 37214.0 
656.000351829608 2.806451612903226 70.0 419.0 1.0 347.0 37214.0 
658.000351829608 2.8225806451612905 70.0 419.0 1.0 349.0 37419.0 
660.000351829608 2.8225806451612905 72.0 422.0 1.0 349.0 37419.0 
662.000351829608 2.8225806451612905 73.0 423.0 1.0 349.0 37419.0 
664.000351829608 2.830645161290323 75.0 426.0 1.0 350.0 37893.0 
666.000351829608 2.846774193548387 74.0 426.0 1.0 351.0 37996.0 
668.000351829608 2.846774193548387 74.0 426.0 1.0 351.0 37996.0 
670.000351829608 2.870967741935484 75.0 428.0 1.0 354.0 38303.0 
672.000351829608 2.870967741935484 73.0 428.0 1.0 354.0 38303.0 
674.000351829608 2.8870967741935485 74.0 430.0 1.0 356.0 38539.0 
676.000351829608 2.9112903225806455 72.0 432.0 1.0 359.0 38847.0 
678.000351829608 2.9274193548387095 72.0 434.0 1.0 361.0 39052.0 
680.000351829608 2.9274193548387095 73.0 435.0 1.0 361.0 39052.0 
682.000351829608 2.943548387096774 72.0 436.0 1.0 363.0 39258.0 
684.000351829608 2.959677419354839 71.0 436.0 1.0 365.0 39462.0 
686.000351829608 2.9677419354838706 69.0 436.0 1.0 366.0 39564.0 
688.000351829608 2.983870967741935 70.0 438.0 1.0 368.0 39770.0 
690.000351829608 2.9919354838709675 70.0 440.0 1.0 369.0 39872.0 
692.000351829608 3.0 70.0 441.0 1.0 370.0 39975.0 
694.000351829608 3.0080645161290325 73.0 445.0 1.0 371.0 40077.0 
696.000351829608 3.0241935483870974 72.0 445.0 1.0 373.0 40283.0 
698.000351829608 3.0322580645161294 71.0 446.0 1.0 374.0 40385.0 
700.000351829608 3.056451612903226 71.0 447.0 1.0 377.0 40694.0 
702.000351829608 3.080645161290323 71.0 449.0 1.0 380.0 41002.0 
704.000351829608 3.0887096774193545 67.0 449.0 1.0 381.0 41105.0 
706.000351829608 3.0967741935483866 69.0 451.0 1.0 382.0 41208.0 
708.000351829608 3.112903225806451 67.0 452.0 1.0 384.0 41413.0 
710.000351829608 3.120967741935484 67.0 453.0 1.0 385.0 41516.0 
712.000351829608 3.120967741935484 70.0 456.0 1.0 385.0 41516.0 
714.000351829608 3.120967741935484 71.0 457.0 1.0 385.0 41516.0 
716.000351829608 3.129032258064516 72.0 458.0 1.0 386.0 41618.0 
718.000351829608 3.137096774193549 72.0 459.0 1.0 387.0 41721.0 
720.000351829608 3.177419354838709 71.0 461.0 1.0 392.0 42234.0 
722.000351829608 3.185483870967742 67.0 462.0 1.0 393.0 42337.0 
724.000351829608 3.193548387096774 69.0 464.0 1.0 394.0 42440.0 
726.000351829608 3.193548387096774 70.0 465.0 1.0 394.0 42440.0 
728.000351829608 3.193548387096774 71.0 466.0 1.0 394.0 42440.0 
730.000351829608 3.193548387096774 71.0 466.0 1.0 394.0 42440.0 
732.000351829608 3.193548387096774 71.0 466.0 1.0 394.0 42440.0 
734.000351829608 3.233870967741935 72.0 469.0 1.0 399.0 42952.0 
736.000351829608 3.2419354838709675 68.0 469.0 1.0 400.0 43054.0 
738.000351829608 3.2419354838709675 69.0 470.0 1.0 400.0 43054.0 
740.000351829608 3.2419354838709675 69.0 472.0 1.0 400.0 43054.0 
742.000351829608 3.25 72.0 474.0 1.0 401.0 43156.0 
744.000351829608 3.25 72.0 474.0 1.0 401.0 43156.0 
746.000351829608 3.2822580645161294 68.0 474.0 1.0 405.0 43566.0 
748.000351829608 3.2822580645161294 69.0 475.0 1.0 405.0 43566.0 
750.000351829608 3.298387096774193 69.0 476.0 1.0 407.0 43771.0 
752.000351829608 3.298387096774193 69.0 477.0 1.0 407.0 43771.0 
754.000351829608 3.306451612903226 70.0 478.0 1.0 408.0 43873.0 
756.000351829608 3.314516129032258 68.0 478.0 1.0 409.0 43975.0 
758.000351829608 3.322580645161291 68.0 479.0 1.0 410.0 44189.0 
760.000351829608 3.330645161290323 69.0 481.0 1.0 411.0 44292.0 
762.000351829608 3.354838709677419 72.0 486.0 1.0 414.0 44598.0 
764.000351829608 3.362903225806451 71.0 488.0 1.0 415.0 44700.0 
766.000351829608 3.387096774193549 73.0 489.0 1.0 418.0 45007.0 
768.000351829608 3.387096774193549 70.0 489.0 1.0 418.0 45007.0 
770.000351829608 3.387096774193549 70.0 489.0 1.0 418.0 45007.0 
772.000351829608 3.4032258064516134 70.0 490.0 1.0 420.0 45212.0 
774.000351829608 3.4032258064516134 69.0 491.0 1.0 420.0 45212.0 
776.000351829608 3.419354838709677 70.0 491.0 1.0 422.0 45416.0 
778.000351829608 3.4274193548387095 67.0 491.0 1.0 423.0 45518.0 
780.000351829608 3.4516129032258065 68.0 493.0 1.0 426.0 45825.0 
782.000351829608 3.4516129032258065 67.0 494.0 1.0 426.0 45825.0 
784.000351829608 3.4516129032258065 67.0 494.0 1.0 426.0 45825.0 
786.000351829608 3.459677419354839 66.0 494.0 1.0 427.0 45928.0 
788.000351829608 3.459677419354839 66.0 495.0 1.0 427.0 45928.0 
790.000351829608 3.4758064516129026 66.0 495.0 1.0 429.0 46199.0 
792.000351829608 3.4919354838709675 65.0 496.0 1.0 431.0 46404.0 
794.000351829608 3.5 66.0 498.0 1.0 432.0 46506.0 
796.000351829608 3.5241935483870974 66.0 499.0 1.0 435.0 46813.0 
798.000351829608 3.5241935483870974 64.0 501.0 1.0 435.0 46813.0 
800.000351829608 3.5322580645161294 66.0 502.0 1.0 436.0 46915.0 
802.000351829608 3.5403225806451615 65.0 502.0 1.0 437.0 47018.0 
804.000351829608 3.556451612903226 65.0 504.0 1.0 439.0 47224.0 
806.000351829608 3.556451612903226 65.0 506.0 1.0 439.0 47224.0 
808.000351829608 3.5645161290322585 67.0 507.0 1.0 440.0 47326.0 
810.000351829608 3.5725806451612905 66.0 507.0 1.0 441.0 47428.0 
812.000351829608 3.5725806451612905 67.0 509.0 1.0 441.0 47428.0 
814.000351829608 3.604838709677419 65.0 511.0 1.0 445.0 47838.0 
816.000351829608 3.612903225806451 65.0 511.0 1.0 446.0 47960.0 
818.000351829608 3.620967741935484 63.0 511.0 1.0 447.0 48062.0 
820.000351829608 3.629032258064516 64.0 513.0 1.0 448.0 48164.0 
822.000351829608 3.645161290322581 66.0 515.0 1.0 450.0 48368.0 
824.000351829608 3.6532258064516134 65.0 517.0 1.0 451.0 48486.0 
826.000351829608 3.6693548387096775 66.0 519.0 1.0 453.0 48692.0 
828.000351829608 3.693548387096774 64.0 519.0 1.0 456.0 49322.0 
830.000351829608 3.7016129032258065 62.0 520.0 1.0 457.0 49424.0 
832.000351829608 3.7016129032258065 63.0 522.0 1.0 457.0 49424.0 
834.000351829608 3.7016129032258065 65.0 523.0 1.0 457.0 49424.0 
836.000351829608 3.7258064516129026 64.0 524.0 1.0 460.0 49730.0 
838.000351829608 3.7258064516129026 63.0 525.0 1.0 460.0 49730.0 
840.000351829608 3.733870967741935 66.0 528.0 1.0 461.0 49832.0 
842.000351829608 3.733870967741935 66.0 530.0 1.0 461.0 49832.0 
844.000351829608 3.766129032258065 66.0 530.0 1.0 465.0 50244.0 
846.000351829608 3.766129032258065 64.0 530.0 1.0 465.0 50244.0 
848.000351829608 3.766129032258065 66.0 532.0 1.0 465.0 50244.0 
850.000351829608 3.7741935483870974 65.0 532.0 1.0 466.0 50346.0 
852.000351829608 3.790322580645161 66.0 534.0 1.0 467.0 50448.0 
854.000351829608 3.7983870967741935 66.0 534.0 1.0 468.0 50550.0 
856.000351829608 3.806451612903226 66.0 535.0 1.0 469.0 50653.0 
858.000351829608 3.814516129032258 65.0 535.0 1.0 470.0 50873.0 
860.000351829608 3.8225806451612905 67.0 539.0 1.0 471.0 50976.0 
862.000351829608 3.830645161290323 68.0 540.0 1.0 472.0 51079.0 
864.000351829608 3.862903225806451 67.0 541.0 1.0 476.0 51490.0 
866.000351829608 3.862903225806451 64.0 541.0 1.0 476.0 51490.0 
868.000351829608 3.887096774193549 63.0 543.0 1.0 478.0 51695.0 
870.000351829608 3.887096774193549 64.0 543.0 1.0 478.0 51695.0 
872.000351829608 3.887096774193549 65.0 544.0 1.0 478.0 51695.0 
874.000351829608 3.887096774193549 66.0 545.0 1.0 478.0 51695.0 
876.000351829608 3.895161290322581 66.0 546.0 1.0 479.0 51798.0 
878.000351829608 3.9032258064516134 66.0 548.0 1.0 480.0 51901.0 
880.000351829608 3.9032258064516134 67.0 548.0 1.0 480.0 51901.0 
882.000351829608 3.9193548387096775 68.0 550.0 1.0 482.0 52105.0 
884.000351829608 3.9354838709677415 66.0 550.0 1.0 484.0 52404.0 
886.000351829608 3.9354838709677415 65.0 550.0 1.0 484.0 52404.0 
888.000351829608 3.9354838709677415 66.0 551.0 1.0 484.0 52404.0 
890.000351829608 3.9354838709677415 66.0 551.0 1.0 484.0 52404.0 
892.000351829608 3.943548387096774 66.0 552.0 1.0 485.0 52507.0 
894.000351829608 3.951612903225807 66.0 552.0 1.0 486.0 52609.0 
896.000351829608 3.983870967741935 65.0 553.0 1.0 490.0 53309.0 
898.000351829608 4.0 65.0 556.0 1.0 492.0 53551.0 
900.000351829608 4.008064516129032 64.0 557.0 1.0 493.0 53654.0 
#####################################################################
# End of data export. Simulation finished at: 2020-02-14T11:39+0000 #
#####################################################################
