#####################################################################
# Alchemist log file - simulation started at: 2020-01-28T23:42+0000 #
#####################################################################
# seed = 47.0, taskFrequency = 0.00316, cloudcost = 10.0, algorithm = false
#
# The columns have the following meaning: 
# time taskHops[Mean] hasTask[Sum] tasks[Sum] completedTasks[Sum] giveupTasks[Sum] taskLatency[Sum] 
0.0 NaN 0.0 0.0 0.0 0.0 0.0 
2.015925996498124 NaN 0.0 0.0 0.0 0.0 0.0 
4.015925996498124 NaN 0.0 0.0 0.0 0.0 0.0 
6.015925996498124 NaN 1.0 1.0 0.0 0.0 0.0 
8.015925996498124 NaN 2.0 2.0 0.0 0.0 0.0 
10.015925996498124 NaN 2.0 2.0 0.0 0.0 0.0 
12.015925996498124 NaN 2.0 2.0 0.0 0.0 0.0 
14.015925996498124 NaN 3.0 4.0 0.0 0.0 0.0 
16.015925996498126 NaN 4.0 5.0 0.0 0.0 0.0 
18.015925996498126 NaN 5.0 7.0 0.0 0.0 0.0 
20.015925996498126 NaN 8.0 8.0 0.0 0.0 0.0 
22.015925996498126 NaN 8.0 8.0 0.0 0.0 0.0 
24.015925996498126 NaN 8.0 8.0 0.0 0.0 0.0 
26.015925996498126 NaN 8.0 8.0 0.0 0.0 0.0 
28.015925996498126 NaN 9.0 9.0 0.0 0.0 0.0 
30.015925996498126 NaN 9.0 9.0 0.0 0.0 0.0 
32.015925996498126 NaN 9.0 9.0 0.0 0.0 0.0 
34.015925996498126 NaN 9.0 9.0 0.0 0.0 0.0 
36.015925996498126 NaN 9.0 10.0 0.0 0.0 0.0 
38.015925996498126 NaN 11.0 11.0 0.0 0.0 0.0 
40.015925996498126 NaN 13.0 14.0 0.0 0.0 0.0 
42.015925996498126 NaN 15.0 15.0 0.0 0.0 0.0 
44.015925996498126 NaN 16.0 16.0 0.0 0.0 0.0 
46.015925996498126 NaN 17.0 17.0 0.0 0.0 0.0 
48.015925996498126 NaN 18.0 18.0 0.0 0.0 0.0 
50.015925996498126 NaN 18.0 18.0 0.0 0.0 0.0 
52.015925996498126 NaN 18.0 18.0 0.0 0.0 0.0 
54.015925996498126 NaN 18.0 18.0 0.0 0.0 0.0 
56.015925996498126 NaN 18.0 18.0 0.0 0.0 0.0 
58.015925996498126 NaN 18.0 18.0 0.0 0.0 0.0 
60.015925996498126 NaN 20.0 21.0 0.0 0.0 0.0 
62.015925996498126 NaN 21.0 21.0 0.0 0.0 0.0 
64.01592599649813 NaN 24.0 24.0 0.0 0.0 0.0 
66.01592599649813 NaN 24.0 24.0 0.0 0.0 0.0 
68.01592599649813 NaN 24.0 24.0 0.0 0.0 0.0 
70.01592599649813 NaN 24.0 24.0 0.0 0.0 0.0 
72.01592599649813 NaN 24.0 24.0 0.0 0.0 0.0 
74.01592599649813 NaN 24.0 24.0 0.0 0.0 0.0 
76.01592599649813 NaN 25.0 25.0 0.0 0.0 0.0 
78.01592599649813 NaN 25.0 25.0 0.0 0.0 0.0 
80.01592599649813 NaN 28.0 28.0 0.0 0.0 0.0 
82.01592599649813 NaN 28.0 28.0 0.0 0.0 0.0 
84.01592599649813 NaN 31.0 31.0 0.0 0.0 0.0 
86.01592599649813 NaN 32.0 32.0 0.0 0.0 0.0 
88.01592599649813 NaN 32.0 32.0 0.0 0.0 0.0 
90.01592599649813 NaN 32.0 33.0 0.0 0.0 0.0 
92.01592599649813 NaN 33.0 34.0 0.0 0.0 0.0 
94.01592599649813 NaN 34.0 34.0 0.0 0.0 0.0 
96.01592599649813 NaN 34.0 35.0 0.0 0.0 0.0 
98.01592599649813 NaN 35.0 36.0 0.0 0.0 0.0 
100.01592599649813 NaN 36.0 36.0 0.0 0.0 0.0 
102.01592599649813 NaN 36.0 36.0 0.0 0.0 0.0 
104.01592599649813 NaN 36.0 36.0 0.0 0.0 0.0 
106.01592599649813 NaN 36.0 36.0 0.0 0.0 0.0 
108.01592599649813 NaN 36.0 36.0 0.0 0.0 0.0 
110.01592599649813 NaN 37.0 37.0 0.0 0.0 0.0 
112.01592599649813 NaN 38.0 38.0 0.0 0.0 0.0 
114.01592599649813 NaN 38.0 38.0 0.0 0.0 0.0 
116.01592599649813 NaN 38.0 38.0 0.0 0.0 0.0 
118.01592599649813 10.0 37.0 38.0 0.0 1.0 103.0 
120.01592599649813 10.0 37.0 38.0 0.0 1.0 103.0 
122.01592599649813 10.0 37.0 38.0 0.0 1.0 103.0 
124.01592599649813 10.0 37.0 39.0 0.0 2.0 221.0 
126.01592599649813 10.0 38.0 40.0 0.0 2.0 221.0 
128.01592599649814 10.0 38.0 40.0 0.0 2.0 221.0 
130.01592599649814 10.0 39.0 41.0 0.0 2.0 221.0 
132.01592599649814 10.0 40.0 42.0 0.0 2.0 221.0 
134.01592599649814 10.0 40.0 42.0 0.0 3.0 337.0 
136.01592599649814 10.0 41.0 44.0 0.0 3.0 337.0 
138.01592599649814 10.0 43.0 46.0 0.0 3.0 337.0 
140.01592599649814 10.0 43.0 48.0 0.0 5.0 543.0 
142.01592599649814 10.0 43.0 48.0 0.0 6.0 645.0 
144.01592599649814 10.0 44.0 50.0 0.0 7.0 770.0 
146.01592599649814 10.0 44.0 51.0 0.0 8.0 872.0 
148.01592599649814 10.0 43.0 51.0 0.0 8.0 872.0 
150.01592599649814 10.0 43.0 51.0 0.0 9.0 977.0 
152.01592599649814 10.0 42.0 51.0 0.0 9.0 977.0 
154.01592599649814 10.0 42.0 51.0 0.0 9.0 977.0 
156.01592599649814 10.0 43.0 52.0 0.0 9.0 977.0 
158.01592599649814 10.0 44.0 53.0 0.0 9.0 977.0 
160.01592599649814 10.0 45.0 55.0 0.0 11.0 1266.0 
162.01592599649814 10.0 43.0 56.0 0.0 13.0 1511.0 
164.01592599649814 10.0 43.0 57.0 0.0 15.0 1770.0 
166.01592599649814 10.0 42.0 58.0 0.0 18.0 2100.0 
168.01592599649814 10.0 40.0 58.0 0.0 18.0 2100.0 
170.01592599649814 10.0 39.0 58.0 0.0 19.0 2206.0 
172.01592599649814 10.0 40.0 59.0 0.0 19.0 2206.0 
174.01592599649814 10.0 41.0 60.0 0.0 19.0 2206.0 
176.01592599649814 10.0 40.0 60.0 0.0 20.0 2342.0 
178.01592599649814 10.0 41.0 62.0 0.0 21.0 2445.0 
180.01592599649814 10.0 41.0 62.0 0.0 21.0 2445.0 
182.01592599649814 10.0 40.0 62.0 0.0 23.0 2721.0 
184.01592599649814 10.0 39.0 62.0 0.0 23.0 2721.0 
186.01592599649814 10.0 36.0 62.0 0.0 26.0 3031.0 
188.01592599649814 10.0 37.0 64.0 0.0 28.0 3273.0 
190.01592599649814 10.0 36.0 64.0 0.0 28.0 3273.0 
192.01592599649814 10.0 38.0 66.0 0.0 28.0 3273.0 
194.01592599649814 10.0 37.0 66.0 0.0 29.0 3376.0 
196.01592599649814 10.0 36.0 67.0 0.0 30.0 3479.0 
198.01592599649814 10.0 37.0 67.0 0.0 30.0 3479.0 
200.01592599649814 10.0 36.0 67.0 0.0 31.0 3582.0 
202.01592599649814 10.0 35.0 67.0 0.0 32.0 3685.0 
204.01592599649814 10.0 35.0 67.0 0.0 32.0 3685.0 
206.01592599649814 10.0 36.0 69.0 0.0 32.0 3685.0 
208.01592599649814 10.0 37.0 69.0 0.0 32.0 3685.0 
210.01592599649814 10.0 37.0 69.0 0.0 32.0 3685.0 
212.01592599649814 10.0 37.0 69.0 0.0 33.0 3787.0 
214.01592599649814 10.0 36.0 69.0 0.0 34.0 3889.0 
216.01592599649814 10.0 35.0 69.0 0.0 34.0 3889.0 
218.01592599649814 10.0 35.0 69.0 0.0 34.0 3889.0 
220.01592599649814 10.0 35.0 69.0 0.0 34.0 3889.0 
222.01592599649814 10.0 36.0 70.0 0.0 34.0 3889.0 
224.01592599649814 10.0 36.0 70.0 0.0 34.0 3889.0 
226.01592599649814 10.0 35.0 70.0 0.0 35.0 3991.0 
228.01592599649814 10.0 34.0 70.0 0.0 37.0 4236.0 
230.01592599649814 10.0 33.0 71.0 0.0 37.0 4236.0 
232.01592599649814 10.0 34.0 71.0 0.0 38.0 4338.0 
234.01592599649814 10.0 35.0 74.0 0.0 39.0 4440.0 
236.01592599649814 10.0 36.0 75.0 0.0 39.0 4440.0 
238.01592599649814 10.0 35.0 75.0 0.0 41.0 4644.0 
240.01592599649814 10.0 34.0 75.0 0.0 42.0 4746.0 
242.01592599649814 10.0 33.0 75.0 0.0 42.0 4746.0 
244.01592599649814 10.0 33.0 75.0 0.0 42.0 4746.0 
246.01592599649814 10.0 33.0 75.0 0.0 43.0 4849.0 
248.01592599649814 10.0 33.0 76.0 0.0 44.0 4952.0 
250.01592599649814 10.0 33.0 78.0 0.0 44.0 4952.0 
252.01592599649814 10.0 35.0 79.0 0.0 44.0 4952.0 
254.01592599649814 10.0 35.0 79.0 0.0 44.0 4952.0 
256.01592599649814 10.0 35.0 79.0 0.0 44.0 4952.0 
258.01592599649814 10.0 34.0 79.0 0.0 45.0 5054.0 
260.01592599649814 10.0 35.0 80.0 0.0 46.0 5156.0 
262.01592599649814 10.217391304347826 34.0 80.0 0.0 47.0 5259.0 
264.01592599649814 10.212765957446809 32.0 80.0 0.0 48.0 5361.0 
266.01592599649814 10.208333333333334 34.0 82.0 0.0 49.0 5464.0 
268.01592599649814 10.204081632653061 34.0 83.0 0.0 50.0 5567.0 
270.01592599649814 10.204081632653061 33.0 83.0 0.0 50.0 5567.0 
272.01592599649814 10.204081632653061 34.0 84.0 0.0 50.0 5567.0 
274.01592599649814 10.196078431372548 32.0 84.0 0.0 52.0 5798.0 
276.01592599649814 10.192307692307692 33.0 85.0 0.0 53.0 5900.0 
278.01592599649814 10.192307692307692 33.0 87.0 0.0 53.0 5900.0 
280.01592599649814 10.18867924528302 34.0 87.0 0.0 54.0 6002.0 
282.01592599649814 10.185185185185185 32.0 87.0 0.0 55.0 6105.0 
284.01592599649814 10.185185185185185 33.0 88.0 0.0 55.0 6105.0 
286.01592599649814 10.185185185185185 33.0 88.0 0.0 55.0 6105.0 
288.01592599649814 10.185185185185185 33.0 88.0 0.0 55.0 6105.0 
290.01592599649814 10.181818181818182 33.0 88.0 0.0 56.0 6208.0 
292.01592599649814 10.181818181818182 33.0 89.0 0.0 56.0 6208.0 
294.01592599649814 10.175438596491228 33.0 89.0 0.0 58.0 6413.0 
296.01592599649814 10.175438596491228 32.0 91.0 0.0 58.0 6413.0 
298.01592599649814 10.175438596491228 34.0 92.0 0.0 58.0 6413.0 
300.01592599649814 10.172413793103448 34.0 93.0 0.0 59.0 6516.0 
302.01592599649814 10.172413793103448 35.0 94.0 0.0 59.0 6516.0 
304.01592599649814 10.172413793103448 35.0 95.0 0.0 59.0 6516.0 
306.01592599649814 10.172413793103448 36.0 95.0 0.0 59.0 6516.0 
308.01592599649814 10.338983050847459 35.0 96.0 0.0 61.0 6786.0 
310.01592599649814 10.333333333333334 35.0 97.0 0.0 62.0 6889.0 
312.01592599649814 10.327868852459016 36.0 100.0 0.0 63.0 7140.0 
314.01592599649814 10.327868852459016 38.0 101.0 0.0 63.0 7140.0 
316.01592599649814 10.327868852459016 38.0 101.0 0.0 63.0 7140.0 
318.01592599649814 10.327868852459016 38.0 101.0 0.0 63.0 7140.0 
320.01592599649814 10.327868852459016 39.0 102.0 0.0 63.0 7140.0 
322.01592599649814 10.327868852459016 39.0 102.0 0.0 63.0 7140.0 
324.01592599649814 10.327868852459016 40.0 103.0 0.0 63.0 7140.0 
326.01592599649814 10.327868852459016 40.0 103.0 0.0 63.0 7140.0 
328.01592599649814 10.327868852459016 40.0 104.0 0.0 63.0 7140.0 
330.01592599649814 10.327868852459016 41.0 104.0 0.0 63.0 7140.0 
332.01592599649814 10.327868852459016 42.0 106.0 0.0 63.0 7140.0 
334.01592599649814 10.32258064516129 42.0 106.0 0.0 64.0 7243.0 
336.01592599649814 10.46875 42.0 106.0 0.0 67.0 7646.0 
338.01592599649814 10.454545454545455 37.0 106.0 0.0 69.0 7851.0 
340.01592599649814 10.454545454545455 37.0 106.0 0.0 69.0 7851.0 
342.01592599649814 10.454545454545455 37.0 106.0 0.0 69.0 7851.0 
344.01592599649814 10.454545454545455 37.0 106.0 0.0 69.0 7851.0 
346.01592599649814 10.454545454545455 37.0 106.0 0.0 69.0 7851.0 
348.01592599649814 10.454545454545455 38.0 107.0 0.0 69.0 7851.0 
350.01592599649814 10.447761194029852 39.0 108.0 0.0 70.0 7954.0 
352.01592599649814 10.597014925373134 38.0 108.0 0.0 71.0 8057.0 
354.01592599649814 10.588235294117647 38.0 110.0 0.0 72.0 8160.0 
356.01592599649814 10.588235294117647 38.0 110.0 0.0 72.0 8160.0 
358.01592599649814 10.588235294117647 38.0 110.0 0.0 72.0 8160.0 
360.01592599649814 10.588235294117647 39.0 111.0 0.0 72.0 8160.0 
362.01592599649814 10.588235294117647 40.0 112.0 0.0 72.0 8160.0 
364.01592599649814 10.588235294117647 41.0 113.0 0.0 72.0 8160.0 
366.01592599649814 10.579710144927537 42.0 114.0 0.0 73.0 8267.0 
368.01592599649814 10.714285714285714 41.0 115.0 0.0 75.0 8472.0 
370.01592599649814 10.845070422535212 40.0 116.0 0.0 77.0 8784.0 
372.01592599649814 10.845070422535212 40.0 117.0 0.0 77.0 8784.0 
374.01592599649814 10.985915492957746 40.0 117.0 0.0 78.0 8887.0 
376.01592599649814 10.985915492957746 40.0 118.0 0.0 78.0 8887.0 
378.01592599649814 10.972222222222221 39.0 118.0 0.0 79.0 8989.0 
380.01592599649814 10.95890410958904 40.0 119.0 0.0 80.0 9091.0 
382.01592599649814 10.945945945945946 38.0 119.0 0.0 81.0 9194.0 
384.01592599649814 10.945945945945946 38.0 119.0 0.0 81.0 9194.0 
386.01592599649814 10.945945945945946 38.0 119.0 0.0 81.0 9194.0 
388.01592599649814 10.945945945945946 38.0 119.0 0.0 81.0 9194.0 
390.01592599649814 10.933333333333334 38.0 119.0 0.0 82.0 9444.0 
392.01592599649814 10.933333333333334 38.0 120.0 0.0 82.0 9444.0 
394.01592599649814 10.933333333333334 39.0 121.0 0.0 82.0 9444.0 
396.01592599649814 10.933333333333334 40.0 122.0 0.0 82.0 9444.0 
398.01592599649814 11.066666666666666 40.0 122.0 0.0 83.0 9546.0 
400.0080978893913 11.2 39.0 123.0 0.0 84.0 9649.0 
402.01592599649814 11.333333333333334 39.0 123.0 0.0 85.0 9751.0 
404.01592599649814 11.466666666666667 38.0 123.0 0.0 86.0 9854.0 
406.01592599649814 11.466666666666667 37.0 123.0 0.0 86.0 9854.0 
408.01592599649814 11.447368421052632 36.0 123.0 0.0 87.0 9957.0 
410.01592599649814 11.428571428571429 35.0 123.0 0.0 88.0 10144.0 
412.01592599649814 11.39240506329114 34.0 123.0 0.0 90.0 10349.0 
414.01592599649814 11.518987341772151 34.0 125.0 0.0 91.0 10452.0 
416.01592599649814 11.89873417721519 32.0 125.0 0.0 94.0 10790.0 
418.01592599649814 11.89873417721519 31.0 125.0 0.0 94.0 10790.0 
420.01592599649814 11.89873417721519 31.0 125.0 0.0 94.0 10790.0 
422.01592599649814 12.025316455696203 33.0 127.0 0.0 95.0 10892.0 
424.01592599649814 12.025316455696203 32.0 127.0 0.0 95.0 10892.0 
426.01592599649814 12.0 31.0 127.0 0.0 96.0 10994.0 
428.01592599649814 12.0 31.0 127.0 0.0 96.0 10994.0 
430.01592599649814 12.0 32.0 128.0 0.0 96.0 10994.0 
432.01592599649814 11.987654320987655 32.0 128.0 0.0 97.0 11238.0 
434.01592599649814 11.963414634146343 32.0 129.0 0.0 98.0 11341.0 
436.01592599649814 11.939759036144578 31.0 130.0 0.0 99.0 11444.0 
438.01592599649814 11.939759036144578 31.0 130.0 0.0 99.0 11444.0 
440.01592599649814 11.939759036144578 31.0 130.0 0.0 99.0 11444.0 
442.01592599649814 11.939759036144578 31.0 131.0 0.0 99.0 11444.0 
444.01592599649814 11.939759036144578 32.0 131.0 0.0 99.0 11444.0 
446.01592599649814 11.939759036144578 33.0 132.0 0.0 99.0 11444.0 
448.01592599649814 11.939759036144578 33.0 132.0 0.0 99.0 11444.0 
450.01592599649814 11.916666666666668 32.0 132.0 0.0 100.0 11546.0 
452.01592599649814 11.916666666666668 32.0 132.0 0.0 100.0 11546.0 
454.01592599649814 11.916666666666668 32.0 132.0 0.0 100.0 11546.0 
456.01592599649814 12.011764705882353 32.0 132.0 0.0 102.0 11751.0 
458.01592599649814 12.011764705882353 30.0 132.0 0.0 102.0 11751.0 
460.01592599649814 12.011764705882353 31.0 133.0 0.0 102.0 11751.0 
462.01592599649814 11.988372093023255 33.0 135.0 0.0 103.0 11853.0 
464.01592599649814 11.96551724137931 32.0 135.0 0.0 104.0 11956.0 
466.01592599649814 12.080459770114942 32.0 136.0 0.0 105.0 12058.0 
468.01592599649814 12.195402298850574 31.0 136.0 0.0 106.0 12161.0 
470.01592599649814 12.425287356321839 29.0 136.0 0.0 108.0 12437.0 
472.01592599649814 12.540229885057471 28.0 136.0 0.0 109.0 12539.0 
474.01592599649814 12.511363636363637 27.0 137.0 0.0 110.0 12642.0 
476.01592599649814 12.511363636363637 27.0 137.0 0.0 110.0 12642.0 
478.01592599649814 12.625 27.0 137.0 0.0 111.0 12744.0 
480.01592599649814 12.625 26.0 137.0 0.0 111.0 12744.0 
482.01592599649814 12.595505617977528 27.0 138.0 0.0 112.0 12846.0 
484.01592599649814 12.595505617977528 27.0 139.0 0.0 112.0 12846.0 
486.01592599649814 12.595505617977528 27.0 139.0 0.0 112.0 12846.0 
488.01592599649814 12.595505617977528 28.0 141.0 0.0 112.0 12846.0 
490.01592599649814 12.595505617977528 30.0 142.0 0.0 112.0 12846.0 
492.01592599649814 12.595505617977528 30.0 142.0 0.0 112.0 12846.0 
494.01592599649814 12.566666666666666 29.0 142.0 0.0 113.0 12948.0 
496.01592599649814 12.677777777777777 29.0 143.0 0.0 114.0 13050.0 
498.01592599649814 12.677777777777777 29.0 143.0 0.0 114.0 13050.0 
500.01592599649814 12.677777777777777 29.0 143.0 0.0 114.0 13050.0 
502.01592599649814 12.677777777777777 29.0 143.0 0.0 114.0 13050.0 
504.01592599649814 12.648351648351648 29.0 144.0 0.0 115.0 13152.0 
506.01592599649814 12.648351648351648 30.0 145.0 0.0 115.0 13152.0 
508.01592599649814 12.648351648351648 30.0 145.0 0.0 115.0 13152.0 
510.01592599649814 12.648351648351648 30.0 145.0 0.0 115.0 13152.0 
512.0159259964981 12.648351648351648 30.0 145.0 0.0 115.0 13152.0 
514.0159259964981 12.648351648351648 30.0 145.0 0.0 115.0 13152.0 
516.0159259964981 12.758241758241759 30.0 145.0 0.0 116.0 13255.0 
518.0159259964981 12.728260869565217 29.0 146.0 0.0 117.0 13358.0 
520.0159259964981 12.728260869565217 29.0 146.0 0.0 117.0 13358.0 
522.0159259964981 12.728260869565217 29.0 146.0 0.0 117.0 13358.0 
524.0159259964981 12.806451612903226 30.0 147.0 0.0 119.0 13563.0 
526.0159259964981 12.806451612903226 28.0 148.0 0.0 119.0 13563.0 
528.0159259964981 12.806451612903226 30.0 149.0 0.0 119.0 13563.0 
530.0159259964981 12.806451612903226 31.0 150.0 0.0 119.0 13563.0 
532.0159259964981 12.913978494623656 31.0 150.0 0.0 120.0 13666.0 
534.0159259964981 12.913978494623656 31.0 151.0 0.0 120.0 13666.0 
536.0159259964981 12.913978494623656 31.0 151.0 0.0 120.0 13666.0 
538.0159259964981 12.913978494623656 32.0 152.0 0.0 120.0 13666.0 
540.0159259964981 13.021505376344086 31.0 153.0 0.0 121.0 13855.0 
542.0159259964981 13.021505376344086 32.0 153.0 0.0 121.0 13855.0 
544.0159259964981 13.021505376344086 32.0 153.0 0.0 121.0 13855.0 
546.0159259964981 13.021505376344086 32.0 153.0 0.0 121.0 13855.0 
548.0159259964981 12.98936170212766 32.0 153.0 0.0 122.0 13957.0 
550.0159259964981 12.98936170212766 32.0 154.0 0.0 122.0 13957.0 
552.0159259964981 12.98936170212766 32.0 154.0 0.0 122.0 13957.0 
554.0159259964981 12.98936170212766 32.0 154.0 0.0 122.0 13957.0 
556.0159259964981 12.98936170212766 32.0 154.0 0.0 122.0 13957.0 
558.0159259964981 12.98936170212766 32.0 155.0 0.0 122.0 13957.0 
560.0159259964981 12.98936170212766 34.0 156.0 0.0 122.0 13957.0 
562.0159259964981 13.095744680851064 35.0 157.0 0.0 123.0 14059.0 
564.0159259964981 13.16842105263158 32.0 157.0 0.0 125.0 14263.0 
566.0159259964981 13.16842105263158 33.0 159.0 0.0 125.0 14263.0 
568.0159259964981 13.273684210526316 33.0 159.0 0.0 126.0 14365.0 
570.0159259964981 13.273684210526316 33.0 160.0 0.0 126.0 14365.0 
572.0159259964981 13.484210526315788 33.0 160.0 0.0 128.0 14671.0 
574.0159259964981 13.589473684210526 32.0 160.0 0.0 129.0 14809.0 
576.0159259964981 13.589473684210526 31.0 160.0 0.0 129.0 14809.0 
578.0159259964981 13.589473684210526 31.0 160.0 0.0 129.0 14809.0 
580.0159259964981 13.589473684210526 32.0 162.0 0.0 129.0 14809.0 
582.0159259964981 13.589473684210526 33.0 163.0 0.0 129.0 14809.0 
584.0159259964981 13.694736842105263 34.0 163.0 0.0 130.0 14911.0 
586.0159259964981 13.905263157894737 32.0 163.0 0.0 132.0 15124.0 
588.0159259964981 13.905263157894737 31.0 163.0 0.0 132.0 15124.0 
590.0159259964981 13.927835051546392 30.0 163.0 0.0 135.0 15681.0 
592.0159259964981 14.030927835051546 28.0 163.0 0.0 136.0 15784.0 
594.0159259964981 14.030927835051546 28.0 164.0 0.0 136.0 15784.0 
596.0159259964981 14.030927835051546 28.0 164.0 0.0 136.0 15784.0 
598.0159259964981 14.030927835051546 29.0 165.0 0.0 136.0 15784.0 
600.0159259964981 14.1340206185567 28.0 165.0 0.0 137.0 15887.0 
602.0159259964981 14.1340206185567 29.0 166.0 0.0 137.0 15887.0 
604.0159259964981 14.1340206185567 30.0 167.0 0.0 137.0 15887.0 
606.0159259964981 14.091836734693878 30.0 168.0 0.0 138.0 15989.0 
608.0159259964981 14.05050505050505 30.0 168.0 0.0 139.0 16092.0 
610.0159259964981 14.05050505050505 30.0 170.0 0.0 139.0 16092.0 
612.0159259964981 14.05050505050505 31.0 170.0 0.0 139.0 16092.0 
614.0159259964981 14.05050505050505 31.0 170.0 0.0 139.0 16092.0 
616.0159259964981 14.05050505050505 31.0 172.0 0.0 139.0 16092.0 
618.0159259964981 14.05050505050505 34.0 173.0 0.0 139.0 16092.0 
620.0159259964981 14.15151515151515 34.0 174.0 0.0 140.0 16194.0 
622.0159259964981 14.15151515151515 35.0 175.0 0.0 140.0 16194.0 
624.0159259964981 14.15151515151515 36.0 176.0 0.0 140.0 16194.0 
626.0159259964981 14.11 36.0 176.0 0.0 141.0 16297.0 
628.0159259964981 14.11 35.0 176.0 0.0 141.0 16297.0 
630.0159259964981 14.309999999999999 33.0 176.0 0.0 143.0 16502.0 
632.0159259964981 14.41 34.0 177.0 0.0 144.0 16604.0 
634.0159259964981 14.41 34.0 178.0 0.0 144.0 16604.0 
636.0159259964981 14.510000000000002 34.0 178.0 0.0 145.0 16706.0 
638.0159259964981 14.510000000000002 34.0 179.0 0.0 145.0 16706.0 
640.0159259964981 14.61 35.0 180.0 0.0 146.0 16808.0 
642.0159259964981 14.61 35.0 181.0 0.0 146.0 16808.0 
644.0159259964981 14.61 36.0 182.0 0.0 146.0 16808.0 
646.0159259964981 14.61 37.0 183.0 0.0 146.0 16808.0 
648.0159259964981 14.61 37.0 183.0 0.0 146.0 16808.0 
650.0159259964981 14.61 37.0 183.0 0.0 146.0 16808.0 
652.0159259964981 14.71 37.0 183.0 0.0 147.0 16910.0 
654.0159259964981 14.71 37.0 185.0 0.0 147.0 16910.0 
656.0159259964981 14.809999999999999 37.0 185.0 0.0 148.0 17077.0 
658.0159259964981 14.762376237623762 37.0 186.0 0.0 149.0 17483.0 
660.0159259964981 14.762376237623762 37.0 186.0 0.0 149.0 17483.0 
662.0159259964981 14.813725490196079 35.0 186.0 0.0 151.0 17688.0 
664.0159259964981 14.813725490196079 35.0 186.0 0.0 151.0 17688.0 
666.0159259964981 14.813725490196079 35.0 186.0 0.0 151.0 17688.0 
668.0159259964981 14.911764705882351 36.0 187.0 0.0 152.0 17790.0 
670.0159259964981 15.009803921568627 34.0 187.0 0.0 153.0 17893.0 
672.0159259964981 15.009803921568627 35.0 188.0 0.0 153.0 17893.0 
674.0159259964981 14.96116504854369 34.0 188.0 0.0 154.0 17996.0 
676.0159259964981 14.96116504854369 34.0 188.0 0.0 154.0 17996.0 
678.0159259964981 14.96116504854369 34.0 189.0 0.0 154.0 17996.0 
680.0159259964981 14.96116504854369 35.0 189.0 0.0 154.0 17996.0 
682.0159259964981 15.058252427184465 35.0 189.0 0.0 155.0 18098.0 
684.0159259964981 15.058252427184465 34.0 189.0 0.0 155.0 18098.0 
686.0159259964981 15.155339805825243 33.0 189.0 0.0 156.0 18201.0 
688.0159259964981 15.155339805825243 34.0 190.0 0.0 156.0 18201.0 
690.0159259964981 15.155339805825243 34.0 190.0 0.0 156.0 18201.0 
692.0159259964981 15.155339805825243 34.0 190.0 0.0 156.0 18201.0 
694.0159259964981 15.155339805825243 34.0 190.0 0.0 156.0 18201.0 
696.0159259964981 15.105769230769232 35.0 191.0 0.0 157.0 18304.0 
698.0159259964981 15.105769230769232 36.0 193.0 0.0 157.0 18304.0 
700.0159259964981 15.057142857142857 36.0 193.0 0.0 158.0 18407.0 
702.0159259964981 15.057142857142857 36.0 194.0 0.0 158.0 18407.0 
704.0159259964981 15.152380952380952 36.0 194.0 0.0 159.0 18510.0 
706.0159259964981 15.342857142857143 35.0 196.0 0.0 161.0 18613.0 
708.0159259964981 15.342857142857143 35.0 196.0 0.0 161.0 18613.0 
710.0159259964981 15.29245283018868 34.0 196.0 0.0 162.0 18716.0 
712.0159259964981 15.386792452830187 34.0 196.0 0.0 163.0 18818.0 
714.0159259964981 15.481132075471699 32.0 197.0 0.0 164.0 18921.0 
716.0159259964981 15.429906542056075 33.0 197.0 0.0 165.0 19057.0 
718.0159259964981 15.429906542056075 32.0 197.0 0.0 165.0 19057.0 
720.0159259964981 15.52336448598131 32.0 198.0 0.0 166.0 19160.0 
722.0159259964981 15.710280373831774 31.0 198.0 0.0 168.0 19655.0 
724.0159259964981 15.657407407407408 29.0 198.0 0.0 169.0 19757.0 
726.0159259964981 15.605504587155963 28.0 198.0 0.0 170.0 19859.0 
728.0159259964981 15.697247706422019 28.0 198.0 0.0 171.0 19971.0 
730.0159259964981 15.697247706422019 27.0 198.0 0.0 171.0 19971.0 
732.0159259964981 15.697247706422019 27.0 199.0 0.0 171.0 19971.0 
734.0159259964981 15.788990825688073 29.0 200.0 0.0 172.0 20074.0 
736.0159259964981 15.880733944954127 28.0 200.0 0.0 173.0 20177.0 
738.0159259964981 15.880733944954127 27.0 200.0 0.0 173.0 20177.0 
740.0159259964981 15.972477064220183 28.0 204.0 0.0 174.0 20279.0 
742.0159259964981 16.06422018348624 32.0 207.0 0.0 175.0 20381.0 
744.0159259964981 16.15596330275229 33.0 208.0 0.0 176.0 20483.0 
746.0159259964981 16.247706422018346 32.0 210.0 0.0 177.0 20585.0 
748.0159259964981 16.19090909090909 34.0 211.0 0.0 178.0 20688.0 
750.0159259964981 16.19090909090909 33.0 211.0 0.0 178.0 20688.0 
752.0159259964981 16.19090909090909 33.0 211.0 0.0 178.0 20688.0 
754.0159259964981 16.19090909090909 33.0 211.0 0.0 178.0 20688.0 
756.0159259964981 16.28181818181818 33.0 211.0 0.0 179.0 20790.0 
758.0159259964981 16.37272727272727 33.0 213.0 0.0 180.0 20893.0 
760.0159259964981 16.37272727272727 33.0 213.0 0.0 180.0 20893.0 
762.0159259964981 16.37272727272727 33.0 213.0 0.0 180.0 20893.0 
764.0159259964981 16.37272727272727 33.0 214.0 0.0 180.0 20893.0 
766.0159259964981 16.37272727272727 34.0 214.0 0.0 180.0 20893.0 
768.0159259964981 16.37272727272727 34.0 214.0 0.0 180.0 20893.0 
770.0159259964981 16.463636363636365 34.0 214.0 0.0 181.0 20995.0 
772.0159259964981 16.463636363636365 33.0 214.0 0.0 181.0 20995.0 
774.0159259964981 16.405405405405407 35.0 216.0 0.0 182.0 21098.0 
776.0159259964981 16.405405405405407 34.0 216.0 0.0 182.0 21098.0 
778.0159259964981 16.405405405405407 34.0 216.0 0.0 182.0 21098.0 
780.0159259964981 16.405405405405407 34.0 216.0 0.0 182.0 21098.0 
782.0159259964981 16.495495495495497 34.0 217.0 0.0 183.0 21201.0 
784.0159259964981 16.495495495495497 35.0 218.0 0.0 183.0 21201.0 
786.0159259964981 16.495495495495497 36.0 219.0 0.0 183.0 21201.0 
788.0159259964981 16.495495495495497 36.0 220.0 0.0 183.0 21201.0 
790.0159259964981 16.526785714285715 37.0 220.0 0.0 185.0 21532.0 
792.0159259964981 16.526785714285715 35.0 220.0 0.0 185.0 21532.0 
794.0159259964981 16.526785714285715 35.0 220.0 0.0 185.0 21532.0 
796.0159259964981 16.526785714285715 36.0 221.0 0.0 185.0 21532.0 
798.0159259964981 16.616071428571427 39.0 224.0 0.0 186.0 21635.0 
800.0159259964981 16.705357142857142 39.0 225.0 0.0 187.0 21737.0 
802.0159259964981 16.705357142857142 40.0 227.0 0.0 187.0 21737.0 
804.0159259964981 16.646017699115045 40.0 227.0 0.0 188.0 21839.0 
806.0159259964981 16.646017699115045 39.0 227.0 0.0 188.0 21839.0 
808.0159259964981 16.646017699115045 39.0 227.0 0.0 188.0 21839.0 
810.0159259964981 16.587719298245613 38.0 227.0 0.0 189.0 21942.0 
812.0159259964981 16.587719298245613 39.0 228.0 0.0 189.0 21942.0 
814.0159259964981 16.587719298245613 39.0 228.0 0.0 189.0 21942.0 
816.0159259964981 16.587719298245613 40.0 229.0 0.0 189.0 21942.0 
818.0159259964981 16.530434782608694 39.0 229.0 0.0 190.0 22045.0 
820.0159259964981 16.530434782608694 39.0 229.0 0.0 190.0 22045.0 
822.0159259964981 16.617391304347827 41.0 231.0 0.0 191.0 22148.0 
824.0159259964981 16.617391304347827 40.0 231.0 0.0 191.0 22148.0 
826.0159259964981 16.617391304347827 40.0 231.0 0.0 191.0 22148.0 
828.0159259964981 16.617391304347827 42.0 233.0 0.0 191.0 22148.0 
830.0159259964981 16.617391304347827 42.0 233.0 0.0 191.0 22148.0 
832.0159259964981 16.617391304347827 42.0 233.0 0.0 191.0 22148.0 
834.0159259964981 16.617391304347827 42.0 233.0 0.0 191.0 22148.0 
836.0159259964981 16.646551724137932 41.0 233.0 0.0 193.0 22353.0 
838.0159259964981 16.646551724137932 40.0 233.0 0.0 193.0 22353.0 
840.0159259964981 16.646551724137932 41.0 234.0 0.0 193.0 22353.0 
842.0159259964981 16.81896551724138 40.0 234.0 0.0 195.0 22558.0 
844.0159259964981 17.017094017094017 36.0 235.0 0.0 199.0 23012.0 
846.0159259964981 17.102564102564102 36.0 235.0 0.0 200.0 23115.0 
848.0159259964981 17.188034188034187 34.0 235.0 0.0 201.0 23217.0 
850.0159259964981 17.358974358974358 34.0 236.0 0.0 203.0 23422.0 
852.0159259964981 17.358974358974358 34.0 237.0 0.0 203.0 23422.0 
854.0159259964981 17.358974358974358 34.0 237.0 0.0 203.0 23422.0 
856.0159259964981 17.358974358974358 34.0 237.0 0.0 203.0 23422.0 
858.0159259964981 17.358974358974358 34.0 237.0 0.0 203.0 23422.0 
860.0159259964981 17.529914529914528 33.0 237.0 0.0 205.0 23626.0 
862.0159259964981 17.529914529914528 33.0 238.0 0.0 205.0 23626.0 
864.0159259964981 17.529914529914528 33.0 238.0 0.0 205.0 23626.0 
866.0159259964981 17.529914529914528 34.0 239.0 0.0 205.0 23626.0 
868.0159259964981 17.615384615384617 34.0 240.0 0.0 206.0 23729.0 
870.0159259964981 17.615384615384617 35.0 241.0 0.0 206.0 23729.0 
872.0159259964981 17.615384615384617 35.0 241.0 0.0 206.0 23729.0 
874.0159259964981 17.615384615384617 35.0 241.0 0.0 206.0 23729.0 
876.0159259964981 17.786324786324787 34.0 241.0 0.0 208.0 23934.0 
878.0159259964981 17.786324786324787 33.0 241.0 0.0 208.0 23934.0 
880.0159259964981 17.786324786324787 33.0 241.0 0.0 208.0 23934.0 
882.0159259964981 17.786324786324787 34.0 242.0 0.0 208.0 23934.0 
884.0159259964981 17.871794871794872 36.0 245.0 0.0 209.0 24036.0 
886.0159259964981 17.871794871794872 37.0 246.0 0.0 209.0 24036.0 
888.0159259964981 17.957264957264957 38.0 247.0 0.0 210.0 24139.0 
890.0159259964981 17.957264957264957 37.0 249.0 0.0 210.0 24139.0 
892.0159259964981 18.042735042735043 38.0 250.0 0.0 211.0 24242.0 
894.0159259964981 18.128205128205128 39.0 250.0 0.0 212.0 24395.0 
896.0159259964981 18.213675213675213 37.0 250.0 0.0 213.0 24548.0 
898.0159259964981 18.299145299145298 38.0 251.0 0.0 214.0 24651.0 
900.0159259964981 18.555555555555557 36.0 252.0 0.0 217.0 24958.0 
#####################################################################
# End of data export. Simulation finished at: 2020-01-28T23:43+0000 #
#####################################################################
