#####################################################################
# Alchemist log file - simulation started at: 2020-02-07T19:21+0000 #
#####################################################################
# seed = 60.0, taskFrequency = 0.0075, cloudcost = 2.0, algorithm = false
#
# The columns have the following meaning: 
# time taskHops[Mean] hasTask[Sum] tasks[Sum] completedTasks[Sum] giveupTasks[Sum] taskLatency[Sum] 
0.0 NaN 0.0 0.0 0.0 0.0 0.0 
2.0072773057316926 NaN 1.0 2.0 0.0 0.0 0.0 
4.007277305731693 NaN 4.0 5.0 0.0 0.0 0.0 
6.007277305731693 NaN 6.0 6.0 0.0 0.0 0.0 
8.007277305731693 NaN 8.0 8.0 0.0 0.0 0.0 
10.007277305731693 NaN 9.0 9.0 0.0 0.0 0.0 
12.007277305731693 NaN 12.0 12.0 0.0 0.0 0.0 
14.007277305731693 NaN 13.0 13.0 0.0 0.0 0.0 
16.00727730573169 NaN 14.0 14.0 0.0 0.0 0.0 
18.00727730573169 NaN 16.0 16.0 0.0 0.0 0.0 
20.00727730573169 NaN 19.0 19.0 0.0 0.0 0.0 
22.00727730573169 NaN 23.0 23.0 0.0 0.0 0.0 
24.00727730573169 NaN 24.0 24.0 0.0 0.0 0.0 
26.00727730573169 NaN 25.0 25.0 0.0 0.0 0.0 
28.00727730573169 NaN 28.0 28.0 0.0 0.0 0.0 
30.00727730573169 NaN 28.0 28.0 0.0 0.0 0.0 
32.00727730573169 NaN 31.0 31.0 0.0 0.0 0.0 
34.00727730573169 NaN 31.0 31.0 0.0 0.0 0.0 
36.00727730573169 NaN 31.0 31.0 0.0 0.0 0.0 
38.00727730573169 NaN 31.0 32.0 0.0 0.0 0.0 
40.00727730573169 NaN 32.0 32.0 0.0 0.0 0.0 
42.00727730573169 NaN 32.0 32.0 0.0 0.0 0.0 
44.00727730573169 NaN 32.0 32.0 0.0 0.0 0.0 
46.00727730573169 NaN 32.0 32.0 0.0 0.0 0.0 
48.00727730573169 NaN 35.0 35.0 0.0 0.0 0.0 
50.00727730573169 NaN 36.0 36.0 0.0 0.0 0.0 
52.00727730573169 NaN 38.0 40.0 0.0 0.0 0.0 
54.00727730573169 NaN 40.0 40.0 0.0 0.0 0.0 
56.00727730573169 NaN 40.0 40.0 0.0 0.0 0.0 
58.00727730573169 NaN 41.0 41.0 0.0 0.0 0.0 
60.00727730573169 NaN 42.0 42.0 0.0 0.0 0.0 
62.00727730573169 NaN 45.0 45.0 0.0 0.0 0.0 
64.00727730573169 NaN 47.0 47.0 0.0 0.0 0.0 
66.00727730573169 NaN 48.0 48.0 0.0 0.0 0.0 
68.00727730573169 NaN 50.0 50.0 0.0 0.0 0.0 
70.00727730573169 NaN 51.0 52.0 0.0 0.0 0.0 
72.00727730573169 NaN 52.0 52.0 0.0 0.0 0.0 
74.00727730573169 NaN 53.0 53.0 0.0 0.0 0.0 
76.00727730573169 NaN 53.0 53.0 0.0 0.0 0.0 
78.00727730573169 NaN 56.0 56.0 0.0 0.0 0.0 
80.00727730573169 NaN 57.0 57.0 0.0 0.0 0.0 
82.00727730573169 NaN 58.0 58.0 0.0 0.0 0.0 
84.00727730573169 NaN 58.0 58.0 0.0 0.0 0.0 
86.00727730573169 NaN 58.0 58.0 0.0 0.0 0.0 
88.00727730573169 NaN 58.0 58.0 0.0 0.0 0.0 
90.00727730573169 NaN 58.0 58.0 0.0 0.0 0.0 
92.00727730573169 NaN 60.0 61.0 0.0 0.0 0.0 
94.00727730573169 NaN 63.0 63.0 0.0 0.0 0.0 
96.00727730573169 NaN 64.0 64.0 0.0 0.0 0.0 
98.00727730573169 NaN 65.0 65.0 0.0 0.0 0.0 
100.00727730573169 NaN 65.0 65.0 0.0 0.0 0.0 
102.00727730573169 NaN 66.0 66.0 0.0 0.0 0.0 
104.00727730573169 NaN 66.0 66.0 0.0 0.0 0.0 
106.00727730573169 NaN 67.0 67.0 0.0 0.0 0.0 
108.00727730573169 2.0 66.0 67.0 0.0 2.0 206.0 
110.00727730573169 2.0 65.0 67.0 0.0 2.0 206.0 
112.00727730573169 2.0 65.0 68.0 0.0 3.0 315.0 
114.00727730573169 2.0 65.0 69.0 0.0 5.0 519.0 
116.00727730573169 2.0 65.0 70.0 0.0 6.0 621.0 
118.00727730573169 2.0 64.0 71.0 0.0 7.0 723.0 
120.00727730573169 2.0 63.0 73.0 0.0 10.0 1037.0 
122.00727730573169 2.0 62.0 73.0 0.0 13.0 1371.0 
124.00727730573169 2.0 58.0 73.0 0.0 17.0 1782.0 
126.00727730573169 2.0 56.0 73.0 0.0 18.0 1885.0 
128.0072773057317 2.0 52.0 73.0 0.0 21.0 2223.0 
130.0072773057317 2.0 53.0 75.0 0.0 24.0 2530.0 
132.0072773057317 2.0 52.0 76.0 0.0 24.0 2530.0 
134.0072773057317 2.0 51.0 76.0 0.0 27.0 2864.0 
136.0072773057317 2.0 49.0 76.0 0.0 27.0 2864.0 
138.0072773057317 2.0 50.0 77.0 0.0 27.0 2864.0 
140.0072773057317 2.0 51.0 78.0 0.0 27.0 2864.0 
142.0072773057317 2.0 50.0 78.0 0.0 28.0 2967.0 
144.0072773057317 2.0 50.0 79.0 0.0 28.0 2967.0 
146.0072773057317 2.0 51.0 81.0 0.0 28.0 2967.0 
148.0072773057317 2.0 53.0 81.0 0.0 28.0 2967.0 
150.0072773057317 2.0 52.0 81.0 0.0 30.0 3171.0 
152.0072773057317 2.0 51.0 81.0 0.0 31.0 3276.0 
154.0072773057317 2.0 49.0 81.0 0.0 33.0 3481.0 
156.0072773057317 2.0 48.0 83.0 0.0 35.0 3687.0 
158.0072773057317 2.0 49.0 84.0 0.0 35.0 3687.0 
160.0072773057317 2.0 48.0 84.0 0.0 37.0 3946.0 
162.0072773057317 2.0 49.0 86.0 0.0 37.0 3946.0 
164.0072773057317 2.0 48.0 87.0 0.0 41.0 4386.0 
166.0072773057317 2.0 48.0 89.0 0.0 42.0 4489.0 
168.0072773057317 2.0 46.0 90.0 0.0 43.0 4591.0 
170.0072773057317 2.0 45.0 90.0 0.0 45.0 4795.0 
172.0072773057317 2.0 44.0 90.0 0.0 47.0 5050.0 
174.0072773057317 2.0 44.0 91.0 0.0 47.0 5050.0 
176.0072773057317 2.0 45.0 92.0 0.0 48.0 5152.0 
178.0072773057317 2.0 44.0 92.0 0.0 48.0 5152.0 
180.0072773057317 2.019607843137255 43.0 92.0 0.0 51.0 5459.0 
182.0072773057317 2.019230769230769 42.0 94.0 0.0 52.0 5561.0 
184.0072773057317 2.018867924528302 42.0 95.0 0.0 53.0 5663.0 
186.0072773057317 2.018867924528302 42.0 95.0 0.0 53.0 5663.0 
188.0072773057317 2.018867924528302 42.0 95.0 0.0 53.0 5663.0 
190.0072773057317 2.018867924528302 42.0 95.0 0.0 53.0 5663.0 
192.0072773057317 2.018867924528302 43.0 96.0 0.0 53.0 5663.0 
194.0072773057317 2.018181818181818 43.0 98.0 0.0 55.0 5868.0 
196.0072773057317 2.0172413793103448 42.0 98.0 0.0 58.0 6176.0 
198.0072773057317 2.0172413793103448 40.0 98.0 0.0 58.0 6176.0 
200.0072773057317 2.016949152542373 39.0 98.0 0.0 59.0 6278.0 
202.0072773057317 2.016949152542373 40.0 99.0 0.0 59.0 6278.0 
204.0072773057317 2.0166666666666666 41.0 100.0 0.0 60.0 6380.0 
206.0072773057317 2.0166666666666666 42.0 103.0 0.0 60.0 6380.0 
208.0072773057317 2.0163934426229506 43.0 103.0 0.0 61.0 6482.0 
210.0072773057317 2.0163934426229506 42.0 103.0 0.0 61.0 6482.0 
212.0072773057317 2.0163934426229506 44.0 105.0 0.0 61.0 6482.0 
214.0072773057317 2.0161290322580645 44.0 105.0 0.0 62.0 6584.0 
216.0072773057317 2.0161290322580645 43.0 106.0 0.0 62.0 6584.0 
218.0072773057317 2.015873015873016 44.0 106.0 0.0 63.0 6686.0 
220.00281862779383 2.015625 43.0 106.0 0.0 64.0 6788.0 
222.0072773057317 2.015625 42.0 106.0 0.0 64.0 6788.0 
224.0072773057317 2.015151515151515 40.0 106.0 0.0 66.0 6994.0 
226.0072773057317 2.015151515151515 40.0 107.0 0.0 66.0 6994.0 
228.0072773057317 2.015151515151515 42.0 108.0 0.0 66.0 6994.0 
230.0072773057317 2.015151515151515 45.0 111.0 0.0 66.0 6994.0 
232.0072773057317 2.014705882352941 45.0 113.0 0.0 68.0 7198.0 
234.0072773057317 2.0441176470588234 46.0 115.0 0.0 69.0 7301.0 
236.0072773057317 2.0441176470588234 47.0 116.0 0.0 69.0 7301.0 
238.0072773057317 2.0441176470588234 48.0 117.0 0.0 69.0 7301.0 
240.0072773057317 2.0434782608695654 49.0 118.0 0.0 70.0 7403.0 
242.0072773057317 2.0428571428571427 49.0 119.0 0.0 71.0 7505.0 
244.0072773057317 2.0428571428571427 48.0 119.0 0.0 71.0 7505.0 
246.0072773057317 2.0428571428571427 48.0 119.0 0.0 71.0 7505.0 
248.0072773057317 2.0428571428571427 48.0 120.0 0.0 71.0 7505.0 
250.0072773057317 2.0416666666666665 47.0 120.0 0.0 73.0 7711.0 
252.0072773057317 2.0416666666666665 47.0 120.0 0.0 73.0 7711.0 
254.0072773057317 2.0416666666666665 48.0 121.0 0.0 73.0 7711.0 
256.0072773057317 2.0416666666666665 49.0 122.0 0.0 73.0 7711.0 
258.0072773057317 2.0684931506849313 48.0 122.0 0.0 75.0 7916.0 
260.0072773057317 2.0675675675675675 47.0 123.0 0.0 76.0 8018.0 
262.0072773057317 2.0675675675675675 47.0 124.0 0.0 76.0 8018.0 
264.0072773057317 2.0933333333333333 47.0 124.0 0.0 78.0 8223.0 
266.0072773057317 2.0921052631578947 46.0 124.0 0.0 79.0 8325.0 
268.0072773057317 2.08974358974359 45.0 124.0 0.0 81.0 8530.0 
270.0072773057317 2.08974358974359 45.0 126.0 0.0 81.0 8530.0 
272.0072773057317 2.08974358974359 45.0 126.0 0.0 81.0 8530.0 
274.0072773057317 2.08974358974359 45.0 127.0 0.0 81.0 8530.0 
276.0072773057317 2.088607594936709 46.0 128.0 0.0 82.0 8632.0 
278.0072773057317 2.0875 47.0 129.0 0.0 83.0 8734.0 
280.0072773057317 2.0875 46.0 129.0 0.0 83.0 8734.0 
282.0072773057317 2.0875 46.0 129.0 0.0 83.0 8734.0 
284.0072773057317 2.111111111111111 46.0 131.0 0.0 85.0 8938.0 
286.0072773057317 2.1097560975609757 46.0 131.0 0.0 86.0 9040.0 
288.0072773057317 2.1097560975609757 48.0 134.0 0.0 86.0 9040.0 
290.0072773057317 2.1097560975609757 48.0 134.0 0.0 86.0 9040.0 
292.0072773057317 2.1097560975609757 48.0 134.0 0.0 86.0 9040.0 
294.0072773057317 2.1341463414634148 48.0 135.0 0.0 87.0 9142.0 
296.0072773057317 2.158536585365854 47.0 135.0 0.0 88.0 9244.0 
298.0072773057317 2.182926829268293 46.0 135.0 0.0 89.0 9347.0 
300.0072773057317 2.182926829268293 46.0 135.0 0.0 89.0 9347.0 
302.0072773057317 2.180722891566265 47.0 137.0 0.0 90.0 9481.0 
304.0072773057317 2.2048192771084336 47.0 138.0 0.0 91.0 9583.0 
306.0072773057317 2.2289156626506026 48.0 139.0 0.0 92.0 9685.0 
308.0072773057317 2.25 47.0 140.0 0.0 94.0 9891.0 
310.0072773057317 2.2470588235294118 45.0 140.0 0.0 95.0 9994.0 
312.0072773057317 2.2470588235294118 45.0 140.0 0.0 95.0 9994.0 
314.0072773057317 2.2941176470588234 45.0 141.0 0.0 97.0 10199.0 
316.0072773057317 2.2941176470588234 44.0 141.0 0.0 97.0 10199.0 
318.0072773057317 2.2941176470588234 44.0 141.0 0.0 97.0 10199.0 
320.0072773057317 2.2906976744186047 44.0 142.0 0.0 98.0 10302.0 
322.0072773057317 2.2906976744186047 44.0 142.0 0.0 98.0 10302.0 
324.0072773057317 2.2906976744186047 46.0 144.0 0.0 98.0 10302.0 
326.0072773057317 2.2906976744186047 46.0 144.0 0.0 98.0 10302.0 
328.0072773057317 2.2906976744186047 49.0 147.0 0.0 98.0 10302.0 
330.0072773057317 2.313953488372093 48.0 147.0 0.0 99.0 10405.0 
332.0072773057317 2.3563218390804597 47.0 147.0 0.0 102.0 10712.0 
334.0072773057317 2.348314606741573 44.0 147.0 0.0 104.0 11004.0 
336.0072773057317 2.3406593406593403 44.0 149.0 0.0 106.0 11209.0 
338.0072773057317 2.3846153846153846 42.0 149.0 0.0 108.0 11415.0 
340.0072773057317 2.380434782608696 40.0 149.0 0.0 109.0 11517.0 
342.0072773057317 2.376344086021505 39.0 151.0 0.0 110.0 11619.0 
344.0072773057317 2.372340425531915 42.0 152.0 0.0 111.0 11721.0 
346.0072773057317 2.372340425531915 41.0 154.0 0.0 111.0 11721.0 
348.0072773057317 2.372340425531915 44.0 155.0 0.0 111.0 11721.0 
350.0072773057317 2.372340425531915 44.0 155.0 0.0 111.0 11721.0 
352.0072773057317 2.3684210526315788 44.0 157.0 0.0 112.0 11824.0 
354.0072773057317 2.3684210526315788 45.0 157.0 0.0 112.0 11824.0 
356.0072773057317 2.389473684210526 45.0 158.0 0.0 113.0 11926.0 
358.0072773057317 2.4105263157894736 47.0 160.0 0.0 114.0 12029.0 
360.0072773057317 2.4105263157894736 46.0 161.0 0.0 114.0 12029.0 
362.0072773057317 2.40625 47.0 162.0 0.0 115.0 12131.0 
364.0072773057317 2.402061855670103 47.0 162.0 0.0 116.0 12431.0 
366.0072773057317 2.422680412371134 46.0 163.0 0.0 117.0 12534.0 
368.0072773057317 2.422680412371134 46.0 164.0 0.0 117.0 12534.0 
370.0072773057317 2.422680412371134 50.0 167.0 0.0 117.0 12534.0 
372.0072773057317 2.438775510204082 49.0 168.0 0.0 119.0 12738.0 
374.0072773057317 2.4591836734693877 49.0 168.0 0.0 120.0 12884.0 
376.0072773057317 2.4591836734693877 50.0 171.0 0.0 120.0 12884.0 
378.0072773057317 2.479591836734694 52.0 173.0 0.0 121.0 12987.0 
380.0072773057317 2.5 51.0 173.0 0.0 122.0 13089.0 
382.0072773057317 2.5 51.0 173.0 0.0 122.0 13089.0 
384.0072773057317 2.5 52.0 175.0 0.0 122.0 13089.0 
386.0072773057317 2.520408163265306 53.0 177.0 0.0 123.0 13191.0 
388.0072773057317 2.520408163265306 54.0 177.0 0.0 123.0 13191.0 
390.0072773057317 2.5300000000000002 52.0 178.0 0.0 126.0 13497.0 
392.0072773057317 2.5300000000000002 52.0 178.0 0.0 126.0 13497.0 
394.0072773057317 2.5300000000000002 53.0 179.0 0.0 126.0 13497.0 
396.0072773057317 2.5300000000000002 53.0 179.0 0.0 126.0 13497.0 
398.0072773057317 2.55 54.0 182.0 0.0 127.0 13600.0 
400.0072773057317 2.55 56.0 183.0 0.0 127.0 13600.0 
402.0072773057317 2.55 58.0 185.0 0.0 127.0 13600.0 
404.0072773057317 2.5445544554455446 58.0 185.0 0.0 128.0 13703.0 
406.0072773057317 2.5841584158415842 56.0 186.0 0.0 130.0 13909.0 
408.0072773057317 2.603960396039604 56.0 187.0 0.0 131.0 14012.0 
410.0072773057317 2.5980392156862746 55.0 187.0 0.0 132.0 14399.0 
412.0072773057317 2.6176470588235294 54.0 187.0 0.0 133.0 14502.0 
414.0072773057317 2.6176470588235294 54.0 187.0 0.0 133.0 14502.0 
416.0072773057317 2.6372549019607847 54.0 188.0 0.0 134.0 14604.0 
418.0072773057317 2.6372549019607847 54.0 188.0 0.0 134.0 14604.0 
420.0072773057317 2.6372549019607847 54.0 188.0 0.0 134.0 14604.0 
422.0072773057317 2.6568627450980395 53.0 188.0 0.0 135.0 14706.0 
424.0072773057317 2.6568627450980395 53.0 188.0 0.0 135.0 14706.0 
426.0072773057317 2.696078431372549 55.0 190.0 0.0 137.0 14911.0 
428.0072773057317 2.696078431372549 54.0 191.0 0.0 137.0 14911.0 
430.0072773057317 2.701923076923077 54.0 193.0 0.0 140.0 15218.0 
432.0072773057317 2.701923076923077 54.0 194.0 0.0 140.0 15218.0 
434.0072773057317 2.701923076923077 55.0 195.0 0.0 140.0 15218.0 
436.0072773057317 2.701923076923077 55.0 195.0 0.0 140.0 15218.0 
438.0072773057317 2.7403846153846154 55.0 195.0 0.0 142.0 15423.0 
440.0072773057317 2.7403846153846154 53.0 195.0 0.0 142.0 15423.0 
442.0072773057317 2.7596153846153846 53.0 195.0 0.0 143.0 15581.0 
444.0072773057317 2.7596153846153846 54.0 197.0 0.0 143.0 15581.0 
446.0072773057317 2.7904761904761903 51.0 197.0 0.0 146.0 15889.0 
448.0072773057317 2.7904761904761903 51.0 197.0 0.0 146.0 15889.0 
450.0072773057317 2.8476190476190473 49.0 199.0 0.0 149.0 16197.0 
452.0072773057317 2.8476190476190473 50.0 199.0 0.0 149.0 16197.0 
454.0072773057317 2.8666666666666663 49.0 199.0 0.0 150.0 16299.0 
456.0072773057317 2.8857142857142857 49.0 200.0 0.0 151.0 16402.0 
458.0072773057317 2.9047619047619047 50.0 201.0 0.0 152.0 16504.0 
460.0072773057317 2.942857142857143 48.0 202.0 0.0 154.0 16708.0 
462.0072773057317 2.942857142857143 49.0 204.0 0.0 154.0 16708.0 
464.0072773057317 2.980952380952381 49.0 205.0 0.0 156.0 16914.0 
466.0072773057317 2.980952380952381 50.0 207.0 0.0 156.0 16914.0 
468.0072773057317 2.990566037735849 50.0 207.0 0.0 158.0 17414.0 
470.0072773057317 2.990566037735849 49.0 207.0 0.0 158.0 17414.0 
472.0072773057317 3.037383177570093 48.0 207.0 0.0 162.0 17824.0 
474.0072773057317 3.037383177570093 45.0 209.0 0.0 162.0 17824.0 
476.0072773057317 3.037383177570093 48.0 210.0 0.0 162.0 17824.0 
478.0072773057317 3.0462962962962967 50.0 212.0 0.0 164.0 18029.0 
480.0072773057317 3.083333333333333 48.0 213.0 0.0 166.0 18235.0 
482.0072773057317 3.083333333333333 47.0 213.0 0.0 166.0 18235.0 
484.0072773057317 3.083333333333333 47.0 213.0 0.0 166.0 18235.0 
486.0072773057317 3.101851851851852 46.0 214.0 0.0 167.0 18337.0 
488.0072773057317 3.110091743119266 47.0 215.0 0.0 169.0 18543.0 
490.0072773057317 3.128440366972477 46.0 217.0 0.0 170.0 18646.0 
492.0072773057317 3.128440366972477 49.0 219.0 0.0 170.0 18646.0 
494.0072773057317 3.118181818181818 49.0 220.0 0.0 171.0 18749.0 
496.0072773057317 3.1363636363636362 49.0 221.0 0.0 172.0 18851.0 
498.0072773057317 3.1363636363636362 49.0 221.0 0.0 172.0 18851.0 
500.0072773057317 3.144144144144144 49.0 222.0 0.0 174.0 19056.0 
502.0072773057317 3.18018018018018 47.0 222.0 0.0 176.0 19262.0 
504.0072773057317 3.2162162162162167 48.0 225.0 0.0 178.0 19466.0 
506.0072773057317 3.2162162162162167 47.0 225.0 0.0 178.0 19466.0 
508.0072773057317 3.2162162162162167 48.0 226.0 0.0 178.0 19466.0 
510.0072773057317 3.234234234234234 47.0 228.0 0.0 179.0 19569.0 
512.0072773057317 3.223214285714286 50.0 231.0 0.0 180.0 19672.0 
514.0072773057317 3.223214285714286 51.0 232.0 0.0 180.0 19672.0 
516.0072773057317 3.223214285714286 53.0 233.0 0.0 180.0 19672.0 
518.0072773057317 3.2410714285714284 53.0 233.0 0.0 181.0 19774.0 
520.0072773057317 3.2410714285714284 53.0 234.0 0.0 181.0 19774.0 
522.0072773057317 3.2410714285714284 53.0 234.0 0.0 181.0 19774.0 
524.0072773057317 3.2410714285714284 55.0 236.0 0.0 181.0 19774.0 
526.0072773057317 3.2410714285714284 55.0 236.0 0.0 181.0 19774.0 
528.0072773057317 3.276785714285714 55.0 236.0 0.0 183.0 19979.0 
530.0072773057317 3.2946428571428568 52.0 236.0 0.0 184.0 20081.0 
532.0072773057317 3.3125 52.0 237.0 0.0 185.0 20183.0 
534.0072773057317 3.348214285714286 51.0 238.0 0.0 187.0 20388.0 
536.0072773057317 3.3660714285714284 52.0 240.0 0.0 188.0 20490.0 
538.0072773057317 3.3660714285714284 52.0 240.0 0.0 188.0 20490.0 
540.0072773057317 3.3660714285714284 54.0 242.0 0.0 188.0 20490.0 
542.0072773057317 3.3660714285714284 55.0 243.0 0.0 188.0 20490.0 
544.0072773057317 3.3660714285714284 56.0 244.0 0.0 188.0 20490.0 
546.0072773057317 3.401785714285714 56.0 244.0 0.0 190.0 20696.0 
548.0072773057317 3.401785714285714 54.0 244.0 0.0 190.0 20696.0 
550.0072773057317 3.401785714285714 56.0 246.0 0.0 190.0 20696.0 
552.0072773057317 3.4196428571428568 56.0 246.0 0.0 191.0 20798.0 
554.0072773057317 3.4375 55.0 248.0 0.0 192.0 20901.0 
556.0072773057317 3.4375 58.0 250.0 0.0 192.0 20901.0 
558.0072773057317 3.4247787610619467 59.0 251.0 0.0 193.0 21003.0 
560.0072773057317 3.442477876106195 59.0 252.0 0.0 194.0 21106.0 
562.0072773057317 3.4601769911504423 58.0 252.0 0.0 195.0 21208.0 
564.0072773057317 3.47787610619469 58.0 253.0 0.0 196.0 21310.0 
566.0072773057317 3.4955752212389384 56.0 253.0 0.0 197.0 21413.0 
568.0072773057317 3.513274336283186 56.0 253.0 0.0 198.0 21516.0 
570.0072773057317 3.5309734513274336 54.0 254.0 0.0 199.0 21619.0 
572.0072773057317 3.5309734513274336 55.0 255.0 0.0 199.0 21619.0 
574.0072773057317 3.5309734513274336 57.0 256.0 0.0 199.0 21619.0 
576.0072773057317 3.5309734513274336 58.0 257.0 0.0 199.0 21619.0 
578.0072773057317 3.5840707964601775 57.0 258.0 0.0 202.0 21928.0 
580.0072773057317 3.605263157894737 56.0 258.0 0.0 205.0 22653.0 
582.0072773057317 3.6228070175438596 52.0 259.0 0.0 206.0 22755.0 
584.0072773057317 3.6228070175438596 55.0 262.0 0.0 206.0 22755.0 
586.0072773057317 3.6086956521739126 55.0 262.0 0.0 207.0 22969.0 
588.0072773057317 3.6086956521739126 56.0 263.0 0.0 207.0 22969.0 
590.0070234281036 3.6434782608695655 55.0 263.0 0.0 209.0 23174.0 
592.0072773057317 3.6608695652173915 54.0 263.0 0.0 210.0 23276.0 
594.0072773057317 3.6810344827586206 52.0 264.0 0.0 213.0 23584.0 
596.0072773057317 3.6982758620689657 52.0 266.0 0.0 214.0 23686.0 
598.0072773057317 3.6982758620689657 52.0 266.0 0.0 214.0 23686.0 
600.0072773057317 3.715517241379311 53.0 269.0 0.0 215.0 23789.0 
602.0072773057317 3.715517241379311 54.0 269.0 0.0 215.0 23789.0 
604.0072773057317 3.7327586206896557 53.0 269.0 0.0 216.0 23892.0 
606.0072773057317 3.8017241379310343 53.0 269.0 0.0 220.0 24340.0 
608.0072773057317 3.7863247863247858 48.0 269.0 0.0 221.0 24834.0 
610.0072773057317 3.7863247863247858 49.0 270.0 0.0 221.0 24834.0 
612.0072773057317 3.7863247863247858 50.0 271.0 0.0 221.0 24834.0 
614.0072773057317 3.8547008547008543 48.0 273.0 0.0 225.0 25244.0 
616.0072773057317 3.8717948717948714 47.0 273.0 0.0 226.0 25347.0 
618.0072773057317 3.872881355932203 46.0 274.0 0.0 228.0 25552.0 
620.0072773057317 3.889830508474576 47.0 275.0 0.0 229.0 25664.0 
622.0072773057317 3.9067796610169494 46.0 275.0 0.0 230.0 25766.0 
624.0072773057317 3.9067796610169494 47.0 277.0 0.0 230.0 25766.0 
626.0072773057317 3.9406779661016946 47.0 277.0 0.0 232.0 25971.0 
628.0072773057317 3.9406779661016946 46.0 278.0 0.0 232.0 25971.0 
630.0072773057317 3.9406779661016946 46.0 278.0 0.0 232.0 25971.0 
632.0072773057317 3.9406779661016946 46.0 278.0 0.0 232.0 25971.0 
634.0072773057317 3.9406779661016946 47.0 279.0 0.0 232.0 25971.0 
636.0072773057317 3.9745762711864403 45.0 279.0 0.0 234.0 26176.0 
638.0072773057317 3.991525423728814 45.0 279.0 0.0 235.0 26279.0 
640.0072773057317 4.008474576271187 43.0 280.0 0.0 236.0 26382.0 
642.0072773057317 4.025423728813559 44.0 280.0 0.0 237.0 26484.0 
644.0072773057317 4.0423728813559325 43.0 280.0 0.0 238.0 26586.0 
646.0072773057317 4.059322033898305 43.0 281.0 0.0 239.0 26688.0 
648.0072773057317 4.059322033898305 42.0 281.0 0.0 239.0 26688.0 
650.0072773057317 4.059322033898305 43.0 283.0 0.0 239.0 26688.0 
652.0072773057317 4.09322033898305 44.0 285.0 0.0 241.0 26892.0 
654.0072773057317 4.09322033898305 44.0 285.0 0.0 241.0 26892.0 
656.0072773057317 4.110169491525423 45.0 287.0 0.0 242.0 26995.0 
658.0072773057317 4.126050420168068 45.0 288.0 0.0 245.0 27303.0 
660.0072773057317 4.142857142857143 43.0 288.0 0.0 246.0 27405.0 
662.0072773057317 4.159663865546219 43.0 289.0 0.0 247.0 27507.0 
664.0072773057317 4.159663865546219 42.0 289.0 0.0 247.0 27507.0 
666.0072773057317 4.176470588235294 42.0 289.0 0.0 248.0 27610.0 
668.0072773057317 4.176470588235294 41.0 290.0 0.0 248.0 27610.0 
670.0072773057317 4.176470588235294 43.0 291.0 0.0 248.0 27610.0 
672.0072773057317 4.176470588235294 43.0 291.0 0.0 248.0 27610.0 
674.0072773057317 4.19327731092437 42.0 291.0 0.0 249.0 27713.0 
676.0072773057317 4.191666666666666 41.0 292.0 0.0 251.0 27918.0 
678.0072773057317 4.208333333333334 43.0 294.0 0.0 252.0 28021.0 
680.0072773057317 4.241666666666666 42.0 295.0 0.0 254.0 28426.0 
682.0072773057317 4.241666666666666 41.0 295.0 0.0 254.0 28426.0 
684.0072773057317 4.241666666666666 41.0 296.0 0.0 254.0 28426.0 
686.0072773057317 4.258333333333334 43.0 298.0 0.0 255.0 28529.0 
688.0072773057317 4.275 44.0 300.0 0.0 256.0 28632.0 
690.0072773057317 4.291666666666666 44.0 300.0 0.0 257.0 28735.0 
692.0072773057317 4.291666666666666 44.0 301.0 0.0 257.0 28735.0 
694.0072773057317 4.291666666666666 45.0 302.0 0.0 257.0 28735.0 
696.0072773057317 4.291666666666666 46.0 303.0 0.0 257.0 28735.0 
698.0072773057317 4.341666666666666 45.0 303.0 0.0 260.0 29043.0 
700.0072773057317 4.341666666666666 43.0 303.0 0.0 260.0 29043.0 
702.0072773057317 4.375 43.0 304.0 0.0 262.0 29248.0 
704.0072773057317 4.355371900826445 41.0 304.0 0.0 263.0 29351.0 
706.0072773057317 4.355371900826445 41.0 304.0 0.0 263.0 29351.0 
708.0072773057317 4.355371900826445 41.0 305.0 0.0 263.0 29351.0 
710.0072773057317 4.355371900826445 43.0 307.0 0.0 263.0 29351.0 
712.0072773057317 4.37190082644628 45.0 309.0 0.0 264.0 29453.0 
714.0072773057317 4.3884297520661155 46.0 310.0 0.0 265.0 29556.0 
716.0072773057317 4.404958677685951 45.0 312.0 0.0 266.0 29658.0 
718.0072773057317 4.438016528925621 45.0 312.0 0.0 268.0 30235.0 
720.0072773057317 4.418032786885246 44.0 312.0 0.0 269.0 30337.0 
722.0072773057317 4.434426229508196 43.0 312.0 0.0 270.0 30440.0 
724.0072773057317 4.434426229508196 42.0 312.0 0.0 270.0 30440.0 
726.0072773057317 4.467213114754099 41.0 312.0 0.0 272.0 30645.0 
728.0072773057317 4.467213114754099 40.0 312.0 0.0 272.0 30645.0 
730.0072773057317 4.4836065573770485 40.0 313.0 0.0 273.0 30747.0 
732.0072773057317 4.4836065573770485 41.0 314.0 0.0 273.0 30747.0 
734.0072773057317 4.4836065573770485 44.0 317.0 0.0 273.0 30747.0 
736.0072773057317 4.5 44.0 318.0 0.0 274.0 30849.0 
738.0072773057317 4.5 44.0 318.0 0.0 274.0 30849.0 
740.0072773057317 4.5 45.0 319.0 0.0 274.0 30849.0 
742.0072773057317 4.5 45.0 319.0 0.0 274.0 30849.0 
744.0072773057317 4.532786885245901 44.0 321.0 0.0 276.0 31112.0 
746.0072773057317 4.532786885245901 47.0 323.0 0.0 276.0 31112.0 
748.0072773057317 4.549180327868852 46.0 324.0 0.0 277.0 31214.0 
750.0072773057317 4.549180327868852 48.0 325.0 0.0 277.0 31214.0 
752.0072773057317 4.565573770491803 48.0 325.0 0.0 278.0 31316.0 
754.0072773057317 4.5983606557377055 46.0 325.0 0.0 280.0 31521.0 
756.0072773057317 4.614754098360656 44.0 325.0 0.0 281.0 31624.0 
758.0072773057317 4.631147540983608 43.0 325.0 0.0 282.0 31726.0 
760.0072773057317 4.663934426229508 43.0 326.0 0.0 284.0 31932.0 
762.0072773057317 4.663934426229508 42.0 327.0 0.0 284.0 31932.0 
764.0072773057317 4.642276422764228 42.0 328.0 0.0 285.0 32034.0 
766.0072773057317 4.642276422764228 44.0 329.0 0.0 285.0 32034.0 
768.0072773057317 4.642276422764228 44.0 329.0 0.0 285.0 32034.0 
770.0072773057317 4.642276422764228 44.0 329.0 0.0 285.0 32034.0 
772.0072773057317 4.642276422764228 44.0 329.0 0.0 285.0 32034.0 
774.0072773057317 4.642276422764228 44.0 329.0 0.0 285.0 32034.0 
776.0072773057317 4.642276422764228 44.0 329.0 0.0 285.0 32034.0 
778.0072773057317 4.658536585365854 44.0 331.0 0.0 286.0 32136.0 
780.0072773057317 4.691056910569106 46.0 333.0 0.0 288.0 32340.0 
782.0072773057317 4.7073170731707314 47.0 335.0 0.0 289.0 32443.0 
784.0072773057317 4.7073170731707314 47.0 338.0 0.0 289.0 32443.0 
786.0072773057317 4.7073170731707314 49.0 338.0 0.0 289.0 32443.0 
788.0072773057317 4.7560975609756095 46.0 338.0 0.0 292.0 32750.0 
790.0072773057317 4.788617886178862 49.0 341.0 0.0 294.0 32954.0 
792.0072773057317 4.788617886178862 49.0 343.0 0.0 294.0 32954.0 
794.0072773057317 4.804878048780488 49.0 343.0 0.0 295.0 33056.0 
796.0072773057317 4.821138211382115 48.0 344.0 0.0 296.0 33158.0 
798.0072773057317 4.83739837398374 48.0 345.0 0.0 297.0 33260.0 
800.0072773057317 4.83739837398374 48.0 345.0 0.0 297.0 33260.0 
802.0072773057317 4.83739837398374 50.0 347.0 0.0 297.0 33260.0 
804.0072773057317 4.83739837398374 50.0 347.0 0.0 297.0 33260.0 
806.0072773057317 4.83739837398374 50.0 347.0 0.0 297.0 33260.0 
808.0072773057317 4.83739837398374 50.0 347.0 0.0 297.0 33260.0 
810.0072773057317 4.83739837398374 51.0 348.0 0.0 297.0 33260.0 
812.0072773057317 4.869918699186991 50.0 348.0 0.0 299.0 33466.0 
814.0072773057317 4.91869918699187 49.0 349.0 0.0 302.0 33773.0 
816.0072773057317 4.9349593495934965 47.0 349.0 0.0 303.0 33875.0 
818.0072773057317 4.9349593495934965 46.0 349.0 0.0 303.0 33875.0 
820.0072773057317 4.967479674796747 44.0 349.0 0.0 305.0 34081.0 
822.0072773057317 4.967479674796747 44.0 350.0 0.0 305.0 34081.0 
824.0072773057317 4.983739837398374 46.0 351.0 0.0 306.0 34292.0 
826.0072773057317 4.983739837398374 45.0 351.0 0.0 306.0 34292.0 
828.0072773057317 5.0 45.0 351.0 0.0 307.0 34452.0 
830.0072773057317 5.016260162601626 44.0 352.0 0.0 308.0 34611.0 
832.0072773057317 5.016260162601626 44.0 352.0 0.0 308.0 34611.0 
834.0072773057317 5.048780487804878 44.0 354.0 0.0 310.0 34816.0 
836.0072773057317 5.097560975609756 43.0 355.0 0.0 313.0 35123.0 
838.0072773057317 5.1138211382113825 42.0 355.0 0.0 314.0 35225.0 
840.0072773057317 5.1138211382113825 42.0 356.0 0.0 314.0 35225.0 
842.0072773057317 5.130081300813009 43.0 358.0 0.0 315.0 35327.0 
844.0072773057317 5.130081300813009 43.0 358.0 0.0 315.0 35327.0 
846.0072773057317 5.146341463414633 42.0 358.0 0.0 316.0 35429.0 
848.0072773057317 5.178861788617886 41.0 359.0 0.0 318.0 35634.0 
850.0016843314753 5.178861788617886 42.0 360.0 0.0 318.0 35634.0 
852.0072773057317 5.227642276422765 40.0 361.0 0.0 321.0 35989.0 
854.0072773057317 5.227642276422765 40.0 361.0 0.0 321.0 35989.0 
856.0072773057317 5.227642276422765 42.0 363.0 0.0 321.0 35989.0 
858.0072773057317 5.227642276422765 42.0 363.0 0.0 321.0 35989.0 
860.0072773057317 5.227642276422765 42.0 363.0 0.0 321.0 35989.0 
862.0072773057317 5.2439024390243905 43.0 364.0 0.0 322.0 36091.0 
864.0072773057317 5.2439024390243905 42.0 364.0 0.0 322.0 36091.0 
866.0072773057317 5.260162601626017 41.0 364.0 0.0 323.0 36194.0 
868.0072773057317 5.2926829268292686 41.0 365.0 0.0 325.0 36399.0 
870.0072773057317 5.2926829268292686 40.0 365.0 0.0 325.0 36399.0 
872.0072773057317 5.2926829268292686 42.0 367.0 0.0 325.0 36399.0 
874.0072773057317 5.2926829268292686 43.0 368.0 0.0 325.0 36399.0 
876.0072773057317 5.2926829268292686 44.0 369.0 0.0 325.0 36399.0 
878.0072773057317 5.2926829268292686 44.0 370.0 0.0 325.0 36399.0 
880.0072773057317 5.308943089430894 46.0 371.0 0.0 326.0 36501.0 
882.0072773057317 5.357723577235772 45.0 372.0 0.0 329.0 36808.0 
884.0072773057317 5.390243902439025 42.0 372.0 0.0 331.0 37013.0 
886.0072773057317 5.40650406504065 42.0 373.0 0.0 332.0 37116.0 
888.0072773057317 5.455284552845529 38.0 373.0 0.0 335.0 37670.0 
890.0072773057317 5.455284552845529 39.0 374.0 0.0 335.0 37670.0 
892.0072773057317 5.504065040650406 38.0 374.0 0.0 338.0 37978.0 
894.0072773057317 5.520325203252033 37.0 376.0 0.0 339.0 38080.0 
896.0072773057317 5.520325203252033 38.0 377.0 0.0 339.0 38080.0 
898.0072773057317 5.520325203252033 38.0 378.0 0.0 339.0 38080.0 
900.0072773057317 5.552845528455284 37.0 378.0 0.0 341.0 38286.0 
#####################################################################
# End of data export. Simulation finished at: 2020-02-07T19:23+0000 #
#####################################################################
