#####################################################################
# Alchemist log file - simulation started at: 2020-01-19T11:21+0000 #
#####################################################################
# seed = 19.0, taskFrequency = 0.0075, cloudcost = 3.0, algorithm = true
#
# The columns have the following meaning: 
# time taskHops[Mean] hasTask[Sum] tasks[Sum] completedTasks[Sum] giveupTasks[Sum] taskLatency[Sum] 
0.0 NaN 0.0 0.0 0.0 0.0 0.0 
2.0189000266060093 NaN 2.0 2.0 0.0 0.0 0.0 
4.018900026606009 NaN 3.0 5.0 0.0 0.0 0.0 
6.018900026606009 NaN 7.0 7.0 0.0 0.0 0.0 
8.018900026606008 NaN 7.0 8.0 0.0 0.0 0.0 
10.018900026606008 NaN 8.0 9.0 0.0 0.0 0.0 
12.018900026606008 NaN 9.0 10.0 0.0 0.0 0.0 
14.018900026606008 NaN 10.0 10.0 0.0 0.0 0.0 
16.01890002660601 2.0 9.0 11.0 2.0 0.0 28.0 
18.01890002660601 1.75 10.0 13.0 4.0 0.0 55.0 
20.01890002660601 1.7142857142857142 8.0 14.0 7.0 0.0 99.0 
22.01890002660601 1.7142857142857142 8.0 15.0 7.0 0.0 99.0 
24.01890002660601 1.75 9.0 16.0 8.0 0.0 115.0 
26.01890002660601 1.75 9.0 18.0 8.0 0.0 115.0 
28.01890002660601 1.75 11.0 20.0 8.0 0.0 115.0 
30.01890002660601 1.6666666666666667 11.0 21.0 12.0 0.0 175.0 
32.018900026606005 1.6923076923076923 10.0 22.0 13.0 0.0 195.0 
34.018900026606005 1.7857142857142858 9.0 23.0 14.0 0.0 209.0 
36.018900026606005 1.7857142857142858 11.0 26.0 14.0 0.0 209.0 
38.018900026606005 1.8 11.0 26.0 15.0 0.0 223.0 
40.018900026606005 1.75 11.0 26.0 16.0 0.0 237.0 
42.018900026606005 1.7777777777777777 8.0 26.0 18.0 0.0 269.0 
44.018900026606005 1.7894736842105263 9.0 28.0 19.0 0.0 283.0 
46.018900026606005 1.8 9.0 29.0 20.0 0.0 303.0 
48.018900026606005 1.7272727272727273 8.0 30.0 22.0 0.0 336.0 
50.018900026606005 1.6666666666666667 8.0 31.0 24.0 0.0 368.0 
52.018900026606005 1.6666666666666667 10.0 35.0 24.0 0.0 368.0 
54.018900026606005 1.7916666666666667 12.0 36.0 25.0 0.0 387.0 
56.018900026606005 1.8 12.0 38.0 26.0 0.0 406.0 
58.018900026606005 1.7857142857142858 11.0 38.0 29.0 0.0 446.0 
60.018900026606005 1.7857142857142858 10.0 39.0 29.0 0.0 446.0 
62.018900026606005 1.7586206896551724 12.0 42.0 30.0 0.0 459.0 
64.018900026606 1.793103448275862 15.0 45.0 31.0 0.0 475.0 
66.018900026606 1.7666666666666666 14.0 46.0 32.0 0.0 488.0 
68.018900026606 1.7419354838709677 14.0 47.0 33.0 0.0 502.0 
70.018900026606 1.7714285714285714 12.0 47.0 37.0 0.0 567.0 
72.018900026606 1.7714285714285714 11.0 48.0 37.0 0.0 567.0 
74.018900026606 1.7567567567567568 13.0 51.0 39.0 0.0 603.0 
76.018900026606 1.7435897435897436 10.0 52.0 41.0 0.0 629.0 
78.018900026606 1.75 11.0 53.0 42.0 0.0 643.0 
80.018900026606 1.7619047619047619 12.0 56.0 44.0 0.0 676.0 
82.018900026606 1.7619047619047619 13.0 59.0 44.0 0.0 676.0 
84.018900026606 1.7674418604651163 16.0 60.0 45.0 0.0 695.0 
86.018900026606 1.7727272727272727 16.0 63.0 47.0 0.0 732.0 
88.018900026606 1.7826086956521738 14.0 64.0 50.0 0.0 771.0 
90.018900026606 1.8125 17.0 68.0 53.0 0.0 820.0 
92.018900026606 1.8125 16.0 69.0 53.0 0.0 820.0 
94.018900026606 1.8 15.0 69.0 55.0 0.0 847.0 
96.018900026606 1.7692307692307692 15.0 71.0 57.0 0.0 875.0 
98.018900026606 1.7692307692307692 17.0 76.0 57.0 0.0 875.0 
100.018900026606 1.7547169811320755 19.0 78.0 58.0 0.0 888.0 
102.018900026606 1.7818181818181817 21.0 79.0 61.0 0.0 931.0 
104.018900026606 1.7678571428571428 18.0 80.0 62.0 0.0 944.0 
106.018900026606 1.7678571428571428 18.0 80.0 62.0 0.0 944.0 
108.018900026606 1.7666666666666666 18.0 82.0 66.0 0.0 1021.0 
110.018900026606 1.7833333333333334 17.0 85.0 67.0 0.0 1034.0 
112.018900026606 1.7833333333333334 19.0 86.0 67.0 0.0 1034.0 
114.018900026606 1.7704918032786885 19.0 86.0 68.0 0.0 1048.0 
116.018900026606 1.8360655737704918 19.0 87.0 69.0 0.0 1068.0 
118.018900026606 1.953125 19.0 91.0 73.0 0.0 1161.0 
120.018900026606 1.984375 19.0 93.0 74.0 0.0 1182.0 
122.018900026606 1.984375 20.0 94.0 74.0 0.0 1182.0 
124.018900026606 2.0153846153846153 18.0 94.0 78.0 0.0 1246.0 
126.018900026606 2.0153846153846153 17.0 95.0 78.0 0.0 1246.0 
128.018900026606 2.0454545454545454 16.0 97.0 79.0 0.0 1275.0 
130.018900026606 2.044776119402985 18.0 98.0 80.0 0.0 1293.0 
132.018900026606 2.0441176470588234 18.0 100.0 81.0 0.0 1326.0 
134.018900026606 2.028985507246377 21.0 102.0 82.0 0.0 1350.0 
136.018900026606 2.0428571428571427 22.0 106.0 83.0 0.0 1369.0 
138.018900026606 2.1142857142857143 25.0 109.0 85.0 0.0 1420.0 
140.018900026606 2.1142857142857143 24.0 109.0 85.0 0.0 1420.0 
142.018900026606 2.1232876712328768 23.0 112.0 89.0 0.0 1520.0 
144.018900026606 2.1486486486486487 25.0 115.0 92.0 0.0 1602.0 
146.018900026606 2.1486486486486487 23.0 115.0 92.0 0.0 1602.0 
148.018900026606 2.1466666666666665 24.0 117.0 93.0 0.0 1631.0 
150.018900026606 2.1973684210526314 23.0 117.0 96.0 0.0 1694.0 
152.018900026606 2.207792207792208 21.0 118.0 98.0 0.0 1731.0 
154.018900026606 2.217948717948718 20.0 120.0 100.0 0.0 1790.0 
156.018900026606 2.230769230769231 21.0 123.0 101.0 0.0 1807.0 
158.018900026606 2.2564102564102564 24.0 127.0 103.0 0.0 1829.0 
160.018900026606 2.275 24.0 127.0 105.0 0.0 1886.0 
162.018900026606 2.3580246913580245 22.0 128.0 108.0 0.0 1947.0 
164.018900026606 2.3580246913580245 22.0 130.0 108.0 0.0 1947.0 
166.018900026606 2.3580246913580245 22.0 131.0 108.0 0.0 1947.0 
168.018900026606 2.3647058823529408 19.0 132.0 113.0 0.0 2038.0 
170.018900026606 2.376470588235294 21.0 134.0 114.0 0.0 2077.0 
172.018900026606 2.36046511627907 21.0 136.0 115.0 0.0 2114.0 
174.018900026606 2.3720930232558137 22.0 138.0 116.0 0.0 2130.0 
176.018900026606 2.3720930232558137 22.0 138.0 116.0 0.0 2130.0 
178.018900026606 2.4022988505747125 22.0 139.0 119.0 0.0 2202.0 
180.018900026606 2.425287356321839 19.0 139.0 120.0 0.0 2238.0 
182.018900026606 2.426966292134831 18.0 139.0 123.0 0.0 2295.0 
184.018900026606 2.4444444444444446 17.0 141.0 123.0 1.0 2396.0 
186.018900026606 2.466666666666667 19.0 145.0 124.0 1.0 2423.0 
188.018900026606 2.4516129032258065 18.0 146.0 127.0 1.0 2495.0 
190.018900026606 2.4468085106382977 18.0 147.0 128.0 1.0 2512.0 
192.018900026606 2.4680851063829783 19.0 148.0 129.0 1.0 2532.0 
194.018900026606 2.4893617021276597 19.0 149.0 130.0 1.0 2552.0 
196.018900026606 2.5578947368421057 17.0 149.0 133.0 1.0 2674.0 
198.018900026606 2.578947368421052 16.0 151.0 134.0 1.0 2674.0 
200.018900026606 2.578947368421052 17.0 152.0 134.0 1.0 2674.0 
202.018900026606 2.572916666666667 16.0 152.0 135.0 1.0 2689.0 
204.018900026606 2.6288659793814437 14.0 153.0 137.0 2.0 2769.0 
206.018900026606 2.6288659793814437 14.0 153.0 137.0 2.0 2769.0 
208.018900026606 2.612244897959184 13.0 153.0 138.0 2.0 2783.0 
210.018900026606 2.7653061224489797 13.0 155.0 141.0 2.0 2895.0 
212.018900026606 2.7653061224489797 13.0 156.0 141.0 2.0 2895.0 
214.018900026606 2.8163265306122454 12.0 157.0 143.0 2.0 2963.0 
216.018900026606 2.8571428571428568 13.0 158.0 144.0 2.0 2982.0 
218.018900026606 2.918367346938775 12.0 160.0 147.0 2.0 3044.0 
220.018900026606 2.9292929292929295 11.0 161.0 148.0 2.0 3126.0 
222.018900026606 2.9292929292929295 13.0 163.0 148.0 2.0 3126.0 
224.018900026606 2.98989898989899 14.0 165.0 149.0 2.0 3165.0 
226.018900026606 2.98989898989899 14.0 165.0 149.0 2.0 3165.0 
228.018900026606 2.98989898989899 16.0 168.0 149.0 2.0 3165.0 
230.018900026606 3.0505050505050506 14.0 169.0 152.0 2.0 3220.0 
232.018900026606 3.1199999999999997 15.0 170.0 155.0 2.0 3300.0 
234.018900026606 3.1089108910891086 11.0 171.0 157.0 2.0 3330.0 
236.018900026606 3.1089108910891086 15.0 174.0 157.0 2.0 3330.0 
238.018900026606 3.107843137254902 16.0 175.0 158.0 2.0 3346.0 
240.018900026606 3.144230769230769 14.0 176.0 161.0 2.0 3402.0 
242.018900026606 3.144230769230769 14.0 178.0 161.0 2.0 3402.0 
244.018900026606 3.144230769230769 15.0 178.0 161.0 2.0 3402.0 
246.018900026606 3.25 15.0 178.0 164.0 2.0 3520.0 
248.018900026606 3.259615384615384 12.0 179.0 165.0 2.0 3536.0 
250.018900026606 3.235849056603773 12.0 180.0 168.0 2.0 3578.0 
252.018900026606 3.235849056603773 12.0 183.0 168.0 2.0 3578.0 
254.018900026606 3.235849056603773 13.0 183.0 168.0 2.0 3578.0 
256.018900026606 3.238532110091743 13.0 185.0 171.0 2.0 3647.0 
258.018900026606 3.238532110091743 13.0 188.0 171.0 2.0 3647.0 
260.018900026606 3.275229357798165 15.0 188.0 172.0 2.0 3666.0 
262.018900026606 3.302752293577982 14.0 188.0 173.0 2.0 3701.0 
264.018900026606 3.3545454545454545 12.0 190.0 177.0 2.0 3781.0 
266.018900026606 3.390909090909091 9.0 191.0 179.0 2.0 3807.0 
268.018900026606 3.390909090909091 11.0 192.0 179.0 2.0 3807.0 
270.018900026606 3.390909090909091 12.0 193.0 179.0 2.0 3807.0 
272.018900026606 3.4 12.0 194.0 180.0 2.0 3821.0 
274.018900026606 3.436363636363636 11.0 194.0 182.0 2.0 3878.0 
276.018900026606 3.4636363636363634 10.0 195.0 183.0 2.0 3897.0 
278.018900026606 3.4504504504504503 10.0 197.0 184.0 2.0 3916.0 
280.018900026606 3.468468468468468 11.0 198.0 185.0 2.0 3932.0 
282.018900026606 3.464285714285714 12.0 199.0 186.0 2.0 3956.0 
284.018900026606 3.5178571428571432 13.0 202.0 188.0 2.0 4004.0 
286.018900026606 3.526785714285714 13.0 203.0 189.0 2.0 4024.0 
288.018900026606 3.5044247787610616 14.0 207.0 190.0 2.0 4037.0 
290.018900026606 3.5044247787610616 15.0 207.0 190.0 2.0 4037.0 
292.018900026606 3.526315789473684 14.0 208.0 192.0 2.0 4087.0 
294.018900026606 3.578947368421052 14.0 208.0 194.0 2.0 4127.0 
296.018900026606 3.5877192982456143 14.0 210.0 195.0 2.0 4140.0 
298.018900026606 3.5877192982456143 13.0 210.0 195.0 2.0 4140.0 
300.018900026606 3.666666666666667 15.0 213.0 199.0 2.0 4205.0 
302.018900026606 3.6842105263157894 12.0 215.0 201.0 2.0 4233.0 
304.018900026606 3.6842105263157894 13.0 217.0 201.0 2.0 4233.0 
306.018900026606 3.692982456140351 14.0 218.0 202.0 2.0 4253.0 
308.018900026606 3.678260869565217 15.0 220.0 204.0 2.0 4285.0 
310.018900026606 3.6869565217391305 16.0 222.0 205.0 2.0 4304.0 
312.018900026606 3.6869565217391305 17.0 224.0 205.0 2.0 4304.0 
314.018900026606 3.6810344827586206 17.0 226.0 207.0 2.0 4332.0 
316.018900026606 3.724137931034483 19.0 228.0 209.0 2.0 4381.0 
318.018900026606 3.7327586206896552 17.0 229.0 210.0 2.0 4395.0 
320.018900026606 3.7327586206896552 17.0 229.0 210.0 2.0 4395.0 
322.018900026606 3.7672413793103448 15.0 229.0 212.0 2.0 4424.0 
324.018900026606 3.793103448275862 16.0 231.0 214.0 2.0 4452.0 
326.018900026606 3.793103448275862 15.0 232.0 214.0 2.0 4452.0 
328.018900026606 3.8448275862068964 16.0 233.0 216.0 2.0 4492.0 
330.018900026606 3.905982905982906 14.0 233.0 219.0 2.0 4585.0 
332.018900026606 3.923076923076923 14.0 235.0 220.0 2.0 4604.0 
334.018900026606 3.8983050847457625 14.0 237.0 221.0 2.0 4622.0 
336.018900026606 3.8983050847457625 16.0 240.0 221.0 2.0 4622.0 
338.018900026606 3.9237288135593222 15.0 240.0 223.0 2.0 4655.0 
340.018900026606 3.9327731092436973 15.0 240.0 225.0 2.0 4686.0 
342.018900026606 3.966386554621849 14.0 242.0 226.0 2.0 4713.0 
344.018900026606 3.966386554621849 15.0 244.0 226.0 2.0 4713.0 
346.018900026606 3.9747899159663866 17.0 246.0 227.0 2.0 4727.0 
348.018900026606 4.016806722689076 16.0 246.0 230.0 2.0 4809.0 
350.018900026606 4.025210084033613 14.0 247.0 231.0 2.0 4824.0 
352.018900026606 4.042016806722689 15.0 248.0 232.0 2.0 4842.0 
354.018900026606 4.092436974789916 12.0 248.0 235.0 2.0 4900.0 
356.018900026606 4.109243697478991 11.0 250.0 236.0 2.0 4914.0 
358.018900026606 4.142857142857143 11.0 250.0 238.0 2.0 4991.0 
360.018900026606 4.142857142857143 12.0 253.0 238.0 2.0 4991.0 
362.018900026606 4.142857142857143 13.0 253.0 238.0 2.0 4991.0 
364.018900026606 4.226890756302521 15.0 255.0 241.0 2.0 5092.0 
366.018900026606 4.260504201680672 12.0 258.0 243.0 2.0 5124.0 
368.018900026606 4.260504201680672 13.0 258.0 243.0 2.0 5124.0 
370.018900026606 4.260504201680672 13.0 258.0 243.0 2.0 5124.0 
372.01360189849674 4.233333333333333 13.0 260.0 244.0 2.0 5153.0 
374.018900026606 4.283333333333333 14.0 264.0 247.0 2.0 5204.0 
376.018900026606 4.316666666666666 14.0 265.0 248.0 2.0 5224.0 
378.018900026606 4.333333333333334 14.0 266.0 250.0 2.0 5304.0 
380.018900026606 4.333333333333334 15.0 267.0 250.0 2.0 5304.0 
382.018900026606 4.347107438016529 17.0 269.0 252.0 2.0 5347.0 
384.018900026606 4.355371900826446 16.0 271.0 253.0 2.0 5365.0 
386.018900026606 4.3884297520661155 15.0 272.0 254.0 2.0 5384.0 
388.018900026606 4.3884297520661155 16.0 272.0 254.0 2.0 5384.0 
390.018900026606 4.429752066115702 16.0 272.0 258.0 2.0 5461.0 
392.018900026606 4.454545454545455 12.0 274.0 260.0 2.0 5506.0 
394.018900026606 4.454545454545455 13.0 275.0 260.0 2.0 5506.0 
396.018900026606 4.479338842975206 11.0 275.0 262.0 2.0 5532.0 
398.018900026606 4.520661157024794 12.0 277.0 265.0 2.0 5600.0 
400.018900026606 4.545454545454545 10.0 278.0 267.0 2.0 5643.0 
402.018900026606 4.545454545454545 10.0 281.0 267.0 2.0 5643.0 
404.018900026606 4.578512396694215 11.0 281.0 269.0 2.0 5682.0 
406.018900026606 4.586776859504132 9.0 281.0 270.0 2.0 5707.0 
408.018900026606 4.586776859504132 12.0 284.0 270.0 2.0 5707.0 
410.018900026606 4.586776859504132 12.0 284.0 270.0 2.0 5707.0 
412.018900026606 4.6033057851239665 11.0 284.0 271.0 2.0 5727.0 
414.018900026606 4.6115702479338845 12.0 285.0 272.0 2.0 5740.0 
416.018900026606 4.644628099173554 11.0 286.0 274.0 2.0 5777.0 
418.018900026606 4.644628099173554 10.0 286.0 274.0 2.0 5777.0 
420.018900026606 4.652892561983471 10.0 287.0 275.0 2.0 5790.0 
422.018900026606 4.685950413223141 8.0 287.0 277.0 2.0 5822.0 
424.018900026606 4.71900826446281 7.0 287.0 278.0 2.0 5847.0 
426.018900026606 4.743801652892563 7.0 288.0 280.0 2.0 5878.0 
428.018900026606 4.75206611570248 7.0 289.0 281.0 2.0 5904.0 
430.018900026606 4.760330578512397 5.0 289.0 282.0 2.0 5918.0 
432.018900026606 4.760330578512397 10.0 295.0 282.0 2.0 5918.0 
434.018900026606 4.809917355371901 11.0 296.0 284.0 2.0 5968.0 
436.018900026606 4.809917355371901 10.0 297.0 284.0 2.0 5968.0 
438.018900026606 4.809917355371901 13.0 299.0 284.0 2.0 5968.0 
440.018900026606 4.818181818181818 13.0 302.0 285.0 2.0 5982.0 
442.018900026606 4.859504132231405 18.0 305.0 287.0 2.0 6048.0 
444.018900026606 4.87603305785124 18.0 307.0 288.0 2.0 6061.0 
446.018900026606 4.933884297520661 18.0 310.0 291.0 2.0 6090.0 
448.018900026606 4.933884297520661 18.0 312.0 291.0 2.0 6090.0 
450.018900026606 4.983471074380165 19.0 313.0 295.0 2.0 6152.0 
452.018900026606 4.983471074380165 16.0 313.0 295.0 2.0 6152.0 
454.018900026606 4.983471074380165 18.0 315.0 295.0 2.0 6152.0 
456.018900026606 4.991735537190083 18.0 315.0 296.0 2.0 6168.0 
458.018900026606 4.991735537190083 18.0 316.0 296.0 2.0 6168.0 
460.018900026606 5.0 19.0 317.0 297.0 2.0 6188.0 
462.018900026606 5.082644628099174 16.0 318.0 301.0 2.0 6269.0 
464.018900026606 5.107438016528926 18.0 322.0 302.0 2.0 6289.0 
466.018900026606 5.115702479338843 20.0 325.0 303.0 2.0 6307.0 
468.018900026606 5.090163934426229 20.0 327.0 304.0 2.0 6320.0 
470.018900026606 5.073170731707317 21.0 327.0 306.0 2.0 6357.0 
472.018900026606 5.186991869918699 18.0 328.0 309.0 2.0 6453.0 
474.018900026606 5.186991869918699 19.0 330.0 309.0 2.0 6453.0 
476.018900026606 5.211382113821138 20.0 331.0 310.0 2.0 6470.0 
478.018900026606 5.219512195121951 19.0 332.0 311.0 2.0 6500.0 
480.018900026606 5.2439024390243905 20.0 334.0 313.0 2.0 6529.0 
482.018900026606 5.276422764227642 19.0 335.0 316.0 2.0 6578.0 
484.018900026606 5.284552845528455 16.0 337.0 317.0 2.0 6595.0 
486.018900026606 5.317073170731708 18.0 337.0 319.0 2.0 6626.0 
488.018900026606 5.341463414634147 16.0 340.0 321.0 2.0 6675.0 
490.018900026606 5.373983739837398 19.0 342.0 324.0 2.0 6741.0 
492.018900026606 5.390243902439025 16.0 343.0 325.0 2.0 6782.0 
494.018900026606 5.4227642276422765 17.0 344.0 326.0 2.0 6801.0 
496.018900026606 5.439024390243903 18.0 347.0 327.0 2.0 6833.0 
498.018900026606 5.455284552845528 17.0 348.0 329.0 2.0 6865.0 
500.018900026606 5.463414634146341 17.0 348.0 330.0 2.0 6878.0 
502.018900026606 5.504065040650406 16.0 348.0 332.0 2.0 6912.0 
504.018900026606 5.560975609756097 13.0 349.0 334.0 2.0 7007.0 
506.018900026606 5.560975609756097 13.0 350.0 334.0 2.0 7007.0 
508.018900026606 5.6016260162601625 14.0 351.0 336.0 2.0 7045.0 
510.018900026606 5.6016260162601625 13.0 351.0 336.0 2.0 7045.0 
512.0189000266059 5.588709677419355 12.0 352.0 338.0 2.0 7077.0 
514.0189000266059 5.596774193548387 13.0 355.0 339.0 2.0 7106.0 
516.0189000266059 5.685483870967742 14.0 356.0 341.0 2.0 7206.0 
518.0189000266059 5.685483870967742 14.0 358.0 341.0 2.0 7206.0 
520.0189000266059 5.693548387096774 15.0 359.0 342.0 2.0 7222.0 
522.0189000266059 5.693548387096774 15.0 359.0 342.0 2.0 7222.0 
524.0189000266059 5.766129032258065 17.0 363.0 346.0 2.0 7298.0 
526.0189000266059 5.790322580645161 14.0 363.0 347.0 2.0 7325.0 
528.0189000266059 5.798387096774194 16.0 365.0 348.0 2.0 7338.0 
530.0189000266059 5.82258064516129 16.0 367.0 349.0 2.0 7396.0 
532.0189000266059 5.838709677419355 17.0 370.0 350.0 2.0 7413.0 
534.0189000266059 5.854838709677419 19.0 372.0 351.0 2.0 7432.0 
536.0189000266059 5.903225806451613 18.0 372.0 353.0 2.0 7493.0 
538.0189000266059 5.919354838709678 18.0 377.0 354.0 2.0 7512.0 
540.0189000266059 5.943548387096774 22.0 379.0 355.0 2.0 7532.0 
542.0189000266059 5.951612903225806 25.0 383.0 356.0 2.0 7550.0 
544.0189000266059 5.967741935483871 27.0 386.0 357.0 2.0 7570.0 
546.0189000266059 6.040322580645162 28.0 388.0 360.0 2.0 7671.0 
548.0189000266059 6.080645161290322 25.0 388.0 363.0 2.0 7718.0 
550.0189000266059 6.120967741935484 23.0 389.0 365.0 2.0 7751.0 
552.0189000266059 6.137096774193548 22.0 389.0 367.0 2.0 7779.0 
554.0189000266059 6.137096774193548 24.0 397.0 367.0 2.0 7779.0 
556.0189000266059 6.17741935483871 26.0 397.0 369.0 2.0 7818.0 
558.0189000266059 6.185483870967742 26.0 398.0 370.0 2.0 7832.0 
560.0189000266059 6.193548387096774 26.0 399.0 371.0 2.0 7846.0 
562.0189000266059 6.193548387096774 26.0 400.0 371.0 2.0 7846.0 
564.0189000266059 6.241935483870968 26.0 402.0 373.0 2.0 7900.0 
566.0189000266059 6.241935483870968 28.0 404.0 373.0 2.0 7900.0 
568.0189000266059 6.25 29.0 404.0 374.0 2.0 7914.0 
570.0189000266059 6.258064516129032 29.0 405.0 375.0 2.0 7927.0 
572.0189000266059 6.298387096774194 27.0 405.0 377.0 2.0 7988.0 
574.0189000266059 6.32258064516129 30.0 409.0 379.0 2.0 8039.0 
576.0189000266059 6.370967741935484 30.0 411.0 382.0 2.0 8118.0 
578.0189000266059 6.370967741935484 28.0 412.0 382.0 2.0 8118.0 
580.0189000266059 6.379032258064516 29.0 413.0 383.0 2.0 8132.0 
582.0189000266059 6.379032258064516 31.0 416.0 383.0 2.0 8132.0 
584.0189000266059 6.403225806451613 29.0 417.0 385.0 2.0 8176.0 
586.0009122882682 6.475806451612903 30.0 419.0 388.0 2.0 8257.0 
588.0189000266059 6.491935483870968 31.0 421.0 390.0 2.0 8285.0 
590.0189000266059 6.491935483870968 30.0 422.0 390.0 2.0 8285.0 
592.0189000266059 6.5 29.0 423.0 391.0 2.0 8316.0 
594.0189000266059 6.516129032258065 30.0 424.0 392.0 2.0 8336.0 
596.0189000266059 6.540322580645162 28.0 424.0 394.0 2.0 8370.0 
598.0189000266059 6.540322580645162 28.0 425.0 394.0 2.0 8370.0 
600.0189000266059 6.620967741935484 32.0 428.0 398.0 2.0 8473.0 
602.0189000266059 6.620967741935484 28.0 428.0 398.0 2.0 8473.0 
604.0189000266059 6.620967741935484 30.0 430.0 398.0 2.0 8473.0 
606.0189000266059 6.67741935483871 30.0 432.0 400.0 2.0 8523.0 
608.0189000266059 6.67741935483871 30.0 432.0 400.0 2.0 8523.0 
610.0189000266059 6.67741935483871 30.0 433.0 400.0 2.0 8523.0 
612.0189000266059 6.75 35.0 437.0 404.0 2.0 8632.0 
614.0189000266059 6.75 32.0 439.0 404.0 2.0 8632.0 
616.0189000266059 6.78225806451613 34.0 440.0 405.0 2.0 8660.0 
618.0189000266059 6.830645161290322 34.0 441.0 407.0 2.0 8780.0 
620.0189000266059 6.830645161290322 33.0 442.0 407.0 2.0 8780.0 
622.0189000266059 6.911290322580646 32.0 442.0 408.0 3.0 8874.0 
624.0189000266059 6.943548387096774 31.0 443.0 410.0 3.0 8997.0 
626.0189000266059 6.959677419354838 29.0 443.0 411.0 3.0 9023.0 
628.0189000266059 6.983870967741935 31.0 445.0 411.0 4.0 9124.0 
630.0189000266059 7.088709677419355 28.0 446.0 412.0 8.0 9367.0 
632.0189000266059 7.088709677419355 26.0 446.0 412.0 8.0 9367.0 
634.0189000266059 7.088709677419355 28.0 448.0 412.0 8.0 9367.0 
636.0189000266059 7.112903225806452 27.0 449.0 413.0 8.0 9390.0 
638.0189000266059 7.161290322580645 27.0 449.0 414.0 8.0 9484.0 
640.0189000266059 7.17741935483871 28.0 451.0 415.0 8.0 9504.0 
642.0189000266059 7.201612903225806 27.0 452.0 417.0 8.0 9560.0 
644.0189000266059 7.225806451612903 26.0 453.0 417.0 9.0 9662.0 
646.0189000266059 7.25 29.0 455.0 417.0 10.0 9763.0 
648.0189000266059 7.306451612903226 27.0 456.0 418.0 12.0 9839.0 
650.0189000266059 7.330645161290322 26.0 456.0 418.0 13.0 9940.0 
652.0189000266059 7.411290322580645 24.0 456.0 419.0 15.0 10091.0 
654.0189000266059 7.411290322580645 23.0 457.0 419.0 15.0 10091.0 
656.0189000266059 7.524193548387097 20.0 460.0 421.0 17.0 10338.0 
658.0189000266059 7.548387096774194 22.0 462.0 421.0 18.0 10339.0 
660.0189000266059 7.548387096774194 25.0 465.0 421.0 18.0 10339.0 
662.0189000266059 7.580645161290322 27.0 467.0 423.0 18.0 10420.0 
664.0189000266059 7.604838709677419 27.0 468.0 424.0 18.0 10440.0 
666.0189000266059 7.661290322580646 26.0 468.0 424.0 19.0 10542.0 
668.0189000266059 7.709677419354838 24.0 471.0 425.0 20.0 10614.0 
670.0189000266059 7.741935483870968 24.0 472.0 426.0 21.0 10666.0 
672.0189000266059 7.758064516129032 25.0 473.0 427.0 21.0 10685.0 
674.0189000266059 7.758064516129032 25.0 473.0 427.0 21.0 10685.0 
676.0189000266059 7.758064516129032 25.0 473.0 427.0 21.0 10685.0 
678.0189000266059 7.814516129032258 28.0 478.0 430.0 21.0 10733.0 
680.0189000266059 7.879032258064516 25.0 479.0 432.0 22.0 10894.0 
682.0189000266059 7.903225806451613 25.0 481.0 433.0 22.0 10917.0 
684.0189000266059 7.951612903225806 26.0 483.0 435.0 23.0 10987.0 
686.0189000266059 7.951612903225806 26.0 484.0 435.0 23.0 10987.0 
688.0189000266059 7.967741935483871 27.0 486.0 436.0 23.0 11017.0 
690.0189000266059 7.975806451612903 27.0 486.0 437.0 23.0 11047.0 
692.0189000266059 8.03225806451613 24.0 488.0 439.0 24.0 11248.0 
694.0189000266059 8.040322580645162 25.0 488.0 440.0 24.0 11265.0 
696.0189000266059 8.040322580645162 24.0 489.0 440.0 24.0 11265.0 
698.0189000266059 8.064516129032258 25.0 491.0 442.0 24.0 11298.0 
700.0189000266059 8.137096774193548 26.0 492.0 445.0 24.0 11423.0 
702.0189000266059 8.153225806451612 23.0 493.0 447.0 24.0 11455.0 
704.0189000266059 8.209677419354838 24.0 496.0 449.0 24.0 11509.0 
706.0189000266059 8.21774193548387 23.0 497.0 450.0 24.0 11523.0 
708.0189000266059 8.225806451612904 24.0 498.0 451.0 24.0 11553.0 
710.0189000266059 8.241935483870968 23.0 499.0 452.0 24.0 11571.0 
712.0189000266059 8.330645161290322 22.0 501.0 455.0 24.0 11724.0 
714.0189000266059 8.330645161290322 23.0 502.0 455.0 24.0 11724.0 
716.0189000266059 8.346774193548388 23.0 502.0 456.0 24.0 11744.0 
718.0189000266059 8.304 23.0 504.0 456.0 25.0 11845.0 
720.0189000266059 8.328 23.0 504.0 457.0 25.0 11883.0 
722.0189000266059 8.336 24.0 506.0 458.0 25.0 11899.0 
724.0189000266059 8.424 22.0 506.0 460.0 25.0 12012.0 
726.0189000266059 8.448 24.0 510.0 461.0 25.0 12039.0 
728.0189000266059 8.448 24.0 510.0 461.0 25.0 12039.0 
730.0189000266059 8.456 24.0 511.0 462.0 25.0 12058.0 
732.0189000266059 8.48 23.0 511.0 463.0 25.0 12075.0 
734.0189000266059 8.488 24.0 512.0 464.0 25.0 12092.0 
736.0189000266059 8.528 23.0 513.0 466.0 25.0 12171.0 
738.0189000266059 8.576 20.0 513.0 468.0 26.0 12314.0 
740.0189000266059 8.616 18.0 514.0 470.0 26.0 12364.0 
742.0189000266059 8.616 20.0 516.0 470.0 26.0 12364.0 
744.0189000266059 8.632 21.0 518.0 471.0 26.0 12383.0 
746.0189000266059 8.672 23.0 521.0 472.0 26.0 12449.0 
748.0189000266059 8.736 21.0 521.0 473.0 28.0 12571.0 
750.0189000266059 8.768 21.0 522.0 474.0 28.0 12623.0 
752.0189000266059 8.768 21.0 523.0 474.0 28.0 12623.0 
754.0189000266059 8.815999999999999 21.0 523.0 475.0 28.0 12651.0 
756.0189000266059 8.856 21.0 524.0 476.0 28.0 12671.0 
758.0189000266059 8.928 19.0 527.0 478.0 30.0 12830.0 
760.0189000266059 8.928 20.0 529.0 478.0 30.0 12830.0 
762.0189000266059 8.928 23.0 531.0 478.0 30.0 12830.0 
764.0189000266059 8.936 24.0 532.0 479.0 30.0 12849.0 
766.0189000266059 8.984 21.0 533.0 481.0 31.0 12985.0 
768.0189000266059 9.048 19.0 533.0 482.0 32.0 13048.0 
770.0086300649721 9.048 19.0 534.0 482.0 32.0 13048.0 
772.0189000266059 9.096 19.0 536.0 487.0 32.0 13132.0 
774.0189000266059 9.096 17.0 536.0 487.0 32.0 13132.0 
776.0189000266059 9.16 17.0 536.0 490.0 32.0 13270.0 
778.0189000266059 9.184000000000001 14.0 537.0 492.0 32.0 13303.0 
780.0189000266059 9.184000000000001 16.0 540.0 492.0 32.0 13303.0 
782.0189000266059 9.224 18.0 542.0 493.0 32.0 13327.0 
784.0189000266059 9.264 16.0 543.0 496.0 32.0 13475.0 
786.0094474083896 9.264 15.0 544.0 496.0 32.0 13475.0 
788.0189000266059 9.296 16.0 545.0 498.0 32.0 13509.0 
790.0189000266059 9.296 15.0 545.0 498.0 32.0 13509.0 
792.0189000266059 9.312 15.0 545.0 499.0 32.0 13536.0 
794.0189000266059 9.312 14.0 545.0 499.0 32.0 13536.0 
796.0189000266059 9.336 13.0 545.0 501.0 32.0 13571.0 
798.0189000266059 9.336 13.0 546.0 501.0 32.0 13571.0 
800.0189000266059 9.408 12.0 547.0 505.0 32.0 13712.0 
802.0189000266059 9.424 12.0 550.0 507.0 32.0 13747.0 
804.0189000266059 9.472 11.0 551.0 508.0 33.0 13872.0 
806.0189000266059 9.472 12.0 553.0 508.0 33.0 13872.0 
808.0189000266059 9.472 13.0 555.0 508.0 33.0 13872.0 
810.0189000266059 9.48 14.0 556.0 509.0 33.0 13979.0 
812.0189000266059 9.528 12.0 556.0 510.0 34.0 14047.0 
814.0189000266059 9.552 11.0 556.0 511.0 34.0 14063.0 
816.0189000266059 9.552 14.0 559.0 511.0 34.0 14063.0 
818.0189000266059 9.568 14.0 559.0 512.0 34.0 14076.0 
820.0189000266059 9.592 14.0 560.0 513.0 34.0 14096.0 
822.0189000266059 9.648 14.0 562.0 516.0 34.0 14151.0 
824.0189000266059 9.672 11.0 562.0 517.0 34.0 14233.0 
826.0189000266059 9.672 13.0 565.0 517.0 34.0 14233.0 
828.0189000266059 9.712 16.0 568.0 519.0 34.0 14276.0 
830.0184637764411 9.744 15.0 571.0 521.0 34.0 14316.0 
832.0189000266059 9.76 14.0 571.0 523.0 34.0 14346.0 
834.0189000266059 9.76 16.0 573.0 523.0 34.0 14346.0 
836.0189000266059 9.776 15.0 573.0 524.0 34.0 14379.0 
838.0189000266059 9.808 16.0 576.0 527.0 34.0 14463.0 
840.0189000266059 9.808 15.0 577.0 527.0 34.0 14463.0 
842.0189000266059 9.824 15.0 578.0 529.0 34.0 14489.0 
844.0189000266059 9.832 15.0 578.0 530.0 34.0 14502.0 
846.0189000266059 9.848 14.0 580.0 531.0 34.0 14519.0 
848.0189000266059 9.896 15.0 582.0 534.0 34.0 14573.0 
850.0189000266059 9.904 16.0 584.0 535.0 34.0 14586.0 
852.0189000266059 9.904 15.0 584.0 535.0 34.0 14586.0 
854.0189000266059 9.904 15.0 584.0 535.0 34.0 14586.0 
856.0189000266059 9.952 17.0 587.0 537.0 34.0 14634.0 
858.0189000266059 9.984 17.0 589.0 539.0 34.0 14691.0 
860.0189000266059 10.008000000000001 16.0 590.0 541.0 34.0 14723.0 
862.0189000266059 10.016 15.0 592.0 542.0 34.0 14739.0 
864.0189000266059 10.072 17.0 597.0 546.0 34.0 14848.0 
866.0189000266059 10.072 17.0 597.0 546.0 34.0 14848.0 
868.0189000266059 10.104 17.0 597.0 548.0 34.0 14881.0 
870.0189000266059 10.120000000000001 15.0 598.0 549.0 34.0 14895.0 
872.0189000266059 10.136 16.0 599.0 550.0 34.0 14937.0 
874.0189000266059 10.152 15.0 601.0 551.0 34.0 14955.0 
876.0189000266059 10.152 16.0 601.0 551.0 34.0 14955.0 
878.0189000266059 10.2 14.0 602.0 555.0 34.0 15017.0 
880.0189000266059 10.232 12.0 602.0 557.0 34.0 15066.0 
882.0189000266059 10.232 13.0 604.0 557.0 34.0 15066.0 
884.0189000266059 10.264000000000001 14.0 606.0 559.0 34.0 15107.0 
886.0189000266059 10.288 14.0 608.0 561.0 34.0 15134.0 
888.0189000266059 10.336 12.0 608.0 563.0 34.0 15186.0 
890.0189000266059 10.336 12.0 609.0 563.0 34.0 15186.0 
892.0189000266059 10.336 12.0 609.0 563.0 34.0 15186.0 
894.0189000266059 10.344 12.0 610.0 564.0 34.0 15199.0 
896.0189000266059 10.352 14.0 612.0 565.0 34.0 15212.0 
898.0189000266059 10.376000000000001 14.0 613.0 566.0 34.0 15241.0 
900.0189000266059 10.376000000000001 13.0 613.0 566.0 34.0 15241.0 
#####################################################################
# End of data export. Simulation finished at: 2020-01-19T11:42+0000 #
#####################################################################
