#####################################################################
# Alchemist log file - simulation started at: 2020-01-15T21:29+0000 #
#####################################################################
# seed = 5.0, taskFrequency = 0.0075, cloudcost = 17.0, algorithm = true
#
# The columns have the following meaning: 
# time taskHops[Mean] hasTask[Sum] tasks[Sum] completedTasks[Sum] giveupTasks[Sum] taskLatency[Sum] 
0.0 NaN 0.0 0.0 0.0 0.0 0.0 
2.005246120607407 NaN 1.0 1.0 0.0 0.0 0.0 
4.005246120607406 NaN 1.0 1.0 0.0 0.0 0.0 
6.005246120607406 NaN 1.0 1.0 0.0 0.0 0.0 
8.005246120607406 NaN 6.0 6.0 0.0 0.0 0.0 
10.005246120607406 NaN 7.0 8.0 0.0 0.0 0.0 
12.005246120607406 NaN 9.0 10.0 0.0 0.0 0.0 
14.005246120607406 NaN 11.0 12.0 0.0 0.0 0.0 
16.005246120607406 1.0 12.0 13.0 1.0 0.0 13.0 
18.005246120607406 1.0 13.0 15.0 1.0 0.0 13.0 
20.005246120607406 1.3333333333333333 17.0 19.0 3.0 0.0 39.0 
22.005246120607406 1.25 15.0 19.0 4.0 0.0 53.0 
24.005246120607406 1.4 16.0 21.0 5.0 0.0 67.0 
26.005246120607406 1.4 17.0 22.0 5.0 0.0 67.0 
28.005246120607406 1.5714285714285714 17.0 22.0 7.0 0.0 104.0 
30.005246120607406 1.4444444444444444 19.0 27.0 9.0 0.0 133.0 
32.00524612060741 1.4444444444444444 20.0 29.0 9.0 0.0 133.0 
34.00524612060741 1.5833333333333333 23.0 34.0 12.0 0.0 187.0 
36.00524612060741 1.7692307692307692 21.0 34.0 13.0 0.0 209.0 
38.00524612060741 1.8666666666666667 20.0 35.0 15.0 0.0 245.0 
40.00524612060741 1.9411764705882353 20.0 37.0 17.0 0.0 292.0 
42.00524612060741 1.8947368421052633 19.0 37.0 19.0 0.0 321.0 
44.00524612060741 1.826086956521739 17.0 38.0 23.0 0.0 394.0 
46.00524612060741 1.7916666666666665 15.0 39.0 24.0 0.0 408.0 
48.00524612060741 1.76 16.0 41.0 25.0 0.0 422.0 
50.00524612060741 1.8888888888888888 15.0 42.0 27.0 0.0 466.0 
52.00524612060741 1.8620689655172415 16.0 44.0 29.0 0.0 520.0 
54.00524612060741 1.9 14.0 46.0 30.0 0.0 540.0 
56.00524612060741 1.9 19.0 50.0 30.0 0.0 540.0 
58.00524612060741 2.0 19.0 52.0 33.0 0.0 611.0 
60.00524612060741 2.0294117647058822 21.0 54.0 34.0 0.0 638.0 
62.00524612060741 2.0294117647058822 22.0 57.0 34.0 0.0 638.0 
64.00524612060741 2.0285714285714285 23.0 58.0 35.0 0.0 653.0 
66.00524612060741 2.057142857142857 29.0 64.0 36.0 0.0 672.0 
68.00524612060741 2.0857142857142863 29.0 65.0 37.0 0.0 686.0 
70.00524612060741 2.1111111111111116 27.0 66.0 39.0 0.0 714.0 
72.00524612060741 2.416666666666667 26.0 67.0 41.0 0.0 771.0 
74.00524612060741 2.416666666666667 28.0 70.0 41.0 0.0 771.0 
76.00524612060741 2.621621621621622 28.0 70.0 42.0 0.0 813.0 
78.00524612060741 2.7317073170731705 28.0 72.0 47.0 0.0 920.0 
80.00524612060741 2.6904761904761907 26.0 74.0 48.0 0.0 933.0 
82.00524612060741 2.6904761904761907 26.0 75.0 48.0 0.0 933.0 
84.00524612060741 2.6904761904761907 27.0 75.0 48.0 0.0 933.0 
86.00524612060741 2.744186046511628 26.0 76.0 50.0 0.0 978.0 
88.00524612060741 2.717391304347826 23.0 77.0 54.0 0.0 1058.0 
90.00524612060741 2.74468085106383 22.0 78.0 56.0 0.0 1098.0 
92.00524612060741 2.8085106382978724 22.0 79.0 57.0 0.0 1125.0 
94.00524612060741 2.8085106382978724 23.0 80.0 57.0 0.0 1125.0 
96.00524612060741 2.7800000000000002 23.0 82.0 61.0 0.0 1209.0 
98.00440273668086 2.75 20.0 82.0 63.0 0.0 1297.0 
100.00524612060741 2.75 20.0 83.0 63.0 0.0 1297.0 
102.00524612060741 2.7884615384615383 19.0 84.0 64.0 0.0 1313.0 
104.00524612060741 2.7884615384615383 20.0 85.0 64.0 0.0 1313.0 
106.00524612060741 2.7777777777777777 24.0 88.0 66.0 0.0 1375.0 
108.00524612060741 2.754385964912281 21.0 89.0 69.0 0.0 1436.0 
110.00524612060741 2.7586206896551726 19.0 89.0 70.0 0.0 1480.0 
112.00524612060741 2.796610169491525 19.0 89.0 72.0 0.0 1536.0 
114.00524612060741 2.8135593220338984 16.0 89.0 73.0 0.0 1553.0 
116.00524612060741 2.8135593220338984 16.0 89.0 73.0 0.0 1553.0 
118.00524612060741 2.8135593220338984 19.0 94.0 73.0 0.0 1553.0 
120.00524612060741 2.8 22.0 96.0 74.0 0.0 1610.0 
122.00524612060741 2.7936507936507935 21.0 97.0 77.0 0.0 1718.0 
124.00524612060741 2.8125 22.0 99.0 79.0 0.0 1757.0 
126.00524612060741 2.8125 23.0 102.0 79.0 0.0 1757.0 
128.0052461206074 2.8125 23.0 103.0 79.0 0.0 1757.0 
130.0052461206074 2.84375 23.0 103.0 80.0 0.0 1778.0 
132.0052461206074 2.8181818181818183 23.0 104.0 82.0 0.0 1818.0 
134.0052461206074 2.8181818181818183 22.0 106.0 82.0 0.0 1818.0 
136.0052461206074 2.8181818181818183 25.0 107.0 82.0 0.0 1818.0 
138.0052461206074 2.8181818181818183 27.0 111.0 82.0 0.0 1818.0 
140.0052461206074 3.264705882352941 30.0 112.0 83.0 2.0 2081.0 
142.0052461206074 3.72463768115942 25.0 114.0 84.0 4.0 2111.0 
144.0052461206074 3.72463768115942 27.0 116.0 84.0 4.0 2111.0 
146.0052461206074 3.72463768115942 29.0 117.0 84.0 4.0 2111.0 
148.0052461206074 3.8550724637681157 28.0 117.0 86.0 4.0 2163.0 
150.0052461206074 3.871428571428571 29.0 119.0 88.0 4.0 2214.0 
152.0052461206074 3.871428571428571 29.0 121.0 88.0 4.0 2214.0 
154.0052461206074 3.871428571428571 30.0 122.0 88.0 4.0 2214.0 
156.0052461206074 3.871428571428571 33.0 125.0 88.0 4.0 2214.0 
158.0052461206074 4.701298701298701 30.0 126.0 91.0 9.0 2597.0 
160.0052461206074 4.8589743589743595 26.0 129.0 91.0 10.0 2615.0 
162.0052461206074 4.910256410256411 28.0 129.0 92.0 10.0 2639.0 
164.0052461206074 4.825 26.0 130.0 94.0 10.0 2672.0 
166.0052461206074 4.825 28.0 132.0 94.0 10.0 2672.0 
168.0052461206074 4.85 28.0 134.0 95.0 10.0 2695.0 
170.0052461206074 4.85 32.0 139.0 95.0 10.0 2695.0 
172.0052461206074 4.85 37.0 142.0 95.0 10.0 2695.0 
174.0052461206074 4.8875 37.0 143.0 96.0 10.0 2714.0 
176.0052461206074 4.851851851851852 35.0 143.0 98.0 10.0 2770.0 
178.0052461206074 4.851851851851852 37.0 145.0 98.0 10.0 2770.0 
180.0052461206074 5.433734939759037 37.0 146.0 99.0 13.0 2921.0 
182.0052461206074 5.433734939759037 35.0 147.0 99.0 13.0 2921.0 
184.0052461206074 5.392857142857143 34.0 147.0 100.0 13.0 2941.0 
186.0052461206074 5.392857142857143 35.0 149.0 100.0 13.0 2941.0 
188.0052461206074 5.428571428571428 38.0 152.0 101.0 13.0 2963.0 
190.0052461206074 5.476190476190477 39.0 155.0 102.0 13.0 3018.0 
192.0052461206074 5.611764705882353 41.0 156.0 102.0 14.0 3120.0 
194.0052461206074 5.802325581395349 40.0 157.0 104.0 15.0 3188.0 
196.0052461206074 5.802325581395349 39.0 158.0 104.0 15.0 3188.0 
198.0052461206074 5.837209302325581 38.0 158.0 105.0 15.0 3220.0 
200.0052461206074 5.930232558139535 37.0 158.0 107.0 15.0 3280.0 
202.0052461206074 5.94186046511628 38.0 163.0 108.0 15.0 3300.0 
204.0052461206074 5.94186046511628 40.0 163.0 108.0 15.0 3300.0 
206.0052461206074 6.174418604651163 45.0 168.0 109.0 16.0 3463.0 
208.0052461206074 6.613636363636363 41.0 169.0 109.0 19.0 3561.0 
210.0052461206074 6.613636363636363 41.0 169.0 109.0 19.0 3561.0 
212.0052461206074 6.584269662921349 41.0 170.0 111.0 19.0 3612.0 
214.0052461206074 6.584269662921349 40.0 170.0 111.0 19.0 3612.0 
216.0052461206074 6.584269662921349 40.0 170.0 111.0 19.0 3612.0 
218.0052461206074 6.696629213483146 40.0 172.0 113.0 19.0 3667.0 
220.0052461206074 7.219780219780221 40.0 172.0 114.0 22.0 3944.0 
222.0052461206074 7.593406593406594 34.0 172.0 114.0 24.0 4021.0 
224.0052461206074 7.604395604395603 35.0 173.0 115.0 24.0 4039.0 
226.0052461206074 8.021505376344086 33.0 175.0 116.0 27.0 4205.0 
228.0052461206074 7.957446808510637 35.0 179.0 117.0 27.0 4228.0 
230.0052461206074 8.145833333333334 37.0 182.0 117.0 29.0 4332.0 
232.0052461206074 8.515463917525773 34.0 182.0 119.0 31.0 4645.0 
234.0052461206074 8.701030927835053 32.0 184.0 120.0 32.0 4670.0 
236.0052461206074 8.816326530612244 31.0 184.0 121.0 33.0 4706.0 
238.0052461206074 8.989795918367346 30.0 186.0 121.0 34.0 4766.0 
240.0052461206074 9.07070707070707 30.0 186.0 121.0 35.0 4867.0 
242.0052461206074 9.160000000000002 29.0 187.0 122.0 36.0 4885.0 
244.0052461206074 9.330000000000002 31.0 189.0 122.0 37.0 4938.0 
246.0052461206074 9.425742574257425 30.0 191.0 123.0 38.0 4976.0 
248.0052461206074 9.425742574257425 33.0 194.0 123.0 38.0 4976.0 
250.0052461206074 9.372549019607842 31.0 194.0 125.0 38.0 5015.0 
252.0052461206074 9.42156862745098 33.0 196.0 126.0 38.0 5042.0 
254.0052461206074 9.894230769230768 31.0 199.0 126.0 42.0 5325.0 
256.0052461206074 10.057692307692308 31.0 200.0 126.0 43.0 5391.0 
258.0052461206074 10.647619047619049 29.0 200.0 127.0 47.0 5642.0 
260.0052461206074 10.647619047619049 26.0 201.0 127.0 47.0 5642.0 
262.0052461206074 10.647619047619049 29.0 203.0 127.0 47.0 5642.0 
264.0052461206074 10.647619047619049 29.0 203.0 127.0 47.0 5642.0 
266.0052461206074 10.556603773584905 29.0 204.0 128.0 47.0 5655.0 
268.0052461206074 10.594339622641508 28.0 204.0 130.0 47.0 5688.0 
270.0052461206074 10.971962616822431 28.0 205.0 130.0 50.0 5959.0 
272.0052461206074 11.289719626168226 25.0 206.0 130.0 52.0 6130.0 
274.0052461206074 11.555555555555555 23.0 207.0 132.0 54.0 6278.0 
276.0052461206074 11.555555555555555 21.0 207.0 132.0 54.0 6278.0 
278.0052461206074 11.555555555555555 22.0 208.0 132.0 54.0 6278.0 
280.0052461206074 11.495412844036698 23.0 211.0 134.0 54.0 6331.0 
282.0052461206074 11.72727272727273 21.0 212.0 135.0 56.0 6541.0 
284.0052461206074 11.754545454545456 22.0 213.0 136.0 56.0 6582.0 
286.0052461206074 11.754545454545456 21.0 213.0 136.0 56.0 6582.0 
288.0052461206074 11.90909090909091 21.0 213.0 136.0 57.0 6684.0 
290.0052461206074 11.90909090909091 22.0 215.0 136.0 57.0 6684.0 
292.0052461206074 11.918181818181818 22.0 217.0 137.0 57.0 6704.0 
294.0052461206074 11.918181818181818 24.0 220.0 137.0 57.0 6704.0 
296.0052461206074 12.10909090909091 26.0 221.0 139.0 58.0 6847.0 
298.0052461206074 12.10909090909091 24.0 221.0 139.0 58.0 6847.0 
300.0052461206074 12.180180180180182 24.0 222.0 141.0 59.0 6884.0 
302.0052461206074 12.207207207207208 23.0 223.0 142.0 59.0 6962.0 
304.0052461206074 12.116071428571427 21.0 223.0 143.0 59.0 7019.0 
306.0052461206074 12.133928571428573 21.0 223.0 144.0 59.0 7079.0 
308.0052461206074 12.194690265486726 21.0 225.0 145.0 60.0 7207.0 
310.0052461206074 12.194690265486726 21.0 226.0 145.0 60.0 7207.0 
312.0052461206074 12.105263157894735 21.0 227.0 147.0 60.0 7242.0 
314.0052461206074 12.175438596491228 23.0 230.0 150.0 60.0 7397.0 
316.0052461206074 12.324561403508772 21.0 232.0 150.0 61.0 7401.0 
318.0052461206074 12.324561403508772 22.0 233.0 150.0 61.0 7401.0 
320.0052461206074 12.324561403508772 25.0 236.0 150.0 61.0 7401.0 
322.0052461206074 12.324561403508772 25.0 236.0 150.0 61.0 7401.0 
324.0052461206074 12.269565217391305 25.0 238.0 153.0 61.0 7437.0 
326.0052461206074 12.269565217391305 24.0 238.0 153.0 61.0 7437.0 
328.0052461206074 12.32758620689655 24.0 239.0 154.0 62.0 7558.0 
330.0052461206074 12.560344827586206 21.0 239.0 156.0 63.0 7671.0 
332.0052461206074 12.47863247863248 19.0 239.0 158.0 63.0 7704.0 
334.0052461206074 12.47863247863248 19.0 240.0 158.0 63.0 7704.0 
336.0052461206074 12.581196581196583 21.0 242.0 160.0 63.0 7769.0 
338.0036382979256 12.589743589743588 18.0 242.0 161.0 63.0 7786.0 
340.0052461206074 12.598290598290596 20.0 245.0 162.0 63.0 7802.0 
342.0052461206074 12.635593220338981 21.0 247.0 162.0 64.0 7836.0 
344.0052461206074 12.788135593220336 24.0 251.0 163.0 65.0 7852.0 
346.0052461206074 12.93220338983051 22.0 251.0 163.0 66.0 7932.0 
348.0052461206074 12.991525423728813 22.0 252.0 165.0 66.0 8052.0 
350.0052461206074 12.991525423728813 24.0 255.0 165.0 66.0 8052.0 
352.0052461206074 12.991525423728813 24.0 256.0 165.0 66.0 8052.0 
354.0052461206074 12.941176470588237 24.0 256.0 167.0 66.0 8169.0 
356.0052461206074 12.975000000000001 23.0 256.0 167.0 67.0 8271.0 
358.0052461206074 13.149999999999999 21.0 257.0 168.0 68.0 8323.0 
360.0052461206074 13.149999999999999 21.0 257.0 168.0 68.0 8323.0 
362.0052461206074 13.291666666666666 21.0 257.0 168.0 69.0 8425.0 
364.0052461206074 13.308333333333332 20.0 258.0 169.0 69.0 8445.0 
366.0052461206074 13.324999999999998 20.0 258.0 170.0 69.0 8467.0 
368.0052461206074 13.375 21.0 260.0 172.0 69.0 8526.0 
370.0052461206074 13.375 20.0 262.0 172.0 69.0 8526.0 
372.0052461206074 13.28099173553719 21.0 263.0 173.0 69.0 8547.0 
374.0052461206074 13.28099173553719 21.0 263.0 173.0 69.0 8547.0 
376.0052461206074 13.28099173553719 23.0 265.0 173.0 69.0 8547.0 
378.0052461206074 13.28099173553719 24.0 266.0 173.0 69.0 8547.0 
380.0052461206074 13.19672131147541 24.0 269.0 175.0 69.0 8582.0 
382.0052461206074 13.426229508196721 25.0 271.0 176.0 70.0 8725.0 
384.0052461206074 13.450819672131148 25.0 272.0 177.0 70.0 8745.0 
386.0052461206074 13.467213114754097 25.0 274.0 179.0 70.0 8800.0 
388.0052461206074 13.467213114754097 27.0 276.0 179.0 70.0 8800.0 
390.0052461206074 13.504065040650408 27.0 277.0 180.0 71.0 8914.0 
392.0052461206074 13.65040650406504 26.0 279.0 181.0 72.0 9007.0 
394.0052461206074 13.67479674796748 29.0 282.0 182.0 72.0 9060.0 
396.0052461206074 13.67479674796748 28.0 282.0 182.0 72.0 9060.0 
398.0052461206074 13.699186991869917 28.0 282.0 184.0 72.0 9145.0 
400.0052461206074 13.699186991869917 26.0 283.0 184.0 72.0 9145.0 
402.0052461206074 13.739837398373984 27.0 284.0 185.0 72.0 9171.0 
404.0052461206074 13.739837398373984 28.0 286.0 185.0 72.0 9171.0 
406.0052461206074 13.772357723577235 31.0 288.0 186.0 72.0 9191.0 
408.0052461206074 13.772357723577235 30.0 288.0 186.0 72.0 9191.0 
410.0052461206074 13.926829268292682 30.0 288.0 187.0 73.0 9234.0 
412.0052461206074 14.065040650406505 28.0 291.0 187.0 74.0 9245.0 
414.0052461206074 14.382113821138212 28.0 292.0 189.0 76.0 9414.0 
416.0052461206074 14.40650406504065 28.0 295.0 190.0 76.0 9446.0 
418.0052461206074 14.414634146341465 30.0 296.0 191.0 76.0 9459.0 
420.0052461206074 14.739837398373984 29.0 297.0 191.0 78.0 9661.0 
422.0052461206074 15.195121951219514 28.0 299.0 191.0 81.0 9793.0 
424.0052461206074 15.195121951219514 28.0 300.0 191.0 81.0 9793.0 
426.0052461206074 15.252032520325205 32.0 304.0 192.0 81.0 9867.0 
428.0052461206074 15.317073170731708 31.0 305.0 194.0 81.0 9956.0 
430.0052461206074 15.34959349593496 31.0 306.0 195.0 81.0 9993.0 
432.0052461206074 15.34959349593496 32.0 308.0 195.0 81.0 9993.0 
434.0052461206074 15.34959349593496 32.0 309.0 195.0 81.0 9993.0 
436.0052461206074 15.373983739837398 32.0 309.0 196.0 81.0 10016.0 
438.0052461206074 15.414634146341465 32.0 309.0 198.0 81.0 10095.0 
440.0052461206074 15.577235772357724 27.0 309.0 200.0 82.0 10153.0 
442.0052461206074 15.72357723577236 27.0 310.0 200.0 83.0 10254.0 
444.0052461206074 16.03252032520325 23.0 310.0 203.0 85.0 10367.0 
446.0052461206074 16.073170731707314 21.0 311.0 204.0 85.0 10441.0 
448.0052461206074 16.073170731707314 23.0 313.0 204.0 85.0 10441.0 
450.0052461206074 16.08130081300813 26.0 316.0 205.0 85.0 10460.0 
452.0052461206074 16.08130081300813 26.0 316.0 205.0 85.0 10460.0 
454.0052461206074 16.13008130081301 25.0 316.0 207.0 85.0 10512.0 
456.0052461206074 16.13821138211382 24.0 317.0 208.0 85.0 10525.0 
458.0052461206074 16.146341463414636 25.0 319.0 209.0 85.0 10555.0 
460.0052461206074 16.146341463414636 27.0 321.0 209.0 85.0 10555.0 
462.0052461206074 16.15447154471545 28.0 322.0 210.0 85.0 10569.0 
464.0052461206074 16.16260162601626 29.0 326.0 211.0 85.0 10582.0 
466.0052461206074 16.16260162601626 33.0 330.0 211.0 85.0 10582.0 
468.0052461206074 16.16260162601626 34.0 331.0 211.0 85.0 10582.0 
470.0052461206074 16.203252032520325 35.0 333.0 213.0 85.0 10617.0 
472.0052461206074 16.341463414634145 35.0 333.0 213.0 86.0 10719.0 
474.0052461206074 16.382113821138212 34.0 335.0 214.0 86.0 10780.0 
476.0052461206074 16.40650406504065 34.0 335.0 216.0 86.0 10806.0 
478.0052461206074 16.528455284552845 34.0 339.0 222.0 86.0 10901.0 
480.0052461206074 16.528455284552845 32.0 340.0 222.0 86.0 10901.0 
482.0052461206074 16.528455284552845 33.0 341.0 222.0 86.0 10901.0 
484.0052461206074 16.532258064516128 32.0 341.0 222.0 87.0 11002.0 
486.0052461206074 16.532258064516128 33.0 342.0 222.0 87.0 11002.0 
488.0052461206074 16.669354838709676 33.0 342.0 222.0 88.0 11103.0 
490.0052461206074 16.87903225806452 31.0 343.0 225.0 89.0 11171.0 
492.0052461206074 17.06451612903226 26.0 343.0 228.0 90.0 11342.0 
494.0052461206074 17.338709677419352 25.0 344.0 228.0 92.0 11545.0 
496.0052461206074 17.354838709677416 24.0 344.0 229.0 92.0 11565.0 
498.0052461206074 17.42741935483871 25.0 346.0 231.0 92.0 11676.0 
500.0052461206074 17.516129032258064 23.0 347.0 233.0 92.0 11809.0 
502.0052461206074 17.516129032258064 22.0 347.0 233.0 92.0 11809.0 
504.0052461206074 17.653225806451612 21.0 348.0 233.0 93.0 11910.0 
506.0052461206074 17.8 23.0 350.0 234.0 95.0 12051.0 
508.0052461206074 17.856 20.0 350.0 235.0 95.0 12142.0 
510.0052461206074 17.856 22.0 353.0 235.0 95.0 12142.0 
512.0052461206074 17.991999999999997 24.0 355.0 235.0 96.0 12243.0 
514.0052461206074 18.040000000000003 24.0 358.0 237.0 96.0 12342.0 
516.0052461206074 18.048 25.0 359.0 238.0 96.0 12392.0 
518.0052461206074 18.048 25.0 359.0 238.0 96.0 12392.0 
520.0052461206074 18.048 25.0 359.0 238.0 96.0 12392.0 
522.0052461206074 18.36 25.0 359.0 239.0 98.0 12451.0 
524.0052461206074 18.384 25.0 364.0 240.0 98.0 12477.0 
526.0052461206074 18.384 27.0 366.0 240.0 98.0 12477.0 
528.0052461206074 18.384 28.0 366.0 240.0 98.0 12477.0 
530.0052461206074 18.424 30.0 370.0 242.0 98.0 12521.0 
532.0052461206074 18.703999999999997 31.0 372.0 243.0 100.0 12746.0 
534.0052461206074 18.735999999999997 30.0 373.0 244.0 100.0 12766.0 
536.0052461206074 18.735999999999997 31.0 375.0 244.0 100.0 12766.0 
538.0019491095481 18.735999999999997 31.0 378.0 244.0 100.0 12766.0 
540.0052461206074 18.752000000000002 37.0 383.0 246.0 100.0 12810.0 
542.0052461206074 18.776000000000003 38.0 385.0 247.0 100.0 12825.0 
544.0052461206074 18.776000000000003 39.0 387.0 247.0 100.0 12825.0 
546.0052461206074 18.776000000000003 42.0 389.0 247.0 100.0 12825.0 
548.0052461206074 18.928 44.0 392.0 249.0 101.0 12975.0 
550.0052461206074 19.240000000000002 41.0 392.0 249.0 103.0 13115.0 
552.0052461206074 19.384 40.0 393.0 250.0 104.0 13156.0 
554.0052461206074 19.384 39.0 395.0 250.0 104.0 13156.0 
556.0052461206074 19.384 43.0 397.0 250.0 104.0 13156.0 
558.0052461206074 19.447999999999997 43.0 397.0 254.0 104.0 13232.0 
560.0052461206074 19.656 38.0 397.0 256.0 105.0 13373.0 
562.0052461206074 19.656 37.0 398.0 256.0 105.0 13373.0 
564.0052461206074 19.792 37.0 399.0 256.0 106.0 13474.0 
566.0052461206074 19.952 37.0 399.0 257.0 107.0 13512.0 
568.0052461206074 19.976 34.0 399.0 258.0 107.0 13534.0 
570.0052461206074 19.976 36.0 402.0 258.0 107.0 13534.0 
572.0052461206074 19.976 37.0 403.0 258.0 107.0 13534.0 
574.0052461206074 20.024 37.0 403.0 260.0 107.0 13591.0 
576.0052461206074 20.304 36.0 405.0 261.0 109.0 13814.0 
578.0052461206074 20.44 37.0 409.0 261.0 110.0 13816.0 
580.0052461206074 20.607999999999997 37.0 410.0 261.0 111.0 13918.0 
582.0052461206074 20.744 37.0 410.0 261.0 112.0 13919.0 
584.0052461206074 21.160000000000004 34.0 410.0 262.0 115.0 14132.0 
586.0052461206074 21.296000000000003 32.0 410.0 262.0 116.0 14153.0 
588.0052461206074 21.48 30.0 410.0 263.0 117.0 14288.0 
590.0052461206074 21.48 30.0 410.0 263.0 117.0 14288.0 
592.0052461206074 21.48 32.0 412.0 263.0 117.0 14288.0 
594.0052461206074 21.48 33.0 413.0 263.0 117.0 14288.0 
596.0052461206074 21.544 34.0 415.0 265.0 117.0 14363.0 
598.0052461206074 21.544 34.0 416.0 265.0 117.0 14363.0 
600.0052461206074 21.839999999999996 35.0 419.0 266.0 119.0 14550.0 
602.0052461206074 22.112000000000002 34.0 420.0 266.0 121.0 14685.0 
604.0052461206074 22.119999999999997 33.0 422.0 267.0 121.0 14713.0 
606.0052461206074 22.119999999999997 36.0 424.0 267.0 121.0 14713.0 
608.0052461206074 22.119999999999997 38.0 426.0 267.0 121.0 14713.0 
610.0052461206074 22.288 40.0 429.0 267.0 122.0 14814.0 
612.0052461206074 22.432 39.0 430.0 268.0 123.0 14837.0 
614.0052461206074 22.768 39.0 431.0 270.0 125.0 15042.0 
616.0052461206074 22.904000000000003 36.0 433.0 270.0 126.0 15116.0 
618.0052461206074 22.919999999999998 37.0 434.0 271.0 126.0 15134.0 
620.0052461206074 22.928 38.0 435.0 272.0 126.0 15176.0 
622.0052461206074 22.928 37.0 435.0 272.0 126.0 15176.0 
624.0052461206074 23.080000000000002 37.0 435.0 272.0 127.0 15277.0 
626.0052461206074 23.488 36.0 436.0 272.0 130.0 15504.0 
628.0052461206074 23.8 33.0 437.0 274.0 132.0 15743.0 
630.0052461206074 24.112000000000002 32.0 439.0 275.0 134.0 15936.0 
632.0052461206074 24.536 29.0 439.0 276.0 137.0 16170.0 
634.0052461206074 24.983999999999998 24.0 440.0 277.0 140.0 16294.0 
636.0052461206074 24.983999999999998 23.0 440.0 277.0 140.0 16294.0 
638.0052461206074 25.024 24.0 441.0 279.0 140.0 16365.0 
640.0052461206074 25.296000000000003 26.0 445.0 279.0 142.0 16568.0 
642.0052461206074 25.456000000000003 24.0 446.0 281.0 143.0 16708.0 
644.0052461206074 25.727999999999998 22.0 448.0 281.0 145.0 16716.0 
646.0052461206074 25.727999999999998 22.0 448.0 281.0 145.0 16716.0 
648.0052461206074 25.744 24.0 451.0 282.0 145.0 16766.0 
650.0052461206074 25.76 24.0 452.0 283.0 145.0 16785.0 
652.0052461206074 25.76 24.0 452.0 283.0 145.0 16785.0 
654.0052461206074 25.76 26.0 454.0 283.0 145.0 16785.0 
656.0052461206074 25.76 27.0 456.0 283.0 145.0 16785.0 
658.0052461206074 26.208 26.0 456.0 285.0 148.0 17008.0 
660.0052461206074 26.224 25.0 459.0 286.0 148.0 17029.0 
662.0052461206074 26.224 26.0 460.0 286.0 148.0 17029.0 
664.0052461206074 26.272000000000002 26.0 461.0 287.0 148.0 17087.0 
666.0052461206074 26.28 25.0 461.0 288.0 148.0 17103.0 
668.0052461206074 26.712000000000003 23.0 462.0 289.0 151.0 17169.0 
670.0052461206074 26.712000000000003 22.0 463.0 289.0 151.0 17169.0 
672.0052461206074 26.983999999999998 22.0 463.0 289.0 153.0 17327.0 
674.0052461206074 27.128000000000004 20.0 464.0 290.0 154.0 17420.0 
676.0052461206074 27.471999999999998 18.0 465.0 293.0 156.0 17559.0 
678.0052461206074 27.471999999999998 16.0 466.0 293.0 156.0 17559.0 
680.0052461206074 27.607999999999997 17.0 467.0 293.0 157.0 17661.0 
682.0052461206074 27.880000000000003 15.0 467.0 293.0 159.0 17728.0 
684.0052461206074 27.904 17.0 469.0 295.0 159.0 17764.0 
686.0052461206074 27.912 16.0 470.0 296.0 159.0 17873.0 
688.0052461206074 27.912 16.0 471.0 296.0 159.0 17873.0 
690.0052461206074 28.048 16.0 471.0 296.0 160.0 17916.0 
692.0052461206074 28.064000000000004 15.0 471.0 297.0 160.0 17930.0 
694.0052461206074 28.064000000000004 15.0 472.0 297.0 160.0 17930.0 
696.0052461206074 28.072 16.0 473.0 298.0 160.0 17946.0 
698.0052461206074 28.208 17.0 476.0 298.0 161.0 18048.0 
700.0052461206074 28.208 18.0 478.0 298.0 161.0 18048.0 
702.0052461206074 28.208 19.0 478.0 298.0 161.0 18048.0 
704.0052461206074 28.224 19.0 480.0 299.0 161.0 18068.0 
706.0052461206074 28.28 20.0 482.0 301.0 161.0 18163.0 
708.0052461206074 28.28 22.0 485.0 301.0 161.0 18163.0 
710.0052461206074 28.288 23.0 486.0 302.0 161.0 18225.0 
712.0052461206074 28.456 24.0 489.0 303.0 162.0 18355.0 
714.0052461206074 28.456 26.0 491.0 303.0 162.0 18355.0 
716.0052461206074 28.464 26.0 492.0 304.0 162.0 18372.0 
718.0052461206074 28.776 24.0 493.0 306.0 164.0 18406.0 
720.0052461206074 28.808000000000003 23.0 494.0 308.0 164.0 18430.0 
722.0052461206074 28.816 23.0 496.0 309.0 164.0 18451.0 
724.0052461206074 28.816 24.0 497.0 309.0 164.0 18451.0 
726.0052461206074 28.816 25.0 498.0 309.0 164.0 18451.0 
728.0022059580973 29.016000000000002 25.0 502.0 311.0 165.0 18625.0 
730.0052461206074 29.335999999999995 23.0 502.0 313.0 167.0 18754.0 
732.0052461206074 29.344 24.0 504.0 314.0 167.0 18793.0 
734.0052461206074 29.359999999999996 22.0 506.0 315.0 167.0 18821.0 
736.0052461206074 29.359999999999996 25.0 507.0 315.0 167.0 18821.0 
738.0052461206074 29.359999999999996 27.0 509.0 315.0 167.0 18821.0 
740.0052461206074 29.359999999999996 28.0 510.0 315.0 167.0 18821.0 
742.0052461206074 29.392000000000003 27.0 511.0 317.0 167.0 18858.0 
744.0052461206074 29.423999999999996 27.0 511.0 318.0 167.0 18877.0 
746.0052461206074 29.423999999999996 26.0 511.0 318.0 167.0 18877.0 
748.0052461206074 29.464 27.0 514.0 321.0 167.0 18958.0 
750.0052461206074 29.752 26.0 514.0 322.0 169.0 19014.0 
752.0052461206074 29.808000000000003 23.0 515.0 324.0 169.0 19098.0 
754.0052461206074 29.808000000000003 22.0 515.0 324.0 169.0 19098.0 
756.0052461206074 29.847999999999995 23.0 516.0 326.0 169.0 19184.0 
758.0052461206074 29.880000000000003 21.0 518.0 328.0 169.0 19223.0 
760.0052461206074 30.032 20.0 518.0 329.0 170.0 19346.0 
762.0052461206074 30.032 21.0 521.0 329.0 170.0 19346.0 
764.0052461206074 30.032 23.0 522.0 329.0 170.0 19346.0 
766.0052461206074 30.040000000000003 23.0 523.0 330.0 170.0 19359.0 
768.0052461206074 30.048 22.0 524.0 331.0 170.0 19379.0 
770.0052461206074 30.088000000000005 24.0 527.0 332.0 170.0 19460.0 
772.0052461206074 30.128000000000004 25.0 529.0 333.0 170.0 19483.0 
774.0052461206074 30.128000000000004 27.0 530.0 333.0 170.0 19483.0 
776.0052461206074 30.184 26.0 530.0 335.0 170.0 19549.0 
778.0052461206074 30.320000000000004 27.0 532.0 335.0 171.0 19549.0 
780.0052461206074 30.351999999999997 23.0 533.0 338.0 171.0 19605.0 
782.0052461206074 30.416 23.0 534.0 340.0 171.0 19695.0 
784.0052461206074 30.416 24.0 535.0 340.0 171.0 19695.0 
786.0052461206074 30.712000000000003 24.0 538.0 341.0 173.0 19827.0 
788.0052461206074 30.712000000000003 24.0 538.0 341.0 173.0 19827.0 
790.0052461206074 30.752 22.0 538.0 343.0 173.0 19894.0 
792.0052461206074 30.784000000000002 21.0 538.0 345.0 173.0 19933.0 
794.0052461206074 30.784000000000002 21.0 539.0 345.0 173.0 19933.0 
796.0052461206074 30.784000000000002 21.0 539.0 345.0 173.0 19933.0 
798.0052461206074 30.816 22.0 541.0 346.0 173.0 19958.0 
800.0052461206074 30.823999999999998 21.0 541.0 347.0 173.0 19971.0 
802.0052461206074 30.976 19.0 541.0 348.0 174.0 20088.0 
804.0052461206074 30.976 21.0 543.0 348.0 174.0 20088.0 
806.0052461206074 31.184 22.0 545.0 350.0 175.0 20223.0 
808.0047412437195 31.191999999999997 21.0 548.0 351.0 175.0 20318.0 
810.0052461206074 31.208 25.0 553.0 352.0 175.0 20357.0 
812.0052461206074 31.24 28.0 555.0 353.0 175.0 20437.0 
814.0052461206074 31.24 27.0 555.0 353.0 175.0 20437.0 
816.0052461206074 31.24 27.0 556.0 353.0 175.0 20437.0 
818.0052461206074 31.248 29.0 558.0 354.0 175.0 20473.0 
820.0052461206074 31.248 29.0 558.0 354.0 175.0 20473.0 
822.0052461206074 31.256 29.0 559.0 355.0 175.0 20488.0 
824.0052461206074 31.264 30.0 562.0 356.0 175.0 20502.0 
826.0052461206074 31.416 30.0 562.0 356.0 176.0 20603.0 
828.0052461206074 31.423999999999996 31.0 563.0 357.0 176.0 20620.0 
830.0052461206074 31.631999999999998 29.0 564.0 360.0 177.0 20783.0 
832.0052461206074 31.672 29.0 567.0 361.0 177.0 20816.0 
834.0052461206074 31.808000000000003 29.0 568.0 361.0 178.0 20917.0 
836.0052461206074 31.944000000000003 31.0 570.0 361.0 179.0 21018.0 
838.0052461206074 32.096 30.0 571.0 362.0 180.0 21052.0 
840.0052461206074 32.096 30.0 572.0 362.0 180.0 21052.0 
842.0052461206074 32.144 30.0 573.0 364.0 180.0 21103.0 
844.0052461206074 32.144 30.0 574.0 364.0 180.0 21103.0 
846.0052461206074 32.208 31.0 577.0 366.0 180.0 21139.0 
848.0052461206074 32.232 32.0 580.0 368.0 180.0 21194.0 
850.0052461206074 32.272000000000006 29.0 581.0 371.0 180.0 21260.0 
852.0052461206074 32.28 32.0 584.0 372.0 180.0 21290.0 
854.0052461206074 32.29600000000001 33.0 585.0 373.0 180.0 21313.0 
856.0052461206074 32.29600000000001 33.0 586.0 373.0 180.0 21313.0 
858.0052461206074 32.464 32.0 587.0 374.0 181.0 21466.0 
860.0052461206074 32.464 32.0 587.0 374.0 181.0 21466.0 
862.0052461206074 32.495999999999995 34.0 589.0 377.0 181.0 21522.0 
864.0052461206074 32.536 30.0 589.0 380.0 181.0 21613.0 
866.0052461206074 32.544000000000004 27.0 589.0 381.0 181.0 21627.0 
868.0052461206074 32.688 27.0 590.0 381.0 182.0 21728.0 
870.0052461206074 32.967999999999996 28.0 593.0 381.0 184.0 21929.0 
872.0052461206074 32.992000000000004 29.0 595.0 383.0 184.0 21986.0 
874.0052461206074 33.040000000000006 29.0 597.0 384.0 184.0 22014.0 
876.0052461206074 33.040000000000006 29.0 597.0 384.0 184.0 22014.0 
878.0052461206074 33.096 29.0 598.0 385.0 184.0 22111.0 
880.0052461206074 33.136 28.0 599.0 387.0 184.0 22158.0 
882.0052461206074 33.136 29.0 600.0 387.0 184.0 22158.0 
884.0052461206074 33.184 30.0 604.0 388.0 184.0 22223.0 
886.0052461206074 33.495999999999995 33.0 606.0 388.0 186.0 22325.0 
888.0052461206074 33.504000000000005 32.0 607.0 389.0 186.0 22338.0 
890.0052461206074 33.504000000000005 33.0 608.0 389.0 186.0 22338.0 
892.0052461206074 33.544000000000004 33.0 609.0 391.0 186.0 22420.0 
894.0052461206074 33.592000000000006 32.0 610.0 394.0 186.0 22471.0 
896.0052461206074 33.592000000000006 32.0 612.0 394.0 186.0 22471.0 
898.0052461206074 33.624 32.0 613.0 395.0 186.0 22513.0 
900.0052461206074 33.760000000000005 32.0 614.0 395.0 187.0 22614.0 
#####################################################################
# End of data export. Simulation finished at: 2020-01-15T22:11+0000 #
#####################################################################
