#####################################################################
# Alchemist log file - simulation started at: 2020-02-13T02:10+0000 #
#####################################################################
# seed = 66.0, taskFrequency = 0.1, cloudcost = 29.0, algorithm = false
#
# The columns have the following meaning: 
# time taskHops[Mean] hasTask[Sum] tasks[Sum] completedTasks[Sum] giveupTasks[Sum] taskLatency[Sum] 
0.0 NaN 0.0 0.0 0.0 0.0 0.0 
2.0019574411019834 NaN 20.0 24.0 0.0 0.0 0.0 
4.001957441101983 NaN 36.0 39.0 0.0 0.0 0.0 
6.001957441101983 NaN 49.0 50.0 0.0 0.0 0.0 
8.001957441101982 NaN 58.0 62.0 0.0 0.0 0.0 
10.001957441101982 NaN 71.0 76.0 0.0 0.0 0.0 
12.001957441101982 0.0 82.0 83.0 1.0 0.0 11.0 
14.001957441101982 0.0 88.0 90.0 1.0 0.0 11.0 
16.001957441101982 0.0 94.0 97.0 1.0 0.0 11.0 
18.001957441101982 0.0 99.0 100.0 1.0 0.0 11.0 
20.001957441101982 0.0 102.0 104.0 1.0 0.0 11.0 
22.001957441101982 0.0 108.0 111.0 1.0 0.0 11.0 
24.001957441101982 0.0 113.0 114.0 1.0 0.0 11.0 
26.001957441101982 0.0 114.0 117.0 1.0 0.0 11.0 
28.001957441101982 0.0 117.0 118.0 1.0 0.0 11.0 
30.001957441101982 0.0 118.0 119.0 1.0 0.0 11.0 
32.00195744110198 0.0 118.0 119.0 1.0 0.0 11.0 
34.00195744110198 0.0 118.0 119.0 1.0 0.0 11.0 
36.00195744110198 0.0 118.0 119.0 1.0 0.0 11.0 
38.00195744110198 0.0 119.0 120.0 1.0 0.0 11.0 
40.00195744110198 0.0 121.0 122.0 1.0 0.0 11.0 
42.00195744110198 0.0 123.0 124.0 1.0 0.0 11.0 
44.00195744110198 0.0 123.0 124.0 1.0 0.0 11.0 
46.00195744110198 0.0 123.0 124.0 1.0 0.0 11.0 
48.00195744110198 0.0 124.0 125.0 1.0 0.0 11.0 
50.00195744110198 0.0 124.0 125.0 1.0 0.0 11.0 
52.00195744110198 0.0 124.0 125.0 1.0 0.0 11.0 
54.00195744110198 0.0 124.0 125.0 1.0 0.0 11.0 
56.00195744110198 0.0 125.0 126.0 1.0 0.0 11.0 
58.00195744110198 0.0 125.0 126.0 1.0 0.0 11.0 
60.00195744110198 0.0 125.0 126.0 1.0 0.0 11.0 
62.00195744110198 0.0 125.0 126.0 1.0 0.0 11.0 
64.00195744110198 0.0 125.0 126.0 1.0 0.0 11.0 
66.00195744110198 0.0 125.0 126.0 1.0 0.0 11.0 
68.00195744110198 0.0 125.0 126.0 1.0 0.0 11.0 
70.00195744110198 0.0 125.0 126.0 1.0 0.0 11.0 
72.00195744110198 0.0 125.0 126.0 1.0 0.0 11.0 
74.00195744110198 0.0 125.0 126.0 1.0 0.0 11.0 
76.00195744110198 0.0 125.0 126.0 1.0 0.0 11.0 
78.00195744110198 0.0 125.0 126.0 1.0 0.0 11.0 
80.00195744110198 0.0 125.0 126.0 1.0 0.0 11.0 
82.00195744110198 0.0 125.0 126.0 1.0 0.0 11.0 
84.00195744110198 0.0 125.0 126.0 1.0 0.0 11.0 
86.00195744110198 0.0 125.0 126.0 1.0 0.0 11.0 
88.00195744110198 0.0 125.0 126.0 1.0 0.0 11.0 
90.00195744110198 0.0 125.0 126.0 1.0 0.0 11.0 
92.00195744110198 0.0 125.0 126.0 1.0 0.0 11.0 
94.00195744110198 0.0 125.0 126.0 1.0 0.0 11.0 
96.00195744110198 0.0 125.0 126.0 1.0 0.0 11.0 
98.00195744110198 0.0 125.0 126.0 1.0 0.0 11.0 
100.00195744110198 0.0 125.0 126.0 1.0 0.0 11.0 
102.00195744110198 0.0 125.0 126.0 1.0 0.0 11.0 
104.00195744110198 26.928571428571427 122.0 126.0 1.0 13.0 1344.0 
106.00195744110198 29.0 102.0 127.0 1.0 31.0 3092.0 
108.00195744110198 29.0 91.0 128.0 1.0 45.0 4533.0 
110.00195744110198 29.0 80.0 132.0 1.0 54.0 5457.0 
112.00195744110198 29.426470588235293 67.0 134.0 1.0 69.0 6900.0 
114.00195744110198 29.371794871794872 61.0 137.0 1.0 79.0 7925.0 
116.00195744110198 29.337209302325583 52.0 141.0 1.0 87.0 8751.0 
118.00195744110198 29.315217391304348 52.0 145.0 1.0 93.0 9365.0 
120.00195744110198 29.298969072164947 58.0 156.0 1.0 98.0 9887.0 
122.00195744110198 29.31 60.0 161.0 2.0 101.0 10205.0 
124.00195744110198 29.298076923076923 61.0 168.0 2.0 105.0 10615.0 
126.00195744110198 29.28440366972477 61.0 173.0 2.0 110.0 11128.0 
128.00195744110198 29.28181818181818 70.0 183.0 2.0 111.0 11230.0 
130.00195744110198 29.27433628318584 77.0 194.0 2.0 114.0 11538.0 
132.00195744110198 29.271929824561404 81.0 199.0 2.0 115.0 11640.0 
134.00195744110198 29.271929824561404 85.0 202.0 2.0 115.0 11640.0 
136.00195744110198 29.271929824561404 90.0 207.0 2.0 115.0 11640.0 
138.00195744110198 29.271929824561404 96.0 215.0 2.0 115.0 11640.0 
140.00195744110198 29.269565217391303 98.0 218.0 2.0 116.0 11742.0 
142.00195744110198 29.264957264957264 102.0 220.0 2.0 118.0 11947.0 
144.00195744110198 29.26050420168067 102.0 223.0 2.0 120.0 12152.0 
146.00195744110198 29.26050420168067 102.0 224.0 2.0 120.0 12152.0 
148.00195744110198 29.26050420168067 104.0 226.0 2.0 120.0 12152.0 
150.00195744110198 29.50420168067227 106.0 230.0 2.0 121.0 12254.0 
152.00195744110198 29.50420168067227 111.0 235.0 2.0 121.0 12254.0 
154.00195744110198 29.50420168067227 112.0 236.0 2.0 121.0 12254.0 
156.00195744110198 29.50420168067227 113.0 236.0 2.0 121.0 12254.0 
158.00195744110198 29.5 116.0 239.0 2.0 122.0 12357.0 
160.00195744110198 29.5 115.0 241.0 2.0 122.0 12357.0 
162.00195744110198 29.5 117.0 241.0 2.0 122.0 12357.0 
164.00147503587112 29.5 118.0 242.0 2.0 122.0 12357.0 
166.00195744110198 29.5 121.0 245.0 2.0 122.0 12357.0 
168.00195744110198 29.5 121.0 246.0 2.0 122.0 12357.0 
170.00195744110198 29.5 122.0 246.0 3.0 122.0 12369.0 
172.00195744110198 29.5 121.0 246.0 3.0 122.0 12369.0 
174.00195744110198 29.5 121.0 246.0 3.0 122.0 12369.0 
176.00195744110198 29.5 121.0 246.0 3.0 122.0 12369.0 
178.00195744110198 29.5 121.0 247.0 3.0 122.0 12369.0 
180.00195744110198 29.5 122.0 247.0 3.0 122.0 12369.0 
182.00195744110198 29.5 122.0 247.0 3.0 122.0 12369.0 
184.00195744110198 29.5 122.0 247.0 3.0 122.0 12369.0 
186.00195744110198 29.5 122.0 247.0 3.0 122.0 12369.0 
188.00195744110198 29.5 122.0 248.0 3.0 122.0 12369.0 
190.00195744110198 29.5 124.0 249.0 3.0 122.0 12369.0 
192.00195744110198 29.5 124.0 249.0 3.0 122.0 12369.0 
194.00195744110198 29.5 124.0 250.0 3.0 122.0 12369.0 
196.00195744110198 29.5 125.0 250.0 3.0 122.0 12369.0 
198.00195744110198 29.5 125.0 250.0 3.0 122.0 12369.0 
200.00195744110198 29.5 125.0 250.0 3.0 122.0 12369.0 
202.00195744110198 29.5 125.0 250.0 3.0 122.0 12369.0 
204.00195744110198 29.5 125.0 250.0 3.0 122.0 12369.0 
206.00195744110198 29.5 125.0 250.0 3.0 122.0 12369.0 
208.00195744110198 29.5 125.0 250.0 3.0 122.0 12369.0 
210.00195744110198 29.741666666666667 124.0 250.0 3.0 123.0 12471.0 
212.00195744110198 30.225 122.0 250.0 3.0 125.0 12675.0 
214.00195744110198 30.466666666666665 122.0 250.0 3.0 126.0 12778.0 
216.00195744110198 31.433333333333334 119.0 250.0 3.0 130.0 13189.0 
218.00195744110198 31.868852459016395 116.0 251.0 3.0 134.0 13798.0 
220.00195744110198 33.057377049180324 112.0 252.0 3.0 139.0 14310.0 
222.00195744110198 35.4344262295082 104.0 252.0 3.0 149.0 15335.0 
224.00195744110198 36.622950819672134 96.0 252.0 3.0 154.0 15847.0 
226.00195744110198 38.286885245901644 91.0 253.0 3.0 161.0 16563.0 
228.00195744110198 39.0 87.0 254.0 3.0 164.0 16870.0 
230.00195744110198 41.61475409836065 82.0 254.0 3.0 175.0 17997.0 
232.00195744110198 44.22950819672131 74.0 259.0 3.0 186.0 19125.0 
234.00195744110198 45.65573770491803 71.0 264.0 3.0 192.0 19740.0 
236.00195744110198 46.606557377049185 70.0 267.0 3.0 196.0 20150.0 
238.00195744110198 47.557377049180324 71.0 274.0 3.0 200.0 20559.0 
240.00195744110198 48.98360655737705 73.0 279.0 3.0 206.0 21175.0 
242.00195744110198 49.459016393442624 72.0 283.0 3.0 208.0 21381.0 
244.00195744110198 50.47154471544715 71.0 291.0 3.0 214.0 22121.0 
246.00195744110198 50.94308943089431 75.0 293.0 3.0 216.0 22326.0 
248.00195744110198 51.41463414634147 78.0 299.0 3.0 218.0 22531.0 
250.00195744110198 51.88617886178862 79.0 303.0 3.0 220.0 22736.0 
252.00195744110198 52.59349593495935 82.0 306.0 3.0 223.0 23043.0 
254.00195744110198 53.77235772357723 80.0 311.0 3.0 228.0 23554.0 
256.001957441102 53.77235772357723 83.0 315.0 3.0 228.0 23554.0 
258.001957441102 54.00813008130082 87.0 319.0 3.0 229.0 23657.0 
260.001957441102 54.47967479674797 89.0 322.0 3.0 231.0 23861.0 
262.001957441102 54.47967479674797 90.0 326.0 3.0 231.0 23861.0 
264.001957441102 54.71544715447155 96.0 335.0 3.0 232.0 23964.0 
266.001957441102 54.95121951219513 102.0 337.0 3.0 233.0 24067.0 
268.001957441102 55.65853658536585 100.0 338.0 4.0 236.0 24387.0 
270.00099511122085 55.65853658536585 101.0 341.0 4.0 236.0 24387.0 
272.001957441102 55.894308943089435 101.0 342.0 4.0 237.0 24490.0 
274.001957441102 55.894308943089435 102.0 343.0 4.0 237.0 24490.0 
276.001957441102 55.894308943089435 104.0 346.0 4.0 237.0 24490.0 
278.001957441102 55.894308943089435 106.0 347.0 4.0 237.0 24490.0 
280.001957441102 55.894308943089435 107.0 348.0 4.0 237.0 24490.0 
282.001957441102 56.13008130081301 109.0 351.0 4.0 238.0 24593.0 
284.001957441102 56.13008130081301 111.0 353.0 4.0 238.0 24593.0 
286.001957441102 56.13008130081301 111.0 353.0 4.0 238.0 24593.0 
288.001957441102 56.13008130081301 111.0 353.0 4.0 238.0 24593.0 
290.001957441102 56.13008130081301 113.0 355.0 4.0 238.0 24593.0 
292.001957441102 56.60162601626017 114.0 358.0 4.0 240.0 24798.0 
294.001957441102 56.60162601626017 116.0 360.0 4.0 240.0 24798.0 
296.001957441102 56.60162601626017 116.0 361.0 4.0 240.0 24798.0 
298.001957441102 56.83739837398374 116.0 361.0 4.0 241.0 24901.0 
300.001957441102 56.83739837398374 117.0 362.0 4.0 241.0 24901.0 
302.001957441102 56.83739837398374 118.0 364.0 4.0 241.0 24901.0 
304.001957441102 56.83739837398374 120.0 365.0 4.0 241.0 24901.0 
306.001957441102 56.83739837398374 121.0 366.0 4.0 241.0 24901.0 
308.001957441102 56.83739837398374 123.0 369.0 4.0 241.0 24901.0 
310.001957441102 56.83739837398374 124.0 369.0 4.0 241.0 24901.0 
312.001957441102 56.83739837398374 124.0 369.0 4.0 241.0 24901.0 
314.001957441102 56.83739837398374 124.0 369.0 4.0 241.0 24901.0 
316.001957441102 56.83739837398374 124.0 369.0 5.0 241.0 24913.0 
318.001957441102 56.83739837398374 124.0 370.0 5.0 241.0 24913.0 
320.001957441102 57.07317073170732 124.0 370.0 5.0 242.0 25016.0 
322.001957441102 57.3089430894309 123.0 370.0 5.0 243.0 25118.0 
324.001957441102 57.3089430894309 122.0 370.0 5.0 243.0 25118.0 
326.001957441102 57.3089430894309 122.0 370.0 5.0 243.0 25118.0 
328.001957441102 57.54471544715447 121.0 370.0 5.0 244.0 25220.0 
330.001957441102 57.54471544715447 122.0 371.0 5.0 244.0 25220.0 
332.001957441102 57.78048780487805 121.0 371.0 5.0 245.0 25323.0 
334.001957441102 58.95934959349593 120.0 372.0 5.0 250.0 25835.0 
336.001957441102 60.3739837398374 116.0 372.0 5.0 256.0 26548.0 
338.001957441102 60.84552845528455 111.0 372.0 5.0 258.0 26753.0 
340.001957441102 62.02439024390243 107.0 373.0 5.0 263.0 27265.0 
342.001957441102 63.67479674796747 100.0 373.0 5.0 270.0 28060.0 
344.001957441102 64.85365853658536 97.0 375.0 5.0 275.0 28572.0 
346.001957441102 66.03252032520325 95.0 379.0 5.0 280.0 29084.0 
348.001957441102 67.21138211382114 91.0 380.0 5.0 285.0 29599.0 
350.001957441102 68.6260162601626 90.0 383.0 5.0 291.0 30212.0 
352.001957441102 68.86178861788618 90.0 386.0 5.0 292.0 30314.0 
354.001957441102 69.5691056910569 89.0 389.0 5.0 295.0 30621.0 
356.001957441102 70.51219512195122 90.0 394.0 5.0 299.0 31030.0 
358.001957441102 71.45528455284554 90.0 397.0 5.0 303.0 31576.0 
360.001957441102 72.63414634146342 92.0 403.0 5.0 308.0 32089.0 
362.001957441102 73.57723577235772 90.0 405.0 5.0 312.0 32396.0 
364.001957441102 74.28455284552845 90.0 411.0 5.0 315.0 32713.0 
366.001957441102 75.9349593495935 89.0 414.0 5.0 322.0 33430.0 
368.001957441102 77.34959349593495 84.0 417.0 5.0 328.0 34046.0 
370.001957441102 77.58536585365854 87.0 421.0 5.0 329.0 34148.0 
372.001957441102 78.52845528455285 88.0 425.0 5.0 333.0 34591.0 
374.001957441102 78.76422764227642 91.0 429.0 5.0 334.0 34693.0 
376.001957441102 79.0 94.0 433.0 6.0 335.0 34807.0 
378.001957441102 79.47154471544715 96.0 438.0 6.0 337.0 35012.0 
380.001957441102 79.9430894308943 94.0 439.0 6.0 339.0 35217.0 
382.001957441102 79.9430894308943 94.0 440.0 6.0 339.0 35217.0 
384.001957441102 80.65040650406505 101.0 446.0 6.0 342.0 35525.0 
386.001957441102 81.1219512195122 99.0 449.0 6.0 344.0 35730.0 
388.001957441102 81.1219512195122 100.0 450.0 6.0 344.0 35730.0 
390.001957441102 81.1219512195122 101.0 452.0 6.0 344.0 35730.0 
392.001957441102 81.59349593495935 104.0 455.0 6.0 346.0 35934.0 
394.001957441102 82.30081300813008 104.0 458.0 6.0 349.0 36240.0 
396.001957441102 82.77235772357724 105.0 463.0 6.0 351.0 36446.0 
398.001957441102 82.77235772357724 106.0 464.0 6.0 351.0 36446.0 
400.001957441102 83.00813008130082 109.0 468.0 6.0 352.0 36549.0 
402.001957441102 83.47967479674796 111.0 470.0 6.0 354.0 36800.0 
404.001957441102 83.71544715447155 111.0 473.0 6.0 355.0 36902.0 
406.001957441102 83.95121951219512 114.0 477.0 6.0 356.0 37005.0 
408.001957441102 84.1869918699187 116.0 478.0 6.0 357.0 37107.0 
410.001957441102 84.65853658536585 115.0 479.0 6.0 359.0 37312.0 
412.001957441102 84.89430894308944 116.0 482.0 6.0 360.0 37415.0 
414.001957441102 84.89430894308944 117.0 483.0 6.0 360.0 37415.0 
416.001957441102 84.89430894308944 117.0 483.0 6.0 360.0 37415.0 
418.001957441102 84.89430894308944 116.0 483.0 7.0 360.0 37428.0 
420.001957441102 85.130081300813 116.0 483.0 7.0 361.0 37530.0 
422.001957441102 85.130081300813 116.0 484.0 7.0 361.0 37530.0 
424.001957441102 85.130081300813 117.0 485.0 7.0 361.0 37530.0 
426.001957441102 85.130081300813 117.0 485.0 7.0 361.0 37530.0 
428.001957441102 85.130081300813 117.0 485.0 7.0 361.0 37530.0 
430.001957441102 85.130081300813 120.0 488.0 7.0 361.0 37530.0 
432.001957441102 85.36585365853658 119.0 488.0 7.0 362.0 37632.0 
434.001957441102 85.36585365853658 119.0 488.0 7.0 362.0 37632.0 
436.001957441102 85.60162601626016 118.0 489.0 7.0 363.0 37734.0 
438.001957441102 85.60162601626016 119.0 489.0 7.0 363.0 37734.0 
440.001957441102 85.60162601626016 119.0 489.0 7.0 363.0 37734.0 
442.001957441102 85.60162601626016 119.0 489.0 7.0 363.0 37734.0 
444.001957441102 85.83739837398373 119.0 490.0 7.0 364.0 37837.0 
446.001957441102 86.3089430894309 120.0 491.0 7.0 366.0 38042.0 
448.001957441102 86.54471544715446 118.0 491.0 7.0 367.0 38145.0 
450.001957441102 87.48780487804878 117.0 494.0 7.0 371.0 38624.0 
452.001957441102 88.1951219512195 115.0 496.0 7.0 374.0 38931.0 
454.001957441102 89.13821138211382 114.0 498.0 7.0 378.0 39341.0 
456.001957441102 89.60975609756098 113.0 499.0 7.0 380.0 39547.0 
458.001957441102 90.78861788617886 111.0 499.0 8.0 385.0 40073.0 
460.001957441102 91.73170731707316 103.0 501.0 8.0 389.0 40483.0 
462.001957441102 92.91056910569105 103.0 504.0 8.0 394.0 40994.0 
464.001957441102 93.3821138211382 103.0 507.0 8.0 396.0 41200.0 
466.001957441102 94.08943089430895 104.0 510.0 8.0 399.0 41506.0 
468.001957441102 95.03252032520325 101.0 512.0 8.0 403.0 41917.0 
470.001957441102 95.73983739837398 101.0 514.0 8.0 406.0 42224.0 
472.001957441102 96.91869918699186 100.0 516.0 8.0 411.0 42736.0 
474.001957441102 97.6260162601626 98.0 517.0 8.0 414.0 43045.0 
476.001957441102 98.5691056910569 96.0 519.0 8.0 418.0 43455.0 
478.001957441102 99.51219512195122 92.0 521.0 8.0 422.0 43863.0 
480.001957441102 100.45528455284554 92.0 524.0 8.0 426.0 44271.0 
482.001957441102 100.92682926829268 93.0 530.0 8.0 428.0 44476.0 
484.001957441102 100.92682926829268 96.0 532.0 8.0 428.0 44476.0 
486.001957441102 102.57723577235774 94.0 533.0 8.0 435.0 45192.0 
488.001957441102 103.04878048780488 91.0 535.0 8.0 437.0 45396.0 
490.001957441102 103.52032520325204 92.0 538.0 8.0 439.0 45601.0 
492.001957441102 103.7560975609756 92.0 541.0 8.0 440.0 45703.0 
494.001957441102 104.69918699186992 94.0 546.0 8.0 444.0 46112.0 
496.001957441102 105.41463414634146 94.0 549.0 8.0 447.0 46419.0 
498.001957441102 105.88617886178862 96.0 552.0 8.0 449.0 46623.0 
500.001957441102 106.59349593495935 95.0 557.0 8.0 452.0 46932.0 
502.001957441102 107.53658536585367 99.0 560.0 8.0 456.0 47342.0 
504.001957441102 108.2439024390244 97.0 564.0 8.0 459.0 47649.0 
506.001957441102 108.71544715447153 97.0 565.0 8.0 461.0 47854.0 
508.001957441102 109.65853658536585 99.0 572.0 8.0 465.0 48418.0 
510.001957441102 110.130081300813 99.0 574.0 8.0 467.0 48623.0 
512.0019574411019 110.36585365853658 102.0 578.0 8.0 468.0 48725.0 
514.0019574411019 111.07317073170732 103.0 580.0 8.0 471.0 49033.0 
516.0019574411019 111.3089430894309 104.0 583.0 8.0 472.0 49136.0 
518.0019574411019 111.3089430894309 104.0 584.0 8.0 472.0 49136.0 
520.0019574411019 111.3089430894309 108.0 588.0 8.0 472.0 49136.0 
522.0019574411019 111.3089430894309 110.0 590.0 9.0 472.0 49147.0 
524.0019574411019 111.54471544715446 111.0 592.0 9.0 473.0 49250.0 
526.0019574411019 111.78048780487805 111.0 593.0 9.0 474.0 49353.0 
528.0019574411019 111.78048780487805 111.0 594.0 9.0 474.0 49353.0 
530.0019574411019 111.78048780487805 114.0 597.0 9.0 474.0 49353.0 
532.0019574411019 112.48780487804878 115.0 598.0 9.0 477.0 49660.0 
534.0019574411019 112.48780487804878 113.0 599.0 9.0 477.0 49660.0 
536.0019574411019 112.48780487804878 114.0 600.0 9.0 477.0 49660.0 
538.0019574411019 112.48780487804878 115.0 601.0 9.0 477.0 49660.0 
540.0013193879302 112.72357723577235 114.0 601.0 9.0 478.0 49763.0 
542.0019574411019 112.72357723577235 116.0 603.0 9.0 478.0 49763.0 
544.0019574411019 112.72357723577235 118.0 605.0 9.0 478.0 49763.0 
546.0019574411019 112.95934959349594 119.0 607.0 9.0 479.0 49865.0 
548.0019574411019 112.95934959349594 119.0 607.0 9.0 479.0 49865.0 
550.0019574411019 112.95934959349594 119.0 607.0 9.0 479.0 49865.0 
552.0019574411019 113.66666666666666 118.0 607.0 9.0 482.0 50172.0 
554.0019574411019 113.90243902439025 117.0 609.0 9.0 483.0 50275.0 
556.0019574411019 114.60975609756096 115.0 610.0 9.0 486.0 50582.0 
558.0019574411019 114.60975609756096 116.0 612.0 9.0 486.0 50582.0 
560.0019574411019 114.84552845528454 116.0 612.0 9.0 487.0 50685.0 
562.0019574411019 114.84552845528454 117.0 613.0 9.0 487.0 50685.0 
564.0019574411019 115.78861788617887 113.0 613.0 9.0 491.0 51095.0 
566.0019574411019 116.4959349593496 111.0 613.0 9.0 494.0 51403.0 
568.0019574411019 117.20325203252034 109.0 613.0 9.0 497.0 51711.0 
570.0019574411019 117.67479674796748 106.0 613.0 9.0 499.0 51917.0 
572.0019574411019 118.3821138211382 104.0 615.0 9.0 502.0 52225.0 
574.0019574411019 118.85365853658536 105.0 617.0 9.0 504.0 52431.0 
576.0019574411019 119.08943089430893 105.0 620.0 9.0 505.0 52533.0 
578.0006240540075 119.5609756097561 107.0 621.0 9.0 507.0 52738.0 
580.0019574411019 120.03252032520327 105.0 623.0 9.0 509.0 52943.0 
582.0019574411019 120.73983739837398 104.0 623.0 9.0 512.0 53250.0 
584.0019574411019 121.6829268292683 104.0 626.0 9.0 516.0 53660.0 
586.0019574411019 122.6260162601626 100.0 629.0 9.0 520.0 54072.0 
588.0019574411019 122.6260162601626 103.0 632.0 9.0 520.0 54072.0 
590.0019574411019 123.33333333333334 100.0 632.0 9.0 523.0 54379.0 
592.0019574411019 124.04065040650406 101.0 634.0 9.0 526.0 54687.0 
594.0005623004295 124.27642276422765 100.0 637.0 9.0 527.0 54789.0 
596.0019574411019 125.45528455284554 100.0 640.0 9.0 532.0 55303.0 
598.0019574411019 126.39837398373984 99.0 644.0 9.0 536.0 55713.0 
600.0019574411019 127.34146341463415 98.0 647.0 9.0 540.0 56122.0 
602.0019574411019 128.0487804878049 98.0 648.0 9.0 543.0 56430.0 
604.0019574411019 129.22764227642276 96.0 650.0 9.0 548.0 56943.0 
606.0019574411019 129.6991869918699 95.0 652.0 9.0 550.0 57149.0 
608.0019574411019 130.40650406504065 93.0 655.0 9.0 553.0 57457.0 
610.0019574411019 131.8211382113821 92.0 657.0 9.0 559.0 58070.0 
612.0019574411019 132.52845528455285 92.0 662.0 9.0 562.0 58377.0 
614.0019574411019 133.0 92.0 664.0 9.0 564.0 58581.0 
616.0019574411019 133.70731707317074 88.0 664.0 9.0 567.0 58888.0 
618.0019574411019 134.41463414634146 90.0 668.0 9.0 570.0 59194.0 
620.0019574411019 134.65040650406505 92.0 671.0 9.0 571.0 59297.0 
622.0019574411019 135.59349593495935 94.0 675.0 9.0 575.0 59708.0 
624.0019574411019 136.0650406504065 89.0 676.0 9.0 577.0 59912.0 
626.0019574411019 136.53658536585365 91.0 678.0 9.0 579.0 60117.0 
628.0019574411019 136.53658536585365 93.0 683.0 9.0 579.0 60117.0 
630.0019574411019 136.77235772357724 99.0 688.0 9.0 580.0 60219.0 
632.0019574411019 137.2439024390244 101.0 690.0 9.0 582.0 60425.0 
634.0019574411019 137.47967479674796 101.0 694.0 9.0 583.0 60527.0 
636.0019574411019 137.71544715447155 104.0 697.0 9.0 584.0 60629.0 
638.0019574411019 137.9512195121951 104.0 699.0 9.0 585.0 60731.0 
640.0019574411019 138.1869918699187 106.0 700.0 9.0 586.0 60833.0 
642.0019574411019 138.1869918699187 108.0 704.0 9.0 586.0 60833.0 
644.0019574411019 138.65853658536585 112.0 708.0 9.0 588.0 61039.0 
646.0019574411019 139.130081300813 112.0 710.0 9.0 590.0 61243.0 
648.0019574411019 139.3658536585366 114.0 713.0 9.0 591.0 61346.0 
650.0019574411019 139.60162601626016 112.0 713.0 9.0 592.0 61449.0 
652.0019574411019 139.60162601626016 112.0 713.0 9.0 592.0 61449.0 
654.0019574411019 139.60162601626016 113.0 714.0 9.0 592.0 61449.0 
656.0019574411019 139.83739837398372 112.0 716.0 9.0 593.0 61551.0 
658.0019574411019 140.3089430894309 115.0 719.0 9.0 595.0 61756.0 
660.0019574411019 140.78048780487805 114.0 720.0 9.0 597.0 61988.0 
662.0019574411019 141.01626016260164 113.0 720.0 9.0 598.0 62091.0 
664.0019574411019 141.2520325203252 114.0 722.0 9.0 599.0 62194.0 
666.0019574411019 141.2520325203252 114.0 722.0 9.0 599.0 62194.0 
668.0019574411019 141.2520325203252 114.0 722.0 9.0 599.0 62194.0 
670.0019574411019 141.2520325203252 114.0 722.0 9.0 599.0 62194.0 
672.0019574411019 141.2520325203252 115.0 724.0 9.0 599.0 62194.0 
674.0019574411019 141.4878048780488 116.0 725.0 9.0 600.0 62296.0 
676.0019574411019 141.95934959349592 116.0 727.0 9.0 602.0 62501.0 
678.0019574411019 142.66666666666669 116.0 728.0 9.0 605.0 62809.0 
680.0019574411019 143.1382113821138 112.0 728.0 9.0 607.0 63014.0 
682.0009630748102 143.1382113821138 113.0 729.0 9.0 607.0 63014.0 
684.0019574411019 143.609756097561 112.0 730.0 9.0 609.0 63220.0 
686.0019574411019 144.0813008130081 112.0 732.0 9.0 611.0 63424.0 
688.0019574411019 144.5528455284553 111.0 732.0 9.0 613.0 63630.0 
690.0019574411019 145.73170731707316 109.0 734.0 9.0 618.0 64143.0 
692.0019574411019 145.73170731707316 108.0 735.0 9.0 618.0 64143.0 
694.0019574411019 146.2032520325203 110.0 738.0 9.0 620.0 64348.0 
696.0019574411019 146.6747967479675 109.0 739.0 9.0 622.0 64552.0 
698.0019574411019 147.3821138211382 110.0 742.0 9.0 625.0 64860.0 
700.0019574411019 148.08943089430892 109.0 744.0 9.0 628.0 65168.0 
702.0019574411019 149.03252032520325 105.0 744.0 9.0 632.0 65579.0 
704.0019574411019 149.5040650406504 103.0 745.0 9.0 634.0 65785.0 
706.0019574411019 149.97560975609755 104.0 751.0 9.0 636.0 65990.0 
708.0019574411019 150.4471544715447 107.0 754.0 9.0 638.0 66194.0 
710.0019574411019 150.9186991869919 107.0 756.0 9.0 640.0 66398.0 
712.0003795399655 151.6260162601626 109.0 759.0 9.0 643.0 66706.0 
714.0019574411019 152.5691056910569 108.0 760.0 9.0 647.0 67116.0 
716.0019574411019 153.04065040650408 105.0 763.0 9.0 649.0 67321.0 
718.0019574411019 153.27642276422765 104.0 764.0 9.0 650.0 67424.0 
720.0010437585845 153.98373983739836 105.0 767.0 9.0 653.0 67978.0 
722.0019574411019 155.16260162601628 104.0 768.0 9.0 658.0 68492.0 
724.0019574411019 156.10569105691056 99.0 768.0 9.0 662.0 68998.0 
726.0019574411019 156.34146341463412 98.0 771.0 9.0 663.0 69101.0 
728.0017189488406 156.01612903225808 97.0 771.0 9.0 667.0 70136.0 
730.0019574411019 156.71774193548384 94.0 773.0 9.0 670.0 70443.0 
732.0019574411019 157.88709677419354 92.0 777.0 9.0 675.0 70955.0 
734.0019574411019 158.58870967741933 93.0 781.0 9.0 678.0 71263.0 
736.0019574411019 159.29032258064518 93.0 783.0 9.0 681.0 71569.0 
738.0019574411019 159.99193548387098 95.0 790.0 9.0 684.0 71877.0 
740.0019574411019 160.45967741935482 99.0 794.0 9.0 686.0 72082.0 
742.0019574411019 160.92741935483872 98.0 794.0 9.0 688.0 72287.0 
744.0019574411019 161.6290322580645 96.0 796.0 9.0 691.0 72593.0 
746.0019574411019 162.56451612903226 97.0 799.0 9.0 695.0 73002.0 
748.0019574411019 163.26612903225808 95.0 803.0 9.0 698.0 73310.0 
750.0019574411019 163.96774193548384 97.0 805.0 9.0 701.0 73616.0 
752.0019574411019 163.96774193548384 97.0 807.0 9.0 701.0 73616.0 
754.0019574411019 163.96774193548384 102.0 812.0 9.0 701.0 73616.0 
756.0019574411019 164.2016129032258 106.0 816.0 9.0 702.0 73718.0 
758.0019574411019 164.2016129032258 107.0 819.0 9.0 702.0 73718.0 
760.0019574411019 164.90322580645162 106.0 820.0 9.0 705.0 74026.0 
762.0019574411019 165.3709677419355 106.0 821.0 9.0 707.0 74231.0 
764.0019574411019 165.3709677419355 106.0 822.0 9.0 707.0 74231.0 
766.0019574411019 165.6048387096774 106.0 822.0 9.0 708.0 74334.0 
768.0019574411019 165.83870967741933 106.0 824.0 9.0 709.0 74437.0 
770.0019574411019 165.83870967741933 108.0 826.0 9.0 709.0 74437.0 
772.0019574411019 165.83870967741933 109.0 827.0 9.0 709.0 74437.0 
774.0019574411019 166.07258064516128 110.0 830.0 9.0 710.0 74539.0 
776.0019574411019 166.54032258064518 111.0 832.0 9.0 712.0 74745.0 
778.0019574411019 166.7741935483871 115.0 837.0 9.0 713.0 74847.0 
780.0019574411019 167.24193548387098 113.0 837.0 9.0 715.0 75053.0 
782.0019574411019 167.4758064516129 114.0 839.0 9.0 716.0 75177.0 
784.0019574411019 167.70967741935482 114.0 839.0 9.0 717.0 75280.0 
786.0019574411019 167.94354838709677 113.0 840.0 9.0 718.0 75382.0 
788.0019574411019 168.1774193548387 112.0 841.0 9.0 719.0 75484.0 
790.0019574411019 168.41129032258067 114.0 843.0 9.0 720.0 75587.0 
792.0019574411019 168.8790322580645 115.0 845.0 9.0 722.0 75791.0 
794.0019574411019 169.11290322580646 114.0 846.0 9.0 723.0 75893.0 
796.0019574411019 169.34677419354836 116.0 848.0 9.0 724.0 75995.0 
798.0019574411019 169.81451612903226 117.0 852.0 9.0 726.0 76201.0 
800.0019574411019 170.51612903225808 117.0 852.0 9.0 729.0 76508.0 
802.0019574411019 170.98387096774192 114.0 852.0 9.0 731.0 76713.0 
804.0019574411019 170.98387096774192 113.0 853.0 9.0 731.0 76713.0 
806.0019574411019 170.98387096774192 113.0 854.0 9.0 731.0 76713.0 
808.0019574411019 171.68548387096774 112.0 854.0 9.0 734.0 77020.0 
810.0019574411019 173.08870967741933 108.0 854.0 9.0 740.0 77636.0 
812.0019574411019 173.3225806451613 105.0 854.0 9.0 741.0 77739.0 
814.0019574411019 174.25806451612902 106.0 858.0 9.0 745.0 78148.0 
816.0019574411019 174.7258064516129 105.0 859.0 9.0 747.0 78373.0 
818.0019574411019 175.19354838709677 103.0 860.0 9.0 749.0 78577.0 
820.0019574411019 175.4274193548387 104.0 863.0 9.0 750.0 78680.0 
822.0019574411019 175.8951612903226 104.0 864.0 9.0 752.0 78886.0 
824.0019574411019 176.59677419354836 102.0 867.0 9.0 755.0 79194.0 
826.0019574411019 176.59677419354836 103.0 867.0 9.0 755.0 79194.0 
828.0019574411019 177.06451612903226 105.0 872.0 9.0 757.0 79494.0 
830.0019574411019 177.2983870967742 107.0 876.0 9.0 758.0 79597.0 
832.0019574411019 177.2983870967742 111.0 878.0 9.0 758.0 79597.0 
834.0019574411019 178.46774193548384 109.0 879.0 9.0 763.0 80117.0 
836.0019574411019 179.40322580645164 103.0 879.0 9.0 767.0 80527.0 
838.0019574411019 179.8709677419355 103.0 881.0 9.0 769.0 80733.0 
840.0019574411019 181.04032258064518 102.0 885.0 9.0 774.0 81245.0 
842.0019574411019 182.44354838709677 97.0 887.0 9.0 780.0 81860.0 
844.0019574411019 182.6774193548387 98.0 888.0 9.0 781.0 81963.0 
846.0019574411019 182.91129032258067 97.0 890.0 9.0 782.0 82065.0 
848.0019574411019 183.84677419354836 98.0 891.0 9.0 786.0 82476.0 
850.0019574411019 184.31451612903226 97.0 894.0 9.0 788.0 82681.0 
852.0019574411019 185.25 94.0 895.0 9.0 792.0 83092.0 
854.0019574411019 185.71774193548384 94.0 895.0 9.0 794.0 83297.0 
856.0019574411019 186.88709677419354 91.0 896.0 9.0 799.0 83808.0 
858.0019574411019 187.82258064516128 91.0 901.0 9.0 803.0 84216.0 
860.0019574411019 188.29032258064518 94.0 907.0 9.0 805.0 84420.0 
862.0019574411019 188.75806451612902 95.0 911.0 9.0 807.0 84626.0 
864.0019574411019 188.99193548387098 96.0 913.0 9.0 808.0 84728.0 
866.0019574411019 189.2258064516129 99.0 917.0 9.0 809.0 84890.0 
868.0019574411019 189.2258064516129 102.0 920.0 9.0 809.0 84890.0 
870.0019574411019 189.69354838709677 104.0 924.0 9.0 811.0 85094.0 
872.0019574411019 190.16129032258067 104.0 925.0 9.0 813.0 85298.0 
874.0019574411019 190.3951612903226 106.0 930.0 9.0 814.0 85400.0 
876.0007126586295 190.86290322580646 109.0 932.0 9.0 816.0 85606.0 
878.0019574411019 191.3306451612903 106.0 933.0 9.0 818.0 85811.0 
880.0019574411019 192.73387096774192 106.0 936.0 9.0 824.0 86426.0 
882.0019574411019 192.73387096774192 105.0 938.0 9.0 824.0 86426.0 
884.0019574411019 193.2016129032258 106.0 940.0 9.0 826.0 86631.0 
886.0019574411019 193.2016129032258 105.0 942.0 9.0 826.0 86631.0 
888.0019574411019 193.6693548387097 110.0 945.0 9.0 828.0 86884.0 
890.0019574411019 193.6693548387097 109.0 946.0 9.0 828.0 86884.0 
892.0019574411019 194.3709677419355 106.0 946.0 9.0 831.0 87191.0 
894.0019574411019 194.83870967741933 107.0 949.0 9.0 833.0 87395.0 
896.0019574411019 194.83870967741933 109.0 951.0 9.0 833.0 87395.0 
898.0019574411019 195.30645161290323 109.0 952.0 9.0 835.0 87599.0 
900.0019574411019 196.00806451612902 108.0 955.0 9.0 838.0 87905.0 
#####################################################################
# End of data export. Simulation finished at: 2020-02-13T02:12+0000 #
#####################################################################
