#####################################################################
# Alchemist log file - simulation started at: 2020-02-25T04:56+0000 #
#####################################################################
# seed = 83.0, taskFrequency = 0.04217, cloudcost = 0.0, algorithm = true
#
# The columns have the following meaning: 
# time taskHops[Mean] hasTask[Sum] tasks[Sum] completedTasks[Sum] giveupTasks[Sum] taskLatency[Sum] 
0.0 NaN 0.0 0.0 0.0 0.0 0.0 
2.0031399524342426 NaN 8.0 9.0 0.0 0.0 0.0 
4.003139952434243 NaN 13.0 14.0 0.0 0.0 0.0 
6.0029787056848125 NaN 21.0 21.0 0.0 0.0 0.0 
8.003139952434243 NaN 25.0 25.0 0.0 0.0 0.0 
10.003139952434243 NaN 33.0 38.0 0.0 0.0 0.0 
12.003139952434243 0.0 44.0 44.0 1.0 0.0 11.0 
14.003139952434243 1.0 51.0 53.0 2.0 0.0 24.0 
16.003139952434243 1.625 52.0 60.0 8.0 0.0 104.0 
18.003139952434243 1.625 59.0 69.0 8.0 0.0 104.0 
20.003139952434243 1.7 62.0 72.0 10.0 0.0 135.0 
22.003139952434243 1.9285714285714286 66.0 77.0 14.0 0.0 205.0 
24.003139952434243 2.0 65.0 81.0 16.0 0.0 237.0 
26.003139952434243 2.0 67.0 84.0 16.0 0.0 237.0 
28.003139952434243 2.0 71.0 87.0 16.0 0.0 237.0 
30.003139952434243 1.9411764705882353 71.0 89.0 17.0 0.0 261.0 
32.00313995243424 2.05 71.0 91.0 21.0 0.0 336.0 
34.00313995243424 2.05 73.0 96.0 21.0 0.0 336.0 
36.00313995243424 2.05 77.0 98.0 21.0 0.0 336.0 
38.00313995243424 2.0833333333333335 77.0 100.0 25.0 0.0 405.0 
40.00313995243424 2.076923076923077 75.0 101.0 27.0 0.0 444.0 
42.00313995243424 2.076923076923077 76.0 103.0 27.0 0.0 444.0 
44.00313995243424 2.076923076923077 78.0 105.0 27.0 0.0 444.0 
46.00313995243424 2.076923076923077 78.0 107.0 27.0 0.0 444.0 
48.00313995243424 2.142857142857143 80.0 108.0 29.0 0.0 483.0 
50.00313995243424 2.206896551724138 80.0 109.0 30.0 0.0 514.0 
52.00313995243424 2.2580645161290325 80.0 110.0 32.0 0.0 574.0 
54.00313995243424 2.3125 79.0 112.0 34.0 0.0 603.0 
56.00313995243424 2.303030303030303 78.0 115.0 35.0 0.0 622.0 
58.00313995243424 2.303030303030303 80.0 115.0 35.0 0.0 622.0 
60.00313995243424 2.303030303030303 83.0 118.0 35.0 0.0 622.0 
62.00313995243424 2.2941176470588234 84.0 120.0 36.0 0.0 662.0 
64.00313995243424 2.314285714285714 85.0 123.0 37.0 0.0 695.0 
66.00313995243424 2.2972972972972974 87.0 125.0 39.0 0.0 782.0 
68.00313995243424 2.2972972972972974 89.0 128.0 39.0 0.0 782.0 
70.00313995243424 2.2972972972972974 90.0 129.0 39.0 0.0 782.0 
72.00313995243424 2.2972972972972974 91.0 130.0 39.0 0.0 782.0 
74.00313995243424 2.2894736842105265 93.0 133.0 40.0 0.0 802.0 
76.00313995243424 2.3846153846153846 94.0 135.0 42.0 0.0 853.0 
78.00313995243424 2.3846153846153846 94.0 136.0 42.0 0.0 853.0 
80.00313995243424 2.55 96.0 139.0 43.0 0.0 922.0 
82.00313995243424 2.6 96.0 141.0 44.0 0.0 941.0 
84.00313995243424 2.65 100.0 146.0 45.0 0.0 961.0 
86.00313995243424 2.6829268292682924 101.0 147.0 46.0 0.0 1000.0 
88.00313995243424 2.6829268292682924 102.0 149.0 46.0 0.0 1000.0 
90.00313995243424 2.707317073170732 104.0 150.0 47.0 0.0 1030.0 
92.00313995243424 2.707317073170732 104.0 151.0 47.0 0.0 1030.0 
94.00313995243424 2.7142857142857144 104.0 151.0 48.0 0.0 1115.0 
96.00265490260976 2.7857142857142856 105.0 155.0 50.0 0.0 1166.0 
98.00313995243424 2.7857142857142856 106.0 156.0 50.0 0.0 1166.0 
100.00313995243424 2.7857142857142856 107.0 157.0 50.0 0.0 1166.0 
102.00313995243424 2.8571428571428568 107.0 157.0 52.0 0.0 1203.0 
104.00313995243424 2.8181818181818183 105.0 158.0 53.0 3.0 1409.0 
106.00313995243424 2.625 101.0 159.0 53.0 7.0 1799.0 
108.00313995243424 2.1355932203389836 97.0 160.0 53.0 19.0 2691.0 
110.00313995243424 1.9692307692307693 86.0 161.0 54.0 24.0 3195.0 
112.00313995243424 1.6463414634146347 78.0 164.0 55.0 43.0 4618.0 
114.00313995243424 1.5 57.0 166.0 56.0 56.0 5392.0 
116.00313995243424 1.3939393939393936 55.0 172.0 56.0 66.0 6051.0 
118.00313995243424 1.3018867924528301 47.0 175.0 56.0 80.0 6924.0 
120.00313995243424 1.2831858407079642 36.0 180.0 58.0 95.0 7774.0 
122.00313995243424 1.2478632478632483 24.0 184.0 59.0 103.0 8149.0 
124.00313995243424 1.2478632478632483 23.0 188.0 59.0 106.0 8180.0 
126.00313995243424 1.2478632478632483 25.0 192.0 59.0 109.0 8288.0 
128.00313995243425 1.2521008403361351 23.0 196.0 60.0 112.0 8550.0 
130.00313995243425 1.2750000000000008 24.0 199.0 63.0 116.0 8683.0 
132.00313995243425 1.2999999999999998 19.0 200.0 64.0 116.0 8705.0 
134.00313995243425 1.2999999999999998 21.0 204.0 64.0 119.0 8802.0 
136.00313995243425 1.2999999999999998 26.0 211.0 64.0 122.0 8813.0 
138.00313995243425 1.2999999999999998 27.0 214.0 64.0 122.0 8813.0 
140.00313995243425 1.3083333333333333 29.0 219.0 65.0 122.0 8817.0 
142.00313995243425 1.3083333333333333 35.0 222.0 65.0 122.0 8817.0 
144.00313995243425 1.3083333333333333 37.0 224.0 65.0 122.0 8817.0 
146.00313995243425 1.3166666666666667 39.0 227.0 66.0 123.0 8843.0 
148.00313995243425 1.3250000000000002 42.0 234.0 67.0 123.0 8869.0 
150.00313995243425 1.333333333333334 44.0 236.0 68.0 124.0 8971.0 
152.00313995243425 1.333333333333334 48.0 240.0 68.0 124.0 8971.0 
154.00313995243425 1.3416666666666672 53.0 245.0 69.0 124.0 8988.0 
156.00313995243425 1.3416666666666672 56.0 250.0 69.0 124.0 8988.0 
158.00313995243425 1.3471074380165287 62.0 256.0 70.0 126.0 9121.0 
160.00313995243425 1.4132231404958688 58.0 257.0 72.0 128.0 9246.0 
162.00313995243425 1.4297520661157017 62.0 264.0 73.0 131.0 9287.0 
164.00313995243425 1.4462809917355368 65.0 271.0 74.0 132.0 9304.0 
166.00313995243425 1.4793388429752068 68.0 275.0 75.0 134.0 9374.0 
168.00313995243425 1.4793388429752068 68.0 278.0 75.0 135.0 9379.0 
170.00313995243425 1.5289256198347119 67.0 280.0 77.0 141.0 9524.0 
172.00313995243425 1.5491803278688518 62.0 282.0 79.0 146.0 9893.0 
174.00313995243425 1.5819672131147537 60.0 287.0 79.0 148.0 9950.0 
176.00313995243425 1.5819672131147537 60.0 292.0 79.0 152.0 10070.0 
178.00313995243425 1.5819672131147537 63.0 294.0 79.0 154.0 10119.0 
180.00313995243425 1.6422764227642286 62.0 301.0 82.0 158.0 10351.0 
182.00313995243425 1.6747967479674795 61.0 305.0 84.0 161.0 10421.0 
184.00313995243425 1.7479674796747955 60.0 308.0 87.0 161.0 10511.0 
186.00313995243425 1.7479674796747955 60.0 311.0 87.0 163.0 10540.0 
188.00313995243425 1.7967479674796747 62.0 315.0 89.0 164.0 10584.0 
190.00313995243425 1.7967479674796747 64.0 317.0 89.0 164.0 10584.0 
192.00313995243425 1.804878048780488 65.0 323.0 90.0 171.0 10790.0 
194.00313995243425 1.804878048780488 64.0 325.0 90.0 171.0 10790.0 
196.00313995243425 1.8211382113821144 66.0 327.0 91.0 172.0 10874.0 
198.00313995243425 1.8373983739837405 64.0 328.0 92.0 176.0 11069.0 
200.00313995243425 1.8373983739837405 62.0 330.0 92.0 180.0 11188.0 
202.00313995243425 1.8780487804878045 59.0 332.0 94.0 180.0 11242.0 
204.00313995243425 1.8780487804878045 63.0 337.0 94.0 180.0 11242.0 
206.00313995243425 1.9024390243902436 62.0 338.0 96.0 180.0 11268.0 
208.00313995243425 1.9186991869918701 65.0 341.0 98.0 180.0 11313.0 
210.00313995243425 1.9186991869918701 63.0 342.0 98.0 180.0 11313.0 
212.00313995243425 1.9674796747967473 67.0 347.0 101.0 180.0 11365.0 
214.00313995243425 1.9674796747967473 69.0 350.0 101.0 181.0 11406.0 
216.00313995243425 2.0 68.0 353.0 102.0 185.0 11560.0 
218.00313995243425 2.0081300813008136 64.0 355.0 103.0 190.0 11705.0 
220.00313995243425 2.0731707317073167 62.0 358.0 106.0 191.0 11848.0 
222.00313995243425 2.0731707317073167 64.0 363.0 106.0 191.0 11848.0 
224.00313995243425 2.08130081300813 67.0 364.0 107.0 191.0 11862.0 
226.00313995243425 2.097560975609756 68.0 367.0 108.0 192.0 11976.0 
228.00313995243425 2.097560975609756 68.0 368.0 108.0 194.0 11994.0 
230.00313995243425 2.1626016260162593 68.0 373.0 111.0 200.0 12178.0 
232.00313995243425 2.1626016260162593 65.0 378.0 111.0 204.0 12398.0 
234.00313995243425 2.1626016260162593 65.0 382.0 111.0 204.0 12398.0 
236.00313995243425 2.1707317073170724 68.0 383.0 112.0 206.0 12452.0 
238.00313995243425 2.1869918699186988 65.0 384.0 114.0 207.0 12600.0 
240.00313995243425 2.17741935483871 63.0 386.0 115.0 209.0 12715.0 
242.00313995243425 2.16 59.0 388.0 115.0 213.0 12943.0 
244.00313995243425 2.175999999999999 59.0 391.0 116.0 215.0 13070.0 
246.00313995243425 2.2 55.0 391.0 117.0 219.0 13150.0 
248.00313995243425 2.2880000000000003 54.0 393.0 119.0 220.0 13286.0 
250.00313995243425 2.304 51.0 397.0 120.0 226.0 13835.0 
252.00313995243425 2.304 50.0 399.0 120.0 230.0 14012.0 
254.00313995243425 2.304 48.0 403.0 120.0 238.0 14171.0 
256.00313995243425 2.304 42.0 409.0 120.0 245.0 14459.0 
258.00313995243425 2.312 44.0 413.0 121.0 253.0 14938.0 
260.00313995243425 2.3360000000000007 37.0 419.0 122.0 260.0 15187.0 
262.00313995243425 2.3839999999999995 41.0 428.0 124.0 264.0 15337.0 
264.00313995243425 2.400000000000001 43.0 433.0 125.0 269.0 15668.0 
266.00313995243425 2.432 41.0 440.0 125.0 273.0 15930.0 
268.00313995243425 2.456 41.0 443.0 127.0 277.0 15958.0 
270.00313995243425 2.5119999999999996 39.0 446.0 130.0 277.0 16032.0 
272.00313995243425 2.5119999999999996 43.0 451.0 130.0 277.0 16032.0 
274.00313995243425 2.5199999999999996 48.0 457.0 131.0 278.0 16046.0 
276.00313995243425 2.5599999999999996 48.0 464.0 133.0 284.0 16129.0 
278.00313995243425 2.5599999999999996 47.0 468.0 133.0 289.0 16263.0 
280.00313995243425 2.5599999999999996 49.0 473.0 133.0 289.0 16263.0 
282.00313995243425 2.6080000000000005 54.0 479.0 135.0 295.0 16352.0 
284.00313995243425 2.6080000000000005 52.0 486.0 135.0 298.0 16368.0 
286.00313995243425 2.6239999999999997 55.0 492.0 136.0 299.0 16380.0 
288.00313995243425 2.6479999999999997 58.0 498.0 138.0 302.0 16443.0 
290.00313995243425 2.6560000000000006 59.0 501.0 138.0 307.0 16766.0 
292.00313995243425 2.6560000000000006 54.0 506.0 138.0 316.0 17002.0 
294.00313995243425 2.6560000000000006 55.0 511.0 138.0 317.0 17005.0 
296.00313995243425 2.6560000000000006 61.0 519.0 138.0 317.0 17005.0 
298.00313995243425 2.6960000000000006 65.0 521.0 140.0 317.0 17049.0 
300.00313995243425 2.6960000000000006 70.0 529.0 140.0 317.0 17049.0 
302.00313995243425 2.7360000000000007 75.0 534.0 143.0 318.0 17084.0 
304.00313995243425 2.7519999999999993 74.0 536.0 145.0 322.0 17282.0 
306.00313995243425 2.7519999999999993 72.0 540.0 145.0 326.0 17408.0 
308.00313995243425 2.760000000000001 70.0 543.0 146.0 327.0 17434.0 
310.00313995243425 2.8000000000000007 73.0 547.0 148.0 327.0 17452.0 
312.00313995243425 2.8319999999999994 73.0 549.0 150.0 328.0 17549.0 
314.00313995243425 2.8480000000000008 70.0 549.0 151.0 330.0 17644.0 
316.00313995243425 2.8959999999999995 67.0 554.0 154.0 332.0 17790.0 
318.00313995243425 2.8959999999999995 69.0 555.0 154.0 332.0 17790.0 
320.0007299708642 2.912000000000001 70.0 557.0 155.0 332.0 17816.0 
322.00313995243425 2.928000000000001 71.0 558.0 156.0 333.0 17948.0 
324.00313995243425 2.976000000000001 70.0 560.0 158.0 335.0 18050.0 
326.00313995243425 2.9839999999999987 68.0 565.0 159.0 338.0 18167.0 
328.00313995243425 2.992000000000001 71.0 569.0 160.0 338.0 18168.0 
330.00313995243425 2.992000000000001 75.0 574.0 160.0 338.0 18168.0 
332.00313995243425 3.023999999999999 77.0 577.0 162.0 343.0 18455.0 
334.00313995243425 3.023999999999999 73.0 578.0 162.0 348.0 18652.0 
336.00313995243425 3.040000000000001 68.0 581.0 162.0 352.0 18741.0 
338.00313995243425 3.087999999999999 68.0 583.0 163.0 353.0 18818.0 
340.00313995243425 3.104000000000001 70.0 586.0 165.0 353.0 18844.0 
342.00313995243425 3.104000000000001 68.0 588.0 165.0 355.0 18905.0 
344.00313995243425 3.1119999999999988 70.0 593.0 166.0 357.0 19009.0 
346.00313995243425 3.1119999999999988 71.0 595.0 166.0 359.0 19107.0 
348.00313995243425 3.128 71.0 599.0 167.0 362.0 19274.0 
350.00313995243425 3.199999999999999 69.0 600.0 171.0 363.0 19354.0 
352.0022078753475 3.199999999999999 67.0 602.0 171.0 365.0 19521.0 
354.00313995243425 3.199999999999999 66.0 604.0 171.0 368.0 19651.0 
356.00313995243425 3.199999999999999 66.0 605.0 171.0 369.0 19752.0 
358.00313995243425 3.2159999999999993 66.0 609.0 173.0 370.0 19848.0 
360.00313995243425 3.2720000000000007 66.0 613.0 176.0 370.0 19956.0 
362.00313995243425 3.32 66.0 616.0 178.0 371.0 20065.0 
364.00313995243425 3.32 69.0 621.0 178.0 374.0 20220.0 
366.00313995243425 3.32 68.0 625.0 178.0 386.0 20876.0 
368.00313995243425 3.32 62.0 627.0 178.0 388.0 20967.0 
370.00313995243425 3.352000000000001 63.0 632.0 179.0 393.0 21128.0 
372.00313995243425 3.352000000000001 63.0 635.0 179.0 394.0 21163.0 
374.00313995243425 3.352000000000001 62.0 636.0 179.0 398.0 21402.0 
376.00313995243425 3.3600000000000003 54.0 637.0 180.0 407.0 21779.0 
378.00313995243425 3.376000000000001 50.0 645.0 181.0 417.0 22136.0 
380.00313995243425 3.4400000000000013 46.0 648.0 183.0 421.0 22312.0 
382.00313995243425 3.4400000000000013 46.0 651.0 183.0 422.0 22342.0 
384.00313995243425 3.4400000000000013 47.0 654.0 183.0 425.0 22488.0 
386.00313995243425 3.4400000000000013 49.0 658.0 183.0 428.0 22623.0 
388.00313995243425 3.464000000000001 45.0 666.0 184.0 437.0 23162.0 
390.00313995243425 3.4800000000000013 41.0 670.0 186.0 442.0 23349.0 
392.00313995243425 3.4800000000000013 44.0 675.0 186.0 444.0 23367.0 
394.00313995243425 3.4800000000000013 48.0 680.0 186.0 447.0 23382.0 
396.00313995243425 3.5119999999999996 45.0 682.0 188.0 454.0 23695.0 
398.00313995243425 3.519999999999999 37.0 688.0 189.0 463.0 23972.0 
400.00313995243425 3.5440000000000014 36.0 692.0 190.0 465.0 23997.0 
402.00313995243425 3.5520000000000005 41.0 698.0 191.0 467.0 24035.0 
404.00313995243425 3.5520000000000005 44.0 704.0 191.0 470.0 24142.0 
406.00313995243425 3.592000000000001 49.0 712.0 193.0 472.0 24243.0 
408.00313995243425 3.592000000000001 55.0 720.0 193.0 473.0 24246.0 
410.00313995243425 3.592000000000001 59.0 726.0 193.0 476.0 24291.0 
412.00313995243425 3.592000000000001 58.0 728.0 193.0 477.0 24311.0 
414.00313995243425 3.608000000000001 59.0 731.0 195.0 477.0 24345.0 
416.00313995243425 3.6160000000000005 61.0 734.0 196.0 477.0 24358.0 
418.00313995243425 3.647999999999999 62.0 737.0 198.0 477.0 24381.0 
420.00313995243425 3.647999999999999 64.0 742.0 198.0 482.0 24464.0 
422.00313995243425 3.647999999999999 65.0 745.0 198.0 483.0 24467.0 
424.00313995243425 3.7119999999999984 64.0 748.0 202.0 484.0 24579.0 
426.00313995243425 3.7119999999999984 64.0 752.0 202.0 487.0 24642.0 
428.00313995243425 3.727999999999999 63.0 754.0 203.0 490.0 24718.0 
430.00313995243425 3.727999999999999 63.0 757.0 203.0 491.0 24744.0 
432.00313995243425 3.736000000000001 62.0 757.0 204.0 491.0 24757.0 
434.00313995243425 3.736000000000001 65.0 760.0 204.0 491.0 24757.0 
436.00313995243425 3.744 63.0 761.0 205.0 493.0 24788.0 
438.00313995243425 3.751999999999999 64.0 763.0 206.0 493.0 24801.0 
440.00313995243425 3.7840000000000007 62.0 766.0 208.0 497.0 24999.0 
442.00313995243425 3.7840000000000007 66.0 772.0 208.0 500.0 25049.0 
444.00313995243425 3.808 65.0 774.0 209.0 500.0 25068.0 
446.00313995243425 3.824000000000001 65.0 775.0 210.0 501.0 25091.0 
448.00313995243425 3.8319999999999994 64.0 778.0 211.0 502.0 25105.0 
450.00313995243425 3.879999999999999 62.0 778.0 212.0 507.0 25359.0 
452.00313995243425 3.9040000000000017 62.0 781.0 213.0 508.0 25374.0 
454.00313995243425 3.9040000000000017 65.0 786.0 213.0 509.0 25382.0 
456.00313995243425 3.9040000000000017 67.0 791.0 213.0 511.0 25512.0 
458.00313995243425 3.9199999999999986 68.0 795.0 214.0 513.0 25627.0 
460.00313995243425 3.9199999999999986 68.0 797.0 214.0 516.0 25785.0 
462.00313995243425 3.943999999999999 66.0 798.0 215.0 521.0 26076.0 
464.00313995243425 3.943999999999999 65.0 803.0 215.0 527.0 26402.0 
466.00313995243425 3.976000000000001 59.0 805.0 216.0 532.0 26593.0 
468.00313995243425 3.976000000000001 61.0 810.0 216.0 533.0 26652.0 
470.00313995243425 3.9839999999999987 56.0 813.0 217.0 541.0 26958.0 
472.00313995243425 4.023999999999999 52.0 816.0 219.0 544.0 27125.0 
474.00313995243425 4.032000000000002 54.0 818.0 220.0 545.0 27208.0 
476.00313995243425 4.032000000000002 53.0 819.0 220.0 545.0 27208.0 
478.00313995243425 4.032000000000002 56.0 822.0 220.0 545.0 27208.0 
480.00313995243425 4.095999999999998 59.0 826.0 221.0 546.0 27341.0 
482.00313995243425 4.128 60.0 830.0 223.0 547.0 27483.0 
484.00313995243425 4.184000000000001 61.0 835.0 225.0 550.0 27754.0 
486.00313995243425 4.184000000000001 62.0 837.0 225.0 553.0 27848.0 
488.00313995243425 4.215999999999999 63.0 845.0 227.0 555.0 27900.0 
490.00313995243425 4.215999999999999 65.0 849.0 227.0 556.0 27906.0 
492.00313995243425 4.272000000000001 71.0 856.0 229.0 558.0 28153.0 
494.00313995243425 4.296 66.0 858.0 230.0 564.0 28435.0 
496.00313995243425 4.296 64.0 862.0 230.0 568.0 28618.0 
498.00313995243425 4.336000000000001 63.0 865.0 232.0 569.0 28642.0 
500.00313995243425 4.3679999999999986 63.0 866.0 235.0 577.0 28982.0 
502.00313995243425 4.384 53.0 872.0 236.0 585.0 29170.0 
504.00313995243425 4.424 54.0 878.0 238.0 590.0 29452.0 
506.00313995243425 4.464000000000001 48.0 880.0 239.0 593.0 29627.0 
508.00313995243425 4.464000000000001 47.0 884.0 239.0 601.0 29836.0 
510.00313995243425 4.464000000000001 44.0 886.0 239.0 606.0 29981.0 
512.0031399524343 4.464000000000001 43.0 892.0 239.0 615.0 30195.0 
514.0031399524343 4.464000000000001 42.0 897.0 239.0 618.0 30299.0 
516.0031399524343 4.464000000000001 42.0 901.0 239.0 621.0 30396.0 
518.0031399524343 4.479999999999999 39.0 904.0 240.0 624.0 30486.0 
520.0031399524343 4.479999999999999 44.0 909.0 240.0 625.0 30563.0 
522.0031399524343 4.479999999999999 45.0 913.0 240.0 629.0 30765.0 
524.0031399524343 4.488 44.0 917.0 241.0 633.0 30856.0 
526.0031399524343 4.488 47.0 921.0 241.0 633.0 30856.0 
528.0031399524343 4.504000000000001 51.0 927.0 242.0 633.0 30875.0 
530.0031399524343 4.504000000000001 54.0 929.0 242.0 633.0 30875.0 
532.0031399524343 4.504000000000001 58.0 935.0 242.0 633.0 30875.0 
534.0031399524343 4.520000000000001 62.0 939.0 244.0 634.0 30897.0 
536.0031399524343 4.576 61.0 942.0 246.0 635.0 30959.0 
538.0031399524343 4.576 66.0 949.0 246.0 636.0 30969.0 
540.0031399524343 4.5920000000000005 69.0 954.0 247.0 638.0 31013.0 
542.0029792098388 4.5920000000000005 67.0 956.0 247.0 642.0 31134.0 
544.0031399524343 4.599999999999999 67.0 958.0 248.0 645.0 31218.0 
546.0031399524343 4.599999999999999 66.0 960.0 248.0 646.0 31244.0 
548.0031399524343 4.599999999999999 69.0 963.0 248.0 646.0 31244.0 
550.0031399524343 4.656000000000001 70.0 966.0 251.0 646.0 31283.0 
552.0031399524343 4.687999999999999 70.0 969.0 253.0 646.0 31311.0 
554.0031399524343 4.751999999999999 72.0 973.0 256.0 647.0 31423.0 
556.0031399524343 4.751999999999999 68.0 975.0 256.0 653.0 31569.0 
558.0020253695087 4.768 67.0 978.0 257.0 656.0 31693.0 
560.0031399524343 4.776000000000002 65.0 981.0 258.0 658.0 31739.0 
562.0031399524343 4.776000000000002 67.0 983.0 258.0 659.0 31841.0 
564.0031399524343 4.776000000000002 69.0 990.0 258.0 665.0 32038.0 
566.0031399524343 4.776000000000002 68.0 992.0 258.0 667.0 32129.0 
568.0031399524343 4.791999999999999 65.0 995.0 259.0 670.0 32318.0 
570.0031399524343 4.832 67.0 997.0 260.0 672.0 32441.0 
572.0031399524343 4.864000000000001 66.0 1001.0 261.0 679.0 32741.0 
574.0031399524343 4.864000000000001 65.0 1007.0 261.0 682.0 32823.0 
576.0031399524343 4.872 65.0 1009.0 262.0 682.0 32839.0 
578.0031399524343 4.872 67.0 1011.0 262.0 682.0 32839.0 
580.0031399524343 4.888000000000001 68.0 1014.0 263.0 682.0 32855.0 
582.0031399524343 4.888000000000001 71.0 1016.0 263.0 685.0 32866.0 
584.0031399524343 4.912 69.0 1018.0 264.0 690.0 33167.0 
586.0031399524343 4.967999999999998 62.0 1022.0 267.0 697.0 33479.0 
588.0031399524343 4.967999999999998 56.0 1023.0 267.0 699.0 33527.0 
590.0031399524343 4.976000000000001 57.0 1027.0 268.0 703.0 33632.0 
592.0031399524343 5.023999999999999 61.0 1034.0 271.0 706.0 33885.0 
594.0031399524343 5.023999999999999 58.0 1038.0 271.0 715.0 34477.0 
596.0031399524343 5.023999999999999 50.0 1040.0 271.0 719.0 34741.0 
598.0031399524343 5.023999999999999 50.0 1042.0 271.0 721.0 34761.0 
600.0031399524343 5.023999999999999 52.0 1045.0 271.0 722.0 34824.0 
602.0031399524343 5.023999999999999 56.0 1050.0 271.0 723.0 34891.0 
604.0031399524343 5.023999999999999 57.0 1053.0 271.0 724.0 34895.0 
606.0031399524343 5.032000000000002 60.0 1057.0 272.0 727.0 35172.0 
608.0031399524343 5.032000000000002 55.0 1060.0 272.0 736.0 35415.0 
610.0031399524343 5.04 55.0 1064.0 273.0 737.0 35449.0 
612.0031399524343 5.04 55.0 1067.0 273.0 738.0 35551.0 
614.0031399524343 5.04 54.0 1070.0 273.0 742.0 35700.0 
616.0031399524343 5.04 56.0 1075.0 273.0 749.0 35853.0 
618.0031399524343 5.080000000000001 53.0 1078.0 275.0 753.0 35912.0 
620.0031399524343 5.104000000000001 52.0 1083.0 277.0 754.0 35949.0 
622.0031399524343 5.128 54.0 1089.0 278.0 755.0 35983.0 
624.0031399524343 5.175999999999998 60.0 1094.0 280.0 758.0 36212.0 
626.0031399524343 5.199999999999998 57.0 1099.0 281.0 763.0 36445.0 
628.0031399524343 5.199999999999998 55.0 1101.0 281.0 766.0 36508.0 
630.0031399524343 5.199999999999998 55.0 1103.0 281.0 767.0 36522.0 
632.0031399524343 5.208000000000001 53.0 1105.0 282.0 769.0 36559.0 
634.0031399524343 5.24 56.0 1109.0 283.0 779.0 36955.0 
636.0031399524343 5.24 47.0 1110.0 283.0 782.0 37047.0 
638.0031399524343 5.248 46.0 1112.0 284.0 785.0 37198.0 
640.0031399524343 5.248 44.0 1117.0 284.0 789.0 37313.0 
642.0031399524343 5.248 43.0 1119.0 284.0 792.0 37441.0 
644.0031399524343 5.248 48.0 1125.0 284.0 793.0 37465.0 
646.0031399524343 5.264 52.0 1130.0 285.0 793.0 37483.0 
648.0031399524343 5.264 55.0 1137.0 285.0 797.0 37740.0 
650.0031399524343 5.264 58.0 1142.0 285.0 802.0 37912.0 
652.0031399524343 5.272 59.0 1149.0 286.0 805.0 38033.0 
654.0031399524343 5.272 61.0 1154.0 286.0 808.0 38125.0 
656.0031399524343 5.272 63.0 1158.0 286.0 809.0 38125.0 
658.0031399524343 5.320000000000001 65.0 1165.0 288.0 810.0 38205.0 
660.0031399524343 5.3279999999999985 66.0 1172.0 289.0 816.0 38346.0 
662.0031399524343 5.336000000000001 70.0 1176.0 290.0 817.0 38363.0 
664.0031399524343 5.336000000000001 68.0 1179.0 290.0 823.0 38555.0 
666.0031399524343 5.336000000000001 69.0 1183.0 290.0 826.0 38613.0 
668.0031399524343 5.351999999999998 71.0 1188.0 291.0 828.0 38654.0 
670.0031399524343 5.351999999999998 71.0 1192.0 291.0 829.0 38667.0 
672.0031399524343 5.36 71.0 1193.0 292.0 831.0 38700.0 
674.0031399524343 5.3759999999999994 69.0 1196.0 293.0 834.0 38757.0 
676.0031399524343 5.4079999999999995 67.0 1198.0 294.0 842.0 38983.0 
678.0031399524343 5.4079999999999995 63.0 1202.0 294.0 845.0 39085.0 
680.0031399524343 5.431999999999999 64.0 1205.0 295.0 846.0 39145.0 
682.0031399524343 5.431999999999999 68.0 1209.0 295.0 846.0 39145.0 
684.0031399524343 5.431999999999999 66.0 1209.0 295.0 851.0 39471.0 
686.0031399524343 5.479999999999998 64.0 1215.0 296.0 859.0 39699.0 
688.0031399524343 5.479999999999998 61.0 1218.0 296.0 861.0 39749.0 
690.0031399524343 5.479999999999998 58.0 1219.0 296.0 867.0 39840.0 
692.0031399524343 5.528 56.0 1222.0 298.0 868.0 39912.0 
694.0031399524343 5.552000000000001 52.0 1227.0 299.0 878.0 40291.0 
696.0031399524343 5.552000000000001 52.0 1234.0 299.0 883.0 40439.0 
698.0031399524343 5.552000000000001 54.0 1239.0 299.0 885.0 40492.0 
700.0031399524343 5.552000000000001 56.0 1241.0 299.0 886.0 40594.0 
702.0031399524343 5.552000000000001 58.0 1245.0 299.0 888.0 40638.0 
704.0031399524343 5.552000000000001 60.0 1249.0 299.0 889.0 40695.0 
706.0031399524343 5.583999999999998 61.0 1252.0 300.0 892.0 40801.0 
708.0031399524343 5.583999999999998 63.0 1255.0 300.0 892.0 40801.0 
710.0031399524343 5.5920000000000005 62.0 1260.0 301.0 896.0 40850.0 
712.0031399524343 5.6000000000000005 61.0 1264.0 301.0 901.0 40881.0 
714.0031399524343 5.6000000000000005 61.0 1266.0 301.0 904.0 40898.0 
716.0031399524343 5.616 62.0 1271.0 302.0 910.0 41172.0 
718.0031399524343 5.616 58.0 1273.0 302.0 917.0 41608.0 
720.0031399524343 5.616 56.0 1276.0 302.0 918.0 41632.0 
722.0031399524343 5.616 58.0 1283.0 302.0 923.0 41772.0 
724.0031399524343 5.616 59.0 1286.0 302.0 926.0 41915.0 
726.0031399524343 5.648000000000002 56.0 1290.0 302.0 935.0 42234.0 
728.0031399524343 5.687999999999999 52.0 1293.0 304.0 937.0 42354.0 
730.0031399524343 5.687999999999999 53.0 1297.0 304.0 938.0 42381.0 
732.0031399524343 5.687999999999999 53.0 1299.0 304.0 946.0 42725.0 
734.0031399524343 5.728000000000001 49.0 1302.0 306.0 950.0 43148.0 
736.0031399524343 5.752000000000001 44.0 1305.0 307.0 957.0 43316.0 
738.0031399524343 5.752000000000001 41.0 1310.0 307.0 961.0 43398.0 
740.0031399524343 5.752000000000001 43.0 1315.0 307.0 963.0 43418.0 
742.0031399524343 5.752000000000001 50.0 1320.0 307.0 963.0 43418.0 
744.0031399524343 5.776000000000002 49.0 1324.0 308.0 966.0 43559.0 
746.0031399524343 5.776000000000002 51.0 1326.0 308.0 971.0 43630.0 
748.0031399524343 5.776000000000002 52.0 1332.0 308.0 977.0 43737.0 
750.0031399524343 5.776000000000002 50.0 1338.0 308.0 978.0 43738.0 
752.0031399524343 5.815999999999999 48.0 1340.0 310.0 990.0 44026.0 
754.0031399524343 5.832000000000002 40.0 1343.0 311.0 996.0 44172.0 
756.0031399524343 5.832000000000002 38.0 1347.0 311.0 1000.0 44203.0 
758.0031399524343 5.887999999999999 39.0 1354.0 312.0 1006.0 44252.0 
760.0031399524343 5.887999999999999 40.0 1362.0 312.0 1013.0 44446.0 
762.0031399524343 5.887999999999999 40.0 1369.0 312.0 1018.0 44494.0 
764.0031399524343 5.887999999999999 36.0 1370.0 312.0 1023.0 44579.0 
766.0031399524343 5.887999999999999 36.0 1373.0 312.0 1025.0 44650.0 
768.0031399524343 5.887999999999999 40.0 1379.0 312.0 1027.0 44671.0 
770.0031399524343 5.887999999999999 42.0 1382.0 312.0 1029.0 44722.0 
772.0031399524343 5.887999999999999 43.0 1387.0 312.0 1030.0 44743.0 
774.0031399524343 5.887999999999999 46.0 1392.0 312.0 1035.0 44784.0 
776.0031399524343 5.928000000000002 45.0 1395.0 314.0 1039.0 44854.0 
778.0031399524343 5.928000000000002 41.0 1396.0 314.0 1041.0 44940.0 
780.0031399524343 5.943999999999999 43.0 1399.0 315.0 1042.0 44984.0 
782.0031399524343 5.952000000000001 43.0 1407.0 316.0 1045.0 45024.0 
784.0031399524343 5.952000000000001 47.0 1411.0 316.0 1047.0 45027.0 
786.0031399524343 5.952000000000001 48.0 1416.0 316.0 1050.0 45079.0 
788.0031399524343 5.952000000000001 52.0 1419.0 316.0 1051.0 45180.0 
790.0031399524343 6.071999999999998 54.0 1426.0 318.0 1053.0 45362.0 
792.0031399524343 6.071999999999998 56.0 1430.0 318.0 1055.0 45371.0 
794.0031399524343 6.071999999999998 59.0 1432.0 318.0 1056.0 45372.0 
796.0031399524343 6.071999999999998 61.0 1438.0 318.0 1061.0 45460.0 
798.0031399524343 6.088000000000001 58.0 1440.0 319.0 1066.0 45840.0 
800.0031399524343 6.088000000000001 56.0 1444.0 319.0 1072.0 45974.0 
802.0031399524343 6.088000000000001 51.0 1446.0 319.0 1075.0 46075.0 
804.0031399524343 6.088000000000001 56.0 1450.0 319.0 1076.0 46084.0 
806.0031399524343 6.104000000000001 57.0 1453.0 320.0 1078.0 46176.0 
808.0031399524343 6.104000000000001 59.0 1459.0 320.0 1078.0 46176.0 
810.0031399524343 6.128 61.0 1460.0 322.0 1080.0 46253.0 
812.0031399524343 6.208000000000001 58.0 1464.0 324.0 1084.0 46506.0 
814.0031399524343 6.232000000000001 55.0 1464.0 325.0 1085.0 46554.0 
816.0031399524343 6.247999999999998 60.0 1473.0 327.0 1085.0 46584.0 
818.0031399524343 6.247999999999998 59.0 1475.0 327.0 1088.0 46641.0 
820.0031399524343 6.247999999999998 62.0 1478.0 327.0 1090.0 46654.0 
822.0030844502735 6.247999999999998 62.0 1479.0 327.0 1092.0 46659.0 
824.0031399524343 6.3039999999999985 61.0 1483.0 329.0 1092.0 46719.0 
826.0031399524343 6.3039999999999985 63.0 1485.0 329.0 1094.0 46731.0 
828.0031399524343 6.3279999999999985 61.0 1489.0 330.0 1097.0 46940.0 
830.0031399524343 6.3279999999999985 64.0 1492.0 330.0 1098.0 46955.0 
832.0031399524343 6.36 67.0 1500.0 332.0 1101.0 47038.0 
834.0031399524343 6.375999999999999 68.0 1506.0 333.0 1104.0 47118.0 
836.0031399524343 6.375999999999999 71.0 1510.0 333.0 1104.0 47118.0 
838.0031399524343 6.399999999999998 71.0 1511.0 334.0 1105.0 47236.0 
840.0031399524343 6.399999999999998 71.0 1515.0 334.0 1109.0 47432.0 
842.0031399524343 6.4079999999999995 69.0 1517.0 335.0 1114.0 47588.0 
844.0031399524343 6.423999999999998 68.0 1518.0 336.0 1116.0 47624.0 
846.0031399524343 6.447999999999997 68.0 1522.0 337.0 1119.0 47865.0 
848.0031399524343 6.488 68.0 1525.0 339.0 1121.0 47920.0 
850.0031399524343 6.512 65.0 1526.0 340.0 1126.0 48115.0 
852.0031399524343 6.512 62.0 1528.0 340.0 1126.0 48115.0 
854.0031399524343 6.520000000000002 63.0 1534.0 341.0 1129.0 48199.0 
856.0031399524343 6.520000000000002 64.0 1537.0 341.0 1133.0 48465.0 
858.0031399524343 6.535999999999999 60.0 1539.0 343.0 1136.0 48746.0 
860.0031399524343 6.552000000000003 61.0 1541.0 344.0 1140.0 48973.0 
862.0031399524343 6.5920000000000005 54.0 1544.0 346.0 1146.0 49218.0 
864.0031399524343 6.616 53.0 1547.0 347.0 1152.0 49460.0 
866.0014612174531 6.616 48.0 1550.0 347.0 1156.0 49540.0 
868.0031399524343 6.624000000000001 50.0 1554.0 348.0 1158.0 49707.0 
870.0031399524343 6.624000000000001 49.0 1559.0 348.0 1162.0 49852.0 
872.0031399524343 6.711999999999998 47.0 1563.0 349.0 1169.0 50030.0 
874.0031399524343 6.711999999999998 50.0 1570.0 349.0 1172.0 50107.0 
876.0031399524343 6.744 49.0 1573.0 350.0 1177.0 50296.0 
878.0031399524343 6.744 48.0 1575.0 350.0 1177.0 50296.0 
880.0031399524343 6.767999999999999 49.0 1578.0 352.0 1180.0 50501.0 
882.0031399524343 6.767999999999999 48.0 1581.0 352.0 1183.0 50651.0 
884.0031399524343 6.767999999999999 48.0 1584.0 352.0 1183.0 50651.0 
886.0031399524343 6.767999999999999 52.0 1590.0 352.0 1186.0 50671.0 
888.0031399524343 6.767999999999999 53.0 1593.0 352.0 1188.0 50773.0 
890.0031399524343 6.783999999999998 53.0 1596.0 353.0 1192.0 50990.0 
892.0031399524343 6.800000000000002 53.0 1600.0 354.0 1196.0 51247.0 
894.0031399524343 6.800000000000002 50.0 1602.0 354.0 1201.0 51439.0 
896.0003330915698 6.800000000000002 48.0 1607.0 354.0 1204.0 51540.0 
898.0031399524343 6.8320000000000025 53.0 1613.0 355.0 1205.0 51559.0 
900.0031399524343 6.848000000000001 50.0 1615.0 356.0 1208.0 51639.0 
#####################################################################
# End of data export. Simulation finished at: 2020-02-25T07:22+0000 #
#####################################################################
