#####################################################################
# Alchemist log file - simulation started at: 2020-01-28T07:21+0000 #
#####################################################################
# seed = 35.0, taskFrequency = 0.01778, cloudcost = 29.0, algorithm = false
#
# The columns have the following meaning: 
# time taskHops[Mean] hasTask[Sum] tasks[Sum] completedTasks[Sum] giveupTasks[Sum] taskLatency[Sum] 
0.0 NaN 0.0 0.0 0.0 0.0 0.0 
2.006530560868382 NaN 4.0 7.0 0.0 0.0 0.0 
4.0065305608683826 NaN 8.0 9.0 0.0 0.0 0.0 
6.0065305608683826 NaN 10.0 11.0 0.0 0.0 0.0 
8.006530560868383 NaN 14.0 14.0 0.0 0.0 0.0 
10.006530560868383 NaN 14.0 15.0 0.0 0.0 0.0 
12.006530560868383 NaN 17.0 17.0 0.0 0.0 0.0 
14.006530560868383 NaN 19.0 21.0 0.0 0.0 0.0 
16.006530560868384 0.0 26.0 27.0 1.0 0.0 15.0 
18.006530560868384 0.0 27.0 29.0 1.0 0.0 15.0 
20.006530560868384 0.0 29.0 30.0 1.0 0.0 15.0 
22.006530560868384 0.0 33.0 36.0 1.0 0.0 15.0 
24.004159236471978 0.0 38.0 39.0 1.0 0.0 15.0 
26.006530560868384 0.0 41.0 42.0 1.0 0.0 15.0 
28.006530560868384 0.0 44.0 46.0 1.0 0.0 15.0 
30.006530560868384 0.0 46.0 47.0 1.0 0.0 15.0 
32.006530560868384 0.0 47.0 50.0 1.0 0.0 15.0 
34.006530560868384 0.0 53.0 55.0 1.0 0.0 15.0 
36.006530560868384 0.0 54.0 55.0 1.0 0.0 15.0 
38.006530560868384 0.0 55.0 57.0 1.0 0.0 15.0 
40.006530560868384 0.0 59.0 61.0 1.0 0.0 15.0 
42.006530560868384 0.0 62.0 65.0 1.0 0.0 15.0 
44.006530560868384 0.0 67.0 68.0 1.0 0.0 15.0 
46.006530560868384 0.0 67.0 69.0 1.0 0.0 15.0 
48.006530560868384 0.0 68.0 71.0 1.0 0.0 15.0 
50.006530560868384 0.0 70.0 71.0 1.0 0.0 15.0 
52.006530560868384 0.0 71.0 73.0 1.0 0.0 15.0 
54.006530560868384 0.0 72.0 75.0 1.0 0.0 15.0 
56.006530560868384 0.0 76.0 77.0 1.0 0.0 15.0 
58.006530560868384 0.0 78.0 79.0 1.0 0.0 15.0 
60.006530560868384 0.0 79.0 80.0 1.0 0.0 15.0 
62.006530560868384 0.0 80.0 82.0 1.0 0.0 15.0 
64.00653056086838 0.0 82.0 83.0 1.0 0.0 15.0 
66.00653056086838 0.0 82.0 83.0 1.0 0.0 15.0 
68.00653056086838 0.0 82.0 83.0 1.0 0.0 15.0 
70.00653056086838 0.0 83.0 85.0 1.0 0.0 15.0 
72.00653056086838 0.0 87.0 88.0 1.0 0.0 15.0 
74.00653056086838 0.0 87.0 88.0 1.0 0.0 15.0 
76.00653056086838 0.0 88.0 89.0 1.0 0.0 15.0 
78.00653056086838 0.0 90.0 92.0 1.0 0.0 15.0 
80.00653056086838 0.0 92.0 94.0 1.0 0.0 15.0 
82.00509865070427 0.0 93.0 95.0 1.0 0.0 15.0 
84.00653056086838 0.0 94.0 96.0 1.0 0.0 15.0 
86.00653056086838 0.0 95.0 96.0 1.0 0.0 15.0 
88.00653056086838 0.0 95.0 96.0 1.0 0.0 15.0 
90.00653056086838 0.0 95.0 97.0 1.0 0.0 15.0 
92.00653056086838 0.0 96.0 98.0 1.0 0.0 15.0 
94.00653056086838 0.0 100.0 101.0 1.0 0.0 15.0 
96.00653056086838 0.0 100.0 101.0 1.0 0.0 15.0 
98.00653056086838 0.0 100.0 101.0 1.0 0.0 15.0 
100.00653056086838 0.0 100.0 101.0 1.0 0.0 15.0 
102.00653056086838 0.0 101.0 103.0 1.0 0.0 15.0 
104.00653056086838 0.0 102.0 104.0 1.0 0.0 15.0 
106.00653056086838 19.333333333333332 101.0 104.0 1.0 2.0 222.0 
108.00653056086838 23.2 100.0 104.0 1.0 4.0 430.0 
110.00653056086838 24.166666666666668 98.0 104.0 1.0 5.0 533.0 
112.00653056086838 24.166666666666668 100.0 106.0 1.0 5.0 533.0 
114.00653056086838 25.375 101.0 109.0 1.0 7.0 739.0 
116.00653056086838 26.363636363636363 99.0 109.0 1.0 10.0 1054.0 
118.00653056086838 27.55 93.0 109.0 1.0 19.0 2004.0 
120.00653056086838 27.681818181818183 90.0 111.0 1.0 21.0 2225.0 
122.00653056086838 27.791666666666668 88.0 111.0 1.0 23.0 2430.0 
124.00653056086838 28.0 85.0 111.0 1.0 28.0 2948.0 
126.00653056086838 28.17142857142857 79.0 112.0 1.0 34.0 3606.0 
128.00653056086838 28.236842105263158 75.0 113.0 1.0 37.0 3912.0 
130.00653056086838 28.29268292682927 76.0 114.0 1.0 40.0 4221.0 
132.00653056086838 28.325581395348838 72.0 114.0 1.0 42.0 4426.0 
134.00653056086838 28.34090909090909 72.0 115.0 1.0 43.0 4529.0 
136.00653056086838 28.42 68.0 116.0 1.0 49.0 5144.0 
138.00653056086838 28.442307692307693 65.0 117.0 1.0 51.0 5369.0 
140.00653056086838 29.0 65.0 118.0 1.0 52.0 5472.0 
142.00653056086838 29.0 64.0 118.0 1.0 54.0 5677.0 
144.00653056086838 29.0 62.0 121.0 1.0 58.0 6120.0 
146.00653056086838 29.0 60.0 122.0 1.0 63.0 6632.0 
148.00653056086838 29.0 59.0 124.0 1.0 63.0 6632.0 
150.00653056086838 29.0 59.0 124.0 1.0 64.0 6735.0 
152.00653056086838 29.0 57.0 124.0 1.0 66.0 6941.0 
154.00653056086838 29.0 59.0 127.0 1.0 67.0 7043.0 
156.00653056086838 29.0 59.0 129.0 1.0 69.0 7279.0 
158.00653056086838 29.0 58.0 130.0 1.0 71.0 7484.0 
160.00653056086838 29.0 57.0 130.0 1.0 73.0 7688.0 
162.00653056086838 29.0 55.0 130.0 1.0 75.0 7898.0 
164.00653056086838 29.0 54.0 130.0 1.0 76.0 8000.0 
166.00653056086838 29.0 53.0 132.0 1.0 78.0 8205.0 
168.00653056086838 29.0 53.0 133.0 1.0 78.0 8205.0 
170.00653056086838 29.0 54.0 134.0 1.0 78.0 8205.0 
172.00653056086838 29.0 54.0 136.0 1.0 79.0 8307.0 
174.00653056086838 29.0 53.0 136.0 1.0 83.0 8716.0 
176.00653056086838 29.0 53.0 137.0 1.0 83.0 8716.0 
178.00653056086838 29.0 53.0 138.0 1.0 84.0 8819.0 
180.00653056086838 29.0 54.0 139.0 1.0 86.0 9023.0 
182.00653056086838 29.0 52.0 141.0 1.0 88.0 9229.0 
184.00653056086838 29.0 51.0 141.0 1.0 89.0 9332.0 
186.00653056086838 29.0 50.0 141.0 1.0 90.0 9435.0 
188.00653056086838 29.0 51.0 145.0 1.0 91.0 9538.0 
190.00653056086838 29.0 53.0 145.0 1.0 91.0 9538.0 
192.00653056086838 29.0 54.0 146.0 1.0 91.0 9538.0 
194.00653056086838 29.0 54.0 146.0 1.0 91.0 9538.0 
196.00653056086838 29.0 54.0 147.0 1.0 95.0 9949.0 
198.00653056086838 29.0 52.0 148.0 1.0 95.0 9949.0 
200.00653056086838 29.0 56.0 152.0 1.0 95.0 9949.0 
202.00415524649233 29.0 56.0 152.0 1.0 95.0 9949.0 
204.00653056086838 29.0 55.0 152.0 1.0 96.0 10051.0 
206.00653056086838 29.0 54.0 154.0 1.0 97.0 10154.0 
208.00653056086838 29.0 55.0 154.0 1.0 98.0 10257.0 
210.00653056086838 29.0 55.0 154.0 1.0 98.0 10257.0 
212.00653056086838 29.0 57.0 156.0 1.0 98.0 10257.0 
214.00653056086838 29.0 57.0 156.0 1.0 100.0 10463.0 
216.00653056086838 29.0 55.0 157.0 1.0 101.0 10565.0 
218.00653056086838 29.284313725490197 55.0 160.0 1.0 103.0 10771.0 
220.00653056086838 29.284313725490197 56.0 161.0 1.0 103.0 10771.0 
222.00653056086838 29.284313725490197 57.0 161.0 1.0 103.0 10771.0 
224.00653056086838 29.568627450980394 56.0 161.0 1.0 104.0 10874.0 
226.00653056086838 29.568627450980394 56.0 161.0 1.0 104.0 10874.0 
228.00653056086838 29.568627450980394 58.0 163.0 1.0 104.0 10874.0 
230.00653056086838 29.844660194174757 57.0 166.0 1.0 106.0 11080.0 
232.00653056086838 29.83653846153846 60.0 168.0 1.0 107.0 11182.0 
234.00653056086838 29.83653846153846 61.0 169.0 1.0 107.0 11182.0 
236.00653056086838 29.82857142857143 60.0 169.0 1.0 108.0 11284.0 
238.00653056086838 30.104761904761904 62.0 171.0 1.0 109.0 11386.0 
240.00653056086838 30.104761904761904 62.0 173.0 1.0 109.0 11386.0 
242.00653056086838 30.38095238095238 63.0 174.0 1.0 110.0 11489.0 
244.00653056086838 30.367924528301888 66.0 178.0 1.0 111.0 11592.0 
246.00653056086838 30.91509433962264 67.0 179.0 1.0 113.0 11797.0 
248.00653056086838 31.16822429906542 63.0 180.0 1.0 115.0 12002.0 
250.00653056086838 31.439252336448597 63.0 180.0 1.0 116.0 12104.0 
252.00653056086838 31.416666666666668 64.0 182.0 1.0 117.0 12207.0 
254.00653056086838 31.416666666666668 65.0 183.0 1.0 117.0 12207.0 
256.0065305608684 31.685185185185183 65.0 183.0 1.0 118.0 12310.0 
258.0065305608684 31.926605504587155 63.0 184.0 2.0 120.0 12527.0 
260.0065305608684 32.19266055045872 65.0 188.0 2.0 121.0 12630.0 
262.0065305608684 32.45871559633027 68.0 193.0 2.0 122.0 12733.0 
264.0065305608684 32.45871559633027 72.0 196.0 2.0 122.0 12733.0 
266.0065305608684 32.45871559633027 73.0 197.0 2.0 122.0 12733.0 
268.0065305608684 32.72477064220183 72.0 197.0 2.0 123.0 12836.0 
270.0065305608684 32.99082568807339 72.0 198.0 2.0 124.0 12939.0 
272.0065305608684 32.95454545454545 72.0 199.0 2.0 125.0 13042.0 
274.0065305608684 32.91891891891892 71.0 199.0 2.0 126.0 13145.0 
276.0065305608684 33.44144144144144 73.0 204.0 2.0 128.0 13351.0 
278.0065305608684 33.7027027027027 75.0 205.0 2.0 129.0 13454.0 
280.0065305608684 33.7027027027027 75.0 206.0 2.0 129.0 13454.0 
282.0065305608684 33.919642857142854 75.0 207.0 2.0 131.0 13659.0 
284.0065305608684 34.17857142857143 74.0 207.0 2.0 132.0 13762.0 
286.0065305608684 34.13274336283186 72.0 207.0 2.0 133.0 13865.0 
288.0065305608684 34.08771929824562 71.0 208.0 2.0 134.0 14033.0 
290.0065305608684 34.59649122807018 72.0 209.0 2.0 136.0 14238.0 
292.0065305608684 34.85087719298246 71.0 210.0 2.0 137.0 14341.0 
294.0065305608684 35.10526315789474 71.0 211.0 2.0 138.0 14443.0 
296.0065305608684 35.10526315789474 71.0 211.0 2.0 138.0 14443.0 
298.0065305608684 35.35964912280702 71.0 211.0 2.0 139.0 14546.0 
300.0065305608684 35.55652173913043 69.0 212.0 2.0 141.0 14907.0 
302.0065305608684 35.94017094017094 70.0 214.0 2.0 145.0 15316.0 
304.0065305608684 35.94017094017094 67.0 214.0 2.0 145.0 15316.0 
306.0065305608684 35.94017094017094 67.0 215.0 2.0 145.0 15316.0 
308.0065305608684 35.94017094017094 69.0 216.0 2.0 145.0 15316.0 
310.0065305608684 36.43589743589744 68.0 217.0 2.0 147.0 15522.0 
312.0065305608684 36.43589743589744 69.0 218.0 2.0 147.0 15522.0 
314.0065305608684 36.93162393162393 71.0 221.0 2.0 149.0 15727.0 
316.0065305608684 36.93162393162393 72.0 223.0 2.0 149.0 15727.0 
318.0065305608684 37.17948717948718 72.0 223.0 2.0 150.0 15829.0 
320.0065305608684 37.675213675213676 71.0 225.0 2.0 152.0 16033.0 
322.0065305608684 37.92307692307692 70.0 226.0 2.0 153.0 16136.0 
324.0065305608684 38.17094017094017 72.0 228.0 2.0 154.0 16239.0 
326.0065305608684 38.17094017094017 72.0 228.0 2.0 154.0 16239.0 
328.0027370902775 38.17094017094017 72.0 231.0 2.0 154.0 16239.0 
330.0065305608684 38.666666666666664 76.0 232.0 2.0 156.0 16445.0 
332.0065305608684 38.666666666666664 77.0 235.0 2.0 156.0 16445.0 
334.0065305608684 39.65811965811966 75.0 237.0 2.0 160.0 16857.0 
336.0065305608684 39.813559322033896 74.0 237.0 2.0 162.0 17063.0 
338.0065305608684 39.813559322033896 73.0 237.0 2.0 162.0 17063.0 
340.0065305608684 40.21008403361345 72.0 237.0 2.0 165.0 17420.0 
342.0065305608684 40.45378151260504 70.0 237.0 2.0 166.0 17522.0 
344.0065305608684 40.94117647058823 69.0 238.0 2.0 168.0 17727.0 
346.0065305608684 41.91596638655462 66.0 239.0 2.0 172.0 18136.0 
348.0065305608684 41.80833333333333 64.0 239.0 2.0 173.0 18393.0 
350.0065305608684 41.80833333333333 64.0 239.0 2.0 173.0 18393.0 
352.0065305608684 42.05 64.0 240.0 2.0 174.0 18496.0 
354.0065305608684 42.291666666666664 63.0 240.0 2.0 175.0 18598.0 
356.0065305608684 42.53333333333333 63.0 240.0 2.0 176.0 18700.0 
358.0065305608684 42.53333333333333 64.0 242.0 2.0 176.0 18700.0 
360.0065305608684 42.775 66.0 244.0 2.0 177.0 18803.0 
362.0065305608684 43.74166666666667 65.0 244.0 2.0 181.0 19212.0 
364.0065305608684 44.708333333333336 61.0 245.0 2.0 185.0 19622.0 
366.0065305608684 45.675 58.0 247.0 2.0 189.0 20032.0 
368.0065305608684 45.916666666666664 58.0 249.0 2.0 190.0 20135.0 
370.0065305608684 45.916666666666664 57.0 250.0 2.0 190.0 20135.0 
372.0065305608684 46.15833333333333 58.0 250.0 2.0 191.0 20238.0 
374.0065305608684 46.4 58.0 252.0 2.0 192.0 20340.0 
376.0065305608684 46.4 58.0 252.0 2.0 192.0 20340.0 
378.0065305608684 47.36666666666667 58.0 253.0 2.0 196.0 20750.0 
380.0065305608684 47.69421487603306 55.0 254.0 2.0 199.0 21183.0 
382.0065305608684 47.93388429752066 55.0 256.0 2.0 200.0 21286.0 
384.0065305608684 48.17355371900827 55.0 258.0 2.0 201.0 21388.0 
386.0065305608684 48.17355371900827 56.0 259.0 2.0 201.0 21388.0 
388.0065305608684 48.17355371900827 56.0 259.0 2.0 201.0 21388.0 
390.0065305608684 48.17355371900827 56.0 259.0 2.0 201.0 21388.0 
392.0065305608684 48.65289256198347 55.0 261.0 2.0 203.0 21593.0 
394.0065305608684 48.892561983471076 56.0 262.0 2.0 204.0 21695.0 
396.0065305608684 49.13223140495868 55.0 262.0 2.0 205.0 21797.0 
398.0065305608684 49.13223140495868 56.0 263.0 2.0 205.0 21797.0 
400.0065305608684 49.13223140495868 58.0 265.0 2.0 205.0 21797.0 
402.0065305608684 49.37190082644628 59.0 266.0 2.0 206.0 21900.0 
404.0065305608684 49.85123966942149 58.0 267.0 2.0 208.0 22105.0 
406.0065305608684 49.85123966942149 58.0 268.0 2.0 208.0 22105.0 
408.0065305608684 49.85123966942149 58.0 268.0 2.0 208.0 22105.0 
410.0065305608684 50.09090909090909 57.0 268.0 2.0 209.0 22208.0 
412.0065305608684 50.33057851239669 58.0 271.0 2.0 210.0 22310.0 
414.0065305608684 50.570247933884296 58.0 271.0 2.0 211.0 22412.0 
416.0065305608684 51.289256198347104 56.0 275.0 2.0 214.0 22719.0 
418.0065305608684 51.768595041322314 58.0 275.0 2.0 216.0 22924.0 
420.0065305608684 51.768595041322314 57.0 275.0 2.0 216.0 22924.0 
422.0065305608684 51.58196721311475 57.0 276.0 2.0 217.0 23026.0 
424.0065305608684 51.81967213114754 56.0 277.0 2.0 218.0 23129.0 
426.0065305608684 52.77049180327869 55.0 278.0 2.0 222.0 23612.0 
428.0065305608684 52.77049180327869 55.0 279.0 2.0 222.0 23612.0 
430.0065305608684 52.77049180327869 57.0 281.0 2.0 222.0 23612.0 
432.0065305608684 53.72950819672131 53.0 281.0 2.0 226.0 24022.0 
434.0065305608684 54.204918032786885 52.0 282.0 2.0 228.0 24226.0 
436.0065305608684 54.442622950819676 54.0 286.0 2.0 229.0 24329.0 
438.0065305608684 54.68032786885246 54.0 286.0 2.0 230.0 24432.0 
440.0065305608684 54.68032786885246 56.0 290.0 2.0 230.0 24432.0 
442.0065305608684 54.68032786885246 59.0 291.0 2.0 230.0 24432.0 
444.0065305608684 54.68032786885246 60.0 293.0 2.0 230.0 24432.0 
446.0065305608684 54.91803278688525 60.0 293.0 2.0 231.0 24534.0 
448.0065305608684 55.15573770491803 61.0 294.0 2.0 232.0 24637.0 
450.0065305608684 55.15573770491803 61.0 295.0 2.0 232.0 24637.0 
452.0065305608684 55.15573770491803 61.0 296.0 2.0 232.0 24637.0 
454.0065305608684 55.39344262295082 62.0 296.0 2.0 233.0 24739.0 
456.0065305608684 55.39344262295082 61.0 296.0 2.0 233.0 24739.0 
458.0065305608684 55.39344262295082 63.0 298.0 2.0 233.0 24739.0 
460.0065305608684 55.868852459016395 61.0 300.0 2.0 235.0 24943.0 
462.0065305608684 56.106557377049185 63.0 300.0 2.0 236.0 25046.0 
464.0065305608684 56.106557377049185 63.0 302.0 2.0 236.0 25046.0 
466.0065305608684 56.34426229508197 65.0 304.0 2.0 237.0 25149.0 
468.0065305608684 56.81967213114754 65.0 306.0 2.0 239.0 25353.0 
470.0065305608684 57.295081967213115 64.0 309.0 2.0 241.0 25557.0 
472.0065305608684 57.295081967213115 66.0 310.0 2.0 241.0 25557.0 
474.0065305608684 57.5327868852459 66.0 311.0 2.0 242.0 25660.0 
476.0065305608684 57.77049180327869 67.0 312.0 2.0 243.0 25762.0 
478.0065305608684 58.00819672131147 67.0 313.0 2.0 244.0 25865.0 
480.0065305608684 58.00819672131147 68.0 315.0 2.0 244.0 25865.0 
482.0065305608684 58.48360655737705 71.0 318.0 2.0 246.0 26070.0 
484.0065305608684 58.721311475409834 69.0 318.0 2.0 247.0 26172.0 
486.0065305608684 59.19672131147541 71.0 321.0 2.0 249.0 26377.0 
488.0065305608684 59.43442622950819 70.0 321.0 2.0 250.0 26480.0 
490.00177143023626 59.43442622950819 69.0 322.0 2.0 250.0 26480.0 
492.0065305608684 59.43442622950819 70.0 322.0 2.0 250.0 26480.0 
494.0065305608684 59.67213114754098 70.0 322.0 2.0 251.0 26583.0 
496.0065305608684 60.147540983606554 68.0 322.0 2.0 253.0 26788.0 
498.0065305608684 60.147540983606554 67.0 324.0 2.0 253.0 26788.0 
500.0065305608684 60.38524590163935 69.0 325.0 2.0 254.0 26890.0 
502.0065305608684 60.86065573770492 71.0 329.0 2.0 256.0 27095.0 
504.0065305608684 61.09836065573771 73.0 331.0 2.0 257.0 27198.0 
506.0065305608684 61.33606557377049 74.0 334.0 2.0 258.0 27300.0 
508.0065305608684 61.57377049180327 73.0 335.0 2.0 259.0 27402.0 
510.0065305608684 61.57377049180327 74.0 335.0 2.0 259.0 27402.0 
512.0065305608684 61.57377049180327 76.0 337.0 2.0 259.0 27402.0 
514.0065305608684 62.049180327868854 77.0 340.0 2.0 261.0 27607.0 
516.0065305608684 62.286885245901644 77.0 341.0 2.0 262.0 27710.0 
518.0065305608684 62.52459016393443 79.0 343.0 2.0 263.0 27813.0 
520.0065305608684 63.0 76.0 343.0 2.0 265.0 28019.0 
522.0065305608684 63.0 76.0 344.0 2.0 265.0 28019.0 
524.0065305608684 63.23770491803279 78.0 345.0 2.0 266.0 28121.0 
526.0065305608684 63.23770491803279 77.0 345.0 2.0 266.0 28121.0 
528.0065305608684 63.47540983606557 76.0 345.0 2.0 267.0 28224.0 
530.0065305608684 63.950819672131146 76.0 346.0 2.0 269.0 28429.0 
532.0065305608684 64.42622950819671 76.0 347.0 2.0 271.0 28634.0 
534.0065305608684 64.42622950819671 74.0 347.0 2.0 271.0 28634.0 
536.0065305608684 64.6639344262295 73.0 347.0 2.0 272.0 28753.0 
538.0065305608684 65.37704918032787 72.0 347.0 2.0 275.0 29061.0 
540.0065305608684 65.85245901639344 69.0 349.0 2.0 277.0 29267.0 
542.005641829688 66.32786885245902 69.0 349.0 2.0 279.0 29472.0 
544.0065305608684 66.80327868852459 69.0 351.0 2.0 281.0 29678.0 
546.0065305608684 67.04098360655738 68.0 353.0 2.0 282.0 29781.0 
548.0065305608684 67.27868852459017 69.0 355.0 2.0 283.0 29884.0 
550.0065305608684 67.51639344262296 71.0 357.0 2.0 284.0 29986.0 
552.0065305608684 67.75409836065573 72.0 360.0 2.0 285.0 30088.0 
554.0065305608684 67.75409836065573 73.0 360.0 2.0 285.0 30088.0 
556.0065305608684 67.99180327868852 74.0 363.0 2.0 286.0 30191.0 
558.0065305608684 67.99180327868852 78.0 366.0 2.0 286.0 30191.0 
560.0065305608684 68.22950819672131 78.0 366.0 2.0 287.0 30293.0 
562.0065305608684 68.22950819672131 77.0 366.0 2.0 287.0 30293.0 
564.0065305608684 68.70491803278688 75.0 366.0 2.0 289.0 30499.0 
566.0065305608684 68.94262295081967 76.0 367.0 2.0 290.0 30601.0 
568.0065305608684 69.41803278688525 74.0 367.0 2.0 292.0 30807.0 
570.0065305608684 69.65573770491804 74.0 370.0 2.0 293.0 30910.0 
572.0065305608684 70.3688524590164 73.0 371.0 2.0 296.0 31218.0 
574.0065305608684 71.08196721311475 71.0 371.0 2.0 299.0 31691.0 
576.0065305608684 71.08196721311475 70.0 372.0 2.0 299.0 31691.0 
578.0065305608684 71.55737704918033 71.0 373.0 2.0 301.0 31896.0 
580.0065305608684 71.79508196721312 71.0 374.0 2.0 302.0 31999.0 
582.0065305608684 72.0327868852459 69.0 374.0 2.0 303.0 32101.0 
584.0065305608684 73.22131147540983 68.0 376.0 2.0 308.0 32621.0 
586.0065305608684 73.22131147540983 67.0 377.0 2.0 308.0 32621.0 
588.0065305608684 73.93442622950819 66.0 378.0 2.0 311.0 32956.0 
590.0065305608684 74.17213114754098 64.0 379.0 2.0 312.0 33059.0 
592.0001394027747 74.17213114754098 66.0 381.0 2.0 312.0 33059.0 
594.0065305608684 74.40983606557377 66.0 381.0 2.0 313.0 33161.0 
596.0065305608684 74.40983606557377 67.0 382.0 2.0 313.0 33161.0 
598.0065305608684 74.40983606557377 70.0 385.0 2.0 313.0 33161.0 
600.0065305608684 74.40983606557377 72.0 387.0 2.0 313.0 33161.0 
602.0065305608684 75.12295081967213 69.0 388.0 2.0 316.0 33469.0 
604.0065305608684 75.21951219512195 70.0 390.0 2.0 319.0 34236.0 
606.0065305608684 76.16260162601625 70.0 393.0 2.0 323.0 34647.0 
608.0065305608684 76.869918699187 69.0 395.0 2.0 326.0 34955.0 
610.0065305608684 76.869918699187 67.0 395.0 2.0 326.0 34955.0 
612.0065305608684 77.10569105691057 67.0 396.0 2.0 327.0 35058.0 
614.0065305608684 77.57723577235772 67.0 396.0 2.0 329.0 35262.0 
616.0065305608684 78.04878048780488 65.0 396.0 2.0 331.0 35467.0 
618.0065305608684 78.52032520325204 63.0 397.0 2.0 333.0 35672.0 
620.0065305608684 78.99186991869918 62.0 399.0 2.0 335.0 35877.0 
622.0065305608684 78.99186991869918 63.0 400.0 2.0 335.0 35877.0 
624.0065305608684 78.99186991869918 65.0 402.0 2.0 335.0 35877.0 
626.0065305608684 79.46341463414635 64.0 402.0 2.0 337.0 36083.0 
628.0038675983005 79.46341463414635 63.0 404.0 2.0 337.0 36083.0 
630.0065305608684 79.46341463414635 65.0 404.0 2.0 337.0 36083.0 
632.0065305608684 79.69918699186992 66.0 405.0 2.0 338.0 36186.0 
634.0065305608684 79.9349593495935 65.0 405.0 2.0 339.0 36288.0 
636.0065305608684 79.9349593495935 66.0 407.0 2.0 339.0 36288.0 
638.0065305608684 79.9349593495935 69.0 411.0 2.0 339.0 36288.0 
640.0065305608684 79.9349593495935 71.0 412.0 2.0 339.0 36288.0 
642.0065305608684 80.17073170731707 71.0 412.0 2.0 340.0 36391.0 
644.0065305608684 80.40650406504065 69.0 412.0 2.0 341.0 36494.0 
646.0065305608684 80.8780487804878 70.0 415.0 2.0 343.0 36699.0 
648.0065305608684 80.8780487804878 70.0 415.0 2.0 343.0 36699.0 
650.0065305608684 81.58536585365854 68.0 415.0 2.0 346.0 37008.0 
652.0065305608684 82.29268292682926 66.0 415.0 2.0 349.0 37317.0 
654.0065305608684 82.52845528455285 63.0 416.0 2.0 350.0 37419.0 
656.0065305608684 83.0 63.0 418.0 2.0 352.0 37625.0 
658.0065305608684 83.47154471544715 64.0 419.0 2.0 354.0 37830.0 
660.0065305608684 84.41463414634146 63.0 420.0 2.0 358.0 38242.0 
662.0065305608684 84.41463414634146 60.0 420.0 2.0 358.0 38242.0 
664.0065305608684 84.41463414634146 62.0 422.0 2.0 358.0 38242.0 
666.0065305608684 84.41463414634146 62.0 422.0 2.0 358.0 38242.0 
668.0065305608684 84.65040650406505 62.0 422.0 2.0 359.0 38344.0 
670.0065305608684 84.65040650406505 62.0 423.0 2.0 359.0 38344.0 
672.0065305608684 85.1219512195122 63.0 424.0 2.0 361.0 38549.0 
674.0065305608684 85.82926829268293 62.0 426.0 2.0 364.0 38989.0 
676.0065305608684 85.82926829268293 62.0 428.0 2.0 364.0 38989.0 
678.0065305608684 85.82926829268293 62.0 428.0 2.0 364.0 38989.0 
680.0065305608684 86.30081300813008 61.0 429.0 2.0 366.0 39194.0 
682.0065305608684 86.53658536585367 62.0 432.0 2.0 367.0 39297.0 
684.0065305608684 86.53658536585367 63.0 432.0 2.0 367.0 39297.0 
686.0065305608684 86.77235772357724 66.0 436.0 2.0 368.0 39399.0 
688.0065305608684 87.00813008130082 65.0 436.0 2.0 369.0 39501.0 
690.0065305608684 87.2439024390244 64.0 436.0 2.0 370.0 39603.0 
692.0065305608684 87.2439024390244 64.0 436.0 2.0 370.0 39603.0 
694.0065305608684 87.71544715447155 64.0 437.0 2.0 372.0 39809.0 
696.0065305608684 87.95121951219512 63.0 438.0 2.0 373.0 39911.0 
698.0065305608684 87.95121951219512 63.0 439.0 2.0 373.0 39911.0 
700.0065305608684 88.65853658536585 65.0 440.0 2.0 376.0 40219.0 
702.0065305608684 89.130081300813 62.0 441.0 2.0 378.0 40425.0 
704.0065305608684 89.130081300813 62.0 442.0 2.0 378.0 40425.0 
706.0065305608684 89.60162601626016 61.0 442.0 2.0 380.0 40630.0 
708.0065305608684 90.3089430894309 61.0 444.0 2.0 383.0 40936.0 
710.0065305608684 90.78048780487805 60.0 446.0 2.0 385.0 41140.0 
712.0065305608684 90.78048780487805 59.0 447.0 2.0 385.0 41140.0 
714.0065305608684 91.01626016260164 59.0 448.0 2.0 386.0 41242.0 
716.0065305608684 91.01626016260164 60.0 448.0 2.0 386.0 41242.0 
718.0065305608684 91.01626016260164 60.0 449.0 2.0 386.0 41242.0 
720.0065305608684 91.2520325203252 61.0 451.0 2.0 387.0 41344.0 
722.0065305608684 91.48780487804878 64.0 453.0 2.0 388.0 41446.0 
724.0065305608684 91.95934959349594 63.0 454.0 2.0 390.0 41652.0 
726.0065305608684 92.4308943089431 64.0 457.0 2.0 392.0 41858.0 
728.0065305608684 92.4308943089431 65.0 459.0 2.0 392.0 41858.0 
730.0065305608684 92.4308943089431 65.0 459.0 2.0 392.0 41858.0 
732.0065305608684 92.90243902439025 65.0 462.0 2.0 394.0 42063.0 
734.0065305608684 93.13821138211382 65.0 463.0 2.0 395.0 42165.0 
736.0065305608684 93.13821138211382 67.0 464.0 2.0 395.0 42165.0 
738.0065305608684 93.60975609756096 67.0 465.0 2.0 397.0 42371.0 
740.0065305608684 94.3170731707317 65.0 466.0 2.0 400.0 42678.0 
742.0065305608684 94.55284552845528 63.0 466.0 2.0 401.0 42781.0 
744.0065305608684 94.78861788617887 63.0 467.0 2.0 402.0 42885.0 
746.0065305608684 94.78861788617887 65.0 469.0 2.0 402.0 42885.0 
748.0065305608684 95.26016260162602 68.0 473.0 2.0 404.0 43376.0 
750.0065305608684 95.73170731707316 67.0 475.0 2.0 406.0 43582.0 
752.0065305608684 95.73170731707316 67.0 477.0 2.0 406.0 43582.0 
754.0065305608684 95.19354838709677 68.0 477.0 2.0 407.0 44327.0 
756.0065305608684 95.19354838709677 69.0 478.0 2.0 407.0 44327.0 
758.0065305608684 95.66129032258065 68.0 480.0 2.0 409.0 44532.0 
760.0065305608684 95.89516129032259 68.0 480.0 2.0 410.0 44635.0 
762.0065305608684 96.59677419354838 67.0 480.0 2.0 413.0 45019.0 
764.0065305608684 96.59677419354838 66.0 481.0 2.0 413.0 45019.0 
766.0065305608684 97.06451612903226 66.0 482.0 2.0 415.0 45224.0 
768.0065305608684 97.06451612903226 65.0 483.0 2.0 415.0 45224.0 
770.0065305608684 97.06451612903226 67.0 484.0 2.0 415.0 45224.0 
772.0065305608684 97.29838709677419 68.0 485.0 2.0 416.0 45327.0 
774.0065305608684 97.53225806451614 67.0 485.0 2.0 417.0 45430.0 
776.0065305608684 98.0 66.0 485.0 2.0 419.0 45635.0 
778.0065305608684 98.70161290322581 65.0 487.0 2.0 422.0 46023.0 
780.0065305608684 98.70161290322581 64.0 488.0 2.0 422.0 46023.0 
782.0065305608684 98.93548387096774 64.0 489.0 2.0 423.0 46125.0 
784.0065305608684 99.16935483870967 64.0 489.0 2.0 424.0 46228.0 
786.0065305608684 99.63709677419355 62.0 490.0 2.0 426.0 46434.0 
788.0065305608684 100.5725806451613 61.0 492.0 2.0 430.0 46843.0 
790.0065305608684 100.5725806451613 63.0 497.0 2.0 430.0 46843.0 
792.0065305608684 100.5725806451613 65.0 497.0 2.0 430.0 46843.0 
794.0065305608684 100.5725806451613 66.0 499.0 2.0 430.0 46843.0 
796.0065305608684 100.80645161290323 69.0 502.0 2.0 431.0 46945.0 
798.0065305608684 101.04032258064515 70.0 503.0 2.0 432.0 47048.0 
800.0065305608684 101.04032258064515 70.0 504.0 2.0 432.0 47048.0 
802.0065305608684 101.50806451612904 70.0 505.0 2.0 434.0 47254.0 
804.0065305608684 101.50806451612904 70.0 507.0 2.0 434.0 47254.0 
806.0065305608684 101.74193548387096 72.0 508.0 2.0 435.0 47356.0 
808.0065305608684 101.74193548387096 71.0 508.0 2.0 435.0 47356.0 
810.0065305608684 101.9758064516129 71.0 510.0 2.0 436.0 47458.0 
812.0065305608684 102.44354838709677 73.0 512.0 2.0 438.0 47664.0 
814.0065305608684 102.6774193548387 72.0 513.0 2.0 439.0 47767.0 
816.0065305608684 102.91129032258065 72.0 514.0 2.0 440.0 47870.0 
818.0065305608684 103.14516129032259 71.0 514.0 2.0 441.0 47973.0 
820.0042411356644 103.14516129032259 71.0 515.0 2.0 441.0 47973.0 
822.0065305608684 103.61290322580645 71.0 516.0 2.0 443.0 48179.0 
824.0065305608684 103.84677419354838 70.0 516.0 2.0 444.0 48282.0 
826.0065305608684 103.84677419354838 71.0 518.0 2.0 444.0 48282.0 
828.0065305608684 104.31451612903226 72.0 519.0 2.0 446.0 48486.0 
830.0065305608684 105.01612903225806 69.0 519.0 2.0 449.0 48794.0 
832.0065305608684 105.01612903225806 68.0 520.0 2.0 449.0 48794.0 
834.0065305608684 105.48387096774194 69.0 521.0 2.0 451.0 48998.0 
836.0065305608684 105.71774193548386 68.0 522.0 2.0 452.0 49101.0 
838.0065305608684 106.18548387096774 67.0 522.0 2.0 454.0 49307.0 
840.0065305608684 106.41935483870967 66.0 522.0 2.0 455.0 49409.0 
842.0065305608684 106.65322580645162 66.0 523.0 2.0 456.0 49511.0 
844.0065305608684 106.88709677419355 64.0 523.0 2.0 457.0 49633.0 
846.0065305608684 107.12096774193549 65.0 524.0 2.0 458.0 49735.0 
848.0065305608684 107.58870967741935 65.0 525.0 2.0 460.0 49939.0 
850.0065305608684 108.5241935483871 63.0 526.0 2.0 464.0 50350.0 
852.0065305608684 108.99193548387096 61.0 527.0 2.0 466.0 50554.0 
854.0065305608684 108.99193548387096 59.0 528.0 2.0 466.0 50554.0 
856.0065305608684 109.46774193548387 58.0 528.0 2.0 468.0 50760.0 
858.0065305608684 109.70161290322581 59.0 529.0 2.0 469.0 50863.0 
860.0065305608684 109.93548387096774 58.0 530.0 2.0 470.0 50965.0 
862.0065305608684 110.16935483870967 57.0 531.0 2.0 471.0 51068.0 
864.0065305608684 110.16935483870967 61.0 535.0 2.0 471.0 51068.0 
866.0065305608684 110.40322580645162 65.0 538.0 2.0 472.0 51171.0 
868.0065305608684 110.63709677419355 64.0 538.0 2.0 473.0 51274.0 
870.0065305608684 110.63709677419355 64.0 539.0 2.0 473.0 51274.0 
872.0065305608684 111.10483870967741 63.0 540.0 2.0 475.0 51479.0 
874.0065305608684 111.33870967741935 65.0 542.0 2.0 476.0 51582.0 
876.0065305608684 111.33870967741935 64.0 542.0 2.0 476.0 51582.0 
878.0065305608684 111.33870967741935 66.0 544.0 2.0 476.0 51582.0 
880.0065305608684 112.04032258064515 65.0 544.0 2.0 479.0 51945.0 
882.0065305608684 112.2741935483871 63.0 544.0 2.0 480.0 52047.0 
884.0065305608684 112.50806451612904 62.0 545.0 2.0 481.0 52150.0 
886.0065305608684 112.50806451612904 64.0 548.0 2.0 481.0 52150.0 
888.0065305608684 112.74193548387096 66.0 549.0 2.0 482.0 52315.0 
890.0065305608684 112.9758064516129 64.0 549.0 2.0 483.0 52417.0 
892.0065305608684 113.91129032258065 64.0 551.0 2.0 487.0 52827.0 
894.0065305608684 114.37903225806451 62.0 554.0 2.0 489.0 53033.0 
896.0065305608684 114.61290322580645 63.0 554.0 2.0 490.0 53135.0 
898.0065305608684 115.54838709677419 62.0 557.0 2.0 494.0 53735.0 
900.0065305608684 115.78225806451614 60.0 559.0 3.0 495.0 53849.0 
#####################################################################
# End of data export. Simulation finished at: 2020-01-28T07:24+0000 #
#####################################################################
