#####################################################################
# Alchemist log file - simulation started at: 2020-02-25T06:01+0000 #
#####################################################################
# seed = 83.0, taskFrequency = 0.04217, cloudcost = 3.0, algorithm = false
#
# The columns have the following meaning: 
# time taskHops[Mean] hasTask[Sum] tasks[Sum] completedTasks[Sum] giveupTasks[Sum] taskLatency[Sum] 
0.0 NaN 0.0 0.0 0.0 0.0 0.0 
2.0031399524342426 NaN 8.0 9.0 0.0 0.0 0.0 
4.003139952434243 NaN 13.0 14.0 0.0 0.0 0.0 
6.0029787056848125 NaN 21.0 21.0 0.0 0.0 0.0 
8.003139952434243 NaN 25.0 25.0 0.0 0.0 0.0 
10.003139952434243 NaN 33.0 38.0 0.0 0.0 0.0 
12.003139952434243 0.0 44.0 44.0 1.0 0.0 11.0 
14.003139952434243 0.0 51.0 53.0 1.0 0.0 11.0 
16.003139952434243 0.0 57.0 60.0 1.0 0.0 11.0 
18.003139952434243 0.0 65.0 68.0 1.0 0.0 11.0 
20.003139952434243 0.0 70.0 71.0 1.0 0.0 11.0 
22.003139952434243 0.0 74.0 76.0 1.0 0.0 11.0 
24.003139952434243 0.0 78.0 79.0 1.0 0.0 11.0 
26.003139952434243 0.0 80.0 82.0 1.0 0.0 11.0 
28.003139952434243 0.0 84.0 85.0 1.0 0.0 11.0 
30.003139952434243 0.0 85.0 87.0 1.0 0.0 11.0 
32.00313995243424 0.0 88.0 89.0 1.0 0.0 11.0 
34.00313995243424 0.0 91.0 93.0 1.0 0.0 11.0 
36.00313995243424 0.0 93.0 94.0 1.0 0.0 11.0 
38.00313995243424 0.0 94.0 95.0 1.0 0.0 11.0 
40.00313995243424 0.0 95.0 96.0 1.0 0.0 11.0 
42.00313995243424 0.0 96.0 97.0 1.0 0.0 11.0 
44.00313995243424 0.0 98.0 99.0 1.0 0.0 11.0 
46.00313995243424 0.0 98.0 101.0 1.0 0.0 11.0 
48.00313995243424 0.0 100.0 101.0 1.0 0.0 11.0 
50.00313995243424 0.0 101.0 102.0 1.0 0.0 11.0 
52.00313995243424 0.0 102.0 103.0 1.0 0.0 11.0 
54.00313995243424 0.0 104.0 105.0 1.0 0.0 11.0 
56.00313995243424 0.0 104.0 107.0 1.0 0.0 11.0 
58.00313995243424 0.0 106.0 107.0 1.0 0.0 11.0 
60.00313995243424 0.0 106.0 107.0 1.0 0.0 11.0 
62.00313995243424 0.0 106.0 107.0 1.0 0.0 11.0 
64.00313995243424 0.0 108.0 109.0 1.0 0.0 11.0 
66.00313995243424 0.0 108.0 109.0 1.0 0.0 11.0 
68.00313995243424 0.0 110.0 111.0 1.0 0.0 11.0 
70.00313995243424 0.0 110.0 111.0 1.0 0.0 11.0 
72.00313995243424 0.0 111.0 112.0 1.0 0.0 11.0 
74.00313995243424 0.0 113.0 114.0 1.0 0.0 11.0 
76.00313995243424 0.0 113.0 115.0 1.0 0.0 11.0 
78.00313995243424 0.0 115.0 116.0 1.0 0.0 11.0 
80.00313995243424 0.0 117.0 118.0 1.0 0.0 11.0 
82.00313995243424 0.0 117.0 119.0 1.0 0.0 11.0 
84.00313995243424 0.0 119.0 120.0 1.0 0.0 11.0 
86.00313995243424 0.0 119.0 120.0 1.0 0.0 11.0 
88.00313995243424 0.0 119.0 121.0 1.0 0.0 11.0 
90.00313995243424 0.0 120.0 121.0 1.0 0.0 11.0 
92.00313995243424 0.0 120.0 121.0 1.0 0.0 11.0 
94.00313995243424 0.0 120.0 121.0 1.0 0.0 11.0 
96.00313995243424 0.0 122.0 123.0 1.0 0.0 11.0 
98.00313995243424 0.0 122.0 123.0 1.0 0.0 11.0 
100.00313995243424 0.0 122.0 123.0 1.0 0.0 11.0 
102.00313995243424 0.0 122.0 123.0 1.0 0.0 11.0 
104.00313995243424 2.4 122.0 123.0 1.0 4.0 420.0 
106.00313995243424 2.727272727272727 114.0 123.0 1.0 10.0 1037.0 
108.00313995243424 2.823529411764706 110.0 123.0 1.0 16.0 1656.0 
110.00313995243424 2.8421052631578947 106.0 123.0 1.0 18.0 1861.0 
112.00313995243424 2.8846153846153846 101.0 124.0 1.0 25.0 2575.0 
114.00313995243424 2.918918918918919 89.0 124.0 1.0 36.0 3703.0 
116.00313995243424 2.979591836734694 84.0 126.0 1.0 48.0 4956.0 
118.00313995243424 2.981818181818182 76.0 126.0 1.0 54.0 5571.0 
120.00313995243424 2.984126984126984 66.0 126.0 1.0 62.0 6390.0 
122.00313995243424 2.985294117647059 61.0 127.0 1.0 67.0 6903.0 
124.00313995243424 2.9859154929577465 60.0 128.0 1.0 70.0 7211.0 
126.00313995243424 2.986666666666667 58.0 131.0 1.0 74.0 7621.0 
128.00313995243425 2.987012987012987 56.0 131.0 1.0 76.0 7827.0 
130.00313995243425 2.9876543209876543 53.0 132.0 1.0 80.0 8236.0 
132.00313995243425 2.9878048780487805 54.0 136.0 1.0 81.0 8338.0 
134.00313995243425 2.988095238095238 55.0 140.0 1.0 83.0 8543.0 
136.00313995243425 2.9885057471264367 55.0 141.0 1.0 86.0 8850.0 
138.00313995243425 2.9887640449438204 54.0 144.0 1.0 88.0 9055.0 
140.00313995243425 2.988888888888889 57.0 147.0 1.0 89.0 9158.0 
142.00313995243425 2.989010989010989 59.0 150.0 1.0 90.0 9260.0 
144.00313995243425 2.989130434782609 60.0 151.0 1.0 91.0 9362.0 
146.00313995243425 2.9893617021276597 59.0 152.0 1.0 93.0 9566.0 
148.00313995243425 2.9893617021276597 61.0 157.0 1.0 93.0 9566.0 
150.00313995243425 2.9895833333333335 62.0 158.0 1.0 95.0 9772.0 
152.00313995243425 2.9896907216494846 63.0 159.0 1.0 96.0 9875.0 
154.00313995243425 2.989795918367347 63.0 160.0 1.0 97.0 9978.0 
156.00313995243425 2.99 65.0 165.0 1.0 99.0 10183.0 
158.0024340786992 2.99 65.0 165.0 1.0 99.0 10183.0 
160.00313995243425 2.9901960784313726 66.0 169.0 1.0 101.0 10389.0 
162.00313995243425 2.9901960784313726 66.0 169.0 2.0 101.0 10402.0 
164.00313995243425 2.9901960784313726 68.0 171.0 2.0 101.0 10402.0 
166.00313995243425 2.9903846153846154 73.0 177.0 2.0 103.0 10607.0 
168.00313995243425 2.9903846153846154 75.0 180.0 2.0 103.0 10607.0 
170.00313995243425 2.990566037735849 76.0 183.0 2.0 105.0 10811.0 
172.00313995243425 2.990566037735849 79.0 188.0 2.0 105.0 10811.0 
174.00313995243425 2.9906542056074765 80.0 189.0 2.0 106.0 10913.0 
176.00313995243425 2.9906542056074765 81.0 189.0 2.0 106.0 10913.0 
178.00313995243425 2.9906542056074765 83.0 191.0 2.0 106.0 10913.0 
180.00313995243425 3.0185185185185186 84.0 193.0 2.0 108.0 11118.0 
182.00313995243425 3.018181818181818 82.0 194.0 2.0 110.0 11323.0 
184.00313995243425 3.018181818181818 82.0 196.0 2.0 110.0 11323.0 
186.00313995243425 3.017857142857143 85.0 199.0 2.0 112.0 11529.0 
188.00313995243425 3.017857142857143 86.0 200.0 2.0 112.0 11529.0 
190.00313995243425 3.017857142857143 87.0 201.0 2.0 112.0 11529.0 
192.00313995243425 3.017699115044248 87.0 202.0 2.0 113.0 11632.0 
194.00313995243425 3.017699115044248 89.0 206.0 2.0 113.0 11632.0 
196.00313995243425 3.017699115044248 97.0 212.0 2.0 113.0 11632.0 
198.00313995243425 3.017391304347826 96.0 213.0 2.0 115.0 11837.0 
200.00313995243425 3.017391304347826 97.0 214.0 2.0 115.0 11837.0 
202.00313995243425 3.017391304347826 97.0 214.0 2.0 115.0 11837.0 
204.00313995243425 3.017391304347826 97.0 214.0 2.0 115.0 11837.0 
206.00313995243425 3.017391304347826 98.0 216.0 2.0 115.0 11837.0 
208.00313995243425 3.017391304347826 100.0 217.0 2.0 115.0 11837.0 
210.00163187751593 3.017391304347826 100.0 217.0 2.0 115.0 11837.0 
212.00313995243425 3.017391304347826 101.0 219.0 3.0 115.0 11849.0 
214.00313995243425 3.0172413793103448 101.0 220.0 3.0 116.0 11951.0 
216.00313995243425 3.0172413793103448 102.0 221.0 3.0 116.0 11951.0 
218.00313995243425 3.0689655172413794 101.0 222.0 3.0 118.0 12155.0 
220.00313995243425 3.0689655172413794 102.0 223.0 3.0 118.0 12155.0 
222.00313995243425 3.0689655172413794 102.0 223.0 3.0 118.0 12155.0 
224.00313995243425 3.0948275862068964 102.0 224.0 3.0 119.0 12257.0 
226.00313995243425 3.1196581196581197 104.0 227.0 3.0 121.0 12511.0 
228.00313995243425 3.1965811965811968 101.0 228.0 3.0 124.0 12817.0 
230.00313995243425 3.194915254237288 101.0 229.0 3.0 125.0 12974.0 
232.00313995243425 3.2203389830508473 100.0 229.0 3.0 126.0 13076.0 
234.00313995243425 3.2966101694915255 100.0 229.0 3.0 129.0 13383.0 
236.00313995243425 3.3983050847457625 98.0 231.0 3.0 133.0 13795.0 
238.00313995243425 3.4491525423728815 94.0 232.0 3.0 135.0 14001.0 
240.00313995243425 3.4491525423728815 94.0 233.0 3.0 135.0 14001.0 
242.00313995243425 3.5210084033613445 93.0 235.0 3.0 139.0 14411.0 
244.00313995243425 3.566666666666667 91.0 236.0 3.0 142.0 14718.0 
246.00313995243425 3.6166666666666663 92.0 238.0 3.0 144.0 14923.0 
248.00313995243425 3.641666666666667 90.0 239.0 3.0 145.0 15025.0 
250.00313995243425 3.716666666666667 91.0 240.0 3.0 148.0 15332.0 
252.00313995243425 3.7416666666666663 90.0 241.0 3.0 149.0 15434.0 
254.00313995243425 3.766666666666667 89.0 241.0 3.0 150.0 15536.0 
256.00313995243425 3.791666666666667 89.0 242.0 3.0 151.0 15639.0 
258.00313995243425 3.891666666666667 88.0 243.0 3.0 155.0 16048.0 
260.00313995243425 3.916666666666667 85.0 244.0 3.0 156.0 16151.0 
262.00313995243425 3.9916666666666667 86.0 246.0 3.0 159.0 16458.0 
264.00313995243425 4.016666666666667 86.0 249.0 3.0 160.0 16561.0 
266.00313995243425 4.066666666666666 86.0 250.0 3.0 162.0 16766.0 
268.00313995243425 4.191666666666666 84.0 252.0 3.0 167.0 17277.0 
270.00313995243425 4.291666666666666 81.0 252.0 3.0 171.0 17686.0 
272.00313995243425 4.341666666666667 78.0 253.0 3.0 173.0 17890.0 
274.00313995243425 4.441666666666666 76.0 254.0 3.0 177.0 18301.0 
276.00313995243425 4.525 73.0 256.0 3.0 180.0 18645.0 
278.00313995243425 4.55 75.0 260.0 3.0 181.0 18748.0 
280.00313995243425 4.6 76.0 263.0 4.0 183.0 18964.0 
282.00313995243425 4.65 76.0 264.0 4.0 185.0 19169.0 
284.00313995243425 4.65 76.0 265.0 4.0 185.0 19169.0 
286.00313995243425 4.675 76.0 266.0 4.0 186.0 19272.0 
288.00313995243425 4.775 75.0 267.0 4.0 190.0 19682.0 
290.00313995243425 4.825 73.0 269.0 4.0 192.0 19887.0 
292.00313995243425 4.85 74.0 270.0 4.0 193.0 19990.0 
294.00313995243425 4.875 75.0 272.0 4.0 194.0 20093.0 
296.00313995243425 4.925 74.0 273.0 4.0 196.0 20297.0 
298.00313995243425 5.1 72.0 276.0 4.0 203.0 21013.0 
300.00313995243425 5.1 70.0 277.0 4.0 203.0 21013.0 
302.00313995243425 5.125 71.0 280.0 4.0 204.0 21116.0 
304.00313995243425 5.125 73.0 282.0 4.0 204.0 21116.0 
306.00313995243425 5.125 74.0 284.0 4.0 204.0 21116.0 
308.00313995243425 5.15 77.0 286.0 4.0 205.0 21218.0 
310.00313995243425 5.2 76.0 287.0 4.0 207.0 21423.0 
312.00313995243425 5.2 77.0 289.0 4.0 207.0 21423.0 
314.00313995243425 5.225 82.0 293.0 4.0 208.0 21526.0 
316.00313995243425 5.275 82.0 295.0 4.0 210.0 21731.0 
318.00313995243425 5.3 82.0 297.0 4.0 211.0 21833.0 
320.00313995243425 5.3 83.0 298.0 4.0 211.0 21833.0 
322.00313995243425 5.35 84.0 300.0 4.0 213.0 22039.0 
324.00313995243425 5.35 86.0 303.0 4.0 213.0 22039.0 
326.00313995243425 5.355371900826446 86.0 304.0 4.0 215.0 22462.0 
328.00313995243425 5.429752066115702 88.0 307.0 4.0 218.0 22769.0 
330.00313995243425 5.429752066115702 86.0 308.0 4.0 218.0 22769.0 
332.00313995243425 5.454545454545455 86.0 309.0 4.0 219.0 22872.0 
334.00313995243425 5.454545454545455 87.0 310.0 4.0 219.0 22872.0 
336.00313995243425 5.454545454545455 88.0 311.0 4.0 219.0 22872.0 
338.00313995243425 5.5041322314049586 89.0 312.0 4.0 221.0 23077.0 
340.00313995243425 5.5041322314049586 89.0 315.0 4.0 221.0 23077.0 
342.00313995243425 5.528925619834711 92.0 319.0 4.0 222.0 23180.0 
344.00313995243425 5.60655737704918 91.0 320.0 4.0 227.0 23995.0 
346.00313995243425 5.631147540983607 89.0 320.0 4.0 228.0 24097.0 
348.00313995243425 5.680327868852459 89.0 322.0 4.0 230.0 24301.0 
350.00313995243425 5.680327868852459 91.0 325.0 4.0 230.0 24301.0 
352.00313995243425 5.729508196721311 94.0 329.0 4.0 232.0 24506.0 
354.00313995243425 5.754098360655737 93.0 330.0 4.0 233.0 24609.0 
356.00313995243425 5.754098360655737 94.0 331.0 4.0 233.0 24609.0 
358.00313995243425 5.754098360655737 95.0 332.0 4.0 233.0 24609.0 
360.00313995243425 5.778688524590164 94.0 332.0 4.0 234.0 24711.0 
362.00313995243425 5.80327868852459 97.0 335.0 4.0 235.0 24814.0 
364.00313995243425 5.852459016393443 96.0 337.0 4.0 237.0 25018.0 
366.00313995243425 5.926229508196721 98.0 341.0 4.0 240.0 25324.0 
368.00313995243425 5.926229508196721 100.0 344.0 4.0 240.0 25324.0 
370.00313995243425 5.975409836065574 100.0 346.0 4.0 242.0 25530.0 
372.00313995243425 5.975409836065574 100.0 346.0 4.0 242.0 25530.0 
374.00313995243425 6.0 101.0 348.0 4.0 243.0 25632.0 
376.00313995243425 6.024590163934426 102.0 349.0 4.0 244.0 25734.0 
378.00313995243425 6.098360655737705 102.0 352.0 4.0 247.0 26085.0 
380.00313995243425 6.172131147540983 101.0 353.0 4.0 250.0 26393.0 
382.00313995243425 6.270491803278689 96.0 353.0 4.0 254.0 26803.0 
384.00313995243425 6.2682926829268295 95.0 353.0 4.0 256.0 27288.0 
386.00313995243425 6.2926829268292686 93.0 353.0 4.0 257.0 27390.0 
388.00313995243425 6.317073170731708 93.0 354.0 4.0 258.0 27492.0 
390.00313995243425 6.341463414634147 92.0 354.0 4.0 259.0 27594.0 
392.00313995243425 6.365853658536586 92.0 355.0 4.0 260.0 27697.0 
394.00313995243425 6.414634146341464 91.0 356.0 4.0 262.0 27902.0 
396.00313995243425 6.463414634146342 90.0 356.0 4.0 264.0 28107.0 
398.00313995243425 6.487804878048781 89.0 358.0 4.0 265.0 28210.0 
400.00313995243425 6.560975609756097 89.0 360.0 4.0 268.0 28518.0 
402.00313995243425 6.560975609756097 89.0 361.0 4.0 268.0 28518.0 
404.00313995243425 6.609756097560975 87.0 362.0 4.0 270.0 28722.0 
406.00313995243425 6.658536585365853 87.0 364.0 4.0 272.0 28927.0 
408.00313995243425 6.682926829268292 88.0 365.0 4.0 273.0 29030.0 
410.00313995243425 6.7560975609756095 86.0 365.0 4.0 276.0 29338.0 
412.00313995243425 6.804878048780488 85.0 366.0 4.0 278.0 29544.0 
414.00313995243425 6.829268292682927 85.0 367.0 4.0 279.0 29646.0 
416.00313995243425 6.951219512195122 83.0 369.0 4.0 284.0 30160.0 
418.00313995243425 7.0 81.0 371.0 4.0 286.0 30364.0 
420.00313995243425 7.048780487804878 82.0 372.0 4.0 288.0 30568.0 
422.00313995243425 7.073170731707316 82.0 374.0 4.0 289.0 30671.0 
424.00313995243425 7.121951219512195 81.0 375.0 4.0 291.0 30875.0 
426.00313995243425 7.195121951219512 78.0 375.0 4.0 294.0 31182.0 
428.00313995243425 7.195121951219512 77.0 375.0 4.0 294.0 31182.0 
430.00313995243425 7.2926829268292686 77.0 380.0 4.0 298.0 31592.0 
432.00313995243425 7.317073170731708 80.0 382.0 4.0 299.0 31694.0 
434.00313995243425 7.341463414634147 80.0 385.0 4.0 300.0 31796.0 
436.00313995243425 7.365853658536585 81.0 386.0 4.0 301.0 31898.0 
438.00313995243425 7.390243902439025 81.0 386.0 4.0 302.0 32000.0 
440.00313995243425 7.414634146341464 81.0 390.0 4.0 303.0 32102.0 
442.00313995243425 7.463414634146341 84.0 394.0 4.0 305.0 32306.0 
444.00313995243425 7.560975609756097 83.0 395.0 4.0 309.0 32716.0 
446.00313995243425 7.609756097560975 83.0 397.0 4.0 311.0 32922.0 
448.00313995243425 7.609756097560975 86.0 401.0 4.0 311.0 32922.0 
450.00313995243425 7.634146341463415 86.0 403.0 4.0 312.0 33025.0 
452.00313995243425 7.7073170731707314 88.0 406.0 4.0 315.0 33333.0 
454.00313995243425 7.804878048780488 90.0 410.0 4.0 319.0 33742.0 
456.00313995243425 7.804878048780488 87.0 410.0 4.0 319.0 33742.0 
458.00313995243425 7.853658536585367 86.0 410.0 4.0 321.0 33947.0 
460.00313995243425 7.878048780487805 85.0 410.0 4.0 322.0 34049.0 
462.0028401989173 7.878048780487805 85.0 411.0 4.0 322.0 34049.0 
464.00313995243425 7.951219512195121 86.0 412.0 4.0 325.0 34355.0 
466.00313995243425 8.0 84.0 413.0 4.0 327.0 34560.0 
468.00097653358534 8.073170731707318 82.0 414.0 4.0 330.0 34868.0 
470.00313995243425 8.146341463414632 80.0 415.0 4.0 333.0 35175.0 
472.00313995243425 8.195121951219512 79.0 416.0 4.0 335.0 35384.0 
474.00313995243425 8.21951219512195 78.0 418.0 4.0 336.0 35487.0 
476.00313995243425 8.24390243902439 79.0 420.0 4.0 337.0 35589.0 
478.00306020887524 8.292682926829269 77.0 421.0 4.0 339.0 35794.0 
480.00313995243425 8.365853658536585 78.0 424.0 4.0 342.0 36100.0 
482.00313995243425 8.365853658536585 79.0 425.0 4.0 342.0 36100.0 
484.00313995243425 8.390243902439025 79.0 426.0 4.0 343.0 36203.0 
486.00313995243425 8.390243902439025 80.0 429.0 4.0 343.0 36203.0 
488.00313995243425 8.390243902439025 84.0 431.0 4.0 343.0 36203.0 
490.00313995243425 8.414634146341463 84.0 432.0 4.0 344.0 36306.0 
492.00313995243425 8.414634146341463 87.0 436.0 4.0 344.0 36306.0 
494.00313995243425 8.439024390243903 94.0 443.0 4.0 345.0 36408.0 
496.00313995243425 8.463414634146343 94.0 444.0 4.0 346.0 36510.0 
498.00313995243425 8.463414634146343 95.0 446.0 4.0 346.0 36510.0 
500.00313995243425 8.463414634146343 98.0 449.0 4.0 346.0 36510.0 
502.00313995243425 8.512195121951219 99.0 450.0 4.0 348.0 36715.0 
504.00313995243425 8.560975609756097 97.0 451.0 4.0 350.0 36921.0 
506.00313995243425 8.560975609756097 98.0 452.0 4.0 350.0 36921.0 
508.00313995243425 8.585365853658537 98.0 453.0 4.0 351.0 37024.0 
510.00313995243425 8.658536585365855 96.0 453.0 4.0 354.0 37333.0 
512.0031399524343 8.682926829268293 95.0 454.0 4.0 355.0 37649.0 
514.0008485432315 8.707317073170731 98.0 457.0 4.0 356.0 37751.0 
516.0031399524343 8.73170731707317 97.0 457.0 4.0 357.0 37853.0 
518.0031399524343 8.73170731707317 99.0 460.0 4.0 357.0 37853.0 
520.0031399524343 8.78048780487805 101.0 464.0 4.0 359.0 38059.0 
522.0031399524343 8.853658536585368 99.0 465.0 4.0 362.0 38367.0 
524.0031399524343 8.902439024390244 98.0 465.0 4.0 364.0 38572.0 
526.0031399524343 8.926829268292682 96.0 468.0 4.0 365.0 38674.0 
528.0031399524343 8.926829268292682 99.0 468.0 4.0 365.0 38674.0 
530.0031399524343 8.926829268292682 101.0 472.0 4.0 365.0 38674.0 
532.0031399524343 9.0 102.0 475.0 4.0 368.0 38981.0 
534.0031399524343 9.097560975609756 105.0 478.0 4.0 372.0 39524.0 
536.0031399524343 9.146341463414632 101.0 479.0 4.0 374.0 39728.0 
538.0031399524343 9.170731707317072 101.0 480.0 4.0 375.0 39831.0 
540.0031399524343 9.170731707317072 102.0 481.0 4.0 375.0 39831.0 
542.0031399524343 9.21951219512195 103.0 483.0 4.0 377.0 40035.0 
544.0031399524343 9.341463414634145 100.0 483.0 4.0 382.0 40547.0 
546.0031399524343 9.390243902439025 96.0 483.0 4.0 384.0 40753.0 
548.0031399524343 9.414634146341463 95.0 483.0 4.0 385.0 40856.0 
550.0031399524343 9.512195121951219 93.0 485.0 4.0 389.0 41265.0 
552.0031399524343 9.512195121951219 92.0 486.0 4.0 389.0 41265.0 
554.0031399524343 9.609756097560975 90.0 488.0 4.0 393.0 41675.0 
556.0031399524343 9.73170731707317 87.0 488.0 4.0 398.0 42186.0 
558.0031399524343 9.73170731707317 88.0 490.0 4.0 398.0 42186.0 
560.0031399524343 9.73170731707317 88.0 490.0 4.0 398.0 42186.0 
562.0031399524343 9.73170731707317 89.0 491.0 4.0 398.0 42186.0 
564.0031399524343 9.75609756097561 91.0 493.0 4.0 399.0 42288.0 
566.0031399524343 9.78048780487805 90.0 494.0 4.0 400.0 42390.0 
568.0031399524343 9.804878048780488 92.0 499.0 4.0 401.0 42492.0 
570.0031399524343 9.829268292682928 95.0 500.0 4.0 402.0 42594.0 
572.0031399524343 9.853658536585368 97.0 506.0 4.0 403.0 42697.0 
574.0031399524343 9.878048780487806 101.0 508.0 4.0 404.0 42799.0 
576.0031399524343 9.926829268292682 99.0 508.0 4.0 406.0 43004.0 
578.0031399524343 9.975609756097562 98.0 510.0 4.0 408.0 43208.0 
580.0031399524343 9.919354838709676 100.0 513.0 4.0 409.0 43767.0 
582.0031399524343 9.991935483870968 98.0 513.0 4.0 412.0 44073.0 
584.0031399524343 10.040322580645162 96.0 514.0 4.0 414.0 44278.0 
586.0031399524343 10.06451612903226 97.0 517.0 4.0 415.0 44380.0 
588.0031399524343 10.088709677419356 97.0 518.0 4.0 416.0 44482.0 
590.0031399524343 10.209677419354838 96.0 518.0 4.0 421.0 45228.0 
592.0031399524343 10.209677419354838 95.0 520.0 4.0 421.0 45228.0 
594.0031399524343 10.28225806451613 92.0 521.0 4.0 424.0 45534.0 
596.0031399524343 10.451612903225806 92.0 522.0 4.0 431.0 46251.0 
598.0031399524343 10.5 87.0 524.0 4.0 433.0 46456.0 
600.0031399524343 10.548387096774194 89.0 526.0 4.0 435.0 46669.0 
602.0031399524343 10.620967741935482 87.0 527.0 4.0 438.0 46978.0 
604.0031399524343 10.669354838709676 84.0 529.0 4.0 440.0 47183.0 
606.0031399524343 10.669354838709676 87.0 531.0 4.0 440.0 47183.0 
608.0031399524343 10.71774193548387 87.0 533.0 4.0 442.0 47388.0 
610.0031399524343 10.741935483870968 87.0 533.0 4.0 443.0 47491.0 
612.0031399524343 10.741935483870968 86.0 533.0 4.0 443.0 47491.0 
614.0031399524343 10.766129032258064 87.0 535.0 4.0 444.0 47593.0 
616.0031399524343 10.838709677419356 90.0 538.0 4.0 447.0 47901.0 
618.0031399524343 10.838709677419356 88.0 539.0 4.0 447.0 47901.0 
620.0031399524343 10.887096774193546 88.0 540.0 4.0 449.0 48106.0 
622.0031399524343 10.983870967741936 87.0 542.0 4.0 453.0 48517.0 
624.0031399524343 11.008064516129032 85.0 543.0 4.0 454.0 48620.0 
626.0031399524343 11.008064516129032 86.0 545.0 4.0 454.0 48620.0 
628.0031399524343 11.008064516129032 88.0 546.0 4.0 454.0 48620.0 
630.0031399524343 11.080645161290324 85.0 547.0 4.0 457.0 48929.0 
632.0031399524343 11.129032258064518 88.0 550.0 4.0 459.0 49134.0 
634.0031399524343 11.225806451612904 85.0 551.0 4.0 463.0 49545.0 
636.0031399524343 11.322580645161292 82.0 552.0 4.0 467.0 49955.0 
638.0006439541818 11.346774193548388 81.0 552.0 4.0 468.0 50058.0 
640.0031399524343 11.370967741935482 82.0 555.0 4.0 469.0 50160.0 
642.0031399524343 11.395161290322582 82.0 558.0 4.0 470.0 50263.0 
644.0031399524343 11.419354838709676 85.0 560.0 4.0 471.0 50365.0 
646.0031399524343 11.419354838709676 87.0 562.0 4.0 471.0 50365.0 
648.0031399524343 11.419354838709676 87.0 562.0 4.0 471.0 50365.0 
650.0031399524343 11.419354838709676 88.0 565.0 4.0 471.0 50365.0 
652.0031399524343 11.443548387096774 91.0 567.0 4.0 472.0 50467.0 
654.0031399524343 11.46774193548387 91.0 569.0 4.0 473.0 50570.0 
656.0031399524343 11.491935483870968 92.0 571.0 4.0 474.0 50673.0 
658.0031399524343 11.540322580645162 92.0 572.0 4.0 476.0 50879.0 
660.0031399524343 11.588709677419356 90.0 572.0 4.0 478.0 51083.0 
662.0031399524343 11.588709677419356 91.0 574.0 4.0 478.0 51083.0 
664.0031399524343 11.612903225806454 92.0 576.0 4.0 479.0 51185.0 
666.0031399524343 11.661290322580644 93.0 576.0 4.0 481.0 51389.0 
668.0031399524343 11.68548387096774 91.0 577.0 4.0 482.0 51491.0 
670.0031399524343 11.758064516129032 90.0 579.0 4.0 485.0 51798.0 
672.0031399524343 11.830645161290324 89.0 582.0 4.0 488.0 52107.0 
674.0031399524343 11.927419354838708 89.0 584.0 4.0 492.0 52642.0 
676.0031399524343 12.048387096774194 87.0 587.0 4.0 497.0 53156.0 
678.0031399524343 12.072580645161292 87.0 589.0 4.0 498.0 53403.0 
680.0031399524343 12.120967741935482 89.0 591.0 4.0 500.0 53609.0 
682.0031399524343 12.145161290322582 89.0 593.0 4.0 501.0 53711.0 
684.0031399524343 12.169354838709676 88.0 594.0 4.0 502.0 53814.0 
686.0031399524343 12.193548387096774 90.0 597.0 4.0 503.0 53916.0 
688.0031399524343 12.21774193548387 91.0 598.0 4.0 504.0 54019.0 
690.0031399524343 12.266129032258064 91.0 601.0 4.0 506.0 54225.0 
692.0031399524343 12.31451612903226 89.0 601.0 4.0 508.0 54622.0 
694.0031399524343 12.362903225806452 90.0 603.0 4.0 510.0 54827.0 
696.0031399524343 12.362903225806452 90.0 605.0 4.0 510.0 54827.0 
698.0031399524343 12.387096774193548 90.0 605.0 4.0 511.0 54930.0 
700.0031399524343 12.43548387096774 89.0 608.0 4.0 513.0 55135.0 
702.0031399524343 12.508064516129032 89.0 609.0 4.0 516.0 55442.0 
704.0031399524343 12.53225806451613 90.0 612.0 4.0 517.0 55544.0 
706.0031399524343 12.556451612903226 92.0 613.0 4.0 518.0 55646.0 
708.0031399524343 12.629032258064518 91.0 615.0 4.0 521.0 55953.0 
710.0031399524343 12.677419354838708 90.0 616.0 4.0 523.0 56157.0 
712.0031399524343 12.701612903225806 88.0 616.0 4.0 524.0 56350.0 
714.0031399524343 12.701612903225806 91.0 619.0 4.0 524.0 56350.0 
716.0031399524343 12.725806451612904 91.0 621.0 4.0 525.0 56452.0 
718.0031399524343 12.822580645161292 91.0 622.0 4.0 529.0 56862.0 
720.0031399524343 12.846774193548388 90.0 624.0 4.0 530.0 56965.0 
722.0031399524343 12.870967741935482 89.0 624.0 4.0 531.0 57067.0 
724.0031399524343 12.895161290322582 91.0 628.0 4.0 532.0 57169.0 
726.0031399524343 12.919354838709676 91.0 628.0 4.0 533.0 57272.0 
728.0031399524343 12.96774193548387 90.0 628.0 4.0 535.0 57477.0 
730.0031399524343 13.016129032258064 91.0 632.0 4.0 537.0 57683.0 
732.0031399524343 13.016129032258064 94.0 635.0 4.0 537.0 57683.0 
734.0031399524343 13.06451612903226 94.0 635.0 4.0 539.0 57888.0 
736.0031399524343 13.112903225806454 91.0 636.0 4.0 541.0 58093.0 
738.0031399524343 13.112903225806454 96.0 641.0 4.0 541.0 58093.0 
740.0031399524343 13.137096774193546 97.0 643.0 4.0 542.0 58196.0 
742.0031399524343 13.18548387096774 97.0 645.0 4.0 544.0 58400.0 
744.0031399524343 13.233870967741936 97.0 647.0 4.0 546.0 58606.0 
746.0031399524343 13.306451612903228 97.0 648.0 4.0 549.0 58914.0 
748.0031399524343 13.379032258064518 95.0 649.0 4.0 552.0 59517.0 
750.0031399524343 13.379032258064518 93.0 649.0 4.0 552.0 59517.0 
752.0031399524343 13.403225806451612 92.0 649.0 4.0 553.0 59619.0 
754.0031399524343 13.475806451612904 89.0 650.0 4.0 556.0 59927.0 
756.0031399524343 13.524193548387096 90.0 652.0 4.0 558.0 60132.0 
758.0031399524343 13.572580645161292 92.0 655.0 4.0 560.0 60338.0 
760.0031399524343 13.620967741935482 93.0 659.0 4.0 562.0 60543.0 
762.0031399524343 13.620967741935482 93.0 659.0 4.0 562.0 60543.0 
764.0031399524343 13.645161290322582 93.0 659.0 4.0 563.0 60646.0 
766.0031399524343 13.669354838709676 91.0 659.0 4.0 564.0 60749.0 
768.0031399524343 13.71774193548387 90.0 660.0 4.0 566.0 60955.0 
770.0031399524343 13.741935483870968 92.0 662.0 4.0 567.0 61058.0 
772.0031399524343 13.766129032258064 91.0 662.0 4.0 568.0 61161.0 
774.0031399524343 13.81451612903226 90.0 663.0 4.0 570.0 61366.0 
776.0031399524343 13.862903225806454 87.0 663.0 4.0 572.0 61572.0 
778.0031399524343 13.983870967741936 86.0 665.0 4.0 577.0 62086.0 
780.0031399524343 14.03225806451613 84.0 665.0 4.0 579.0 62290.0 
782.0031399524343 14.080645161290324 80.0 667.0 4.0 581.0 62495.0 
784.0031399524343 14.129032258064518 83.0 668.0 4.0 583.0 62699.0 
786.0031399524343 14.153225806451612 82.0 669.0 4.0 584.0 62801.0 
788.0031399524343 14.225806451612904 81.0 671.0 4.0 587.0 63358.0 
790.0031399524343 14.274193548387096 80.0 672.0 4.0 589.0 63564.0 
792.0031399524343 14.346774193548388 79.0 674.0 4.0 592.0 63870.0 
794.0031399524343 14.346774193548388 80.0 676.0 4.0 592.0 63870.0 
796.0031399524343 14.395161290322582 83.0 679.0 4.0 594.0 64075.0 
798.0031399524343 14.419354838709676 80.0 680.0 4.0 595.0 64177.0 
800.0031399524343 14.451612903225806 81.0 682.0 4.0 596.0 64280.0 
802.0031399524343 14.475806451612904 84.0 684.0 4.0 597.0 64382.0 
804.0031399524343 14.524193548387096 81.0 684.0 4.0 599.0 64588.0 
806.0031399524343 14.572580645161292 81.0 686.0 4.0 601.0 64794.0 
808.0031399524343 14.645161290322582 79.0 687.0 4.0 604.0 65102.0 
810.0031399524343 14.693548387096774 79.0 687.0 4.0 606.0 65307.0 
812.0031399524343 14.693548387096774 78.0 689.0 4.0 606.0 65307.0 
814.0031399524343 14.71774193548387 79.0 691.0 4.0 607.0 65410.0 
816.0031399524343 14.790322580645162 79.0 691.0 4.0 610.0 65716.0 
818.0031399524343 14.81451612903226 80.0 695.0 4.0 611.0 65819.0 
820.0031399524343 14.862903225806452 82.0 698.0 4.0 613.0 66024.0 
822.0031399524343 14.887096774193548 81.0 700.0 4.0 614.0 66127.0 
824.0031399524343 14.911290322580644 82.0 701.0 4.0 615.0 66230.0 
826.0031399524343 14.983870967741936 83.0 702.0 4.0 618.0 66537.0 
828.0031399524343 15.008064516129032 81.0 704.0 4.0 619.0 66640.0 
830.0031399524343 15.008064516129032 81.0 704.0 4.0 619.0 66640.0 
832.0031399524343 15.080645161290324 84.0 709.0 4.0 622.0 66947.0 
834.0031399524343 15.201612903225806 81.0 711.0 4.0 627.0 67560.0 
836.0031399524343 15.201612903225806 81.0 713.0 4.0 627.0 67560.0 
838.0031399524343 15.225806451612904 83.0 714.0 4.0 628.0 67663.0 
840.0031399524343 15.346774193548388 80.0 715.0 4.0 633.0 68175.0 
842.0031399524343 15.395161290322582 78.0 716.0 4.0 635.0 68380.0 
844.0031399524343 15.46774193548387 77.0 718.0 4.0 638.0 68849.0 
846.0031399524343 15.491935483870968 80.0 722.0 4.0 639.0 68951.0 
848.0031399524343 15.540322580645162 78.0 724.0 4.0 641.0 69156.0 
850.0031399524343 15.56451612903226 81.0 726.0 4.0 642.0 69258.0 
852.0031399524343 15.588709677419356 83.0 730.0 4.0 643.0 69568.0 
854.0031399524343 15.588709677419356 84.0 731.0 4.0 643.0 69568.0 
856.0031399524343 15.588709677419356 85.0 732.0 4.0 643.0 69568.0 
858.0031399524343 15.637096774193548 86.0 735.0 4.0 645.0 69773.0 
860.0031399524343 15.733870967741936 83.0 739.0 4.0 649.0 70182.0 
862.0031399524343 15.806451612903226 87.0 741.0 4.0 652.0 70490.0 
864.0031399524343 15.830645161290324 85.0 742.0 4.0 653.0 70593.0 
866.0031399524343 15.830645161290324 86.0 743.0 4.0 653.0 70593.0 
868.0031399524343 15.830645161290324 87.0 744.0 4.0 653.0 70593.0 
870.0031399524343 15.854838709677418 89.0 747.0 4.0 654.0 70695.0 
872.0031399524343 15.879032258064518 89.0 749.0 4.0 655.0 70797.0 
874.0031399524343 15.879032258064518 91.0 750.0 4.0 655.0 70797.0 
876.0031399524343 15.903225806451612 93.0 752.0 4.0 656.0 70899.0 
878.0031399524343 15.903225806451612 93.0 753.0 4.0 656.0 70899.0 
880.0031399524343 15.927419354838708 92.0 754.0 4.0 657.0 71001.0 
882.0031399524343 15.951612903225806 93.0 756.0 4.0 658.0 71104.0 
884.0031399524343 15.951612903225806 94.0 756.0 4.0 658.0 71104.0 
886.0031399524343 16.024193548387096 92.0 757.0 4.0 661.0 71413.0 
888.0031399524343 16.024193548387096 94.0 759.0 4.0 661.0 71413.0 
890.0031399524343 16.07258064516129 94.0 759.0 4.0 663.0 71618.0 
892.0031399524343 16.096774193548388 92.0 760.0 4.0 664.0 71720.0 
894.0031399524343 16.14516129032258 91.0 761.0 4.0 666.0 71924.0 
896.0031399524343 16.193548387096776 91.0 762.0 4.0 668.0 72129.0 
898.0031399524343 16.266129032258064 91.0 763.0 4.0 671.0 72437.0 
900.0031399524343 16.29032258064516 90.0 766.0 4.0 672.0 72437.0 
#####################################################################
# End of data export. Simulation finished at: 2020-02-25T06:02+0000 #
#####################################################################
