#####################################################################
# Alchemist log file - simulation started at: 2020-01-15T10:46+0000 #
#####################################################################
# seed = 3.0, taskFrequency = 0.04217, cloudcost = 17.0, algorithm = false
#
# The columns have the following meaning: 
# time taskHops[Mean] hasTask[Sum] tasks[Sum] completedTasks[Sum] giveupTasks[Sum] taskLatency[Sum] 
0.0 NaN 0.0 0.0 0.0 0.0 0.0 
2.001635961921367 NaN 2.0 4.0 0.0 0.0 0.0 
4.001635961921367 NaN 12.0 18.0 0.0 0.0 0.0 
6.001635961921367 NaN 23.0 24.0 0.0 0.0 0.0 
8.001635961921366 NaN 27.0 28.0 0.0 0.0 0.0 
10.001635961921366 NaN 34.0 35.0 0.0 0.0 0.0 
12.001635961921366 0.0 43.0 44.0 1.0 0.0 11.0 
14.001635961921366 0.0 49.0 51.0 1.0 0.0 11.0 
16.001635961921366 0.0 55.0 57.0 1.0 0.0 11.0 
18.001635961921366 0.0 59.0 61.0 1.0 0.0 11.0 
20.001635961921366 0.0 65.0 67.0 1.0 0.0 11.0 
22.001635961921366 0.0 69.0 70.0 1.0 0.0 11.0 
24.001635961921366 0.0 69.0 70.0 1.0 0.0 11.0 
26.001635961921366 0.0 71.0 73.0 1.0 0.0 11.0 
28.001635961921366 0.0 77.0 78.0 1.0 0.0 11.0 
30.001635961921366 0.0 80.0 83.0 1.0 0.0 11.0 
32.001635961921366 0.0 85.0 88.0 1.0 0.0 11.0 
34.001635961921366 0.0 93.0 95.0 1.0 0.0 11.0 
36.001635961921366 0.0 95.0 96.0 1.0 0.0 11.0 
38.001635961921366 0.0 96.0 97.0 1.0 0.0 11.0 
40.001635961921366 0.0 98.0 99.0 1.0 0.0 11.0 
42.001635961921366 0.0 99.0 100.0 1.0 0.0 11.0 
44.001635961921366 0.0 99.0 100.0 1.0 0.0 11.0 
46.001635961921366 0.0 100.0 103.0 1.0 0.0 11.0 
48.001635961921366 0.0 103.0 104.0 1.0 0.0 11.0 
50.001635961921366 0.0 104.0 106.0 1.0 0.0 11.0 
52.001635961921366 0.0 106.0 107.0 1.0 0.0 11.0 
54.001635961921366 0.0 109.0 111.0 1.0 0.0 11.0 
56.001635961921366 0.0 110.0 111.0 1.0 0.0 11.0 
58.001635961921366 0.0 110.0 111.0 1.0 0.0 11.0 
60.001635961921366 0.0 110.0 112.0 1.0 0.0 11.0 
62.001635961921366 0.0 112.0 114.0 1.0 0.0 11.0 
64.00163596192137 0.0 113.0 114.0 1.0 0.0 11.0 
66.00163596192137 0.0 113.0 115.0 1.0 0.0 11.0 
68.00163596192137 0.0 115.0 116.0 1.0 0.0 11.0 
70.00163596192137 0.0 117.0 118.0 1.0 0.0 11.0 
72.00163596192137 0.0 119.0 121.0 1.0 0.0 11.0 
74.00163596192137 0.0 120.0 121.0 1.0 0.0 11.0 
76.00163596192137 0.0 121.0 122.0 1.0 0.0 11.0 
78.00163596192137 0.0 121.0 122.0 1.0 0.0 11.0 
80.00163596192137 0.0 121.0 122.0 1.0 0.0 11.0 
82.00163596192137 0.0 122.0 123.0 1.0 0.0 11.0 
84.00163596192137 0.0 123.0 124.0 1.0 0.0 11.0 
86.00163596192137 0.0 124.0 125.0 1.0 0.0 11.0 
88.00163596192137 0.0 124.0 125.0 1.0 0.0 11.0 
90.00163596192137 0.0 124.0 125.0 1.0 0.0 11.0 
92.00163596192137 0.0 125.0 126.0 1.0 0.0 11.0 
94.00163596192137 0.0 125.0 126.0 1.0 0.0 11.0 
96.00163596192137 0.0 125.0 126.0 1.0 0.0 11.0 
98.00163596192137 0.0 125.0 126.0 1.0 0.0 11.0 
100.00163596192137 0.0 125.0 126.0 1.0 0.0 11.0 
102.00163596192137 0.0 125.0 126.0 1.0 0.0 11.0 
104.00163596192137 0.0 125.0 126.0 1.0 0.0 11.0 
106.00163596192137 15.11111111111111 121.0 126.0 1.0 8.0 830.0 
108.00163596192137 16.0 112.0 126.0 1.0 15.0 1551.0 
110.00163596192137 16.238095238095237 108.0 127.0 1.0 20.0 2067.0 
112.00163596192137 16.466666666666665 102.0 127.0 1.0 29.0 3002.0 
114.00163596192137 16.57894736842105 93.0 127.0 1.0 37.0 3822.0 
116.00163596192137 17.40909090909091 86.0 128.0 1.0 45.0 4548.0 
118.00163596192137 17.352941176470587 77.0 129.0 1.0 52.0 5266.0 
120.00163596192137 17.321428571428573 76.0 131.0 1.0 57.0 5783.0 
122.00163596192137 17.295081967213115 70.0 132.0 1.0 62.0 6295.0 
124.00163596192137 17.28125 66.0 132.0 1.0 65.0 6602.0 
126.00163596192137 17.28125 68.0 135.0 1.0 65.0 6602.0 
128.00163596192135 17.272727272727273 69.0 137.0 1.0 67.0 6806.0 
130.00163596192135 17.25 66.0 137.0 1.0 73.0 7421.0 
132.00163596192135 17.253333333333334 63.0 137.0 1.0 76.0 7728.0 
134.00163596192135 17.2375 59.0 139.0 1.0 81.0 8241.0 
136.00163596192135 17.213483146067414 57.0 143.0 1.0 90.0 9193.0 
138.00163596192135 17.208791208791208 54.0 147.0 1.0 92.0 9398.0 
140.00163596192135 17.208791208791208 55.0 148.0 1.0 92.0 9398.0 
142.00163596192135 17.204301075268816 57.0 151.0 1.0 94.0 9603.0 
144.00163596192135 17.20212765957447 58.0 154.0 1.0 95.0 9706.0 
146.00163596192135 17.20212765957447 58.0 155.0 1.0 95.0 9706.0 
148.00163596192135 17.2 61.0 158.0 1.0 96.0 9808.0 
150.00163596192135 17.193877551020407 60.0 161.0 1.0 99.0 10116.0 
152.00163596192135 17.19191919191919 62.0 162.0 1.0 100.0 10218.0 
154.00163596192135 17.19 63.0 165.0 1.0 101.0 10320.0 
156.00163596192135 17.186274509803923 64.0 166.0 1.0 103.0 10526.0 
158.00163596192135 17.184466019417474 63.0 168.0 1.0 104.0 10629.0 
160.00163596192135 17.184466019417474 63.0 169.0 1.0 104.0 10629.0 
162.00163596192135 17.184466019417474 67.0 173.0 1.0 104.0 10629.0 
164.00163596192135 17.18095238095238 67.0 176.0 1.0 106.0 10834.0 
166.00163596192135 17.17924528301887 70.0 178.0 1.0 107.0 10937.0 
168.00163596192135 17.17924528301887 71.0 179.0 1.0 107.0 10937.0 
170.00163596192135 17.175925925925927 71.0 181.0 1.0 109.0 11142.0 
172.00163596192135 17.172727272727272 71.0 182.0 1.0 111.0 11347.0 
174.00163596192135 17.169642857142858 71.0 183.0 1.0 113.0 11551.0 
176.00163596192135 17.168141592920353 69.0 184.0 1.0 114.0 11654.0 
178.00163596192135 17.166666666666668 73.0 188.0 1.0 115.0 11756.0 
180.00163596192135 17.166666666666668 74.0 191.0 1.0 115.0 11756.0 
182.00163596192135 17.166666666666668 75.0 192.0 1.0 115.0 11756.0 
184.00163596192135 17.16521739130435 78.0 196.0 1.0 116.0 11859.0 
186.00163596192135 17.163793103448278 80.0 197.0 1.0 117.0 11962.0 
188.00163596192135 17.162393162393162 79.0 199.0 1.0 118.0 12064.0 
190.00163596192135 17.162393162393162 81.0 200.0 1.0 118.0 12064.0 
192.00163596192135 17.162393162393162 82.0 201.0 1.0 118.0 12064.0 
194.00163596192135 17.161016949152543 83.0 202.0 1.0 119.0 12167.0 
196.00163596192135 17.161016949152543 84.0 204.0 1.0 119.0 12167.0 
198.00163596192135 17.161016949152543 86.0 206.0 1.0 119.0 12167.0 
200.00163596192135 17.161016949152543 88.0 208.0 1.0 119.0 12167.0 
202.00163596192135 17.161016949152543 89.0 210.0 1.0 119.0 12167.0 
204.00163596192135 17.161016949152543 90.0 210.0 1.0 119.0 12167.0 
206.00163596192135 17.161016949152543 91.0 211.0 1.0 119.0 12167.0 
208.00163596192135 17.161016949152543 93.0 213.0 1.0 119.0 12167.0 
210.00163596192135 17.161016949152543 94.0 214.0 1.0 119.0 12167.0 
212.00163596192135 17.305084745762713 96.0 217.0 1.0 120.0 12270.0 
214.00163596192135 17.305084745762713 97.0 218.0 1.0 120.0 12270.0 
216.00163596192135 17.305084745762713 98.0 220.0 1.0 120.0 12270.0 
218.00163596192135 17.305084745762713 100.0 221.0 1.0 120.0 12270.0 
220.00163596192135 17.305084745762713 101.0 222.0 1.0 120.0 12270.0 
222.00163596192135 17.73728813559322 103.0 225.0 1.0 123.0 12577.0 
224.00163596192135 17.73728813559322 101.0 225.0 1.0 123.0 12577.0 
226.00163596192135 17.873949579831933 99.0 225.0 1.0 125.0 12900.0 
228.00163596192135 17.873949579831933 101.0 228.0 1.0 125.0 12900.0 
230.00163596192135 18.159663865546218 101.0 228.0 1.0 127.0 13106.0 
232.00163596192135 18.15 100.0 228.0 1.0 128.0 13285.0 
234.00163596192135 18.15 100.0 229.0 1.0 128.0 13285.0 
236.00163596192135 18.433333333333334 98.0 229.0 1.0 130.0 13489.0 
238.00163596192135 18.575 97.0 230.0 1.0 131.0 13591.0 
240.00163596192135 19.425 95.0 230.0 1.0 137.0 14206.0 
242.00163596192135 19.566666666666666 92.0 231.0 1.0 138.0 14308.0 
244.00163596192135 19.85 91.0 232.0 1.0 140.0 14512.0 
246.00163596192135 20.275 91.0 235.0 1.0 143.0 14820.0 
248.00163596192135 20.416666666666668 90.0 236.0 1.0 144.0 14923.0 
250.00163596192135 20.983333333333334 91.0 238.0 1.0 148.0 15334.0 
252.00163596192135 21.266666666666666 89.0 239.0 1.0 150.0 15539.0 
254.00163596192135 21.55 88.0 240.0 1.0 152.0 15745.0 
256.00163596192135 21.975 88.0 243.0 1.0 155.0 16070.0 
258.00163596192135 22.258333333333333 85.0 243.0 1.0 157.0 16275.0 
260.00163596192135 22.541666666666668 85.0 244.0 1.0 159.0 16480.0 
262.00163596192135 22.683333333333334 84.0 246.0 1.0 160.0 16616.0 
264.00163596192135 23.108333333333334 87.0 250.0 1.0 163.0 16923.0 
266.00163596192135 23.391666666666666 85.0 251.0 1.0 165.0 17128.0 
268.00163596192135 23.958333333333332 86.0 254.0 1.0 169.0 17538.0 
270.00163596192135 24.1 85.0 255.0 1.0 170.0 17641.0 
272.00163596192135 24.383333333333333 84.0 256.0 1.0 172.0 17845.0 
274.00163596192135 24.525 84.0 258.0 1.0 173.0 17947.0 
276.00163596192135 24.666666666666668 86.0 261.0 1.0 174.0 18049.0 
278.00163596192135 24.808333333333334 88.0 264.0 1.0 175.0 18152.0 
280.00163596192135 25.233333333333334 88.0 264.0 1.0 178.0 18459.0 
282.00163596192135 25.516666666666666 85.0 266.0 1.0 180.0 18663.0 
284.00163596192135 25.658333333333335 84.0 267.0 1.0 181.0 18766.0 
286.00163596192135 26.225 84.0 270.0 1.0 185.0 19232.0 
288.00163596192135 26.65 83.0 273.0 1.0 188.0 19540.0 
290.00163596192135 26.791666666666668 85.0 274.0 1.0 189.0 19643.0 
292.00163596192135 27.075 83.0 276.0 1.0 191.0 19848.0 
294.00163596192135 27.216666666666665 85.0 277.0 1.0 192.0 19965.0 
296.00163596192135 27.358333333333334 84.0 277.0 1.0 193.0 20068.0 
298.00163596192135 27.641666666666666 82.0 278.0 1.0 195.0 20272.0 
300.00163596192135 27.925 82.0 279.0 1.0 197.0 20476.0 
302.00163596192135 28.208333333333336 80.0 280.0 1.0 199.0 20680.0 
304.00163596192135 28.35 81.0 282.0 1.0 200.0 20782.0 
306.00163596192135 28.491666666666667 81.0 283.0 1.0 201.0 20885.0 
308.00163596192135 28.633333333333333 82.0 285.0 1.0 202.0 20987.0 
310.00163596192135 28.916666666666668 81.0 289.0 1.0 204.0 21191.0 
312.00163596192135 29.058333333333334 86.0 291.0 1.0 205.0 21293.0 
314.00163596192135 29.341666666666665 85.0 293.0 1.0 207.0 21497.0 
316.00163596192135 29.625 84.0 293.0 1.0 209.0 21702.0 
318.00163596192135 29.766666666666666 84.0 295.0 1.0 210.0 21804.0 
320.00021045760974 30.05 88.0 300.0 1.0 212.0 22009.0 
322.00163596192135 30.191666666666666 90.0 303.0 1.0 213.0 22111.0 
324.00163596192135 30.616666666666667 87.0 303.0 1.0 216.0 22417.0 
326.00163596192135 30.616666666666667 87.0 304.0 1.0 216.0 22417.0 
328.00163596192135 30.616666666666667 89.0 307.0 1.0 216.0 22417.0 
330.00163596192135 30.9 90.0 307.0 1.0 218.0 22622.0 
332.00163596192135 31.041666666666664 89.0 309.0 1.0 219.0 22725.0 
334.00163596192135 31.041666666666664 92.0 313.0 1.0 219.0 22725.0 
336.00163596192135 31.183333333333334 95.0 317.0 1.0 220.0 22827.0 
338.00163596192135 31.183333333333334 97.0 319.0 1.0 220.0 22827.0 
340.00163596192135 31.183333333333334 98.0 319.0 1.0 220.0 22827.0 
342.00163596192135 31.325 97.0 320.0 1.0 221.0 22930.0 
344.00163596192135 31.34710743801653 99.0 321.0 1.0 223.0 23355.0 
346.00163596192135 31.34710743801653 99.0 323.0 1.0 223.0 23355.0 
348.00163596192135 31.628099173553718 98.0 325.0 1.0 225.0 23560.0 
350.00163596192135 31.90909090909091 97.0 325.0 1.0 227.0 23766.0 
352.00163596192135 32.049586776859506 97.0 327.0 1.0 228.0 23868.0 
354.00163596192135 32.33057851239669 97.0 328.0 1.0 230.0 24073.0 
356.00163596192135 32.34426229508197 97.0 328.0 1.0 232.0 24526.0 
358.00163596192135 32.622950819672134 99.0 333.0 1.0 234.0 24731.0 
360.00163596192135 32.76229508196721 98.0 335.0 1.0 235.0 24834.0 
362.00119440805145 33.040983606557376 97.0 335.0 1.0 237.0 25135.0 
364.00163596192135 33.18032786885246 98.0 338.0 1.0 238.0 25237.0 
366.00163596192135 33.877049180327866 98.0 339.0 1.0 243.0 25749.0 
368.00163596192135 33.877049180327866 96.0 340.0 1.0 243.0 25749.0 
370.00163596192135 34.442622950819676 92.0 340.0 1.0 247.0 26158.0 
372.00163596192135 34.58196721311475 92.0 341.0 1.0 248.0 26260.0 
374.00163596192135 34.721311475409834 92.0 342.0 1.0 249.0 26362.0 
376.00163596192135 35.0 94.0 344.0 1.0 251.0 26567.0 
378.00163596192135 35.278688524590166 94.0 346.0 1.0 253.0 26772.0 
380.00163596192135 35.557377049180324 91.0 347.0 1.0 255.0 26977.0 
382.00163596192135 35.69672131147541 90.0 347.0 1.0 256.0 27080.0 
384.00163596192135 35.83606557377049 90.0 348.0 1.0 257.0 27182.0 
386.00163596192135 35.975409836065566 89.0 348.0 1.0 258.0 27285.0 
388.00163596192135 36.393442622950815 92.0 352.0 1.0 261.0 27594.0 
390.00163596192135 36.67213114754098 88.0 352.0 1.0 263.0 27799.0 
392.00163596192135 37.09016393442623 87.0 356.0 1.0 266.0 28107.0 
394.00163596192135 37.22950819672131 88.0 356.0 1.0 267.0 28209.0 
396.00163596192135 37.50819672131147 90.0 360.0 1.0 269.0 28414.0 
398.00163596192135 37.50819672131147 90.0 360.0 1.0 269.0 28414.0 
400.00163596192135 37.647540983606554 89.0 361.0 1.0 270.0 28516.0 
402.00163596192135 37.786885245901644 90.0 362.0 1.0 271.0 28618.0 
404.00163596192135 37.92622950819673 91.0 363.0 1.0 272.0 28720.0 
406.00163596192135 38.20491803278689 90.0 364.0 1.0 274.0 28925.0 
408.00163596192135 38.34426229508197 90.0 365.0 1.0 275.0 29028.0 
410.00163596192135 38.622950819672134 89.0 368.0 1.0 277.0 29291.0 
412.0003227213699 38.90163934426229 92.0 371.0 1.0 279.0 29497.0 
414.00163596192135 39.59836065573771 92.0 376.0 1.0 284.0 30011.0 
416.00163596192135 39.73770491803279 92.0 378.0 1.0 285.0 30114.0 
418.00163596192135 39.877049180327866 92.0 379.0 1.0 286.0 30217.0 
420.00163596192135 40.15573770491803 94.0 381.0 1.0 288.0 30615.0 
422.00163596192135 40.713114754098356 91.0 382.0 1.0 292.0 31024.0 
424.00163596192135 41.131147540983605 88.0 383.0 1.0 295.0 31330.0 
426.00163596192135 41.131147540983605 88.0 384.0 1.0 295.0 31330.0 
428.00163596192135 41.27049180327869 88.0 385.0 1.0 296.0 31432.0 
430.00163596192135 41.40983606557377 89.0 386.0 1.0 297.0 31534.0 
432.00163596192135 41.549180327868854 87.0 387.0 1.0 298.0 31637.0 
434.00163596192135 41.82786885245902 90.0 390.0 1.0 300.0 31842.0 
436.00163596192135 42.24590163934427 86.0 390.0 1.0 303.0 32148.0 
438.00163596192135 42.455284552845534 85.0 391.0 1.0 307.0 32843.0 
440.00163596192135 42.86991869918699 82.0 395.0 1.0 310.0 33151.0 
442.00163596192135 43.00813008130082 86.0 398.0 1.0 311.0 33254.0 
444.00163596192135 43.14634146341463 86.0 399.0 1.0 312.0 33370.0 
446.00163596192135 43.42276422764227 86.0 400.0 1.0 314.0 33576.0 
448.00163596192135 43.69918699186992 85.0 401.0 1.0 316.0 33780.0 
450.00163596192135 43.83739837398373 87.0 404.0 1.0 317.0 33882.0 
452.00163596192135 43.97560975609757 86.0 405.0 1.0 318.0 33985.0 
454.00163596192135 44.11382113821138 87.0 407.0 1.0 319.0 34087.0 
456.00163596192135 44.2520325203252 86.0 407.0 1.0 320.0 34190.0 
458.00163596192135 44.390243902439025 87.0 409.0 1.0 321.0 34293.0 
460.00163596192135 45.081300813008134 86.0 412.0 1.0 326.0 34805.0 
462.00163596192135 45.21951219512195 86.0 413.0 1.0 327.0 34907.0 
464.00163596192135 45.49593495934959 83.0 413.0 1.0 329.0 35155.0 
466.00163596192135 45.77235772357723 83.0 413.0 1.0 331.0 35361.0 
468.00163596192135 46.048780487804876 81.0 414.0 1.0 333.0 35567.0 
470.00163596192135 46.1869918699187 82.0 416.0 1.0 334.0 35670.0 
472.00163596192135 46.1869918699187 82.0 418.0 1.0 334.0 35670.0 
474.00163596192135 46.1869918699187 84.0 419.0 1.0 334.0 35670.0 
476.00163596192135 46.46341463414634 84.0 421.0 1.0 336.0 35875.0 
478.00163596192135 46.73983739837398 85.0 424.0 1.0 338.0 36079.0 
480.00163596192135 47.016260162601625 84.0 424.0 1.0 340.0 36283.0 
482.00163596192135 47.15447154471545 85.0 427.0 1.0 341.0 36386.0 
484.00163596192135 47.15447154471545 86.0 428.0 1.0 341.0 36386.0 
486.00163596192135 47.29268292682927 87.0 430.0 1.0 342.0 36488.0 
488.00163596192135 47.29268292682927 89.0 433.0 1.0 342.0 36488.0 
490.00163596192135 47.84552845528455 88.0 433.0 1.0 346.0 36897.0 
492.00163596192135 47.84552845528455 86.0 433.0 1.0 346.0 36897.0 
494.00163596192135 48.26016260162602 83.0 433.0 1.0 349.0 37403.0 
496.00163596192135 48.53658536585366 83.0 435.0 1.0 351.0 37609.0 
498.00163596192135 48.951219512195124 82.0 435.0 1.0 354.0 37917.0 
500.00163596192135 49.08943089430894 82.0 438.0 1.0 355.0 38020.0 
502.00163596192135 49.08943089430894 85.0 442.0 1.0 355.0 38020.0 
504.00163596192135 49.22764227642277 86.0 443.0 1.0 356.0 38123.0 
506.00163596192135 49.36585365853658 86.0 444.0 1.0 357.0 38225.0 
508.00163596192135 49.36585365853658 87.0 445.0 1.0 357.0 38225.0 
510.00163596192135 49.64227642276423 86.0 446.0 1.0 359.0 38430.0 
512.0014682719321 49.91869918699186 85.0 448.0 1.0 361.0 38634.0 
514.0016359619214 50.19512195121952 86.0 449.0 1.0 363.0 38838.0 
516.0016359619214 50.88617886178862 82.0 450.0 1.0 368.0 39349.0 
518.0016359619214 51.02439024390243 84.0 455.0 1.0 369.0 39451.0 
520.0016359619214 51.30081300813008 85.0 457.0 1.0 371.0 39657.0 
522.0016359619214 51.57723577235773 85.0 458.0 1.0 373.0 39862.0 
524.0016359619214 51.71544715447155 84.0 459.0 1.0 374.0 39964.0 
526.0016359619214 51.85365853658537 85.0 460.0 1.0 375.0 40066.0 
528.0016359619214 52.13008130081301 86.0 463.0 1.0 377.0 40284.0 
530.0016359619214 52.26829268292684 86.0 466.0 1.0 378.0 40386.0 
532.001364340367 52.40650406504065 90.0 469.0 1.0 379.0 40489.0 
534.0016359619214 52.40650406504065 92.0 473.0 1.0 379.0 40489.0 
536.0016359619214 52.82113821138212 93.0 474.0 1.0 382.0 40797.0 
538.0016359619214 52.95934959349593 92.0 476.0 1.0 383.0 40900.0 
540.0016359619214 52.95934959349593 94.0 479.0 1.0 383.0 40900.0 
542.0016359619214 53.3739837398374 94.0 480.0 1.0 386.0 41208.0 
544.0016359619214 54.0650406504065 91.0 483.0 1.0 391.0 41720.0 
546.0016359619214 54.20325203252033 91.0 483.0 1.0 392.0 41822.0 
548.0016359619214 54.34146341463415 90.0 485.0 1.0 393.0 41924.0 
550.0016359619214 54.47967479674797 92.0 487.0 1.0 394.0 42027.0 
552.0016359619214 54.75609756097562 91.0 487.0 1.0 396.0 42232.0 
554.0016359619214 54.89430894308944 91.0 488.0 1.0 397.0 42334.0 
556.0016359619214 55.03252032520325 90.0 488.0 1.0 398.0 42436.0 
558.0016359619214 55.17073170731707 88.0 488.0 1.0 399.0 42539.0 
560.0016359619214 55.44715447154472 89.0 489.0 1.0 401.0 42743.0 
562.0016359619214 55.72357723577236 89.0 492.0 1.0 403.0 42948.0 
564.0016359619214 56.0 88.0 493.0 1.0 405.0 43165.0 
566.0016359619214 56.0 89.0 496.0 1.0 405.0 43165.0 
568.0016359619214 56.0 91.0 497.0 1.0 405.0 43165.0 
570.0016359619214 56.13821138211383 92.0 498.0 1.0 406.0 43267.0 
572.0016359619214 56.55284552845528 90.0 500.0 1.0 409.0 43723.0 
574.0016359619214 56.6910569105691 92.0 503.0 1.0 410.0 43826.0 
576.0016359619214 56.96747967479675 90.0 504.0 1.0 412.0 44031.0 
578.0016359619214 57.24390243902438 90.0 505.0 1.0 414.0 44250.0 
580.0016359619214 57.65853658536585 90.0 506.0 1.0 417.0 44558.0 
582.0016359619214 57.79674796747967 87.0 506.0 1.0 418.0 44661.0 
584.0012594949267 58.07317073170732 88.0 507.0 1.0 420.0 44866.0 
586.0016359619214 58.34959349593497 85.0 507.0 1.0 422.0 45071.0 
588.0016359619214 58.6260162601626 85.0 508.0 1.0 424.0 45275.0 
590.0016359619214 58.90243902439025 83.0 508.0 1.0 426.0 45480.0 
592.0016359619214 59.04065040650407 81.0 509.0 1.0 427.0 45583.0 
594.0016359619214 59.17886178861788 81.0 513.0 1.0 428.0 45898.0 
596.0016359619214 59.17886178861788 87.0 517.0 1.0 428.0 45898.0 
598.0016359619214 59.455284552845534 90.0 519.0 1.0 430.0 46102.0 
600.0016359619214 59.455284552845534 91.0 523.0 1.0 430.0 46102.0 
602.0016359619214 60.00813008130082 91.0 526.0 1.0 434.0 46599.0 
604.0016359619214 60.42276422764227 93.0 528.0 1.0 437.0 46906.0 
606.0016359619214 60.69918699186992 89.0 528.0 1.0 439.0 47112.0 
608.0016359619214 60.83739837398373 87.0 528.0 1.0 440.0 47214.0 
610.0016359619214 60.97560975609757 87.0 528.0 1.0 441.0 47317.0 
612.0016359619214 61.11382113821138 88.0 530.0 1.0 442.0 47419.0 
614.0016359619214 61.2520325203252 86.0 531.0 1.0 443.0 47521.0 
616.0016359619214 61.52845528455285 87.0 533.0 1.0 445.0 47725.0 
618.0016359619214 61.52845528455285 87.0 533.0 1.0 445.0 47725.0 
620.0016359619214 62.08130081300814 86.0 536.0 1.0 449.0 48135.0 
622.0016359619214 62.35772357723577 86.0 538.0 1.0 451.0 48340.0 
624.0016359619214 62.49593495934959 87.0 540.0 1.0 452.0 48443.0 
626.0016359619214 62.63414634146342 88.0 542.0 1.0 453.0 48546.0 
628.0016359619214 62.91056910569106 88.0 543.0 1.0 455.0 48751.0 
630.0016359619214 63.32520325203253 89.0 547.0 1.0 458.0 49058.0 
632.0016359619214 63.60162601626017 91.0 552.0 1.0 460.0 49263.0 
634.0016359619214 64.15447154471545 89.0 553.0 1.0 464.0 49673.0 
636.0016359619214 64.5691056910569 87.0 554.0 1.0 467.0 49980.0 
638.0016359619214 64.84552845528455 86.0 555.0 1.0 469.0 50186.0 
640.0016359619214 64.98373983739836 87.0 557.0 1.0 470.0 50289.0 
642.0016359619214 65.26016260162602 86.0 559.0 1.0 472.0 50493.0 
644.0016359619214 65.53658536585365 85.0 559.0 1.0 474.0 50699.0 
646.0016359619214 65.67479674796748 86.0 562.0 1.0 475.0 50801.0 
648.0016359619214 65.95121951219512 85.0 563.0 1.0 477.0 51007.0 
650.0016359619214 66.08943089430895 85.0 563.0 1.0 478.0 51110.0 
652.0016359619214 66.36585365853658 84.0 566.0 1.0 480.0 51315.0 
654.0016359619214 66.5040650406504 84.0 566.0 1.0 481.0 51418.0 
656.0016359619214 66.64227642276424 83.0 566.0 1.0 482.0 51520.0 
658.0016359619214 66.64227642276424 84.0 568.0 1.0 482.0 51520.0 
660.0016359619214 66.64227642276424 87.0 570.0 1.0 482.0 51520.0 
662.0016359619214 66.78048780487805 88.0 571.0 1.0 483.0 51623.0 
664.0016359619214 67.0569105691057 91.0 575.0 1.0 485.0 51829.0 
666.0016359619214 67.33333333333334 89.0 576.0 1.0 487.0 52035.0 
668.0016359619214 67.60975609756096 87.0 577.0 1.0 489.0 52239.0 
670.0016359619214 67.88617886178862 85.0 577.0 1.0 491.0 52444.0 
672.0016359619214 68.02439024390245 87.0 580.0 1.0 492.0 52547.0 
674.0016359619214 68.16260162601625 88.0 582.0 1.0 493.0 52650.0 
676.0016359619214 68.57723577235774 87.0 583.0 1.0 496.0 52958.0 
678.0016359619214 68.71544715447155 86.0 585.0 1.0 497.0 53061.0 
680.0016359619214 68.99186991869918 85.0 585.0 1.0 499.0 53266.0 
682.0016359619214 69.26829268292684 84.0 586.0 1.0 501.0 53532.0 
684.0016359619214 69.26829268292684 85.0 587.0 1.0 501.0 53532.0 
686.0016359619214 69.40650406504065 85.0 589.0 1.0 502.0 53634.0 
688.0016359619214 69.40650406504065 87.0 590.0 1.0 502.0 53634.0 
690.0016359619214 69.54471544715446 87.0 590.0 1.0 503.0 53737.0 
692.0016359619214 69.54471544715446 88.0 592.0 1.0 503.0 53737.0 
694.0016359619214 69.6829268292683 88.0 593.0 1.0 504.0 53839.0 
696.0016359619214 69.6829268292683 91.0 596.0 1.0 504.0 53839.0 
698.0016359619214 70.51219512195122 88.0 598.0 1.0 510.0 54455.0 
700.0016359619214 70.92682926829268 91.0 604.0 1.0 513.0 54763.0 
702.0016359619214 71.34146341463415 92.0 608.0 1.0 516.0 55070.0 
704.0016359619214 71.6178861788618 93.0 610.0 1.0 518.0 55275.0 
706.0016359619214 72.03252032520325 90.0 610.0 1.0 521.0 55583.0 
708.0016359619214 72.03252032520325 88.0 610.0 1.0 521.0 55583.0 
710.0016359619214 72.17073170731706 90.0 612.0 1.0 522.0 55756.0 
712.0016359619214 72.17073170731706 91.0 615.0 1.0 522.0 55756.0 
714.0016359619214 72.44715447154472 91.0 617.0 1.0 524.0 55960.0 
716.0016359619214 72.44715447154472 92.0 619.0 1.0 524.0 55960.0 
718.0016359619214 72.72357723577235 93.0 620.0 1.0 526.0 56165.0 
720.0016359619214 72.86178861788618 92.0 620.0 1.0 527.0 56268.0 
722.0016359619214 73.13821138211382 91.0 621.0 1.0 529.0 56472.0 
724.0016359619214 73.55284552845528 92.0 623.0 1.0 532.0 56779.0 
726.0016359619214 73.82926829268294 91.0 624.0 1.0 534.0 56984.0 
728.0016359619214 74.10569105691056 88.0 626.0 1.0 536.0 57189.0 
730.0016359619214 74.10569105691056 91.0 629.0 1.0 536.0 57189.0 
732.0016359619214 74.52032520325204 91.0 630.0 1.0 539.0 57496.0 
734.0016359619214 75.21138211382113 90.0 631.0 1.0 544.0 58009.0 
736.0016359619214 75.48780487804878 91.0 637.0 1.0 546.0 58214.0 
738.0016359619214 75.48780487804878 91.0 639.0 1.0 546.0 58214.0 
740.0016359619214 75.76422764227644 93.0 641.0 1.0 548.0 58420.0 
742.0016359619214 76.04065040650406 92.0 641.0 1.0 550.0 58625.0 
744.0016359619214 76.04065040650406 92.0 644.0 1.0 550.0 58625.0 
746.0016359619214 76.3170731707317 92.0 645.0 1.0 552.0 58831.0 
748.0016359619214 76.73170731707316 91.0 647.0 1.0 555.0 59189.0 
750.0016359619214 76.869918699187 92.0 649.0 1.0 556.0 59292.0 
752.0016359619214 76.869918699187 92.0 651.0 1.0 556.0 59292.0 
754.0016359619214 77.14634146341464 94.0 651.0 1.0 558.0 59497.0 
756.0016359619214 77.28455284552845 92.0 652.0 1.0 559.0 59600.0 
758.0016359619214 77.28455284552845 93.0 653.0 1.0 559.0 59600.0 
760.0016359619214 77.42276422764226 94.0 654.0 1.0 560.0 59703.0 
762.0016359619214 77.83739837398373 93.0 655.0 1.0 563.0 60011.0 
764.0016359619214 77.97560975609755 91.0 656.0 1.0 564.0 60113.0 
766.0016359619214 78.52845528455285 92.0 658.0 1.0 568.0 60523.0 
768.0016359619214 78.66666666666666 91.0 660.0 1.0 569.0 60625.0 
770.0016359619214 78.9430894308943 90.0 662.0 1.0 571.0 60869.0 
772.0016359619214 78.9430894308943 90.0 663.0 1.0 571.0 60869.0 
774.0016359619214 79.21951219512195 91.0 665.0 1.0 573.0 61074.0 
776.0016359619214 79.4959349593496 90.0 666.0 1.0 575.0 61279.0 
778.0016359619214 79.77235772357724 92.0 671.0 1.0 577.0 61484.0 
780.0016359619214 79.91056910569107 94.0 672.0 1.0 578.0 61587.0 
782.0016359619214 80.04878048780486 93.0 673.0 1.0 579.0 61690.0 
784.0016359619214 80.04878048780486 94.0 674.0 1.0 579.0 61690.0 
786.0016359619214 80.32520325203252 94.0 676.0 1.0 581.0 61895.0 
788.0016359619214 80.46341463414633 95.0 678.0 1.0 582.0 61997.0 
790.0016359619214 80.73983739837398 96.0 682.0 1.0 584.0 62203.0 
792.0016359619214 80.8780487804878 96.0 682.0 1.0 585.0 62347.0 
794.0016359619214 81.15447154471545 97.0 685.0 1.0 587.0 62552.0 
796.0016359619214 81.29268292682926 98.0 686.0 1.0 588.0 62654.0 
798.0016359619214 81.70731707317074 97.0 688.0 1.0 591.0 62960.0 
800.0016359619214 81.98373983739836 96.0 688.0 1.0 593.0 63263.0 
802.0016359619214 82.67479674796746 92.0 689.0 1.0 598.0 63775.0 
804.0016359619214 83.36585365853658 91.0 693.0 1.0 603.0 64286.0 
806.0016359619214 83.64227642276424 89.0 694.0 1.0 605.0 64490.0 
808.0016359619214 83.64227642276424 91.0 698.0 1.0 605.0 64490.0 
810.0016359619214 83.64227642276424 92.0 698.0 1.0 605.0 64490.0 
812.0016359619214 83.91869918699186 90.0 698.0 1.0 607.0 64694.0 
814.0016359619214 84.1951219512195 90.0 698.0 1.0 609.0 64899.0 
816.0016359619214 84.33333333333334 89.0 700.0 1.0 610.0 65002.0 
818.0016359619214 84.60975609756096 90.0 703.0 1.0 612.0 65208.0 
820.0016359619214 85.16260162601625 87.0 704.0 1.0 616.0 65950.0 
822.0016359619214 85.16260162601625 90.0 707.0 1.0 616.0 65950.0 
824.0016359619214 85.30081300813008 90.0 707.0 1.0 617.0 66053.0 
826.0016359619214 85.57723577235774 91.0 709.0 1.0 619.0 66258.0 
828.0016359619214 85.71544715447155 91.0 711.0 1.0 620.0 66360.0 
830.0016359619214 85.71544715447155 91.0 712.0 1.0 620.0 66360.0 
832.0016359619214 86.26829268292684 89.0 713.0 1.0 624.0 66771.0 
834.0016359619214 86.40650406504065 88.0 715.0 1.0 625.0 66874.0 
836.0016359619214 86.6829268292683 87.0 716.0 1.0 627.0 67079.0 
838.0016359619214 87.3739837398374 86.0 718.0 1.0 632.0 67590.0 
840.0016359619214 87.51219512195124 85.0 719.0 1.0 633.0 67692.0 
842.0016359619214 87.92682926829268 84.0 719.0 1.0 636.0 68000.0 
844.0016359619214 87.92682926829268 82.0 719.0 1.0 636.0 68000.0 
846.0016359619214 88.20325203252034 82.0 720.0 1.0 638.0 68204.0 
848.0016359619214 88.47967479674796 82.0 722.0 1.0 640.0 68410.0 
850.0016359619214 88.7560975609756 82.0 725.0 1.0 642.0 68614.0 
852.0016359619214 89.03252032520325 83.0 727.0 1.0 644.0 68819.0 
854.0016359619214 89.03252032520325 84.0 729.0 1.0 644.0 68819.0 
856.0016359619214 89.3089430894309 82.0 730.0 1.0 646.0 69025.0 
858.0016359619214 89.44715447154472 83.0 732.0 1.0 647.0 69127.0 
860.0016359619214 89.58536585365854 84.0 732.0 1.0 648.0 69229.0 
862.0016359619214 89.58536585365854 84.0 734.0 1.0 648.0 69229.0 
864.0016359619214 89.72357723577235 86.0 735.0 1.0 649.0 69332.0 
866.0016359619214 89.86178861788618 88.0 739.0 1.0 650.0 69435.0 
868.0016359619214 90.0 88.0 739.0 1.0 651.0 69537.0 
870.0016359619214 90.41463414634146 86.0 741.0 1.0 654.0 69844.0 
872.0016359619214 90.55284552845528 87.0 743.0 1.0 655.0 69946.0 
874.0016359619214 90.6910569105691 87.0 745.0 1.0 656.0 70049.0 
876.0016359619214 90.96747967479675 90.0 748.0 1.0 658.0 70254.0 
878.0016359619214 91.2439024390244 89.0 750.0 1.0 660.0 70459.0 
880.0016359619214 91.79674796747967 89.0 750.0 1.0 664.0 70868.0 
882.0016359619214 92.07317073170732 86.0 752.0 1.0 666.0 71073.0 
884.0016359619214 92.21138211382113 86.0 754.0 1.0 667.0 71176.0 
886.0016359619214 92.34959349593495 89.0 758.0 1.0 668.0 71278.0 
888.0016359619214 92.6260162601626 87.0 758.0 1.0 670.0 71482.0 
890.0016359619214 92.76422764227644 90.0 761.0 1.0 671.0 71584.0 
892.0016359619214 93.04065040650406 90.0 762.0 1.0 673.0 71789.0 
894.0016359619214 93.3170731707317 88.0 765.0 1.0 675.0 71995.0 
896.0016359619214 93.59349593495934 88.0 766.0 1.0 677.0 72199.0 
898.0016359619214 93.869918699187 89.0 768.0 1.0 679.0 72404.0 
900.0016359619214 94.00813008130082 88.0 769.0 1.0 680.0 72506.0 
#####################################################################
# End of data export. Simulation finished at: 2020-01-15T10:47+0000 #
#####################################################################
