#####################################################################
# Alchemist log file - simulation started at: 2020-01-20T08:15+0000 #
#####################################################################
# seed = 27.0, taskFrequency = 0.00133, cloudcost = 29.0, algorithm = false
#
# The columns have the following meaning: 
# time taskHops[Mean] hasTask[Sum] tasks[Sum] completedTasks[Sum] giveupTasks[Sum] taskLatency[Sum] 
0.0 NaN 0.0 0.0 0.0 0.0 0.0 
2.000790582359877 NaN 0.0 0.0 0.0 0.0 0.0 
4.000790582359877 NaN 0.0 0.0 0.0 0.0 0.0 
6.000790582359877 NaN 0.0 0.0 0.0 0.0 0.0 
8.000790582359876 NaN 0.0 0.0 0.0 0.0 0.0 
10.000790582359876 NaN 0.0 0.0 0.0 0.0 0.0 
12.000790582359876 NaN 1.0 1.0 0.0 0.0 0.0 
14.000790582359876 NaN 2.0 3.0 0.0 0.0 0.0 
16.000790582359876 NaN 4.0 4.0 0.0 0.0 0.0 
18.000790582359876 NaN 4.0 4.0 0.0 0.0 0.0 
20.000790582359876 NaN 4.0 4.0 0.0 0.0 0.0 
22.000790582359876 NaN 4.0 5.0 0.0 0.0 0.0 
24.000790582359876 NaN 5.0 5.0 0.0 0.0 0.0 
26.000790582359876 NaN 5.0 5.0 0.0 0.0 0.0 
28.000790582359876 NaN 6.0 6.0 0.0 0.0 0.0 
30.000790582359876 NaN 6.0 6.0 0.0 0.0 0.0 
32.000790582359876 NaN 6.0 6.0 0.0 0.0 0.0 
34.000790582359876 NaN 6.0 6.0 0.0 0.0 0.0 
36.000790582359876 NaN 6.0 6.0 0.0 0.0 0.0 
38.000790582359876 NaN 7.0 7.0 0.0 0.0 0.0 
40.000790582359876 NaN 7.0 7.0 0.0 0.0 0.0 
42.000790582359876 NaN 7.0 7.0 0.0 0.0 0.0 
44.000790582359876 NaN 7.0 7.0 0.0 0.0 0.0 
46.000790582359876 NaN 7.0 7.0 0.0 0.0 0.0 
48.000790582359876 NaN 7.0 7.0 0.0 0.0 0.0 
50.000790582359876 NaN 7.0 7.0 0.0 0.0 0.0 
52.000790582359876 NaN 7.0 7.0 0.0 0.0 0.0 
54.000790582359876 NaN 8.0 8.0 0.0 0.0 0.0 
56.000790582359876 NaN 9.0 9.0 0.0 0.0 0.0 
58.000790582359876 NaN 9.0 9.0 0.0 0.0 0.0 
60.000790582359876 NaN 10.0 10.0 0.0 0.0 0.0 
62.000790582359876 NaN 10.0 10.0 0.0 0.0 0.0 
64.00079058235988 NaN 10.0 10.0 0.0 0.0 0.0 
66.00079058235988 NaN 10.0 10.0 0.0 0.0 0.0 
68.00079058235988 NaN 10.0 10.0 0.0 0.0 0.0 
70.00079058235988 NaN 10.0 10.0 0.0 0.0 0.0 
72.00079058235988 NaN 11.0 11.0 0.0 0.0 0.0 
74.00079058235988 NaN 11.0 11.0 0.0 0.0 0.0 
76.00079058235988 NaN 11.0 11.0 0.0 0.0 0.0 
78.00079058235988 NaN 11.0 11.0 0.0 0.0 0.0 
80.00079058235988 NaN 11.0 11.0 0.0 0.0 0.0 
82.00079058235988 NaN 11.0 11.0 0.0 0.0 0.0 
84.00079058235988 NaN 11.0 11.0 0.0 0.0 0.0 
86.00079058235988 NaN 11.0 11.0 0.0 0.0 0.0 
88.00079058235988 NaN 11.0 11.0 0.0 0.0 0.0 
90.00079058235988 NaN 11.0 11.0 0.0 0.0 0.0 
92.00079058235988 NaN 11.0 11.0 0.0 0.0 0.0 
94.00079058235988 NaN 11.0 11.0 0.0 0.0 0.0 
96.00079058235988 NaN 11.0 11.0 0.0 0.0 0.0 
98.00079058235988 NaN 12.0 12.0 0.0 0.0 0.0 
100.00079058235988 NaN 12.0 12.0 0.0 0.0 0.0 
102.00079058235988 NaN 12.0 12.0 0.0 0.0 0.0 
104.00079058235988 NaN 12.0 12.0 0.0 0.0 0.0 
106.00079058235988 NaN 12.0 12.0 0.0 0.0 0.0 
108.00079058235988 NaN 12.0 12.0 0.0 0.0 0.0 
110.00079058235988 NaN 13.0 13.0 0.0 0.0 0.0 
112.00079058235988 NaN 13.0 13.0 0.0 0.0 0.0 
114.00079058235988 NaN 13.0 13.0 0.0 0.0 0.0 
116.00079058235988 NaN 13.0 13.0 0.0 0.0 0.0 
118.00079058235988 NaN 13.0 13.0 0.0 0.0 0.0 
120.00079058235988 NaN 13.0 13.0 0.0 0.0 0.0 
122.00079058235988 NaN 13.0 13.0 0.0 0.0 0.0 
124.00079058235988 NaN 13.0 13.0 0.0 0.0 0.0 
126.00079058235988 NaN 13.0 13.0 0.0 0.0 0.0 
128.00079058235988 NaN 14.0 14.0 0.0 0.0 0.0 
130.00079058235988 NaN 14.0 14.0 0.0 0.0 0.0 
132.00079058235988 NaN 14.0 14.0 0.0 0.0 0.0 
134.00079058235988 30.0 13.0 14.0 0.0 1.0 120.0 
136.00079058235988 30.0 14.0 15.0 0.0 1.0 120.0 
138.00079058235988 30.0 14.0 16.0 0.0 1.0 120.0 
140.00079058235988 29.5 15.0 16.0 0.0 2.0 246.0 
142.00079058235988 29.5 15.0 17.0 0.0 2.0 246.0 
144.00079058235988 29.5 15.0 18.0 0.0 2.0 246.0 
146.00079058235988 29.5 16.0 18.0 0.0 2.0 246.0 
148.00079058235988 29.5 16.0 18.0 0.0 2.0 246.0 
150.00079058235988 29.5 16.0 18.0 0.0 2.0 246.0 
152.00079058235988 29.5 16.0 18.0 0.0 2.0 246.0 
154.00079058235988 29.5 17.0 19.0 0.0 2.0 246.0 
156.00079058235988 29.5 17.0 20.0 0.0 2.0 246.0 
158.00079058235988 29.666666666666668 18.0 20.0 0.0 3.0 389.0 
160.00079058235988 29.75 16.0 20.0 0.0 4.0 495.0 
162.00079058235988 29.75 16.0 20.0 0.0 4.0 495.0 
164.00079058235988 29.75 16.0 20.0 0.0 4.0 495.0 
166.00079058235988 29.75 16.0 20.0 0.0 4.0 495.0 
168.00079058235988 29.75 16.0 20.0 0.0 4.0 495.0 
170.00079058235988 29.75 16.0 20.0 0.0 4.0 495.0 
172.00079058235988 29.75 17.0 21.0 0.0 4.0 495.0 
174.00079058235988 29.75 17.0 21.0 0.0 4.0 495.0 
176.00079058235988 29.75 17.0 21.0 0.0 4.0 495.0 
178.00079058235988 29.75 17.0 21.0 0.0 4.0 495.0 
180.00079058235988 29.75 17.0 21.0 0.0 4.0 495.0 
182.00079058235988 29.75 17.0 21.0 0.0 4.0 495.0 
184.00079058235988 29.75 17.0 21.0 0.0 4.0 495.0 
186.00079058235988 29.75 17.0 21.0 0.0 4.0 495.0 
188.00079058235988 29.75 17.0 21.0 0.0 4.0 495.0 
190.00079058235988 29.75 18.0 23.0 0.0 4.0 495.0 
192.00079058235988 29.75 19.0 23.0 0.0 4.0 495.0 
194.00079058235988 29.75 19.0 23.0 0.0 4.0 495.0 
196.00079058235988 29.75 19.0 23.0 0.0 4.0 495.0 
198.00079058235988 29.75 19.0 23.0 0.0 4.0 495.0 
200.00079058235988 29.75 19.0 23.0 0.0 4.0 495.0 
202.00079058235988 29.75 19.0 23.0 0.0 4.0 495.0 
204.00079058235988 29.75 20.0 24.0 0.0 4.0 495.0 
206.00079058235988 29.75 21.0 25.0 0.0 4.0 495.0 
208.00079058235988 29.75 21.0 25.0 0.0 4.0 495.0 
210.00079058235988 29.75 22.0 26.0 0.0 4.0 495.0 
212.00079058235988 29.6 21.0 26.0 0.0 5.0 597.0 
214.00079058235988 29.6 22.0 27.0 0.0 5.0 597.0 
216.00079058235988 29.6 22.0 27.0 0.0 5.0 597.0 
218.00079058235988 29.6 22.0 27.0 0.0 5.0 597.0 
220.00079058235988 29.6 23.0 28.0 0.0 5.0 597.0 
222.00079058235988 29.6 23.0 28.0 0.0 5.0 597.0 
224.00079058235988 29.6 23.0 28.0 0.0 5.0 597.0 
226.00079058235988 29.6 23.0 28.0 0.0 5.0 597.0 
228.00079058235988 29.6 23.0 28.0 0.0 5.0 597.0 
230.00079058235988 29.666666666666668 23.0 28.0 0.0 6.0 700.0 
232.00079058235988 29.666666666666668 23.0 29.0 0.0 6.0 700.0 
234.00079058235988 29.666666666666668 23.0 29.0 0.0 6.0 700.0 
236.00079058235988 29.666666666666668 23.0 29.0 0.0 6.0 700.0 
238.00079058235988 29.571428571428573 23.0 29.0 0.0 7.0 803.0 
240.00079058235988 29.571428571428573 22.0 29.0 0.0 7.0 803.0 
242.00079058235988 29.5 21.0 29.0 0.0 8.0 906.0 
244.00079058235988 29.444444444444443 21.0 30.0 0.0 9.0 1008.0 
246.00079058235988 29.444444444444443 21.0 30.0 0.0 9.0 1008.0 
248.00079058235988 29.444444444444443 21.0 30.0 0.0 9.0 1008.0 
250.00079058235988 29.444444444444443 21.0 30.0 0.0 9.0 1008.0 
252.00079058235988 29.444444444444443 21.0 30.0 0.0 9.0 1008.0 
254.00079058235988 29.444444444444443 21.0 30.0 0.0 9.0 1008.0 
256.00079058235985 29.5 21.0 30.0 0.0 10.0 1110.0 
258.00079058235985 29.5 20.0 30.0 0.0 10.0 1110.0 
260.00079058235985 29.5 20.0 30.0 0.0 10.0 1110.0 
262.00079058235985 29.5 20.0 30.0 0.0 10.0 1110.0 
264.00079058235985 29.5 20.0 30.0 0.0 10.0 1110.0 
266.00079058235985 29.5 20.0 30.0 0.0 10.0 1110.0 
268.00079058235985 29.5 20.0 30.0 0.0 10.0 1110.0 
270.00079058235985 29.5 20.0 30.0 0.0 10.0 1110.0 
272.00079058235985 29.5 21.0 31.0 0.0 10.0 1110.0 
274.00079058235985 29.454545454545453 20.0 31.0 0.0 11.0 1361.0 
276.00079058235985 29.454545454545453 21.0 32.0 0.0 11.0 1361.0 
278.00079058235985 29.454545454545453 21.0 32.0 0.0 11.0 1361.0 
280.00079058235985 29.454545454545453 21.0 32.0 0.0 11.0 1361.0 
282.00079058235985 29.454545454545453 21.0 32.0 0.0 11.0 1361.0 
284.00079058235985 29.454545454545453 21.0 32.0 0.0 11.0 1361.0 
286.00079058235985 29.454545454545453 21.0 32.0 0.0 11.0 1361.0 
288.00079058235985 29.454545454545453 21.0 32.0 0.0 11.0 1361.0 
290.00079058235985 29.416666666666668 22.0 33.0 0.0 12.0 1624.0 
292.00079058235985 29.384615384615383 20.0 33.0 0.0 13.0 1726.0 
294.00079058235985 29.357142857142858 19.0 33.0 0.0 14.0 2007.0 
296.00079058235985 29.333333333333332 19.0 33.0 0.0 15.0 2113.0 
298.00079058235985 29.333333333333332 19.0 34.0 0.0 15.0 2113.0 
300.00079058235985 29.333333333333332 19.0 34.0 0.0 15.0 2113.0 
302.00079058235985 29.333333333333332 19.0 34.0 0.0 15.0 2113.0 
304.00079058235985 29.333333333333332 20.0 35.0 0.0 15.0 2113.0 
306.00079058235985 29.3125 19.0 35.0 0.0 16.0 2215.0 
308.00079058235985 29.294117647058822 20.0 37.0 0.0 17.0 2317.0 
310.00079058235985 29.294117647058822 20.0 37.0 0.0 17.0 2317.0 
312.00079058235985 29.263157894736842 20.0 37.0 0.0 19.0 2634.0 
314.00079058235985 29.263157894736842 18.0 37.0 0.0 19.0 2634.0 
316.00079058235985 29.263157894736842 19.0 38.0 0.0 19.0 2634.0 
318.00079058235985 29.263157894736842 19.0 38.0 0.0 19.0 2634.0 
320.00079058235985 29.263157894736842 19.0 38.0 0.0 19.0 2634.0 
322.00079058235985 29.25 20.0 39.0 0.0 20.0 2737.0 
324.00079058235985 29.25 19.0 39.0 0.0 20.0 2737.0 
326.00079058235985 29.25 19.0 39.0 0.0 20.0 2737.0 
328.00079058235985 29.25 19.0 39.0 0.0 20.0 2737.0 
330.00079058235985 29.25 19.0 39.0 0.0 20.0 2737.0 
332.00079058235985 29.25 19.0 40.0 0.0 20.0 2737.0 
334.00079058235985 29.25 20.0 40.0 0.0 20.0 2737.0 
336.00079058235985 29.25 20.0 40.0 0.0 20.0 2737.0 
338.00079058235985 29.25 20.0 40.0 0.0 20.0 2737.0 
340.00079058235985 29.25 20.0 40.0 0.0 20.0 2737.0 
342.00079058235985 29.25 20.0 40.0 0.0 20.0 2737.0 
344.00079058235985 29.238095238095237 20.0 40.0 0.0 21.0 3026.0 
346.00079058235985 29.238095238095237 19.0 40.0 0.0 21.0 3026.0 
348.00079058235985 29.238095238095237 19.0 40.0 0.0 21.0 3026.0 
350.00079058235985 29.238095238095237 19.0 40.0 0.0 21.0 3026.0 
352.00079058235985 29.238095238095237 19.0 40.0 0.0 21.0 3026.0 
354.00079058235985 29.238095238095237 20.0 41.0 0.0 21.0 3026.0 
356.00079058235985 29.238095238095237 20.0 41.0 0.0 21.0 3026.0 
358.00079058235985 29.238095238095237 20.0 41.0 0.0 21.0 3026.0 
360.00079058235985 29.238095238095237 21.0 43.0 0.0 21.0 3026.0 
362.00079058235985 29.238095238095237 22.0 44.0 0.0 21.0 3026.0 
364.00079058235985 29.238095238095237 23.0 44.0 0.0 21.0 3026.0 
366.00079058235985 29.238095238095237 23.0 44.0 0.0 21.0 3026.0 
368.00079058235985 29.238095238095237 23.0 44.0 0.0 21.0 3026.0 
370.00079058235985 29.238095238095237 23.0 44.0 0.0 21.0 3026.0 
372.00079058235985 29.238095238095237 23.0 44.0 0.0 21.0 3026.0 
374.00079058235985 29.227272727272727 22.0 44.0 0.0 22.0 3128.0 
376.00079058235985 29.217391304347824 21.0 44.0 0.0 23.0 3465.0 
378.00079058235985 30.47826086956522 20.0 45.0 0.0 24.0 3567.0 
380.00079058235985 30.47826086956522 21.0 45.0 0.0 24.0 3567.0 
382.00079058235985 30.47826086956522 21.0 45.0 0.0 24.0 3567.0 
384.00079058235985 30.47826086956522 21.0 45.0 0.0 24.0 3567.0 
386.00079058235985 30.47826086956522 22.0 46.0 0.0 24.0 3567.0 
388.00079058235985 30.47826086956522 22.0 48.0 0.0 24.0 3567.0 
390.00079058235985 30.47826086956522 24.0 48.0 0.0 24.0 3567.0 
392.00079058235985 30.416666666666668 24.0 48.0 0.0 25.0 3670.0 
394.00079058235985 30.416666666666668 23.0 48.0 0.0 25.0 3670.0 
396.00079058235985 30.416666666666668 23.0 48.0 0.0 25.0 3670.0 
398.00079058235985 30.416666666666668 23.0 48.0 0.0 25.0 3670.0 
400.00079058235985 30.36 22.0 48.0 0.0 26.0 3772.0 
402.00079058235985 30.36 22.0 48.0 0.0 26.0 3772.0 
404.00079058235985 30.36 23.0 49.0 0.0 26.0 3772.0 
406.00079058235985 30.36 23.0 49.0 0.0 26.0 3772.0 
408.00079058235985 30.36 23.0 49.0 0.0 26.0 3772.0 
410.00079058235985 31.52 22.0 49.0 0.0 27.0 3874.0 
412.00079058235985 31.423076923076923 22.0 50.0 0.0 28.0 3977.0 
414.00079058235985 31.333333333333332 23.0 51.0 0.0 29.0 4332.0 
416.00079058235985 31.333333333333332 22.0 51.0 0.0 29.0 4332.0 
418.00079058235985 31.25 22.0 51.0 0.0 30.0 4435.0 
420.00079058235985 31.25 21.0 51.0 0.0 30.0 4435.0 
422.00079058235985 31.25 21.0 51.0 0.0 30.0 4435.0 
424.00079058235985 31.17241379310345 20.0 51.0 0.0 31.0 4538.0 
426.00079058235985 31.1 20.0 52.0 0.0 32.0 4792.0 
428.00079058235985 31.1 20.0 52.0 0.0 32.0 4792.0 
430.00079058235985 31.1 20.0 52.0 0.0 32.0 4792.0 
432.00079058235985 31.1 20.0 53.0 0.0 32.0 4792.0 
434.00079058235985 31.1 22.0 54.0 0.0 32.0 4792.0 
436.00079058235985 32.06666666666667 21.0 54.0 0.0 33.0 4895.0 
438.00079058235985 32.06666666666667 21.0 54.0 0.0 33.0 4895.0 
440.00079058235985 32.06666666666667 21.0 54.0 0.0 33.0 4895.0 
442.00079058235985 32.06666666666667 21.0 54.0 0.0 33.0 4895.0 
444.00079058235985 32.06666666666667 21.0 54.0 0.0 33.0 4895.0 
446.00079058235985 32.06666666666667 21.0 54.0 0.0 33.0 4895.0 
448.00079058235985 32.06666666666667 21.0 54.0 0.0 33.0 4895.0 
450.00079058235985 32.06666666666667 21.0 54.0 0.0 33.0 4895.0 
452.00079058235985 32.06666666666667 21.0 54.0 0.0 33.0 4895.0 
454.00079058235985 32.06666666666667 21.0 55.0 0.0 33.0 4895.0 
456.00079058235985 32.06666666666667 22.0 55.0 0.0 33.0 4895.0 
458.00079058235985 31.967741935483872 22.0 55.0 0.0 34.0 5122.0 
460.00079058235985 31.967741935483872 22.0 56.0 0.0 34.0 5122.0 
462.00079058235985 31.875 21.0 56.0 0.0 35.0 5224.0 
464.00079058235985 31.78787878787879 20.0 56.0 0.0 36.0 5327.0 
466.00079058235985 32.666666666666664 21.0 58.0 0.0 37.0 5430.0 
468.00079058235985 32.666666666666664 21.0 58.0 0.0 37.0 5430.0 
470.00079058235985 32.666666666666664 21.0 58.0 0.0 37.0 5430.0 
472.00079058235985 32.666666666666664 21.0 58.0 0.0 37.0 5430.0 
474.00079058235985 32.666666666666664 21.0 58.0 0.0 37.0 5430.0 
476.00079058235985 32.666666666666664 21.0 58.0 0.0 37.0 5430.0 
478.00079058235985 32.666666666666664 21.0 58.0 0.0 37.0 5430.0 
480.00079058235985 32.666666666666664 21.0 58.0 0.0 37.0 5430.0 
482.00079058235985 32.55882352941177 21.0 59.0 0.0 38.0 5533.0 
484.00079058235985 32.55882352941177 21.0 59.0 0.0 38.0 5533.0 
486.00079058235985 32.55882352941177 21.0 59.0 0.0 38.0 5533.0 
488.00079058235985 33.411764705882355 20.0 59.0 0.0 39.0 5635.0 
490.00079058235985 33.411764705882355 20.0 59.0 0.0 39.0 5635.0 
492.00079058235985 33.285714285714285 19.0 59.0 0.0 40.0 5738.0 
494.00079058235985 33.285714285714285 19.0 59.0 0.0 40.0 5738.0 
496.00079058235985 33.285714285714285 19.0 59.0 0.0 40.0 5738.0 
498.00079058235985 33.285714285714285 19.0 60.0 0.0 40.0 5738.0 
500.00079058235985 33.285714285714285 20.0 60.0 0.0 40.0 5738.0 
502.00079058235985 33.285714285714285 20.0 60.0 0.0 40.0 5738.0 
504.00079058235985 33.285714285714285 22.0 62.0 0.0 40.0 5738.0 
506.00079058235985 33.166666666666664 22.0 62.0 0.0 41.0 5840.0 
508.00079058235985 33.166666666666664 21.0 62.0 0.0 41.0 5840.0 
510.00079058235985 33.166666666666664 21.0 62.0 0.0 41.0 5840.0 
512.0007905823599 33.166666666666664 22.0 63.0 0.0 41.0 5840.0 
514.0007905823599 33.054054054054056 22.0 63.0 0.0 42.0 5943.0 
516.0007905823599 32.94736842105263 21.0 63.0 0.0 43.0 6046.0 
518.0007905823599 32.94736842105263 20.0 63.0 0.0 43.0 6046.0 
520.0007905823599 32.94736842105263 21.0 64.0 0.0 43.0 6046.0 
522.0007905823599 32.94736842105263 22.0 65.0 0.0 43.0 6046.0 
524.0007905823599 32.94736842105263 22.0 65.0 0.0 43.0 6046.0 
526.0007905823599 32.94736842105263 22.0 65.0 0.0 43.0 6046.0 
528.0007905823599 32.84615384615385 22.0 65.0 0.0 44.0 6149.0 
530.0007905823599 32.84615384615385 21.0 65.0 0.0 44.0 6149.0 
532.0007905823599 32.84615384615385 21.0 65.0 0.0 44.0 6149.0 
534.0007905823599 32.84615384615385 21.0 65.0 0.0 44.0 6149.0 
536.0007905823599 32.65853658536585 20.0 65.0 0.0 46.0 6355.0 
538.0007905823599 32.65853658536585 19.0 65.0 0.0 46.0 6355.0 
540.0007905823599 32.65853658536585 20.0 66.0 0.0 46.0 6355.0 
542.0007905823599 32.65853658536585 20.0 66.0 0.0 46.0 6355.0 
544.0007905823599 32.65853658536585 20.0 66.0 0.0 46.0 6355.0 
546.0007905823599 32.65853658536585 20.0 66.0 0.0 46.0 6355.0 
548.0007905823599 32.65853658536585 20.0 66.0 0.0 46.0 6355.0 
550.0007905823599 32.65853658536585 20.0 66.0 0.0 46.0 6355.0 
552.0007905823599 32.65853658536585 20.0 66.0 0.0 46.0 6355.0 
554.0007905823599 32.65853658536585 20.0 66.0 0.0 46.0 6355.0 
556.0007905823599 32.65853658536585 20.0 66.0 0.0 46.0 6355.0 
558.0007905823599 32.57142857142857 19.0 66.0 0.0 47.0 6458.0 
560.0007905823599 32.57142857142857 19.0 66.0 0.0 47.0 6458.0 
562.0007905823599 32.48837209302326 19.0 66.0 0.0 48.0 6560.0 
564.0007905823599 32.48837209302326 18.0 66.0 0.0 48.0 6560.0 
566.0007905823599 32.48837209302326 18.0 66.0 0.0 48.0 6560.0 
568.0007905823599 32.333333333333336 18.0 67.0 0.0 50.0 6764.0 
570.0007905823599 32.333333333333336 18.0 68.0 0.0 50.0 6764.0 
572.0007905823599 32.333333333333336 18.0 68.0 0.0 50.0 6764.0 
574.0007905823599 32.333333333333336 18.0 68.0 0.0 50.0 6764.0 
576.0007905823599 32.333333333333336 19.0 69.0 0.0 50.0 6764.0 
578.0007905823599 32.333333333333336 19.0 69.0 0.0 50.0 6764.0 
580.0007905823599 32.333333333333336 19.0 69.0 0.0 50.0 6764.0 
582.0007905823599 32.26086956521739 19.0 69.0 0.0 51.0 6993.0 
584.0007905823599 32.191489361702125 19.0 70.0 0.0 52.0 7095.0 
586.0007905823599 32.191489361702125 18.0 70.0 0.0 52.0 7095.0 
588.0007905823599 32.191489361702125 18.0 70.0 0.0 52.0 7095.0 
590.0007905823599 32.191489361702125 18.0 70.0 0.0 52.0 7095.0 
592.0007905823599 32.191489361702125 18.0 70.0 0.0 52.0 7095.0 
594.0007905823599 32.191489361702125 18.0 70.0 0.0 52.0 7095.0 
596.0007905823599 32.191489361702125 18.0 70.0 0.0 52.0 7095.0 
598.0007905823599 32.191489361702125 19.0 71.0 0.0 52.0 7095.0 
600.0007905823599 32.191489361702125 20.0 72.0 0.0 52.0 7095.0 
602.0007905823599 32.808510638297875 19.0 72.0 0.0 53.0 7198.0 
604.0007905823599 32.808510638297875 20.0 73.0 0.0 53.0 7198.0 
606.0007905823599 33.42553191489362 19.0 73.0 0.0 54.0 7300.0 
608.0007905823599 33.42553191489362 19.0 74.0 0.0 54.0 7300.0 
610.0007905823599 33.42553191489362 20.0 74.0 0.0 54.0 7300.0 
612.0007905823599 33.42553191489362 20.0 74.0 0.0 54.0 7300.0 
614.0007905823599 33.333333333333336 19.0 74.0 0.0 55.0 7757.0 
616.0007905823599 33.333333333333336 19.0 74.0 0.0 55.0 7757.0 
618.0007905823599 33.333333333333336 20.0 75.0 0.0 55.0 7757.0 
620.0007905823599 33.333333333333336 21.0 76.0 0.0 55.0 7757.0 
622.0007905823599 33.244897959183675 21.0 76.0 0.0 56.0 7860.0 
624.0007905823599 33.16 19.0 76.0 0.0 57.0 7962.0 
626.0007905823599 33.16 19.0 76.0 0.0 57.0 7962.0 
628.0007905823599 33.16 20.0 77.0 0.0 57.0 7962.0 
630.0007905823599 33.16 20.0 77.0 0.0 57.0 7962.0 
632.0007905823599 33.16 20.0 77.0 0.0 57.0 7962.0 
634.0007905823599 33.16 20.0 77.0 0.0 57.0 7962.0 
636.0007905823599 33.16 20.0 77.0 0.0 57.0 7962.0 
638.0007905823599 33.16 21.0 78.0 0.0 57.0 7962.0 
640.0007905823599 33.16 21.0 78.0 0.0 57.0 7962.0 
642.0007905823599 33.739999999999995 22.0 79.0 0.0 58.0 8065.0 
644.0007905823599 33.739999999999995 21.0 79.0 0.0 58.0 8065.0 
646.0007905823599 33.739999999999995 21.0 79.0 0.0 58.0 8065.0 
648.0007905823599 33.739999999999995 21.0 79.0 0.0 58.0 8065.0 
650.0007905823599 33.739999999999995 22.0 80.0 0.0 58.0 8065.0 
652.0007905823599 33.739999999999995 22.0 80.0 0.0 58.0 8065.0 
654.0007905823599 33.739999999999995 22.0 80.0 0.0 58.0 8065.0 
656.0007905823599 33.739999999999995 22.0 80.0 0.0 58.0 8065.0 
658.0007905823599 33.739999999999995 22.0 80.0 0.0 58.0 8065.0 
660.0007905823599 33.739999999999995 22.0 80.0 0.0 58.0 8065.0 
662.0007905823599 33.739999999999995 22.0 81.0 0.0 58.0 8065.0 
664.0007905823599 33.739999999999995 23.0 81.0 0.0 58.0 8065.0 
666.0007905823599 33.739999999999995 23.0 81.0 0.0 58.0 8065.0 
668.0007905823599 33.739999999999995 23.0 81.0 0.0 58.0 8065.0 
670.0007905823599 33.647058823529406 23.0 81.0 0.0 59.0 8168.0 
672.0007905823599 33.55769230769231 21.0 82.0 0.0 60.0 8270.0 
674.0007905823599 33.55769230769231 22.0 82.0 0.0 60.0 8270.0 
676.0007905823599 33.55769230769231 23.0 83.0 0.0 60.0 8270.0 
678.0007905823599 33.47169811320755 23.0 83.0 0.0 61.0 8373.0 
680.0007905823599 33.47169811320755 22.0 83.0 0.0 61.0 8373.0 
682.0007905823599 33.47169811320755 23.0 84.0 0.0 61.0 8373.0 
684.0007905823599 33.47169811320755 23.0 84.0 0.0 61.0 8373.0 
686.0007905823599 34.0188679245283 24.0 85.0 0.0 62.0 8475.0 
688.0007905823599 34.0188679245283 23.0 85.0 0.0 62.0 8475.0 
690.0007905823599 34.0188679245283 23.0 85.0 0.0 62.0 8475.0 
692.0007905823599 34.0188679245283 23.0 85.0 0.0 62.0 8475.0 
694.0007905823599 34.0188679245283 23.0 85.0 0.0 62.0 8475.0 
696.0007905823599 34.0188679245283 23.0 85.0 0.0 62.0 8475.0 
698.0007905823599 34.0188679245283 24.0 86.0 0.0 62.0 8475.0 
700.0007905823599 34.56603773584906 24.0 86.0 0.0 63.0 8578.0 
702.0007905823599 35.11320754716981 23.0 86.0 0.0 64.0 8681.0 
704.0007905823599 35.11320754716981 23.0 87.0 0.0 64.0 8681.0 
706.0007905823599 35.0 22.0 87.0 0.0 65.0 8783.0 
708.0007905823599 35.0 22.0 87.0 0.0 65.0 8783.0 
710.0007905823599 35.0 22.0 87.0 0.0 65.0 8783.0 
712.0007905823599 35.0 22.0 87.0 0.0 65.0 8783.0 
714.0007905823599 35.0 22.0 87.0 0.0 65.0 8783.0 
716.0007905823599 35.0 22.0 87.0 0.0 65.0 8783.0 
718.0007905823599 35.0 22.0 87.0 0.0 65.0 8783.0 
720.0007905823599 34.89090909090909 22.0 87.0 0.0 66.0 8886.0 
722.0007905823599 34.785714285714285 23.0 89.0 0.0 67.0 8989.0 
724.0007905823599 34.785714285714285 22.0 89.0 0.0 67.0 8989.0 
726.0007905823599 34.785714285714285 22.0 89.0 0.0 67.0 8989.0 
728.0007905823599 34.785714285714285 23.0 90.0 0.0 67.0 8989.0 
730.0007905823599 35.30357142857143 22.0 90.0 0.0 68.0 9091.0 
732.0007905823599 35.30357142857143 23.0 91.0 0.0 68.0 9091.0 
734.0007905823599 35.30357142857143 23.0 91.0 0.0 68.0 9091.0 
736.0007905823599 35.30357142857143 23.0 91.0 0.0 68.0 9091.0 
738.0007905823599 35.30357142857143 23.0 91.0 0.0 68.0 9091.0 
740.0007905823599 35.82142857142857 22.0 91.0 0.0 69.0 9193.0 
742.0007905823599 35.70175438596491 21.0 91.0 0.0 70.0 9423.0 
744.0007905823599 35.58620689655172 22.0 92.0 0.0 71.0 9526.0 
746.0007905823599 36.08620689655172 21.0 92.0 0.0 72.0 9664.0 
748.0007905823599 36.08620689655172 20.0 92.0 0.0 72.0 9664.0 
750.0007905823599 36.08620689655172 20.0 92.0 0.0 72.0 9664.0 
752.0007905823599 36.58620689655172 20.0 92.0 0.0 73.0 9766.0 
754.0007905823599 36.58620689655172 19.0 92.0 0.0 73.0 9766.0 
756.0007905823599 36.58620689655172 19.0 93.0 0.0 73.0 9766.0 
758.0007905823599 36.58620689655172 20.0 93.0 0.0 73.0 9766.0 
760.0007905823599 36.58620689655172 20.0 93.0 0.0 73.0 9766.0 
762.0007905823599 36.58620689655172 20.0 93.0 0.0 73.0 9766.0 
764.0007905823599 36.58620689655172 20.0 93.0 0.0 73.0 9766.0 
766.0007905823599 36.45762711864407 19.0 93.0 0.0 74.0 9869.0 
768.0007905823599 36.45762711864407 19.0 93.0 0.0 74.0 9869.0 
770.0007905823599 36.45762711864407 19.0 93.0 0.0 74.0 9869.0 
772.0007905823599 36.45762711864407 19.0 93.0 0.0 74.0 9869.0 
774.0007905823599 36.45762711864407 19.0 93.0 0.0 74.0 9869.0 
776.0007905823599 36.45762711864407 19.0 93.0 0.0 74.0 9869.0 
778.0007905823599 36.333333333333336 19.0 93.0 0.0 75.0 9972.0 
780.0007905823599 36.333333333333336 18.0 93.0 0.0 75.0 9972.0 
782.0007905823599 36.333333333333336 18.0 93.0 0.0 75.0 9972.0 
784.0007905823599 36.21311475409836 17.0 93.0 0.0 76.0 10074.0 
786.0007905823599 36.21311475409836 17.0 94.0 0.0 76.0 10074.0 
788.0007905823599 36.704918032786885 18.0 95.0 0.0 77.0 10177.0 
790.0007905823599 36.704918032786885 18.0 95.0 0.0 77.0 10177.0 
792.0007905823599 36.704918032786885 18.0 95.0 0.0 77.0 10177.0 
794.0007905823599 36.704918032786885 19.0 96.0 0.0 77.0 10177.0 
796.0007905823599 36.596774193548384 19.0 96.0 0.0 78.0 10760.0 
798.0007905823599 36.596774193548384 18.0 96.0 0.0 78.0 10760.0 
800.0007905823599 36.476190476190474 18.0 97.0 0.0 79.0 10862.0 
802.0007905823599 36.476190476190474 18.0 97.0 0.0 79.0 10862.0 
804.0007905823599 36.476190476190474 18.0 97.0 0.0 79.0 10862.0 
806.0007905823599 36.93650793650794 18.0 97.0 0.0 80.0 10964.0 
808.0007905823599 36.93650793650794 18.0 98.0 0.0 80.0 10964.0 
810.0007905823599 36.93650793650794 18.0 98.0 0.0 80.0 10964.0 
812.0007905823599 36.93650793650794 18.0 98.0 0.0 80.0 10964.0 
814.0007905823599 36.93650793650794 20.0 100.0 0.0 80.0 10964.0 
816.0007905823599 36.93650793650794 20.0 100.0 0.0 80.0 10964.0 
818.0007905823599 36.93650793650794 21.0 101.0 0.0 80.0 10964.0 
820.0007905823599 36.93650793650794 23.0 103.0 0.0 80.0 10964.0 
822.0007905823599 36.93650793650794 23.0 103.0 0.0 80.0 10964.0 
824.0007905823599 36.69230769230769 23.0 104.0 0.0 82.0 11169.0 
826.0007905823599 36.69230769230769 22.0 104.0 0.0 82.0 11169.0 
828.0007905823599 36.69230769230769 22.0 104.0 0.0 82.0 11169.0 
830.0007905823599 36.57575757575758 22.0 104.0 0.0 83.0 11272.0 
832.0007905823599 36.57575757575758 21.0 104.0 0.0 83.0 11272.0 
834.0007905823599 36.57575757575758 21.0 104.0 0.0 83.0 11272.0 
836.0007905823599 36.57575757575758 21.0 104.0 0.0 83.0 11272.0 
838.0007905823599 36.57575757575758 21.0 104.0 0.0 83.0 11272.0 
840.0007905823599 36.57575757575758 21.0 104.0 0.0 83.0 11272.0 
842.0007905823599 36.57575757575758 21.0 104.0 0.0 83.0 11272.0 
844.0007905823599 36.57575757575758 21.0 104.0 0.0 83.0 11272.0 
846.0007905823599 36.92537313432835 20.0 104.0 0.0 85.0 12148.0 
848.0007905823599 36.92537313432835 19.0 104.0 0.0 85.0 12148.0 
850.0007905823599 36.92537313432835 20.0 105.0 0.0 85.0 12148.0 
852.0007905823599 36.92537313432835 21.0 106.0 0.0 85.0 12148.0 
854.0007905823599 36.92537313432835 21.0 106.0 0.0 85.0 12148.0 
856.0007905823599 36.92537313432835 21.0 106.0 0.0 85.0 12148.0 
858.0007905823599 36.92537313432835 21.0 106.0 0.0 85.0 12148.0 
860.0007905823599 37.35820895522387 20.0 106.0 0.0 86.0 12251.0 
862.0007905823599 37.35820895522387 20.0 106.0 0.0 86.0 12251.0 
864.0007905823599 37.35820895522387 20.0 106.0 0.0 86.0 12251.0 
866.0007905823599 37.35820895522387 20.0 106.0 0.0 86.0 12251.0 
868.0007905823599 37.35820895522387 20.0 106.0 0.0 86.0 12251.0 
870.0007905823599 37.35820895522387 20.0 106.0 0.0 86.0 12251.0 
872.0007905823599 37.35820895522387 20.0 107.0 0.0 86.0 12251.0 
874.0007905823599 37.35820895522387 21.0 107.0 0.0 86.0 12251.0 
876.0007905823599 37.35820895522387 21.0 107.0 0.0 86.0 12251.0 
878.0007905823599 37.35820895522387 22.0 108.0 0.0 86.0 12251.0 
880.0007905823599 37.35820895522387 22.0 108.0 0.0 86.0 12251.0 
882.0007905823599 37.35820895522387 22.0 108.0 0.0 86.0 12251.0 
884.0007905823599 37.35820895522387 22.0 108.0 0.0 86.0 12251.0 
886.0007905823599 37.35820895522387 22.0 108.0 0.0 86.0 12251.0 
888.0007905823599 37.35820895522387 22.0 108.0 0.0 86.0 12251.0 
890.0007905823599 37.791044776119406 21.0 108.0 0.0 87.0 12354.0 
892.0007905823599 37.661764705882355 20.0 108.0 0.0 88.0 12457.0 
894.0007905823599 37.661764705882355 21.0 110.0 0.0 88.0 12457.0 
896.0007905823599 38.088235294117645 22.0 111.0 0.0 89.0 12559.0 
898.0007905823599 38.088235294117645 23.0 113.0 0.0 89.0 12559.0 
900.0007905823599 38.088235294117645 24.0 113.0 0.0 89.0 12559.0 
#####################################################################
# End of data export. Simulation finished at: 2020-01-20T08:16+0000 #
#####################################################################
