#####################################################################
# Alchemist log file - simulation started at: 2020-01-25T22:18+0000 #
#####################################################################
# seed = 43.0, taskFrequency = 0.00316, cloudcost = 3.0, algorithm = false
#
# The columns have the following meaning: 
# time taskHops[Mean] hasTask[Sum] tasks[Sum] completedTasks[Sum] giveupTasks[Sum] taskLatency[Sum] 
0.0 NaN 0.0 0.0 0.0 0.0 0.0 
2.00176918288692 NaN 0.0 1.0 0.0 0.0 0.0 
4.00176918288692 NaN 2.0 2.0 0.0 0.0 0.0 
6.00176918288692 NaN 3.0 3.0 0.0 0.0 0.0 
8.001769182886921 NaN 3.0 3.0 0.0 0.0 0.0 
10.001769182886921 NaN 5.0 5.0 0.0 0.0 0.0 
12.001769182886921 NaN 6.0 8.0 0.0 0.0 0.0 
14.001769182886921 NaN 8.0 8.0 0.0 0.0 0.0 
16.00176918288692 NaN 11.0 11.0 0.0 0.0 0.0 
18.00176918288692 NaN 11.0 11.0 0.0 0.0 0.0 
20.00176918288692 NaN 11.0 11.0 0.0 0.0 0.0 
22.00176918288692 NaN 12.0 13.0 0.0 0.0 0.0 
24.00176918288692 NaN 14.0 14.0 0.0 0.0 0.0 
26.00176918288692 NaN 15.0 16.0 0.0 0.0 0.0 
28.00176918288692 NaN 16.0 16.0 0.0 0.0 0.0 
30.00176918288692 NaN 16.0 17.0 0.0 0.0 0.0 
32.00176918288692 NaN 17.0 17.0 0.0 0.0 0.0 
34.00176918288692 NaN 17.0 17.0 0.0 0.0 0.0 
36.00176918288692 NaN 18.0 19.0 0.0 0.0 0.0 
38.00176918288692 NaN 20.0 20.0 0.0 0.0 0.0 
40.00176918288692 NaN 21.0 21.0 0.0 0.0 0.0 
42.00176918288692 NaN 21.0 22.0 0.0 0.0 0.0 
44.00176918288692 NaN 22.0 22.0 0.0 0.0 0.0 
46.00176918288692 NaN 23.0 24.0 0.0 0.0 0.0 
48.00176918288692 NaN 25.0 25.0 0.0 0.0 0.0 
50.00176918288692 NaN 25.0 25.0 0.0 0.0 0.0 
52.00176918288692 NaN 25.0 26.0 0.0 0.0 0.0 
54.00176918288692 NaN 27.0 27.0 0.0 0.0 0.0 
56.00176918288692 NaN 28.0 29.0 0.0 0.0 0.0 
58.00176918288692 NaN 31.0 31.0 0.0 0.0 0.0 
60.00176918288692 NaN 31.0 31.0 0.0 0.0 0.0 
62.00176918288692 NaN 32.0 33.0 0.0 0.0 0.0 
64.00176918288692 NaN 34.0 34.0 0.0 0.0 0.0 
66.00176918288692 NaN 34.0 34.0 0.0 0.0 0.0 
68.00176918288692 NaN 35.0 35.0 0.0 0.0 0.0 
70.00176918288692 NaN 36.0 36.0 0.0 0.0 0.0 
72.00176918288692 NaN 37.0 37.0 0.0 0.0 0.0 
74.00176918288692 NaN 37.0 38.0 0.0 0.0 0.0 
76.00176918288692 NaN 39.0 39.0 0.0 0.0 0.0 
78.00176918288692 NaN 40.0 40.0 0.0 0.0 0.0 
80.00176918288692 NaN 41.0 41.0 0.0 0.0 0.0 
82.00176918288692 NaN 41.0 41.0 0.0 0.0 0.0 
84.00176918288692 NaN 42.0 42.0 0.0 0.0 0.0 
86.00176918288692 NaN 42.0 42.0 0.0 0.0 0.0 
88.00176918288692 NaN 42.0 42.0 0.0 0.0 0.0 
90.00176918288692 NaN 42.0 42.0 0.0 0.0 0.0 
92.00176918288692 NaN 42.0 42.0 0.0 0.0 0.0 
94.00176918288692 NaN 43.0 43.0 0.0 0.0 0.0 
96.00176918288692 NaN 44.0 44.0 0.0 0.0 0.0 
98.00176918288692 NaN 46.0 46.0 0.0 0.0 0.0 
100.00176918288692 NaN 46.0 46.0 0.0 0.0 0.0 
102.00176918288692 NaN 47.0 47.0 0.0 0.0 0.0 
104.00176918288692 NaN 48.0 48.0 0.0 0.0 0.0 
106.00176918288692 NaN 48.0 48.0 0.0 0.0 0.0 
108.00176918288692 NaN 49.0 49.0 0.0 0.0 0.0 
110.00176918288692 NaN 49.0 49.0 0.0 0.0 0.0 
112.00176918288692 3.0 48.0 49.0 0.0 1.0 109.0 
114.00176918288692 3.0 48.0 49.0 0.0 1.0 109.0 
116.00176918288692 3.0 49.0 50.0 0.0 1.0 109.0 
118.00176918288692 3.0 48.0 51.0 0.0 3.0 313.0 
120.00176918288692 3.0 48.0 51.0 0.0 3.0 313.0 
122.00176918288692 3.0 49.0 52.0 0.0 4.0 423.0 
124.00176918288692 3.0 47.0 52.0 0.0 5.0 525.0 
126.00176918288692 3.0 48.0 53.0 0.0 8.0 865.0 
128.0017691828869 3.0 44.0 53.0 0.0 9.0 983.0 
130.0017691828869 3.0 42.0 53.0 0.0 11.0 1203.0 
132.0017691828869 3.0 42.0 53.0 0.0 11.0 1203.0 
134.0017691828869 3.0 41.0 54.0 0.0 12.0 1306.0 
136.0017691828869 3.0 42.0 54.0 0.0 12.0 1306.0 
138.0017691828869 3.0 43.0 55.0 0.0 13.0 1409.0 
140.0017691828869 3.0 41.0 55.0 0.0 14.0 1522.0 
142.0017691828869 3.0 41.0 55.0 0.0 15.0 1624.0 
144.0017691828869 3.0 42.0 57.0 0.0 15.0 1624.0 
146.0017691828869 3.0 41.0 57.0 0.0 16.0 1727.0 
148.0017691828869 3.0 41.0 57.0 0.0 18.0 1968.0 
150.0017691828869 3.0 40.0 59.0 0.0 20.0 2209.0 
152.0017691828869 3.0 40.0 60.0 0.0 21.0 2314.0 
154.0017691828869 3.0 41.0 62.0 0.0 21.0 2314.0 
156.0017691828869 3.0 41.0 62.0 0.0 21.0 2314.0 
158.0017691828869 3.0 41.0 62.0 0.0 23.0 2569.0 
160.0017691828869 3.0 38.0 62.0 0.0 26.0 2876.0 
162.0017691828869 3.0 37.0 63.0 0.0 26.0 2876.0 
164.0017691828869 3.0 37.0 64.0 0.0 27.0 2979.0 
166.0017691828869 3.0 36.0 65.0 0.0 29.0 3184.0 
168.0017691828869 3.0 36.0 65.0 0.0 29.0 3184.0 
170.0017691828869 3.0 36.0 65.0 0.0 30.0 3286.0 
172.0017691828869 3.0 35.0 65.0 0.0 31.0 3388.0 
174.0017691828869 3.0 33.0 66.0 0.0 32.0 3490.0 
176.0017691828869 3.0 35.0 67.0 0.0 32.0 3490.0 
178.0017691828869 3.0 35.0 67.0 0.0 33.0 3593.0 
180.0017691828869 3.0 33.0 67.0 0.0 35.0 3821.0 
182.0017691828869 3.0 32.0 68.0 0.0 36.0 3923.0 
184.0017691828869 3.0 32.0 68.0 0.0 36.0 3923.0 
186.0017691828869 3.0 33.0 69.0 0.0 37.0 4026.0 
188.0017691828869 3.0 32.0 69.0 0.0 37.0 4026.0 
190.0017691828869 3.0 32.0 69.0 0.0 37.0 4026.0 
192.0017691828869 3.0 32.0 69.0 0.0 37.0 4026.0 
194.0017691828869 3.0 32.0 69.0 0.0 37.0 4026.0 
196.0017691828869 3.0 33.0 70.0 0.0 37.0 4026.0 
198.0017691828869 3.0 33.0 71.0 0.0 38.0 4128.0 
200.0017691828869 3.0 33.0 72.0 0.0 40.0 4332.0 
202.0017691828869 3.0 32.0 73.0 0.0 40.0 4332.0 
204.0017691828869 3.0 34.0 75.0 0.0 41.0 4435.0 
206.0017691828869 3.0 35.0 77.0 0.0 41.0 4435.0 
208.0017691828869 3.0 36.0 77.0 0.0 41.0 4435.0 
210.0017691828869 3.0 36.0 78.0 0.0 42.0 4537.0 
212.0017691828869 3.0 36.0 79.0 0.0 42.0 4537.0 
214.0017691828869 3.0 39.0 81.0 0.0 42.0 4537.0 
216.0017691828869 3.0 39.0 81.0 0.0 42.0 4537.0 
218.0017691828869 3.0 39.0 81.0 0.0 43.0 4640.0 
220.0017691828869 3.0 38.0 81.0 0.0 44.0 4742.0 
222.0017691828869 3.0 38.0 82.0 0.0 44.0 4742.0 
224.0017691828869 3.0 38.0 82.0 0.0 44.0 4742.0 
226.0017691828869 3.0 38.0 82.0 0.0 44.0 4742.0 
228.0017691828869 3.0 38.0 82.0 0.0 45.0 4844.0 
230.0017691828869 3.0 37.0 82.0 0.0 45.0 4844.0 
232.0017691828869 3.0 37.0 82.0 0.0 45.0 4844.0 
234.0017691828869 3.0 37.0 82.0 0.0 45.0 4844.0 
236.0017691828869 3.0 38.0 83.0 0.0 45.0 4844.0 
238.0017691828869 3.0 38.0 84.0 0.0 46.0 4947.0 
240.0017691828869 3.0 39.0 85.0 0.0 47.0 5049.0 
242.0017691828869 3.0 38.0 86.0 0.0 48.0 5197.0 
244.0017691828869 3.0 38.0 87.0 0.0 49.0 5338.0 
246.0017691828869 3.0 37.0 87.0 0.0 51.0 5671.0 
248.0017691828869 3.0 37.0 88.0 0.0 51.0 5671.0 
250.0017691828869 3.0 37.0 88.0 0.0 52.0 5869.0 
252.0017691828869 3.0 35.0 88.0 0.0 54.0 6073.0 
254.0017691828869 3.0555555555555554 34.0 88.0 0.0 55.0 6176.0 
256.0017691828869 3.0545454545454547 33.0 88.0 0.0 56.0 6278.0 
258.0017691828869 3.0545454545454547 33.0 89.0 0.0 56.0 6278.0 
260.0017691828869 3.0545454545454547 33.0 89.0 0.0 56.0 6278.0 
262.0017691828869 3.0545454545454547 35.0 91.0 0.0 56.0 6278.0 
264.0017691828869 3.0535714285714284 36.0 92.0 0.0 57.0 6381.0 
266.0017691828869 3.0535714285714284 35.0 92.0 0.0 57.0 6381.0 
268.0017691828869 3.1052631578947367 33.0 92.0 0.0 59.0 6586.0 
270.0017691828869 3.1052631578947367 33.0 92.0 0.0 59.0 6586.0 
272.0017691828869 3.103448275862069 34.0 93.0 0.0 60.0 6784.0 
274.0017691828869 3.103448275862069 34.0 94.0 0.0 60.0 6784.0 
276.0017691828869 3.103448275862069 35.0 95.0 0.0 60.0 6784.0 
278.0017691828869 3.1 34.0 95.0 0.0 62.0 6989.0 
280.0017691828869 3.1 34.0 96.0 0.0 62.0 6989.0 
282.0017691828869 3.1 34.0 97.0 0.0 62.0 6989.0 
284.0017691828869 3.098360655737705 35.0 97.0 0.0 63.0 7091.0 
286.0017691828869 3.098360655737705 34.0 97.0 0.0 63.0 7091.0 
288.0017691828869 3.096774193548387 34.0 97.0 0.0 64.0 7193.0 
290.0017691828869 3.096774193548387 33.0 97.0 0.0 64.0 7193.0 
292.0017691828869 3.096774193548387 33.0 97.0 0.0 64.0 7193.0 
294.0017691828869 3.096774193548387 33.0 97.0 0.0 64.0 7193.0 
296.0017691828869 3.096774193548387 33.0 97.0 0.0 64.0 7193.0 
298.0017691828869 3.0952380952380953 33.0 97.0 0.0 65.0 7295.0 
300.0017691828869 3.0952380952380953 33.0 98.0 0.0 65.0 7295.0 
302.0017691828869 3.0952380952380953 33.0 98.0 0.0 65.0 7295.0 
304.0017691828869 3.0952380952380953 34.0 99.0 0.0 65.0 7295.0 
306.0017691828869 3.0923076923076924 33.0 100.0 0.0 67.0 7501.0 
308.0017691828869 3.1384615384615384 33.0 101.0 0.0 68.0 7603.0 
310.0017691828869 3.1343283582089554 32.0 101.0 0.0 70.0 7895.0 
312.0017691828869 3.1323529411764706 32.0 103.0 0.0 71.0 7998.0 
314.0017691828869 3.1323529411764706 35.0 106.0 0.0 71.0 7998.0 
316.0017691828869 3.1285714285714286 35.0 107.0 0.0 73.0 8204.0 
318.0017691828869 3.1285714285714286 34.0 107.0 0.0 73.0 8204.0 
320.0017691828869 3.1285714285714286 34.0 107.0 0.0 73.0 8204.0 
322.0017691828869 3.1285714285714286 34.0 107.0 0.0 73.0 8204.0 
324.0017691828869 3.1267605633802815 34.0 107.0 0.0 74.0 8306.0 
326.0017691828869 3.1267605633802815 33.0 107.0 0.0 74.0 8306.0 
328.0017691828869 3.1267605633802815 33.0 107.0 0.0 74.0 8306.0 
330.0017691828869 3.1267605633802815 33.0 107.0 0.0 74.0 8306.0 
332.0017691828869 3.1267605633802815 33.0 107.0 0.0 74.0 8306.0 
334.0017691828869 3.1267605633802815 34.0 108.0 0.0 74.0 8306.0 
336.0017691828869 3.1267605633802815 34.0 109.0 0.0 74.0 8306.0 
338.0017691828869 3.1267605633802815 35.0 109.0 0.0 74.0 8306.0 
340.0017691828869 3.1690140845070425 35.0 109.0 0.0 75.0 8408.0 
342.0017691828869 3.211267605633803 33.0 109.0 0.0 76.0 8510.0 
344.0017691828869 3.25 33.0 109.0 0.0 78.0 8803.0 
346.0017691828869 3.25 31.0 109.0 0.0 78.0 8803.0 
348.0017691828869 3.291666666666667 30.0 109.0 0.0 79.0 8906.0 
350.0017691828869 3.333333333333333 31.0 110.0 0.0 80.0 9009.0 
352.0017691828869 3.333333333333333 32.0 112.0 0.0 80.0 9009.0 
354.0017691828869 3.333333333333333 32.0 113.0 0.0 80.0 9009.0 
356.0017691828869 3.333333333333333 33.0 113.0 0.0 80.0 9009.0 
358.0017691828869 3.333333333333333 35.0 116.0 0.0 80.0 9009.0 
360.0017691828869 3.416666666666667 35.0 117.0 0.0 82.0 9257.0 
362.0017691828869 3.416666666666667 35.0 118.0 0.0 82.0 9257.0 
364.0017691828869 3.452054794520548 35.0 118.0 0.0 84.0 9462.0 
366.0017691828869 3.493150684931507 34.0 118.0 0.0 85.0 9564.0 
368.0017691828869 3.493150684931507 34.0 120.0 0.0 85.0 9564.0 
370.0017691828869 3.493150684931507 35.0 121.0 0.0 85.0 9564.0 
372.0017691828869 3.493150684931507 36.0 121.0 0.0 85.0 9564.0 
374.0017691828869 3.486486486486487 35.0 121.0 0.0 86.0 9666.0 
376.0017691828869 3.48 34.0 121.0 0.0 87.0 9768.0 
378.0017691828869 3.473684210526316 35.0 122.0 0.0 88.0 9871.0 
380.0017691828869 3.473684210526316 34.0 122.0 0.0 88.0 9871.0 
382.0017691828869 3.473684210526316 34.0 122.0 0.0 88.0 9871.0 
384.0017691828869 3.473684210526316 34.0 122.0 0.0 88.0 9871.0 
386.0017691828869 3.513157894736842 33.0 123.0 0.0 89.0 9974.0 
388.0017691828869 3.513157894736842 35.0 124.0 0.0 89.0 9974.0 
390.0017691828869 3.513157894736842 35.0 124.0 0.0 89.0 9974.0 
392.0017691828869 3.513157894736842 37.0 126.0 0.0 89.0 9974.0 
394.0017691828869 3.513157894736842 37.0 126.0 0.0 89.0 9974.0 
396.0017691828869 3.513157894736842 37.0 126.0 0.0 89.0 9974.0 
398.0017691828869 3.513157894736842 37.0 126.0 0.0 89.0 9974.0 
400.0017691828869 3.5064935064935066 36.0 127.0 0.0 90.0 10174.0 
402.0017691828869 3.5 38.0 128.0 0.0 91.0 10276.0 
404.0017691828869 3.5 37.0 128.0 0.0 91.0 10276.0 
406.0017691828869 3.4936708860759493 38.0 129.0 0.0 92.0 10379.0 
408.0017691828869 3.4936708860759493 37.0 129.0 0.0 92.0 10379.0 
410.0017691828869 3.5696202531645573 36.0 129.0 0.0 94.0 10585.0 
412.0017691828869 3.5696202531645573 37.0 131.0 0.0 94.0 10585.0 
414.0017691828869 3.5555555555555554 37.0 131.0 0.0 96.0 10897.0 
416.0017691828869 3.5357142857142856 33.0 131.0 0.0 99.0 11204.0 
418.0017691828869 3.5232558139534884 31.0 132.0 0.0 101.0 11488.0 
420.0017691828869 3.5232558139534884 32.0 133.0 0.0 101.0 11488.0 
422.0017691828869 3.5232558139534884 33.0 134.0 0.0 101.0 11488.0 
424.0017691828869 3.5232558139534884 33.0 134.0 0.0 101.0 11488.0 
426.0017691828869 3.5232558139534884 33.0 134.0 0.0 101.0 11488.0 
428.0017691828869 3.5232558139534884 33.0 134.0 0.0 101.0 11488.0 
430.0017691828869 3.5232558139534884 33.0 134.0 0.0 101.0 11488.0 
432.0017691828869 3.5232558139534884 34.0 135.0 0.0 101.0 11488.0 
434.0017691828869 3.5232558139534884 34.0 135.0 0.0 101.0 11488.0 
436.0017691828869 3.558139534883721 34.0 135.0 0.0 102.0 11590.0 
438.0017691828869 3.558139534883721 34.0 136.0 0.0 102.0 11590.0 
440.0017691828869 3.5517241379310347 33.0 136.0 0.0 103.0 11693.0 
442.0017691828869 3.5517241379310347 33.0 136.0 0.0 103.0 11693.0 
444.0017691828869 3.5517241379310347 34.0 137.0 0.0 103.0 11693.0 
446.0017691828869 3.5517241379310347 34.0 137.0 0.0 103.0 11693.0 
448.0017691828869 3.5517241379310347 34.0 137.0 0.0 103.0 11693.0 
450.0017691828869 3.5517241379310347 34.0 137.0 0.0 103.0 11693.0 
452.0017691828869 3.5517241379310347 35.0 138.0 0.0 103.0 11693.0 
454.0017691828869 3.5454545454545454 35.0 138.0 0.0 104.0 11795.0 
456.0017691828869 3.5454545454545454 35.0 139.0 0.0 104.0 11795.0 
458.0017691828869 3.5795454545454546 34.0 139.0 0.0 105.0 11898.0 
460.0017691828869 3.6136363636363638 34.0 139.0 0.0 106.0 12001.0 
462.0017691828869 3.6477272727272725 33.0 140.0 0.0 107.0 12104.0 
464.0017691828869 3.640449438202247 32.0 140.0 0.0 108.0 12207.0 
466.0017691828869 3.666666666666667 30.0 140.0 0.0 110.0 12496.0 
468.0017691828869 3.666666666666667 30.0 140.0 0.0 110.0 12496.0 
470.0017691828869 3.6593406593406597 31.0 141.0 0.0 111.0 12599.0 
472.0017691828869 3.652173913043478 29.0 141.0 0.0 112.0 12702.0 
474.0017691828869 3.645161290322581 29.0 142.0 0.0 113.0 12805.0 
476.0017691828869 3.645161290322581 29.0 142.0 0.0 113.0 12805.0 
478.0017691828869 3.645161290322581 29.0 142.0 0.0 113.0 12805.0 
480.0017691828869 3.6774193548387095 29.0 142.0 0.0 114.0 12907.0 
482.0017691828869 3.670212765957447 29.0 143.0 0.0 115.0 13075.0 
484.0017691828869 3.6631578947368424 29.0 144.0 0.0 116.0 13208.0 
486.0017691828869 3.6631578947368424 28.0 145.0 0.0 116.0 13208.0 
488.0017691828869 3.6631578947368424 29.0 145.0 0.0 116.0 13208.0 
490.0017691828869 3.65625 28.0 146.0 0.0 117.0 13311.0 
492.0017691828869 3.65625 30.0 147.0 0.0 117.0 13311.0 
494.0017691828869 3.71875 31.0 148.0 0.0 119.0 13516.0 
496.0017691828869 3.71875 29.0 148.0 0.0 119.0 13516.0 
498.0017691828869 3.71875 30.0 149.0 0.0 119.0 13516.0 
500.0017691828869 3.71875 30.0 149.0 0.0 119.0 13516.0 
502.0017691828869 3.7113402061855667 30.0 149.0 0.0 120.0 13874.0 
504.0017691828869 3.742268041237113 28.0 149.0 0.0 121.0 13977.0 
506.0017691828869 3.742268041237113 28.0 149.0 0.0 121.0 13977.0 
508.0017691828869 3.742268041237113 28.0 149.0 0.0 121.0 13977.0 
510.0017691828869 3.742268041237113 28.0 149.0 0.0 121.0 13977.0 
512.0017691828868 3.742268041237113 28.0 149.0 0.0 121.0 13977.0 
514.0017691828868 3.7653061224489797 28.0 149.0 0.0 123.0 14183.0 
516.0017691828868 3.7653061224489797 27.0 150.0 0.0 123.0 14183.0 
518.0017691828868 3.7653061224489797 28.0 151.0 0.0 123.0 14183.0 
520.0017691828868 3.795918367346939 28.0 151.0 0.0 124.0 14285.0 
522.0017691828868 3.7878787878787876 26.0 151.0 0.0 125.0 14387.0 
524.0017691828868 3.7800000000000002 26.0 151.0 0.0 126.0 14490.0 
526.0017691828868 3.7800000000000002 26.0 152.0 0.0 126.0 14490.0 
528.0017691828868 3.7800000000000002 26.0 152.0 0.0 126.0 14490.0 
530.0017691828868 3.7800000000000002 26.0 152.0 0.0 126.0 14490.0 
532.0017691828868 3.7800000000000002 27.0 153.0 0.0 126.0 14490.0 
534.0017691828868 3.7800000000000002 27.0 153.0 0.0 126.0 14490.0 
536.0017691828868 3.7800000000000002 27.0 154.0 0.0 126.0 14490.0 
538.0017691828868 3.7800000000000002 28.0 154.0 0.0 126.0 14490.0 
540.0017691828868 3.8099999999999996 27.0 154.0 0.0 127.0 14592.0 
542.0017691828868 3.8099999999999996 28.0 155.0 0.0 127.0 14592.0 
544.0017691828868 3.8099999999999996 28.0 156.0 0.0 127.0 14592.0 
546.0017691828868 3.84 29.0 156.0 0.0 128.0 14694.0 
548.0017691828868 3.84 28.0 156.0 0.0 128.0 14694.0 
550.0017691828868 3.84 29.0 157.0 0.0 128.0 14694.0 
552.0017691828868 3.84 29.0 157.0 0.0 128.0 14694.0 
554.0017691828868 3.869999999999999 29.0 157.0 0.0 129.0 14797.0 
556.0017691828868 3.869999999999999 28.0 157.0 0.0 129.0 14797.0 
558.0017691828868 3.8613861386138617 28.0 157.0 0.0 130.0 14899.0 
560.0017691828868 3.8613861386138617 28.0 158.0 0.0 130.0 14899.0 
562.0017691828868 3.891089108910892 27.0 158.0 0.0 131.0 15111.0 
564.0017691828868 3.88235294117647 27.0 158.0 0.0 132.0 15213.0 
566.0017691828868 3.88235294117647 27.0 159.0 0.0 132.0 15213.0 
568.0017691828868 3.88235294117647 27.0 159.0 0.0 132.0 15213.0 
570.0017691828868 3.88235294117647 28.0 160.0 0.0 132.0 15213.0 
572.0017691828868 3.911764705882353 28.0 160.0 0.0 133.0 15315.0 
574.0017691828868 3.911764705882353 27.0 160.0 0.0 133.0 15315.0 
576.0017691828868 3.9411764705882355 27.0 160.0 0.0 134.0 15418.0 
578.0017691828868 3.9411764705882355 26.0 160.0 0.0 134.0 15418.0 
580.0017691828868 3.9411764705882355 26.0 160.0 0.0 134.0 15418.0 
582.0017691828868 3.9411764705882355 26.0 160.0 0.0 134.0 15418.0 
584.0017691828868 3.9705882352941178 25.0 160.0 0.0 135.0 15520.0 
586.0017691828868 3.9611650485436893 26.0 161.0 0.0 136.0 15623.0 
588.0017691828868 3.9611650485436893 25.0 161.0 0.0 136.0 15623.0 
590.0017691828868 3.990291262135922 24.0 161.0 0.0 137.0 15726.0 
592.0017691828868 3.990291262135922 25.0 162.0 0.0 137.0 15726.0 
594.0017691828868 4.048543689320388 24.0 162.0 0.0 139.0 15932.0 
596.0017691828868 4.077669902912621 22.0 162.0 0.0 140.0 16140.0 
598.0017691828868 4.077669902912621 22.0 162.0 0.0 140.0 16140.0 
600.0017691828868 4.106796116504855 21.0 162.0 0.0 141.0 16242.0 
602.0017691828868 4.096153846153846 21.0 163.0 0.0 142.0 16438.0 
604.0017691828868 4.096153846153846 22.0 164.0 0.0 142.0 16438.0 
606.0017691828868 4.096153846153846 22.0 165.0 0.0 142.0 16438.0 
608.0017691828868 4.096153846153846 23.0 165.0 0.0 142.0 16438.0 
610.0017691828868 4.096153846153846 24.0 167.0 0.0 142.0 16438.0 
612.0017691828868 4.096153846153846 26.0 168.0 0.0 142.0 16438.0 
614.0017691828868 4.096153846153846 26.0 168.0 0.0 142.0 16438.0 
616.0017691828868 4.096153846153846 27.0 169.0 0.0 142.0 16438.0 
618.0017691828868 4.085714285714285 29.0 171.0 0.0 143.0 16540.0 
620.0017691828868 4.114285714285714 28.0 171.0 0.0 144.0 16643.0 
622.0017691828868 4.114285714285714 27.0 171.0 0.0 144.0 16643.0 
624.0017691828868 4.114285714285714 27.0 171.0 0.0 144.0 16643.0 
626.0017691828868 4.114285714285714 28.0 173.0 0.0 144.0 16643.0 
628.0017691828868 4.10377358490566 29.0 173.0 0.0 145.0 16745.0 
630.0017691828868 4.10377358490566 29.0 174.0 0.0 145.0 16745.0 
632.0017691828868 4.10377358490566 30.0 175.0 0.0 145.0 16745.0 
634.0017691828868 4.093457943925234 30.0 175.0 0.0 146.0 16848.0 
636.0017691828868 4.093457943925234 29.0 175.0 0.0 146.0 16848.0 
638.0017691828868 4.093457943925234 30.0 176.0 0.0 146.0 16848.0 
640.0017691828868 4.083333333333334 29.0 176.0 0.0 147.0 16951.0 
642.0017691828868 4.083333333333334 29.0 176.0 0.0 147.0 16951.0 
644.0017691828868 4.111111111111111 29.0 176.0 0.0 148.0 17053.0 
646.0017691828868 4.138888888888889 28.0 176.0 0.0 149.0 17502.0 
648.0017691828868 4.166666666666666 26.0 176.0 0.0 150.0 17605.0 
650.0017691828868 4.166666666666666 26.0 177.0 0.0 150.0 17605.0 
652.0017691828868 4.194444444444445 26.0 177.0 0.0 151.0 17707.0 
654.0017691828868 4.194444444444445 26.0 177.0 0.0 151.0 17707.0 
656.0017691828868 4.194444444444445 26.0 177.0 0.0 151.0 17707.0 
658.0017691828868 4.194444444444445 26.0 177.0 0.0 151.0 17707.0 
660.0017691828868 4.194444444444445 27.0 178.0 0.0 151.0 17707.0 
662.0017691828868 4.222222222222222 26.0 179.0 0.0 152.0 17809.0 
664.0017691828868 4.222222222222222 28.0 180.0 0.0 152.0 17809.0 
666.0017691828868 4.222222222222222 28.0 180.0 0.0 152.0 17809.0 
668.0017691828868 4.25 28.0 180.0 0.0 153.0 17912.0 
670.0017691828868 4.25 27.0 180.0 0.0 153.0 17912.0 
672.0017691828868 4.25 28.0 181.0 0.0 153.0 17912.0 
674.0017691828868 4.25 29.0 182.0 0.0 153.0 17912.0 
676.0017691828868 4.25 30.0 183.0 0.0 153.0 17912.0 
678.0017691828868 4.25 30.0 183.0 0.0 153.0 17912.0 
680.0017691828868 4.25 30.0 183.0 0.0 153.0 17912.0 
682.0017691828868 4.25 30.0 183.0 0.0 153.0 17912.0 
684.0017691828868 4.25 31.0 184.0 0.0 153.0 17912.0 
686.0017691828868 4.25 31.0 184.0 0.0 153.0 17912.0 
688.0017691828868 4.277777777777778 32.0 185.0 0.0 154.0 18015.0 
690.0017691828868 4.277777777777778 31.0 185.0 0.0 154.0 18015.0 
692.0017691828868 4.277777777777778 31.0 185.0 0.0 154.0 18015.0 
694.0017691828868 4.305555555555555 30.0 185.0 0.0 155.0 18117.0 
696.0017691828868 4.305555555555555 30.0 185.0 0.0 155.0 18117.0 
698.0017691828868 4.305555555555555 30.0 185.0 0.0 155.0 18117.0 
700.0017691828868 4.305555555555555 31.0 186.0 0.0 155.0 18117.0 
702.0017691828868 4.305555555555555 31.0 186.0 0.0 155.0 18117.0 
704.0017691828868 4.333333333333334 31.0 187.0 0.0 156.0 18219.0 
706.0017691828868 4.361111111111111 31.0 187.0 0.0 157.0 18321.0 
708.0017691828868 4.361111111111111 30.0 187.0 0.0 157.0 18321.0 
710.0017691828868 4.388888888888889 30.0 188.0 0.0 158.0 18424.0 
712.0017691828868 4.376146788990825 30.0 189.0 0.0 159.0 18527.0 
714.0017691828868 4.431192660550459 29.0 190.0 0.0 161.0 18732.0 
716.0017691828868 4.431192660550459 29.0 190.0 0.0 161.0 18732.0 
718.0017691828868 4.486238532110091 29.0 190.0 0.0 163.0 18983.0 
720.0017691828868 4.513761467889909 27.0 190.0 0.0 164.0 19085.0 
722.0017691828868 4.513761467889909 26.0 190.0 0.0 164.0 19085.0 
724.0017691828868 4.513761467889909 26.0 190.0 0.0 164.0 19085.0 
726.0017691828868 4.513761467889909 27.0 191.0 0.0 164.0 19085.0 
728.0017691828868 4.541284403669724 27.0 191.0 0.0 165.0 19188.0 
730.0017691828868 4.568807339449541 26.0 192.0 0.0 166.0 19291.0 
732.0017691828868 4.605504587155964 26.0 193.0 0.0 167.0 19394.0 
734.0017691828868 4.63302752293578 25.0 193.0 0.0 168.0 19496.0 
736.0017691828868 4.63302752293578 25.0 193.0 0.0 168.0 19496.0 
738.0017691828868 4.63302752293578 25.0 194.0 0.0 168.0 19496.0 
740.0017691828868 4.660550458715596 25.0 195.0 0.0 169.0 19598.0 
742.0017691828868 4.660550458715596 27.0 196.0 0.0 169.0 19598.0 
744.0017691828868 4.660550458715596 27.0 196.0 0.0 169.0 19598.0 
746.0017691828868 4.660550458715596 27.0 197.0 0.0 169.0 19598.0 
748.0017691828868 4.660550458715596 28.0 198.0 0.0 169.0 19598.0 
750.0017691828868 4.660550458715596 30.0 199.0 0.0 169.0 19598.0 
752.0017691828868 4.660550458715596 31.0 200.0 0.0 169.0 19598.0 
754.0017691828868 4.645454545454546 30.0 200.0 0.0 170.0 19701.0 
756.0017691828868 4.645454545454546 30.0 200.0 0.0 170.0 19701.0 
758.0017691828868 4.645454545454546 32.0 202.0 0.0 170.0 19701.0 
760.0017691828868 4.645454545454546 32.0 202.0 0.0 170.0 19701.0 
762.0017691828868 4.63063063063063 31.0 202.0 0.0 171.0 19803.0 
764.0017691828868 4.63063063063063 31.0 202.0 0.0 171.0 19803.0 
766.0017691828868 4.684684684684685 29.0 202.0 0.0 173.0 20008.0 
768.0017691828868 4.684684684684685 30.0 203.0 0.0 173.0 20008.0 
770.0017691828868 4.684684684684685 30.0 204.0 0.0 173.0 20008.0 
772.0017691828868 4.684684684684685 31.0 205.0 0.0 173.0 20008.0 
774.0017691828868 4.711711711711712 32.0 206.0 0.0 174.0 20110.0 
776.0017691828868 4.696428571428572 32.0 207.0 0.0 175.0 20212.0 
778.0017691828868 4.7232142857142865 32.0 207.0 0.0 176.0 20315.0 
780.0017691828868 4.7232142857142865 31.0 207.0 0.0 176.0 20315.0 
782.0017691828868 4.7232142857142865 34.0 210.0 0.0 176.0 20315.0 
784.0017691828868 4.7232142857142865 34.0 210.0 0.0 176.0 20315.0 
786.0017691828868 4.75 34.0 210.0 0.0 177.0 20417.0 
788.0017691828868 4.75 33.0 210.0 0.0 177.0 20417.0 
790.0017691828868 4.75 33.0 210.0 0.0 177.0 20417.0 
792.0017691828868 4.734513274336283 32.0 211.0 0.0 178.0 21171.0 
794.0017691828868 4.734513274336283 33.0 211.0 0.0 178.0 21171.0 
796.0017691828868 4.734513274336283 33.0 211.0 0.0 178.0 21171.0 
798.0017691828868 4.734513274336283 33.0 211.0 0.0 178.0 21171.0 
800.0017691828868 4.734513274336283 33.0 211.0 0.0 178.0 21171.0 
802.0017691828868 4.761061946902656 33.0 211.0 0.0 179.0 21274.0 
804.0017691828868 4.761061946902656 33.0 213.0 0.0 179.0 21274.0 
806.0017691828868 4.761061946902656 34.0 213.0 0.0 179.0 21274.0 
808.0017691828868 4.761061946902656 34.0 213.0 0.0 179.0 21274.0 
810.0017691828868 4.787610619469026 33.0 213.0 0.0 180.0 21396.0 
812.0017691828868 4.814159292035399 33.0 213.0 0.0 181.0 21498.0 
814.0017691828868 4.867256637168142 31.0 213.0 0.0 183.0 22013.0 
816.0017691828868 4.867256637168142 30.0 213.0 0.0 183.0 22013.0 
818.0017691828868 4.867256637168142 30.0 213.0 0.0 183.0 22013.0 
820.0017691828868 4.867256637168142 31.0 214.0 0.0 183.0 22013.0 
822.0017691828868 4.867256637168142 32.0 215.0 0.0 183.0 22013.0 
824.0017691828868 4.867256637168142 32.0 215.0 0.0 183.0 22013.0 
826.0017691828868 4.867256637168142 32.0 216.0 0.0 183.0 22013.0 
828.0017691828868 4.893805309734513 33.0 216.0 0.0 184.0 22116.0 
830.0017691828868 4.893805309734513 33.0 217.0 0.0 184.0 22116.0 
832.0017691828868 4.893805309734513 33.0 217.0 0.0 184.0 22116.0 
834.0017691828868 4.893805309734513 33.0 217.0 0.0 184.0 22116.0 
836.0017691828868 4.920353982300885 32.0 217.0 0.0 185.0 22219.0 
838.0017691828868 4.920353982300885 32.0 217.0 0.0 185.0 22219.0 
840.0017691828868 4.920353982300885 32.0 217.0 0.0 185.0 22219.0 
842.0017691828868 4.973451327433628 30.0 217.0 0.0 187.0 22451.0 
844.0017691828868 5.0 30.0 218.0 0.0 188.0 22553.0 
846.0017691828868 5.0 30.0 218.0 0.0 188.0 22553.0 
848.0017691828868 5.0 30.0 219.0 0.0 188.0 22553.0 
850.0017691828868 5.026548672566372 30.0 219.0 0.0 189.0 22656.0 
852.0017691828868 5.053097345132744 29.0 219.0 0.0 190.0 22759.0 
854.0017691828868 5.106194690265488 28.0 219.0 0.0 192.0 22986.0 
856.0017691828868 5.106194690265488 27.0 219.0 0.0 192.0 22986.0 
858.0017691828868 5.106194690265488 28.0 220.0 0.0 192.0 22986.0 
860.0017691828868 5.095652173913043 27.0 221.0 0.0 195.0 23310.0 
862.0017691828868 5.095652173913043 26.0 221.0 0.0 195.0 23310.0 
864.0017691828868 5.095652173913043 28.0 223.0 0.0 195.0 23310.0 
866.0017691828868 5.095652173913043 29.0 225.0 0.0 195.0 23310.0 
868.0017691828868 5.095652173913043 30.0 225.0 0.0 195.0 23310.0 
870.0017691828868 5.121739130434783 31.0 226.0 0.0 196.0 23412.0 
872.0017691828868 5.121739130434783 30.0 226.0 0.0 196.0 23412.0 
874.0017691828868 5.147826086956522 29.0 226.0 0.0 197.0 23515.0 
876.0017691828868 5.155172413793103 28.0 227.0 0.0 199.0 23720.0 
878.0017691828868 5.181034482758621 28.0 228.0 0.0 200.0 23823.0 
880.0017691828868 5.181034482758621 29.0 229.0 0.0 200.0 23823.0 
882.0017691828868 5.181034482758621 30.0 230.0 0.0 200.0 23823.0 
884.0017691828868 5.232758620689655 30.0 231.0 0.0 202.0 24027.0 
886.0017691828868 5.232758620689655 29.0 231.0 0.0 202.0 24027.0 
888.0017691828868 5.258620689655172 29.0 231.0 0.0 203.0 24202.0 
890.0017691828868 5.258620689655172 28.0 231.0 0.0 203.0 24202.0 
892.0017691828868 5.258620689655172 28.0 231.0 0.0 203.0 24202.0 
894.0017691828868 5.258620689655172 28.0 231.0 0.0 203.0 24202.0 
896.0017691828868 5.2844827586206895 27.0 231.0 0.0 204.0 24305.0 
898.0017691828868 5.2844827586206895 27.0 232.0 0.0 204.0 24305.0 
900.0017691828868 5.2844827586206895 29.0 233.0 0.0 204.0 24305.0 
#####################################################################
# End of data export. Simulation finished at: 2020-01-25T22:20+0000 #
#####################################################################
