#####################################################################
# Alchemist log file - simulation started at: 2020-01-26T16:19+0000 #
#####################################################################
# seed = 44.0, taskFrequency = 0.00133, cloudcost = 10.0, algorithm = false
#
# The columns have the following meaning: 
# time taskHops[Mean] hasTask[Sum] tasks[Sum] completedTasks[Sum] giveupTasks[Sum] taskLatency[Sum] 
0.0 NaN 0.0 0.0 0.0 0.0 0.0 
2.009986908242473 NaN 0.0 0.0 0.0 0.0 0.0 
4.009986908242473 NaN 0.0 0.0 0.0 0.0 0.0 
6.009986908242473 NaN 0.0 0.0 0.0 0.0 0.0 
8.009986908242473 NaN 0.0 0.0 0.0 0.0 0.0 
10.009986908242473 NaN 1.0 1.0 0.0 0.0 0.0 
12.009986908242473 NaN 2.0 2.0 0.0 0.0 0.0 
14.009986908242473 NaN 2.0 2.0 0.0 0.0 0.0 
16.009986908242475 NaN 2.0 2.0 0.0 0.0 0.0 
18.009986908242475 NaN 2.0 2.0 0.0 0.0 0.0 
20.009986908242475 NaN 2.0 2.0 0.0 0.0 0.0 
22.009986908242475 NaN 2.0 2.0 0.0 0.0 0.0 
24.009986908242475 NaN 2.0 2.0 0.0 0.0 0.0 
26.009986908242475 NaN 2.0 2.0 0.0 0.0 0.0 
28.009986908242475 NaN 2.0 2.0 0.0 0.0 0.0 
30.009986908242475 NaN 2.0 2.0 0.0 0.0 0.0 
32.009986908242475 NaN 3.0 3.0 0.0 0.0 0.0 
34.009986908242475 NaN 3.0 3.0 0.0 0.0 0.0 
36.009986908242475 NaN 4.0 4.0 0.0 0.0 0.0 
38.009986908242475 NaN 4.0 4.0 0.0 0.0 0.0 
40.009986908242475 NaN 4.0 4.0 0.0 0.0 0.0 
42.009986908242475 NaN 4.0 5.0 0.0 0.0 0.0 
44.009986908242475 NaN 5.0 5.0 0.0 0.0 0.0 
46.009986908242475 NaN 5.0 5.0 0.0 0.0 0.0 
48.009986908242475 NaN 5.0 5.0 0.0 0.0 0.0 
50.009986908242475 NaN 5.0 5.0 0.0 0.0 0.0 
52.009986908242475 NaN 7.0 7.0 0.0 0.0 0.0 
54.009986908242475 NaN 7.0 7.0 0.0 0.0 0.0 
56.009986908242475 NaN 7.0 7.0 0.0 0.0 0.0 
58.009986908242475 NaN 7.0 7.0 0.0 0.0 0.0 
60.009986908242475 NaN 7.0 7.0 0.0 0.0 0.0 
62.009986908242475 NaN 7.0 7.0 0.0 0.0 0.0 
64.00998690824247 NaN 7.0 7.0 0.0 0.0 0.0 
66.00998690824247 NaN 7.0 7.0 0.0 0.0 0.0 
68.00998690824247 NaN 7.0 7.0 0.0 0.0 0.0 
70.00998690824247 NaN 7.0 7.0 0.0 0.0 0.0 
72.00998690824247 NaN 8.0 8.0 0.0 0.0 0.0 
74.00998690824247 NaN 10.0 10.0 0.0 0.0 0.0 
76.00998690824247 NaN 10.0 10.0 0.0 0.0 0.0 
78.00998690824247 NaN 10.0 10.0 0.0 0.0 0.0 
80.00998690824247 NaN 10.0 10.0 0.0 0.0 0.0 
82.00998690824247 NaN 11.0 11.0 0.0 0.0 0.0 
84.00998690824247 NaN 11.0 11.0 0.0 0.0 0.0 
86.00998690824247 2.0 10.0 11.0 1.0 0.0 14.0 
88.00998690824247 2.0 10.0 11.0 1.0 0.0 14.0 
90.00998690824247 2.0 10.0 11.0 1.0 0.0 14.0 
92.00998690824247 2.0 11.0 12.0 1.0 0.0 14.0 
94.00998690824247 2.0 11.0 12.0 1.0 0.0 14.0 
96.00998690824247 2.0 12.0 13.0 1.0 0.0 14.0 
98.00998690824247 2.0 12.0 13.0 1.0 0.0 14.0 
100.00998690824247 2.0 12.0 13.0 1.0 0.0 14.0 
102.00998690824247 2.0 12.0 13.0 1.0 0.0 14.0 
104.00998690824247 2.0 12.0 13.0 1.0 0.0 14.0 
106.00998690824247 2.0 12.0 13.0 1.0 0.0 14.0 
108.00998690824247 2.0 12.0 13.0 1.0 0.0 14.0 
110.00998690824247 2.0 12.0 13.0 1.0 0.0 14.0 
112.00998690824247 2.0 12.0 13.0 1.0 0.0 14.0 
114.00998690824247 2.0 12.0 13.0 1.0 0.0 14.0 
116.00998690824247 2.0 13.0 15.0 1.0 0.0 14.0 
118.00998690824247 2.0 15.0 16.0 1.0 0.0 14.0 
120.00998690824247 2.0 15.0 17.0 1.0 0.0 14.0 
122.00998690824247 2.0 17.0 18.0 1.0 0.0 14.0 
124.00998690824247 2.0 17.0 18.0 1.0 0.0 14.0 
126.00998690824247 2.0 17.0 18.0 1.0 0.0 14.0 
128.00998690824247 2.0 17.0 18.0 1.0 0.0 14.0 
130.00998690824247 2.0 17.0 18.0 1.0 0.0 14.0 
132.00998690824247 2.0 17.0 18.0 1.0 0.0 14.0 
134.00998690824247 2.0 17.0 18.0 1.0 0.0 14.0 
136.00998690824247 2.0 18.0 19.0 1.0 0.0 14.0 
138.00998690824247 6.0 18.0 19.0 1.0 1.0 117.0 
140.00998690824247 6.0 17.0 19.0 1.0 1.0 117.0 
142.00998690824247 6.0 18.0 21.0 1.0 1.0 117.0 
144.00998690824247 6.0 20.0 22.0 1.0 1.0 117.0 
146.00998690824247 6.0 20.0 22.0 1.0 1.0 117.0 
148.00998690824247 4.666666666666667 19.0 22.0 2.0 1.0 213.0 
150.00998690824247 4.666666666666667 19.0 22.0 2.0 1.0 213.0 
152.00998690824247 4.666666666666667 19.0 23.0 2.0 1.0 213.0 
154.00998690824247 4.666666666666667 20.0 23.0 2.0 1.0 213.0 
156.00998690824247 4.666666666666667 20.0 23.0 2.0 1.0 213.0 
158.00998690824247 4.666666666666667 21.0 24.0 2.0 1.0 213.0 
160.00998690824247 4.666666666666667 21.0 24.0 2.0 1.0 213.0 
162.00998690824247 4.666666666666667 21.0 25.0 2.0 1.0 213.0 
164.00998690824247 4.666666666666667 23.0 26.0 2.0 1.0 213.0 
166.00998690824247 4.666666666666667 23.0 26.0 2.0 1.0 213.0 
168.00998690824247 4.666666666666667 24.0 27.0 2.0 1.0 213.0 
170.00998690824247 4.666666666666667 25.0 28.0 2.0 1.0 213.0 
172.00998690824247 4.666666666666667 25.0 28.0 2.0 1.0 213.0 
174.00998690824247 4.666666666666667 25.0 28.0 2.0 1.0 213.0 
176.00998690824247 6.8 24.0 28.0 2.0 3.0 418.0 
178.00998690824247 6.8 23.0 28.0 2.0 3.0 418.0 
180.00998690824247 6.8 23.0 29.0 2.0 3.0 418.0 
182.00998690824247 6.8 24.0 29.0 2.0 3.0 418.0 
184.00998690824247 6.8 24.0 29.0 2.0 3.0 418.0 
186.00998690824247 6.8 24.0 29.0 2.0 3.0 418.0 
188.00998690824247 6.8 24.0 29.0 2.0 3.0 418.0 
190.00998690824247 6.8 24.0 29.0 2.0 3.0 418.0 
192.00998690824247 6.8 24.0 29.0 2.0 3.0 418.0 
194.00998690824247 6.8 25.0 30.0 2.0 3.0 418.0 
196.00998690824247 6.8 25.0 30.0 2.0 3.0 418.0 
198.00998690824247 7.333333333333333 25.0 30.0 2.0 4.0 584.0 
200.00998690824247 7.333333333333333 24.0 30.0 2.0 4.0 584.0 
202.00998690824247 7.333333333333333 24.0 30.0 2.0 4.0 584.0 
204.00998690824247 7.333333333333333 24.0 30.0 2.0 4.0 584.0 
206.00998690824247 7.333333333333333 24.0 30.0 2.0 4.0 584.0 
208.00998690824247 7.333333333333333 24.0 30.0 2.0 4.0 584.0 
210.00998690824247 7.333333333333333 24.0 30.0 2.0 4.0 584.0 
212.00998690824247 7.333333333333333 24.0 30.0 2.0 4.0 584.0 
214.00998690824247 7.333333333333333 24.0 30.0 2.0 4.0 584.0 
216.00998690824247 7.333333333333333 24.0 30.0 2.0 4.0 584.0 
218.00998690824247 7.714285714285714 24.0 30.0 2.0 5.0 706.0 
220.00998690824247 8.222222222222221 23.0 31.0 2.0 7.0 913.0 
222.00998690824247 8.4 22.0 31.0 2.0 8.0 1093.0 
224.00998690824247 8.545454545454545 20.0 31.0 2.0 9.0 1195.0 
226.00998690824247 8.545454545454545 20.0 31.0 2.0 9.0 1195.0 
228.00998690824247 8.545454545454545 20.0 31.0 2.0 9.0 1195.0 
230.00998690824247 8.545454545454545 21.0 32.0 2.0 9.0 1195.0 
232.00998690824247 8.545454545454545 22.0 34.0 2.0 9.0 1195.0 
234.00998690824247 8.545454545454545 23.0 35.0 2.0 9.0 1195.0 
236.00998690824247 8.545454545454545 24.0 35.0 2.0 9.0 1195.0 
238.00998690824247 8.545454545454545 24.0 35.0 2.0 9.0 1195.0 
240.00998690824247 8.545454545454545 24.0 35.0 2.0 9.0 1195.0 
242.00998690824247 8.545454545454545 24.0 35.0 2.0 9.0 1195.0 
244.00998690824247 8.76923076923077 23.0 35.0 2.0 11.0 1423.0 
246.00998690824247 8.933333333333334 20.0 35.0 2.0 13.0 1628.0 
248.00998690824247 8.933333333333334 20.0 35.0 2.0 13.0 1628.0 
250.00998690824247 8.933333333333334 20.0 35.0 2.0 13.0 1628.0 
252.00998690824247 8.933333333333334 20.0 35.0 2.0 13.0 1628.0 
254.00998690824247 8.933333333333334 20.0 35.0 2.0 13.0 1628.0 
256.00998690824247 9.0 19.0 35.0 2.0 14.0 1731.0 
258.00998690824247 9.0 19.0 35.0 2.0 14.0 1731.0 
260.00998690824247 9.625 19.0 35.0 2.0 15.0 1833.0 
262.00998690824247 9.625 18.0 35.0 2.0 15.0 1833.0 
264.00998690824247 9.625 18.0 35.0 2.0 15.0 1833.0 
266.00998690824247 9.68421052631579 17.0 35.0 2.0 18.0 2248.0 
268.00998690824247 9.68421052631579 15.0 35.0 2.0 18.0 2248.0 
270.00998690824247 9.68421052631579 15.0 35.0 2.0 18.0 2248.0 
272.00998690824247 9.7 15.0 35.0 2.0 19.0 2510.0 
274.00998690824247 9.7 15.0 36.0 2.0 19.0 2510.0 
276.00998690824247 9.7 15.0 36.0 2.0 19.0 2510.0 
278.00998690824247 9.7 15.0 36.0 2.0 19.0 2510.0 
280.00998690824247 9.7 15.0 36.0 2.0 19.0 2510.0 
282.00998690824247 9.7 16.0 37.0 2.0 19.0 2510.0 
284.00998690824247 9.714285714285714 15.0 37.0 2.0 20.0 2613.0 
286.00998690824247 9.714285714285714 16.0 38.0 2.0 20.0 2613.0 
288.00998690824247 9.714285714285714 17.0 39.0 2.0 20.0 2613.0 
290.00998690824247 9.714285714285714 17.0 39.0 2.0 20.0 2613.0 
292.00998690824247 9.714285714285714 17.0 39.0 2.0 20.0 2613.0 
294.00998690824247 9.714285714285714 17.0 39.0 2.0 20.0 2613.0 
296.00998690824247 9.727272727272727 17.0 39.0 2.0 21.0 2715.0 
298.00998690824247 9.727272727272727 16.0 39.0 2.0 21.0 2715.0 
300.00998690824247 9.727272727272727 16.0 39.0 2.0 21.0 2715.0 
302.00998690824247 9.727272727272727 16.0 39.0 2.0 21.0 2715.0 
304.00998690824247 9.727272727272727 16.0 39.0 2.0 21.0 2715.0 
306.00998690824247 9.727272727272727 16.0 39.0 2.0 21.0 2715.0 
308.00998690824247 9.727272727272727 16.0 39.0 2.0 21.0 2715.0 
310.00998690824247 9.727272727272727 16.0 39.0 2.0 21.0 2715.0 
312.00998690824247 9.727272727272727 16.0 39.0 2.0 21.0 2715.0 
314.00998690824247 9.727272727272727 16.0 39.0 2.0 21.0 2715.0 
316.00998690824247 9.727272727272727 16.0 39.0 2.0 21.0 2715.0 
318.00998690824247 9.727272727272727 16.0 39.0 2.0 21.0 2715.0 
320.00998690824247 9.73913043478261 16.0 39.0 2.0 22.0 3024.0 
322.00998690824247 9.75 14.0 39.0 2.0 23.0 3126.0 
324.00998690824247 9.75 16.0 41.0 2.0 23.0 3126.0 
326.00998690824247 9.75 17.0 42.0 2.0 23.0 3126.0 
328.00998690824247 9.75 18.0 43.0 2.0 23.0 3126.0 
330.00998690824247 9.75 19.0 44.0 2.0 23.0 3126.0 
332.00998690824247 9.76 19.0 44.0 2.0 24.0 3228.0 
334.00998690824247 9.76 18.0 44.0 2.0 24.0 3228.0 
336.00998690824247 9.76 18.0 44.0 2.0 24.0 3228.0 
338.00998690824247 9.76923076923077 17.0 44.0 2.0 25.0 3331.0 
340.00998690824247 9.76923076923077 17.0 44.0 2.0 25.0 3331.0 
342.00998690824247 9.76923076923077 17.0 44.0 2.0 25.0 3331.0 
344.00998690824247 9.76923076923077 17.0 45.0 2.0 25.0 3331.0 
346.00998690824247 9.76923076923077 18.0 45.0 2.0 25.0 3331.0 
348.00998690824247 9.76923076923077 19.0 46.0 2.0 25.0 3331.0 
350.00998690824247 9.76923076923077 19.0 46.0 2.0 25.0 3331.0 
352.00998690824247 9.76923076923077 19.0 46.0 2.0 25.0 3331.0 
354.00998690824247 9.76923076923077 19.0 46.0 2.0 25.0 3331.0 
356.00998690824247 9.76923076923077 19.0 46.0 2.0 25.0 3331.0 
358.00998690824247 9.76923076923077 19.0 46.0 2.0 25.0 3331.0 
360.00998690824247 9.76923076923077 19.0 46.0 2.0 25.0 3331.0 
362.00998690824247 9.76923076923077 20.0 47.0 2.0 25.0 3331.0 
364.00998690824247 9.76923076923077 20.0 47.0 2.0 25.0 3331.0 
366.00998690824247 9.76923076923077 20.0 47.0 2.0 25.0 3331.0 
368.00998690824247 9.76923076923077 20.0 47.0 2.0 25.0 3331.0 
370.00998690824247 9.76923076923077 21.0 48.0 2.0 25.0 3331.0 
372.00998690824247 9.76923076923077 21.0 48.0 2.0 25.0 3331.0 
374.00998690824247 9.76923076923077 21.0 48.0 2.0 25.0 3331.0 
376.00998690824247 10.153846153846153 21.0 48.0 2.0 26.0 3434.0 
378.00998690824247 10.153846153846153 20.0 48.0 2.0 26.0 3434.0 
380.00998690824247 10.148148148148149 21.0 49.0 2.0 27.0 3723.0 
382.00998690824247 10.148148148148149 20.0 49.0 2.0 27.0 3723.0 
384.00998690824247 10.142857142857142 20.0 49.0 2.0 28.0 3825.0 
386.00998690824247 10.142857142857142 20.0 50.0 2.0 28.0 3825.0 
388.00998690824247 10.137931034482758 20.0 50.0 2.0 29.0 3928.0 
390.00998690824247 10.482758620689655 19.0 50.0 2.0 30.0 4030.0 
392.00998690824247 10.482758620689655 18.0 50.0 2.0 30.0 4030.0 
394.00998690824247 10.482758620689655 18.0 50.0 2.0 30.0 4030.0 
396.00998690824247 10.482758620689655 18.0 50.0 2.0 30.0 4030.0 
398.00998690824247 10.482758620689655 18.0 50.0 2.0 30.0 4030.0 
400.00998690824247 10.482758620689655 18.0 50.0 2.0 30.0 4030.0 
402.00998690824247 10.482758620689655 18.0 50.0 2.0 30.0 4030.0 
404.00998690824247 10.482758620689655 19.0 51.0 2.0 30.0 4030.0 
406.00998690824247 10.482758620689655 19.0 51.0 2.0 30.0 4030.0 
408.00998690824247 10.482758620689655 20.0 52.0 2.0 30.0 4030.0 
410.00998690824247 10.482758620689655 20.0 52.0 2.0 30.0 4030.0 
412.00998690824247 10.482758620689655 20.0 52.0 2.0 30.0 4030.0 
414.00998690824247 10.482758620689655 20.0 52.0 2.0 30.0 4030.0 
416.00998690824247 10.482758620689655 20.0 52.0 2.0 30.0 4030.0 
418.00998690824247 10.482758620689655 20.0 52.0 2.0 30.0 4030.0 
420.00998690824247 10.482758620689655 20.0 52.0 2.0 30.0 4030.0 
422.00998690824247 10.482758620689655 21.0 53.0 2.0 30.0 4030.0 
424.00998690824247 10.482758620689655 21.0 53.0 2.0 30.0 4030.0 
426.00998690824247 10.483870967741936 19.0 53.0 2.0 32.0 4234.0 
428.00998690824247 10.483870967741936 19.0 53.0 2.0 32.0 4234.0 
430.00998690824247 10.483870967741936 19.0 53.0 2.0 32.0 4234.0 
432.00998690824247 10.53125 19.0 53.0 2.0 33.0 4337.0 
434.00998690824247 10.53125 18.0 53.0 2.0 33.0 4337.0 
436.00998690824247 10.53125 18.0 53.0 2.0 33.0 4337.0 
438.00998690824247 10.53125 18.0 53.0 2.0 33.0 4337.0 
440.00998690824247 10.53125 18.0 53.0 2.0 33.0 4337.0 
442.00998690824247 10.53125 19.0 54.0 2.0 33.0 4337.0 
444.00998690824247 10.53125 19.0 54.0 2.0 33.0 4337.0 
446.00998690824247 10.242424242424242 19.0 55.0 3.0 33.0 4551.0 
448.00998690824247 10.228571428571428 19.0 56.0 3.0 35.0 4777.0 
450.00998690824247 10.222222222222221 18.0 56.0 3.0 36.0 4879.0 
452.00998690824247 10.222222222222221 17.0 56.0 3.0 36.0 4879.0 
454.00998690824247 10.243243243243244 16.0 56.0 3.0 37.0 5164.0 
456.00998690824247 10.243243243243244 16.0 56.0 3.0 37.0 5164.0 
458.00998690824247 10.243243243243244 16.0 56.0 3.0 37.0 5164.0 
460.00998690824247 10.243243243243244 16.0 56.0 3.0 37.0 5164.0 
462.00998690824247 10.243243243243244 16.0 56.0 3.0 37.0 5164.0 
464.00998690824247 10.236842105263158 16.0 56.0 3.0 38.0 5266.0 
466.00998690824247 10.236842105263158 15.0 56.0 3.0 38.0 5266.0 
468.00998690824247 10.236842105263158 15.0 56.0 3.0 38.0 5266.0 
470.00998690824247 10.236842105263158 16.0 57.0 3.0 38.0 5266.0 
472.00998690824247 10.23076923076923 16.0 57.0 3.0 39.0 5369.0 
474.00998690824247 10.23076923076923 15.0 57.0 3.0 39.0 5369.0 
476.00998690824247 10.23076923076923 15.0 57.0 3.0 39.0 5369.0 
478.00998690824247 10.23076923076923 15.0 57.0 3.0 39.0 5369.0 
480.00998690824247 10.23076923076923 15.0 57.0 3.0 39.0 5369.0 
482.00998690824247 10.225 15.0 57.0 3.0 40.0 5472.0 
484.00998690824247 10.225 14.0 57.0 3.0 40.0 5472.0 
486.00998690824247 10.225 15.0 58.0 3.0 40.0 5472.0 
488.00998690824247 10.21951219512195 15.0 58.0 3.0 41.0 5574.0 
490.00998690824247 10.21951219512195 14.0 58.0 3.0 41.0 5574.0 
492.00998690824247 10.21951219512195 14.0 58.0 3.0 41.0 5574.0 
494.00998690824247 10.21951219512195 14.0 58.0 3.0 41.0 5574.0 
496.00998690824247 10.21951219512195 14.0 58.0 3.0 41.0 5574.0 
498.00998690824247 10.21951219512195 14.0 58.0 3.0 41.0 5574.0 
500.00998690824247 10.21951219512195 15.0 59.0 3.0 41.0 5574.0 
502.00998690824247 10.21951219512195 15.0 59.0 3.0 41.0 5574.0 
504.00998690824247 10.21951219512195 15.0 59.0 3.0 41.0 5574.0 
506.00998690824247 10.21951219512195 16.0 60.0 3.0 41.0 5574.0 
508.00998690824247 10.21951219512195 16.0 60.0 3.0 41.0 5574.0 
510.00998690824247 10.214285714285714 17.0 61.0 3.0 42.0 5677.0 
512.0099869082425 10.214285714285714 17.0 62.0 3.0 42.0 5677.0 
514.0099869082425 10.214285714285714 17.0 62.0 3.0 42.0 5677.0 
516.0099869082425 10.214285714285714 17.0 62.0 3.0 42.0 5677.0 
518.0099869082425 10.214285714285714 17.0 62.0 3.0 42.0 5677.0 
520.0099869082425 10.214285714285714 18.0 63.0 3.0 42.0 5677.0 
522.0099869082425 10.214285714285714 18.0 63.0 3.0 42.0 5677.0 
524.0099869082425 10.209302325581396 18.0 64.0 3.0 43.0 5779.0 
526.0099869082425 10.204545454545455 17.0 64.0 3.0 44.0 6252.0 
528.0099869082425 10.204545454545455 17.0 65.0 3.0 44.0 6252.0 
530.0099869082425 10.204545454545455 18.0 65.0 3.0 44.0 6252.0 
532.0099869082425 10.204545454545455 18.0 65.0 3.0 44.0 6252.0 
534.0099869082425 10.204545454545455 18.0 65.0 3.0 44.0 6252.0 
536.0099869082425 10.204545454545455 18.0 65.0 3.0 44.0 6252.0 
538.0099869082425 10.204545454545455 18.0 65.0 3.0 44.0 6252.0 
540.0099869082425 10.204545454545455 18.0 65.0 3.0 44.0 6252.0 
542.0099869082425 10.204545454545455 19.0 66.0 3.0 44.0 6252.0 
544.0099869082425 10.204545454545455 20.0 67.0 3.0 44.0 6252.0 
546.0099869082425 10.204545454545455 20.0 67.0 3.0 44.0 6252.0 
548.0099869082425 10.204545454545455 20.0 67.0 3.0 44.0 6252.0 
550.0099869082425 10.2 20.0 67.0 3.0 45.0 6354.0 
552.0099869082425 10.2 19.0 67.0 3.0 45.0 6354.0 
554.0099869082425 10.2 19.0 67.0 3.0 45.0 6354.0 
556.0099869082425 10.2 19.0 67.0 3.0 45.0 6354.0 
558.0099869082425 10.2 19.0 68.0 3.0 45.0 6354.0 
560.0099869082425 10.2 20.0 68.0 3.0 45.0 6354.0 
562.0099869082425 10.2 21.0 69.0 3.0 45.0 6354.0 
564.0099869082425 10.2 21.0 69.0 3.0 45.0 6354.0 
566.0099869082425 10.2 21.0 69.0 3.0 45.0 6354.0 
568.0099869082425 10.2 21.0 69.0 3.0 45.0 6354.0 
570.0099869082425 10.2 21.0 69.0 3.0 45.0 6354.0 
572.0099869082425 10.195652173913043 21.0 69.0 3.0 46.0 6456.0 
574.0099869082425 10.195652173913043 20.0 70.0 3.0 46.0 6456.0 
576.0099869082425 10.195652173913043 21.0 70.0 3.0 46.0 6456.0 
578.0099869082425 10.195652173913043 22.0 71.0 3.0 46.0 6456.0 
580.0099869082425 10.195652173913043 22.0 71.0 3.0 46.0 6456.0 
582.0099869082425 10.195652173913043 22.0 71.0 3.0 46.0 6456.0 
584.0099869082425 10.195652173913043 22.0 71.0 3.0 46.0 6456.0 
586.0099869082425 10.191489361702128 24.0 73.0 3.0 47.0 6880.0 
588.0099869082425 10.191489361702128 23.0 73.0 3.0 47.0 6880.0 
590.0099869082425 10.191489361702128 23.0 73.0 3.0 47.0 6880.0 
592.0099869082425 10.191489361702128 23.0 73.0 3.0 47.0 6880.0 
594.0099869082425 10.191489361702128 23.0 73.0 3.0 47.0 6880.0 
596.0099869082425 10.191489361702128 24.0 74.0 3.0 47.0 6880.0 
598.0099869082425 10.191489361702128 25.0 75.0 3.0 47.0 6880.0 
600.0099869082425 10.191489361702128 26.0 76.0 3.0 47.0 6880.0 
602.0099869082425 10.191489361702128 26.0 76.0 3.0 47.0 6880.0 
604.0099869082425 10.191489361702128 26.0 76.0 3.0 47.0 6880.0 
606.0099869082425 10.191489361702128 26.0 76.0 3.0 47.0 6880.0 
608.0099869082425 10.1875 26.0 76.0 3.0 48.0 6983.0 
610.0099869082425 10.1875 25.0 76.0 3.0 48.0 6983.0 
612.0099869082425 10.38 24.0 76.0 3.0 51.0 7639.0 
614.0099869082425 10.372549019607844 23.0 77.0 3.0 52.0 7742.0 
616.0099869082425 10.372549019607844 22.0 77.0 3.0 52.0 7742.0 
618.0099869082425 10.372549019607844 22.0 77.0 3.0 52.0 7742.0 
620.0099869082425 10.372549019607844 24.0 79.0 3.0 52.0 7742.0 
622.0099869082425 10.365384615384615 23.0 79.0 3.0 53.0 7918.0 
624.0099869082425 10.365384615384615 24.0 80.0 3.0 53.0 7918.0 
626.0099869082425 10.358490566037736 24.0 80.0 3.0 54.0 8020.0 
628.0099869082425 10.358490566037736 25.0 82.0 3.0 54.0 8020.0 
630.0099869082425 10.358490566037736 25.0 82.0 3.0 54.0 8020.0 
632.0099869082425 10.358490566037736 26.0 83.0 3.0 54.0 8020.0 
634.0099869082425 10.358490566037736 26.0 84.0 3.0 54.0 8020.0 
636.0099869082425 10.358490566037736 27.0 84.0 3.0 54.0 8020.0 
638.0099869082425 10.358490566037736 27.0 84.0 3.0 54.0 8020.0 
640.0099869082425 10.358490566037736 28.0 85.0 3.0 54.0 8020.0 
642.0099869082425 10.358490566037736 28.0 85.0 3.0 54.0 8020.0 
644.0099869082425 10.358490566037736 28.0 85.0 3.0 54.0 8020.0 
646.0099869082425 10.351851851851851 28.0 85.0 3.0 55.0 8122.0 
648.0099869082425 10.345454545454546 26.0 85.0 3.0 56.0 8228.0 
650.0099869082425 10.345454545454546 26.0 85.0 3.0 56.0 8228.0 
652.0099869082425 10.345454545454546 26.0 85.0 3.0 56.0 8228.0 
654.0099869082425 10.345454545454546 27.0 86.0 3.0 56.0 8228.0 
656.0099869082425 10.345454545454546 27.0 86.0 3.0 56.0 8228.0 
658.0099869082425 10.345454545454546 27.0 87.0 3.0 56.0 8228.0 
660.0099869082425 10.345454545454546 28.0 87.0 3.0 56.0 8228.0 
662.0099869082425 10.527272727272727 27.0 87.0 3.0 57.0 8331.0 
664.0099869082425 10.527272727272727 27.0 87.0 3.0 57.0 8331.0 
666.0099869082425 10.527272727272727 27.0 88.0 3.0 57.0 8331.0 
668.0099869082425 10.527272727272727 29.0 89.0 3.0 57.0 8331.0 
670.0099869082425 10.527272727272727 29.0 89.0 3.0 57.0 8331.0 
672.0099869082425 10.527272727272727 30.0 91.0 3.0 57.0 8331.0 
674.0099869082425 10.527272727272727 31.0 91.0 3.0 57.0 8331.0 
676.0099869082425 10.527272727272727 31.0 91.0 3.0 57.0 8331.0 
678.0099869082425 10.517857142857142 30.0 91.0 3.0 58.0 8434.0 
680.0099869082425 10.5 28.0 91.0 3.0 60.0 9095.0 
682.0099869082425 10.5 28.0 91.0 3.0 60.0 9095.0 
684.0099869082425 10.5 29.0 92.0 3.0 60.0 9095.0 
686.0099869082425 10.5 30.0 94.0 3.0 60.0 9095.0 
688.0099869082425 10.491525423728813 31.0 95.0 3.0 61.0 9198.0 
690.0099869082425 10.491525423728813 31.0 95.0 3.0 61.0 9198.0 
692.0099869082425 10.491525423728813 31.0 95.0 3.0 61.0 9198.0 
694.0099869082425 10.491525423728813 31.0 95.0 3.0 61.0 9198.0 
696.0099869082425 10.483333333333333 30.0 95.0 3.0 62.0 9408.0 
698.0099869082425 10.475409836065573 30.0 95.0 3.0 63.0 9510.0 
700.0099869082425 10.619047619047619 28.0 95.0 3.0 66.0 10023.0 
702.0099869082425 10.619047619047619 27.0 96.0 3.0 66.0 10023.0 
704.0099869082425 10.619047619047619 27.0 96.0 3.0 66.0 10023.0 
706.0099869082425 10.619047619047619 27.0 96.0 3.0 66.0 10023.0 
708.0099869082425 10.619047619047619 27.0 96.0 3.0 66.0 10023.0 
710.0099869082425 10.619047619047619 27.0 96.0 3.0 66.0 10023.0 
712.0099869082425 10.619047619047619 27.0 96.0 3.0 66.0 10023.0 
714.0099869082425 10.619047619047619 27.0 96.0 3.0 66.0 10023.0 
716.0099869082425 10.777777777777779 26.0 96.0 3.0 67.0 10125.0 
718.0099869082425 10.777777777777779 26.0 96.0 3.0 67.0 10125.0 
720.0099869082425 10.777777777777779 26.0 96.0 3.0 67.0 10125.0 
722.0099869082425 10.921875 27.0 97.0 3.0 69.0 10330.0 
724.0099869082425 10.921875 25.0 97.0 3.0 69.0 10330.0 
726.0099869082425 10.907692307692308 25.0 97.0 3.0 70.0 10433.0 
728.0099869082425 10.907692307692308 24.0 98.0 3.0 70.0 10433.0 
730.0099869082425 11.045454545454545 25.0 98.0 3.0 72.0 10639.0 
732.0099869082425 11.045454545454545 23.0 98.0 3.0 72.0 10639.0 
734.0099869082425 11.029850746268657 23.0 98.0 3.0 73.0 10932.0 
736.0099869082425 11.029850746268657 23.0 99.0 3.0 73.0 10932.0 
738.0099869082425 11.014705882352942 22.0 99.0 3.0 74.0 11035.0 
740.0099869082425 11.014705882352942 22.0 99.0 3.0 74.0 11035.0 
742.0099869082425 11.0 22.0 100.0 3.0 75.0 11137.0 
744.0099869082425 11.0 22.0 100.0 3.0 75.0 11137.0 
746.0099869082425 11.0 22.0 100.0 3.0 75.0 11137.0 
748.0099869082425 11.0 24.0 102.0 3.0 75.0 11137.0 
750.0099869082425 11.0 24.0 102.0 3.0 75.0 11137.0 
752.0099869082425 11.0 24.0 102.0 3.0 75.0 11137.0 
754.0099869082425 11.0 25.0 103.0 3.0 75.0 11137.0 
756.0099869082425 10.985714285714286 24.0 103.0 3.0 76.0 11239.0 
758.0099869082425 10.985714285714286 24.0 103.0 3.0 76.0 11239.0 
760.0099869082425 10.985714285714286 24.0 103.0 3.0 76.0 11239.0 
762.0099869082425 10.971830985915492 23.0 103.0 3.0 77.0 11342.0 
764.0099869082425 10.971830985915492 23.0 103.0 3.0 77.0 11342.0 
766.0099869082425 10.971830985915492 25.0 105.0 3.0 77.0 11342.0 
768.0099869082425 10.971830985915492 25.0 105.0 3.0 77.0 11342.0 
770.0099869082425 11.097222222222221 24.0 105.0 3.0 79.0 11547.0 
772.0099869082425 11.097222222222221 23.0 105.0 3.0 79.0 11547.0 
774.0099869082425 11.097222222222221 23.0 105.0 3.0 79.0 11547.0 
776.0099869082425 11.23611111111111 22.0 105.0 3.0 80.0 11650.0 
778.0099869082425 11.23611111111111 22.0 105.0 3.0 80.0 11650.0 
780.0099869082425 11.23611111111111 22.0 105.0 3.0 80.0 11650.0 
782.0099869082425 11.23611111111111 22.0 105.0 3.0 80.0 11650.0 
784.0099869082425 11.23611111111111 22.0 105.0 3.0 80.0 11650.0 
786.0099869082425 11.23611111111111 23.0 106.0 3.0 80.0 11650.0 
788.0099869082425 11.219178082191782 22.0 106.0 3.0 81.0 11752.0 
790.0099869082425 11.186666666666667 20.0 106.0 3.0 83.0 12012.0 
792.0099869082425 11.186666666666667 21.0 107.0 3.0 83.0 12012.0 
794.0099869082425 11.186666666666667 21.0 107.0 3.0 83.0 12012.0 
796.0099869082425 11.186666666666667 21.0 107.0 3.0 83.0 12012.0 
798.0099869082425 11.186666666666667 21.0 108.0 3.0 83.0 12012.0 
800.0099869082425 11.186666666666667 23.0 109.0 3.0 83.0 12012.0 
802.0099869082425 11.186666666666667 23.0 109.0 3.0 83.0 12012.0 
804.0099869082425 11.333333333333334 22.0 109.0 3.0 84.0 12114.0 
806.0099869082425 11.333333333333334 22.0 109.0 3.0 84.0 12114.0 
808.0099869082425 11.333333333333334 22.0 109.0 3.0 84.0 12114.0 
810.0099869082425 11.333333333333334 23.0 110.0 3.0 84.0 12114.0 
812.0099869082425 11.333333333333334 23.0 110.0 3.0 84.0 12114.0 
814.0099869082425 11.333333333333334 23.0 110.0 3.0 84.0 12114.0 
816.0099869082425 11.333333333333334 23.0 110.0 3.0 84.0 12114.0 
818.0099869082425 11.333333333333334 23.0 110.0 3.0 84.0 12114.0 
820.0099869082425 11.333333333333334 23.0 110.0 3.0 84.0 12114.0 
822.0099869082425 11.31578947368421 23.0 110.0 3.0 85.0 12252.0 
824.0099869082425 11.447368421052632 21.0 110.0 3.0 86.0 12354.0 
826.0099869082425 11.447368421052632 21.0 110.0 3.0 86.0 12354.0 
828.0099869082425 11.447368421052632 21.0 110.0 3.0 86.0 12354.0 
830.0099869082425 11.578947368421053 21.0 110.0 3.0 87.0 12496.0 
832.0099869082425 11.558441558441558 19.0 110.0 3.0 88.0 12599.0 
834.0099869082425 11.558441558441558 20.0 111.0 3.0 88.0 12599.0 
836.0099869082425 11.558441558441558 20.0 111.0 3.0 88.0 12599.0 
838.0099869082425 11.688311688311689 20.0 111.0 3.0 89.0 12701.0 
840.0099869082425 11.688311688311689 19.0 111.0 3.0 89.0 12701.0 
842.0099869082425 11.688311688311689 19.0 111.0 3.0 89.0 12701.0 
844.0099869082425 11.658227848101266 20.0 112.0 3.0 91.0 13087.0 
846.0099869082425 11.658227848101266 19.0 113.0 3.0 91.0 13087.0 
848.0099869082425 11.658227848101266 19.0 114.0 3.0 91.0 13087.0 
850.0099869082425 11.91139240506329 18.0 114.0 3.0 93.0 13291.0 
852.0099869082425 11.91139240506329 18.0 114.0 3.0 93.0 13291.0 
854.0099869082425 11.91139240506329 18.0 114.0 3.0 93.0 13291.0 
856.0099869082425 12.037974683544304 19.0 115.0 3.0 94.0 13394.0 
858.0099869082425 12.037974683544304 20.0 117.0 3.0 94.0 13394.0 
860.0099869082425 12.037974683544304 20.0 117.0 3.0 94.0 13394.0 
862.0099869082425 12.037974683544304 20.0 117.0 3.0 94.0 13394.0 
864.0099869082425 12.037974683544304 20.0 117.0 3.0 94.0 13394.0 
866.0099869082425 12.037974683544304 20.0 117.0 3.0 94.0 13394.0 
868.0099869082425 12.1375 19.0 117.0 3.0 96.0 13598.0 
870.0099869082425 12.1375 18.0 117.0 3.0 96.0 13598.0 
872.0099869082425 12.1375 18.0 117.0 3.0 96.0 13598.0 
874.0099869082425 12.1375 18.0 117.0 3.0 96.0 13598.0 
876.0099869082425 12.1375 18.0 117.0 3.0 96.0 13598.0 
878.0099869082425 12.1375 19.0 119.0 3.0 96.0 13598.0 
880.0099869082425 12.1375 20.0 119.0 3.0 96.0 13598.0 
882.0099869082425 12.1375 21.0 120.0 3.0 96.0 13598.0 
884.0099869082425 12.1375 21.0 120.0 3.0 96.0 13598.0 
886.0099869082425 12.1375 21.0 120.0 3.0 96.0 13598.0 
888.0099869082425 12.2625 21.0 120.0 3.0 97.0 13701.0 
890.0099869082425 12.2625 20.0 121.0 3.0 97.0 13701.0 
892.0099869082425 12.2625 21.0 121.0 3.0 97.0 13701.0 
894.0099869082425 12.234567901234568 21.0 121.0 3.0 98.0 13804.0 
896.0099869082425 12.234567901234568 20.0 121.0 3.0 98.0 13804.0 
898.0099869082425 12.234567901234568 21.0 122.0 3.0 98.0 13804.0 
900.0099869082425 12.234567901234568 21.0 122.0 3.0 98.0 13804.0 
#####################################################################
# End of data export. Simulation finished at: 2020-01-26T16:20+0000 #
#####################################################################
