#####################################################################
# Alchemist log file - simulation started at: 2020-01-18T10:46+0000 #
#####################################################################
# seed = 15.0, taskFrequency = 0.00316, cloudcost = 3.0, algorithm = false
#
# The columns have the following meaning: 
# time taskHops[Mean] hasTask[Sum] tasks[Sum] completedTasks[Sum] giveupTasks[Sum] taskLatency[Sum] 
0.0 NaN 0.0 0.0 0.0 0.0 0.0 
2.0090872484315243 NaN 1.0 1.0 0.0 0.0 0.0 
4.009087248431524 NaN 3.0 5.0 0.0 0.0 0.0 
6.009087248431524 NaN 9.0 10.0 0.0 0.0 0.0 
8.009087248431523 NaN 10.0 10.0 0.0 0.0 0.0 
10.009087248431523 NaN 10.0 10.0 0.0 0.0 0.0 
12.009087248431523 NaN 10.0 10.0 0.0 0.0 0.0 
14.009087248431523 NaN 10.0 10.0 0.0 0.0 0.0 
16.009087248431523 NaN 10.0 11.0 0.0 0.0 0.0 
18.009087248431523 NaN 11.0 11.0 0.0 0.0 0.0 
20.009087248431523 NaN 12.0 12.0 0.0 0.0 0.0 
22.009087248431523 NaN 13.0 13.0 0.0 0.0 0.0 
24.009087248431523 NaN 14.0 14.0 0.0 0.0 0.0 
26.009087248431523 NaN 14.0 14.0 0.0 0.0 0.0 
28.009087248431523 NaN 14.0 15.0 0.0 0.0 0.0 
30.009087248431523 NaN 16.0 16.0 0.0 0.0 0.0 
32.00908724843153 NaN 17.0 17.0 0.0 0.0 0.0 
34.00908724843153 NaN 17.0 17.0 0.0 0.0 0.0 
36.00908724843153 NaN 17.0 17.0 0.0 0.0 0.0 
38.00908724843153 NaN 17.0 17.0 0.0 0.0 0.0 
40.00908724843153 NaN 19.0 19.0 0.0 0.0 0.0 
42.00908724843153 NaN 20.0 20.0 0.0 0.0 0.0 
44.00908724843153 NaN 20.0 20.0 0.0 0.0 0.0 
46.00908724843153 NaN 20.0 20.0 0.0 0.0 0.0 
48.00908724843153 NaN 21.0 21.0 0.0 0.0 0.0 
50.00908724843153 NaN 21.0 21.0 0.0 0.0 0.0 
52.00908724843153 NaN 21.0 21.0 0.0 0.0 0.0 
54.00908724843153 NaN 21.0 21.0 0.0 0.0 0.0 
56.00908724843153 NaN 21.0 21.0 0.0 0.0 0.0 
58.00908724843153 NaN 21.0 21.0 0.0 0.0 0.0 
60.00908724843153 NaN 22.0 23.0 0.0 0.0 0.0 
62.00908724843153 NaN 23.0 23.0 0.0 0.0 0.0 
64.00908724843153 NaN 24.0 24.0 0.0 0.0 0.0 
66.00908724843153 NaN 24.0 24.0 0.0 0.0 0.0 
68.00908724843153 NaN 24.0 24.0 0.0 0.0 0.0 
70.00908724843153 NaN 25.0 25.0 0.0 0.0 0.0 
72.00908724843153 NaN 25.0 25.0 0.0 0.0 0.0 
74.00908724843153 NaN 25.0 26.0 0.0 0.0 0.0 
76.00908724843153 NaN 26.0 26.0 0.0 0.0 0.0 
78.00908724843153 NaN 26.0 26.0 0.0 0.0 0.0 
80.00908724843153 NaN 26.0 26.0 0.0 0.0 0.0 
82.00908724843153 NaN 26.0 26.0 0.0 0.0 0.0 
84.00908724843153 NaN 27.0 27.0 0.0 0.0 0.0 
86.00908724843153 NaN 28.0 28.0 0.0 0.0 0.0 
88.00908724843153 NaN 29.0 29.0 0.0 0.0 0.0 
90.00908724843153 NaN 31.0 31.0 0.0 0.0 0.0 
92.00908724843153 NaN 31.0 32.0 0.0 0.0 0.0 
94.00908724843153 NaN 32.0 32.0 0.0 0.0 0.0 
96.00908724843153 NaN 32.0 32.0 0.0 0.0 0.0 
98.00908724843153 NaN 32.0 32.0 0.0 0.0 0.0 
100.00908724843153 NaN 32.0 32.0 0.0 0.0 0.0 
102.00908724843153 NaN 32.0 32.0 0.0 0.0 0.0 
104.00908724843153 NaN 32.0 32.0 0.0 0.0 0.0 
106.00908724843153 NaN 32.0 32.0 0.0 0.0 0.0 
108.00908724843153 3.0 31.0 33.0 0.0 2.0 204.0 
110.00908724843153 3.0 32.0 34.0 0.0 2.0 204.0 
112.00908724843153 3.0 32.0 34.0 0.0 2.0 204.0 
114.00908724843153 3.0 32.0 35.0 0.0 2.0 204.0 
116.00908724843153 3.0 33.0 35.0 0.0 2.0 204.0 
118.00908724843153 3.0 33.0 35.0 0.0 2.0 204.0 
120.00174626135191 3.0 31.0 36.0 0.0 5.0 536.0 
122.00908724843153 3.0 30.0 36.0 0.0 6.0 638.0 
124.00908724843153 3.0 31.0 37.0 0.0 7.0 741.0 
126.00908724843153 3.0 31.0 38.0 0.0 7.0 741.0 
128.0090872484315 3.0 33.0 40.0 0.0 8.0 866.0 
130.0090872484315 3.0 33.0 41.0 0.0 8.0 866.0 
132.0090872484315 3.0 33.0 41.0 0.0 8.0 866.0 
134.0090872484315 3.0 33.0 41.0 0.0 9.0 969.0 
136.0090872484315 3.0 32.0 41.0 0.0 9.0 969.0 
138.0090872484315 3.0 32.0 41.0 0.0 9.0 969.0 
140.0090872484315 3.0 32.0 41.0 0.0 9.0 969.0 
142.0090872484315 3.0 32.0 42.0 0.0 11.0 1173.0 
144.0090872484315 3.0 30.0 42.0 0.0 12.0 1275.0 
146.0090872484315 3.0 30.0 42.0 0.0 13.0 1416.0 
148.0090872484315 3.0 28.0 42.0 0.0 14.0 1559.0 
150.0090872484315 3.0 27.0 42.0 0.0 15.0 1661.0 
152.0090872484315 3.0 27.0 42.0 0.0 15.0 1661.0 
154.0090872484315 3.0 28.0 43.0 0.0 15.0 1661.0 
156.0090872484315 3.0 28.0 43.0 0.0 15.0 1661.0 
158.0090872484315 3.0 28.0 43.0 0.0 15.0 1661.0 
160.0090872484315 3.0 28.0 44.0 0.0 15.0 1661.0 
162.0090872484315 3.0 29.0 44.0 0.0 16.0 1764.0 
164.0090872484315 3.0 27.0 44.0 0.0 17.0 1867.0 
166.0090872484315 3.0 27.0 44.0 0.0 17.0 1867.0 
168.0090872484315 3.0 28.0 46.0 0.0 17.0 1867.0 
170.0090872484315 3.0 30.0 47.0 0.0 18.0 1973.0 
172.0090872484315 3.0 28.0 47.0 0.0 19.0 2075.0 
174.0090872484315 3.0 29.0 48.0 0.0 19.0 2075.0 
176.0090872484315 3.0 29.0 48.0 0.0 19.0 2075.0 
178.0090872484315 3.0 28.0 48.0 0.0 20.0 2178.0 
180.0090872484315 3.0 28.0 48.0 0.0 20.0 2178.0 
182.0090872484315 3.0 28.0 49.0 0.0 20.0 2178.0 
184.0090872484315 3.0 29.0 49.0 0.0 20.0 2178.0 
186.0090872484315 3.0 29.0 50.0 0.0 20.0 2178.0 
188.0090872484315 3.0 30.0 50.0 0.0 21.0 2281.0 
190.0090872484315 3.0 29.0 50.0 0.0 22.0 2384.0 
192.0090872484315 3.0 28.0 52.0 0.0 24.0 2588.0 
194.0090872484315 3.0 28.0 53.0 0.0 24.0 2588.0 
196.0090872484315 3.0 28.0 53.0 0.0 25.0 2691.0 
198.0090872484315 3.0 28.0 53.0 0.0 25.0 2691.0 
200.0090872484315 3.0 28.0 53.0 0.0 25.0 2691.0 
202.0090872484315 3.0 29.0 54.0 0.0 25.0 2691.0 
204.0090872484315 3.0 31.0 56.0 0.0 25.0 2691.0 
206.0090872484315 3.0 31.0 56.0 0.0 25.0 2691.0 
208.0090872484315 3.0 31.0 56.0 0.0 25.0 2691.0 
210.0090872484315 3.0 33.0 58.0 0.0 25.0 2691.0 
212.0090872484315 3.0 32.0 58.0 0.0 26.0 2793.0 
214.0090872484315 3.0 34.0 60.0 0.0 27.0 2924.0 
216.0090872484315 3.0 34.0 62.0 0.0 27.0 2924.0 
218.0090872484315 3.0 34.0 62.0 0.0 28.0 3027.0 
220.0090872484315 3.0 34.0 63.0 0.0 28.0 3027.0 
222.0090872484315 3.0 35.0 63.0 0.0 28.0 3027.0 
224.0090872484315 3.0 34.0 63.0 0.0 31.0 3550.0 
226.0090872484315 3.0 33.0 64.0 0.0 32.0 3652.0 
228.0090872484315 3.0 32.0 64.0 0.0 33.0 3754.0 
230.0090872484315 3.0 30.0 64.0 0.0 35.0 3958.0 
232.0090872484315 3.0 29.0 65.0 0.0 36.0 4060.0 
234.0090872484315 3.0 29.0 65.0 0.0 36.0 4060.0 
236.0090872484315 3.0 29.0 65.0 0.0 36.0 4060.0 
238.0090872484315 3.0 29.0 65.0 0.0 36.0 4060.0 
240.0090872484315 3.0 30.0 66.0 0.0 36.0 4060.0 
242.0090872484315 3.0 30.0 67.0 0.0 36.0 4060.0 
244.0090872484315 3.0 31.0 67.0 0.0 37.0 4162.0 
246.0090872484315 3.0 30.0 67.0 0.0 37.0 4162.0 
248.0090872484315 3.0 30.0 67.0 0.0 37.0 4162.0 
250.0090872484315 3.0 32.0 69.0 0.0 37.0 4162.0 
252.0090872484315 3.0 33.0 70.0 0.0 37.0 4162.0 
254.0090872484315 3.0 33.0 70.0 0.0 37.0 4162.0 
256.0090872484315 3.0 33.0 71.0 0.0 38.0 4265.0 
258.0090872484315 3.0 33.0 71.0 0.0 38.0 4265.0 
260.0090872484315 3.0 32.0 71.0 0.0 39.0 4496.0 
262.0090872484315 3.0 32.0 71.0 0.0 39.0 4496.0 
264.0090872484315 3.0 32.0 71.0 0.0 39.0 4496.0 
266.0090872484315 3.0 33.0 72.0 0.0 39.0 4496.0 
268.0090872484315 3.0 34.0 73.0 0.0 39.0 4496.0 
270.0090872484315 3.0 34.0 73.0 0.0 40.0 4598.0 
272.0090872484315 3.0 31.0 73.0 0.0 42.0 4803.0 
274.0090872484315 3.0 31.0 73.0 0.0 43.0 5075.0 
276.0090872484315 3.0 30.0 73.0 0.0 43.0 5075.0 
278.0090872484315 3.0 31.0 74.0 0.0 43.0 5075.0 
280.0090872484315 3.0 31.0 74.0 0.0 43.0 5075.0 
282.0090872484315 3.0 31.0 75.0 0.0 43.0 5075.0 
284.0090872484315 3.0 32.0 75.0 0.0 43.0 5075.0 
286.0090872484315 3.0697674418604652 31.0 75.0 0.0 44.0 5178.0 
288.0090872484315 3.0697674418604652 31.0 75.0 0.0 44.0 5178.0 
290.0090872484315 3.0681818181818183 31.0 76.0 0.0 45.0 5281.0 
292.0090872484315 3.0681818181818183 31.0 76.0 0.0 45.0 5281.0 
294.0090872484315 3.0681818181818183 32.0 77.0 0.0 45.0 5281.0 
296.0090872484315 3.0638297872340425 30.0 78.0 0.0 48.0 5675.0 
298.0090872484315 3.0638297872340425 30.0 78.0 0.0 48.0 5675.0 
300.0090872484315 3.0638297872340425 30.0 78.0 0.0 48.0 5675.0 
302.0090872484315 3.0638297872340425 30.0 78.0 0.0 48.0 5675.0 
304.0090872484315 3.0625 31.0 79.0 0.0 49.0 5778.0 
306.0090872484315 3.122448979591837 31.0 80.0 0.0 51.0 5984.0 
308.0090872484315 3.122448979591837 30.0 81.0 0.0 51.0 5984.0 
310.0090872484315 3.122448979591837 33.0 84.0 0.0 51.0 5984.0 
312.0090872484315 3.1176470588235294 32.0 84.0 0.0 53.0 6188.0 
314.0090872484315 3.1176470588235294 34.0 87.0 0.0 53.0 6188.0 
316.0090872484315 3.173076923076923 32.0 88.0 0.0 55.0 6392.0 
318.0090872484315 3.169811320754717 32.0 88.0 0.0 56.0 6494.0 
320.0090872484315 3.169811320754717 32.0 88.0 0.0 56.0 6494.0 
322.0090872484315 3.169811320754717 32.0 89.0 0.0 56.0 6494.0 
324.0090872484315 3.1666666666666665 32.0 89.0 0.0 57.0 6597.0 
326.0090872484315 3.1666666666666665 33.0 90.0 0.0 57.0 6597.0 
328.0090872484315 3.1666666666666665 33.0 90.0 0.0 57.0 6597.0 
330.0090872484315 3.1666666666666665 33.0 90.0 0.0 57.0 6597.0 
332.0090872484315 3.1666666666666665 33.0 90.0 0.0 57.0 6597.0 
334.0090872484315 3.1636363636363636 34.0 91.0 0.0 58.0 6700.0 
336.0090872484315 3.1636363636363636 33.0 91.0 0.0 58.0 6700.0 
338.0090872484315 3.1636363636363636 33.0 91.0 0.0 58.0 6700.0 
340.0090872484315 3.1636363636363636 33.0 91.0 0.0 58.0 6700.0 
342.0090872484315 3.1636363636363636 33.0 91.0 0.0 58.0 6700.0 
344.0090872484315 3.1607142857142856 33.0 91.0 0.0 59.0 6850.0 
346.0090872484315 3.1607142857142856 32.0 91.0 0.0 59.0 6850.0 
348.0090872484315 3.1607142857142856 32.0 91.0 0.0 59.0 6850.0 
350.0090872484315 3.1607142857142856 32.0 91.0 0.0 59.0 6850.0 
352.0090872484315 3.2105263157894735 32.0 91.0 0.0 61.0 7055.0 
354.0090872484315 3.206896551724138 30.0 91.0 0.0 62.0 7158.0 
356.0090872484315 3.2033898305084745 31.0 93.0 0.0 63.0 7272.0 
358.0090872484315 3.2033898305084745 30.0 93.0 0.0 63.0 7272.0 
360.0090872484315 3.2 29.0 93.0 0.0 64.0 7375.0 
362.0090872484315 3.2 30.0 94.0 0.0 64.0 7375.0 
364.0090872484315 3.2 30.0 94.0 0.0 64.0 7375.0 
366.0090872484315 3.2 31.0 95.0 0.0 64.0 7375.0 
368.0090872484315 3.25 30.0 96.0 0.0 65.0 7478.0 
370.0090872484315 3.25 31.0 96.0 0.0 65.0 7478.0 
372.0090872484315 3.25 32.0 97.0 0.0 65.0 7478.0 
374.0090872484315 3.25 32.0 97.0 0.0 65.0 7478.0 
376.0090872484315 3.25 32.0 98.0 0.0 65.0 7478.0 
378.0090872484315 3.25 33.0 98.0 0.0 65.0 7478.0 
380.0090872484315 3.245901639344262 33.0 98.0 0.0 66.0 7581.0 
382.0090872484315 3.245901639344262 32.0 98.0 0.0 66.0 7581.0 
384.0090872484315 3.245901639344262 32.0 98.0 0.0 66.0 7581.0 
386.0090872484315 3.2419354838709675 31.0 98.0 0.0 67.0 7684.0 
388.0090872484315 3.2419354838709675 33.0 100.0 0.0 67.0 7684.0 
390.0090872484315 3.2419354838709675 33.0 100.0 0.0 67.0 7684.0 
392.0090872484315 3.238095238095238 33.0 100.0 0.0 68.0 7786.0 
394.0090872484315 3.238095238095238 32.0 100.0 0.0 68.0 7786.0 
396.0090872484315 3.234375 32.0 100.0 0.0 69.0 7888.0 
398.0090872484315 3.230769230769231 30.0 100.0 0.0 70.0 7990.0 
400.0090872484315 3.230769230769231 30.0 100.0 0.0 70.0 7990.0 
402.0090872484315 3.230769230769231 31.0 101.0 0.0 70.0 7990.0 
404.0090872484315 3.230769230769231 31.0 101.0 0.0 70.0 7990.0 
406.0090872484315 3.2272727272727275 30.0 101.0 0.0 71.0 8092.0 
408.0090872484315 3.2727272727272725 30.0 101.0 0.0 72.0 8195.0 
410.0090872484315 3.2727272727272725 29.0 101.0 0.0 72.0 8195.0 
412.0090872484315 3.264705882352941 29.0 102.0 0.0 74.0 8703.0 
414.0090872484315 3.264705882352941 28.0 102.0 0.0 74.0 8703.0 
416.0090872484315 3.3 28.0 102.0 0.0 77.0 9010.0 
418.0090872484315 3.295774647887324 24.0 102.0 0.0 78.0 9254.0 
420.0090872484315 3.291666666666667 24.0 103.0 0.0 79.0 9357.0 
422.0090872484315 3.287671232876712 25.0 104.0 0.0 80.0 9469.0 
424.0090872484315 3.287671232876712 24.0 104.0 0.0 80.0 9469.0 
426.0090872484315 3.324324324324324 24.0 105.0 0.0 82.0 9758.0 
428.0090872484315 3.324324324324324 23.0 105.0 0.0 82.0 9758.0 
430.0090872484315 3.324324324324324 24.0 106.0 0.0 82.0 9758.0 
432.0090872484315 3.324324324324324 24.0 106.0 0.0 82.0 9758.0 
434.0090872484315 3.324324324324324 24.0 106.0 0.0 82.0 9758.0 
436.0090872484315 3.364864864864865 24.0 107.0 0.0 83.0 9860.0 
438.0090872484315 3.364864864864865 24.0 107.0 0.0 83.0 9860.0 
440.0090872484315 3.364864864864865 25.0 108.0 0.0 83.0 9860.0 
442.0090872484315 3.364864864864865 27.0 110.0 0.0 83.0 9860.0 
444.0090872484315 3.364864864864865 28.0 111.0 0.0 83.0 9860.0 
446.0090872484315 3.364864864864865 28.0 112.0 0.0 83.0 9860.0 
448.0090872484315 3.364864864864865 29.0 112.0 0.0 83.0 9860.0 
450.0090872484315 3.364864864864865 30.0 113.0 0.0 83.0 9860.0 
452.0090872484315 3.364864864864865 30.0 113.0 0.0 83.0 9860.0 
454.0090872484315 3.364864864864865 31.0 114.0 0.0 83.0 9860.0 
456.0090872484315 3.3600000000000003 31.0 115.0 0.0 84.0 10007.0 
458.0090872484315 3.4 32.0 117.0 0.0 85.0 10109.0 
460.0090872484315 3.4 33.0 119.0 0.0 85.0 10109.0 
462.0090872484315 3.4 35.0 120.0 0.0 85.0 10109.0 
464.0090872484315 3.4400000000000004 35.0 121.0 0.0 86.0 10211.0 
466.0090872484315 3.4400000000000004 35.0 121.0 0.0 86.0 10211.0 
468.0090872484315 3.4799999999999995 35.0 122.0 0.0 87.0 10313.0 
470.0090872484315 3.4799999999999995 35.0 122.0 0.0 87.0 10313.0 
472.0090872484315 3.4799999999999995 35.0 123.0 0.0 87.0 10313.0 
474.0090872484315 3.52 36.0 123.0 0.0 88.0 10415.0 
476.0090872484315 3.52 35.0 123.0 0.0 88.0 10415.0 
478.0090872484315 3.52 35.0 123.0 0.0 88.0 10415.0 
480.0090872484315 3.5599999999999996 35.0 124.0 0.0 89.0 10518.0 
482.00812808541576 3.5599999999999996 36.0 126.0 0.0 89.0 10518.0 
484.0090872484315 3.5599999999999996 38.0 127.0 0.0 89.0 10518.0 
486.0090872484315 3.5599999999999996 40.0 129.0 0.0 89.0 10518.0 
488.0090872484315 3.5599999999999996 41.0 130.0 0.0 89.0 10518.0 
490.0090872484315 3.5921052631578947 42.0 132.0 0.0 91.0 10724.0 
492.0090872484315 3.5921052631578947 41.0 132.0 0.0 91.0 10724.0 
494.0090872484315 3.5921052631578947 43.0 134.0 0.0 91.0 10724.0 
496.0090872484315 3.5921052631578947 43.0 134.0 0.0 91.0 10724.0 
498.0090872484315 3.5921052631578947 43.0 134.0 0.0 91.0 10724.0 
500.0090872484315 3.5921052631578947 43.0 134.0 0.0 91.0 10724.0 
502.0090872484315 3.5921052631578947 43.0 134.0 0.0 91.0 10724.0 
504.0090872484315 3.5844155844155843 43.0 134.0 0.0 92.0 10827.0 
506.0090872484315 3.5844155844155843 43.0 135.0 0.0 92.0 10827.0 
508.0090872484315 3.5844155844155843 44.0 136.0 0.0 92.0 10827.0 
510.0090872484315 3.5844155844155843 46.0 138.0 0.0 92.0 10827.0 
512.0090872484316 3.5844155844155843 46.0 139.0 0.0 92.0 10827.0 
514.0090872484316 3.5844155844155843 47.0 139.0 0.0 92.0 10827.0 
516.0090872484316 3.6233766233766236 47.0 140.0 0.0 93.0 10930.0 
518.0090872484316 3.6233766233766236 48.0 141.0 0.0 93.0 10930.0 
520.0090872484316 3.6153846153846154 47.0 141.0 0.0 94.0 11081.0 
522.0090872484316 3.607594936708861 47.0 141.0 0.0 95.0 11183.0 
524.0090872484316 3.6455696202531644 48.0 143.0 0.0 96.0 11286.0 
526.0090872484316 3.6455696202531644 48.0 144.0 0.0 96.0 11286.0 
528.0090872484316 3.6835443037974684 48.0 145.0 0.0 97.0 11388.0 
530.0090872484316 3.6835443037974684 51.0 148.0 0.0 97.0 11388.0 
532.0090872484316 3.7125 49.0 148.0 0.0 99.0 11666.0 
534.0090872484316 3.7125 49.0 148.0 0.0 99.0 11666.0 
536.0090872484316 3.7125 49.0 148.0 0.0 99.0 11666.0 
538.0090872484316 3.75 49.0 148.0 0.0 100.0 11769.0 
540.0090872484316 3.75 48.0 148.0 0.0 100.0 11769.0 
542.0090872484316 3.75 48.0 148.0 0.0 100.0 11769.0 
544.0090872484316 3.825 50.0 150.0 0.0 102.0 11975.0 
546.0090872484316 3.814814814814815 49.0 152.0 0.0 103.0 12078.0 
548.0090872484316 3.7951807228915664 47.0 152.0 0.0 105.0 12466.0 
550.0090872484316 3.7857142857142856 46.0 152.0 0.0 106.0 12569.0 
552.0090872484316 3.776470588235294 46.0 152.0 0.0 107.0 12671.0 
554.0090872484316 3.776470588235294 45.0 153.0 0.0 107.0 12671.0 
556.0090872484316 3.7674418604651163 46.0 154.0 0.0 108.0 12773.0 
558.0090872484316 3.7674418604651163 47.0 155.0 0.0 108.0 12773.0 
560.0090872484316 3.8720930232558137 47.0 156.0 0.0 111.0 13080.0 
562.0090872484316 3.862068965517241 45.0 158.0 0.0 112.0 13182.0 
564.0090872484316 3.9310344827586206 46.0 159.0 0.0 114.0 13388.0 
566.0090872484316 3.9310344827586206 45.0 159.0 0.0 114.0 13388.0 
568.0090872484316 3.9310344827586206 45.0 159.0 0.0 114.0 13388.0 
570.0090872484316 3.920454545454546 44.0 159.0 0.0 115.0 13490.0 
572.0090872484316 3.920454545454546 44.0 159.0 0.0 115.0 13490.0 
574.0090872484316 3.920454545454546 44.0 160.0 0.0 115.0 13490.0 
576.0090872484316 3.954545454545454 44.0 160.0 0.0 116.0 13593.0 
578.0090872484316 3.954545454545454 45.0 161.0 0.0 116.0 13593.0 
580.0090872484316 3.954545454545454 45.0 161.0 0.0 116.0 13593.0 
582.0090872484316 3.977528089887641 44.0 162.0 0.0 118.0 14050.0 
584.0090872484316 4.01123595505618 44.0 162.0 0.0 119.0 14153.0 
586.0090872484316 4.033333333333333 42.0 162.0 0.0 121.0 14357.0 
588.0090872484316 4.054945054945055 39.0 162.0 0.0 123.0 14561.0 
590.0090872484316 4.087912087912088 39.0 163.0 0.0 124.0 14664.0 
592.0090872484316 4.1208791208791204 39.0 163.0 0.0 125.0 14766.0 
594.0090872484316 4.153846153846154 37.0 164.0 0.0 126.0 14869.0 
596.0090872484316 4.21978021978022 37.0 164.0 0.0 128.0 15073.0 
598.0090872484316 4.21978021978022 37.0 165.0 0.0 128.0 15073.0 
600.0090872484316 4.21978021978022 38.0 166.0 0.0 128.0 15073.0 
602.0090872484316 4.21978021978022 38.0 166.0 0.0 128.0 15073.0 
604.0090872484316 4.21978021978022 38.0 166.0 0.0 128.0 15073.0 
606.0090872484316 4.21978021978022 38.0 166.0 0.0 128.0 15073.0 
608.0090872484316 4.252747252747253 39.0 167.0 0.0 129.0 15176.0 
610.0090872484316 4.285714285714286 37.0 167.0 0.0 130.0 15278.0 
612.0090872484316 4.304347826086956 37.0 168.0 0.0 132.0 15482.0 
614.0090872484316 4.304347826086956 36.0 168.0 0.0 132.0 15482.0 
616.0090872484316 4.290322580645162 35.0 168.0 0.0 133.0 15585.0 
618.0090872484316 4.32258064516129 34.0 168.0 0.0 134.0 15687.0 
620.0090872484316 4.354838709677419 33.0 168.0 0.0 135.0 15789.0 
622.0090872484316 4.354838709677419 33.0 168.0 0.0 135.0 15789.0 
624.0090872484316 4.354838709677419 33.0 168.0 0.0 135.0 15789.0 
626.0090872484316 4.419354838709678 33.0 169.0 0.0 137.0 15993.0 
628.0090872484316 4.404255319148936 31.0 169.0 0.0 138.0 16095.0 
630.0090872484316 4.421052631578947 30.0 169.0 0.0 140.0 16519.0 
632.0090872484316 4.4375 29.0 169.0 0.0 142.0 16723.0 
634.0090872484316 4.4375 27.0 169.0 0.0 142.0 16723.0 
636.0090872484316 4.4375 27.0 169.0 0.0 142.0 16723.0 
638.0090872484316 4.4375 28.0 171.0 0.0 142.0 16723.0 
640.0090872484316 4.4375 29.0 171.0 0.0 142.0 16723.0 
642.0090872484316 4.4375 31.0 173.0 0.0 142.0 16723.0 
644.0090872484316 4.4375 31.0 173.0 0.0 142.0 16723.0 
646.0090872484316 4.5 32.0 174.0 0.0 144.0 16928.0 
648.0090872484316 4.53125 30.0 175.0 0.0 145.0 17030.0 
650.0090872484316 4.5625 30.0 176.0 0.0 146.0 17133.0 
652.0090872484316 4.5625 31.0 177.0 0.0 146.0 17133.0 
654.0090872484316 4.5625 32.0 178.0 0.0 146.0 17133.0 
656.0090872484316 4.5625 32.0 178.0 0.0 146.0 17133.0 
658.0090872484316 4.546391752577319 31.0 178.0 0.0 147.0 17236.0 
660.0090872484316 4.608247422680412 30.0 178.0 0.0 149.0 17442.0 
662.0090872484316 4.608247422680412 29.0 178.0 0.0 149.0 17442.0 
664.0090872484316 4.639175257731958 29.0 178.0 0.0 150.0 17545.0 
666.0090872484316 4.653061224489796 27.0 179.0 0.0 152.0 17750.0 
668.0090872484316 4.653061224489796 28.0 180.0 0.0 152.0 17750.0 
670.0090872484316 4.653061224489796 29.0 181.0 0.0 152.0 17750.0 
672.0090872484316 4.653061224489796 29.0 181.0 0.0 152.0 17750.0 
674.0090872484316 4.653061224489796 30.0 182.0 0.0 152.0 17750.0 
676.0090872484316 4.676767676767677 31.0 184.0 0.0 154.0 18355.0 
678.0090872484316 4.66 30.0 185.0 0.0 155.0 18458.0 
680.0090872484316 4.6899999999999995 31.0 186.0 0.0 156.0 18560.0 
682.0090872484316 4.6899999999999995 30.0 186.0 0.0 156.0 18560.0 
684.0090872484316 4.720000000000001 32.0 188.0 0.0 157.0 18663.0 
686.0090872484316 4.720000000000001 31.0 188.0 0.0 157.0 18663.0 
688.0090872484316 4.720000000000001 31.0 188.0 0.0 157.0 18663.0 
690.0090872484316 4.720000000000001 31.0 188.0 0.0 157.0 18663.0 
692.0090872484316 4.720000000000001 31.0 188.0 0.0 157.0 18663.0 
694.0090872484316 4.702970297029704 31.0 189.0 0.0 158.0 18766.0 
696.0090872484316 4.702970297029704 31.0 190.0 0.0 158.0 18766.0 
698.0090872484316 4.732673267326733 31.0 190.0 0.0 159.0 18869.0 
700.0090872484316 4.732673267326733 31.0 190.0 0.0 159.0 18869.0 
702.0090872484316 4.715686274509804 31.0 190.0 0.0 160.0 18972.0 
704.0090872484316 4.715686274509804 30.0 190.0 0.0 160.0 18972.0 
706.0090872484316 4.715686274509804 30.0 190.0 0.0 160.0 18972.0 
708.0090872484316 4.715686274509804 30.0 190.0 0.0 160.0 18972.0 
710.0090872484316 4.745098039215686 29.0 190.0 0.0 161.0 19074.0 
712.0090872484316 4.745098039215686 29.0 190.0 0.0 161.0 19074.0 
714.0090872484316 4.728155339805825 29.0 190.0 0.0 162.0 19176.0 
716.0090872484316 4.728155339805825 28.0 190.0 0.0 162.0 19176.0 
718.0090872484316 4.728155339805825 28.0 190.0 0.0 162.0 19176.0 
720.0090872484316 4.728155339805825 28.0 190.0 0.0 162.0 19176.0 
722.0090872484316 4.728155339805825 28.0 190.0 0.0 162.0 19176.0 
724.0090872484316 4.728155339805825 29.0 191.0 0.0 162.0 19176.0 
726.0090872484316 4.728155339805825 32.0 194.0 0.0 162.0 19176.0 
728.0090872484316 4.757281553398058 32.0 195.0 0.0 163.0 19279.0 
730.0090872484316 4.757281553398058 33.0 196.0 0.0 163.0 19279.0 
732.0090872484316 4.757281553398058 35.0 198.0 0.0 163.0 19279.0 
734.0090872484316 4.757281553398058 35.0 198.0 0.0 163.0 19279.0 
736.0090872484316 4.757281553398058 35.0 198.0 0.0 163.0 19279.0 
738.0090872484316 4.757281553398058 35.0 198.0 0.0 163.0 19279.0 
740.0090872484316 4.757281553398058 35.0 198.0 0.0 163.0 19279.0 
742.0090872484316 4.786407766990291 34.0 198.0 0.0 164.0 19382.0 
744.0090872484316 4.873786407766991 34.0 200.0 0.0 167.0 19867.0 
746.0090872484316 4.873786407766991 34.0 201.0 0.0 167.0 19867.0 
748.0090872484316 4.884615384615384 34.0 202.0 0.0 169.0 20158.0 
750.0090872484316 4.884615384615384 33.0 202.0 0.0 169.0 20158.0 
752.0090872484316 4.866666666666666 33.0 202.0 0.0 170.0 20260.0 
754.0090872484316 4.849056603773585 32.0 202.0 0.0 171.0 20362.0 
756.0090872484316 4.83177570093458 30.0 202.0 0.0 172.0 20464.0 
758.0090872484316 4.83177570093458 30.0 202.0 0.0 172.0 20464.0 
760.0090872484316 4.83177570093458 30.0 202.0 0.0 172.0 20464.0 
762.0090872484316 4.83177570093458 30.0 202.0 0.0 172.0 20464.0 
764.0090872484316 4.83177570093458 30.0 202.0 0.0 172.0 20464.0 
766.0090872484316 4.83177570093458 30.0 202.0 0.0 172.0 20464.0 
768.0090872484316 4.85981308411215 30.0 203.0 0.0 173.0 20567.0 
770.0090872484316 4.85981308411215 31.0 206.0 0.0 173.0 20567.0 
772.0090872484316 4.91588785046729 32.0 206.0 0.0 175.0 20803.0 
774.0090872484316 4.94392523364486 31.0 206.0 0.0 176.0 20910.0 
776.0090872484316 4.971962616822429 30.0 206.0 0.0 177.0 21012.0 
778.0090872484316 5.028037383177571 30.0 207.0 0.0 179.0 21218.0 
780.0090872484316 5.037037037037036 29.0 208.0 0.0 181.0 21502.0 
782.0090872484316 5.064814814814814 27.0 208.0 0.0 182.0 21605.0 
784.0090872484316 5.064814814814814 26.0 208.0 0.0 182.0 21605.0 
786.0090872484316 5.12037037037037 26.0 208.0 0.0 184.0 21809.0 
788.0090872484316 5.12037037037037 24.0 208.0 0.0 184.0 21809.0 
790.0090872484316 5.12037037037037 25.0 209.0 0.0 184.0 21809.0 
792.0090872484316 5.12037037037037 26.0 210.0 0.0 184.0 21809.0 
794.0090872484316 5.12037037037037 27.0 212.0 0.0 184.0 21809.0 
796.0090872484316 5.148148148148148 27.0 213.0 0.0 185.0 21911.0 
798.0090872484316 5.148148148148148 28.0 213.0 0.0 185.0 21911.0 
800.0090872484316 5.1759259259259265 28.0 214.0 0.0 186.0 22014.0 
802.0090872484316 5.1759259259259265 28.0 214.0 0.0 186.0 22014.0 
804.0090872484316 5.1759259259259265 28.0 214.0 0.0 186.0 22014.0 
806.0090872484316 5.1759259259259265 28.0 214.0 0.0 186.0 22014.0 
808.0090872484316 5.1759259259259265 28.0 214.0 0.0 186.0 22014.0 
810.0090872484316 5.1759259259259265 28.0 214.0 0.0 186.0 22014.0 
812.0090872484316 5.1759259259259265 28.0 214.0 0.0 186.0 22014.0 
814.0090872484316 5.1759259259259265 28.0 214.0 0.0 186.0 22014.0 
816.0090872484316 5.1759259259259265 28.0 214.0 0.0 186.0 22014.0 
818.0090872484316 5.1759259259259265 28.0 214.0 0.0 186.0 22014.0 
820.0090872484316 5.1759259259259265 29.0 215.0 0.0 186.0 22014.0 
822.0090872484316 5.1759259259259265 29.0 215.0 0.0 186.0 22014.0 
824.0090872484316 5.1759259259259265 29.0 215.0 0.0 186.0 22014.0 
826.0090872484316 5.203703703703704 31.0 217.0 0.0 187.0 22117.0 
828.0090872484316 5.211009174311927 29.0 217.0 0.0 189.0 22322.0 
830.0090872484316 5.238532110091743 28.0 217.0 0.0 190.0 22505.0 
832.0090872484316 5.275229357798166 28.0 219.0 0.0 191.0 22608.0 
834.0090872484316 5.254545454545455 28.0 219.0 0.0 192.0 22710.0 
836.0090872484316 5.254545454545455 27.0 220.0 0.0 192.0 22710.0 
838.0090872484316 5.254545454545455 28.0 220.0 0.0 192.0 22710.0 
840.0090872484316 5.254545454545455 29.0 221.0 0.0 192.0 22710.0 
842.0090872484316 5.254545454545455 30.0 222.0 0.0 192.0 22710.0 
844.0090872484316 5.254545454545455 30.0 222.0 0.0 192.0 22710.0 
846.0090872484316 5.254545454545455 34.0 226.0 0.0 192.0 22710.0 
848.0090872484316 5.3090909090909095 33.0 226.0 0.0 194.0 22915.0 
850.0090872484316 5.336363636363636 34.0 228.0 0.0 195.0 23017.0 
852.0090872484316 5.336363636363636 34.0 229.0 0.0 195.0 23017.0 
854.0090872484316 5.336363636363636 35.0 231.0 0.0 195.0 23017.0 
856.0090872484316 5.336363636363636 36.0 232.0 0.0 195.0 23017.0 
858.0090872484316 5.336363636363636 38.0 233.0 0.0 195.0 23017.0 
860.0090872484316 5.336363636363636 38.0 234.0 0.0 195.0 23017.0 
862.0090872484316 5.336363636363636 39.0 235.0 0.0 195.0 23017.0 
864.0090872484316 5.363636363636363 40.0 235.0 0.0 196.0 23152.0 
866.0090872484316 5.363636363636363 39.0 236.0 0.0 196.0 23152.0 
868.0090872484316 5.363636363636363 41.0 237.0 0.0 196.0 23152.0 
870.0090872484316 5.363636363636363 42.0 238.0 0.0 196.0 23152.0 
872.0090872484316 5.390909090909091 41.0 238.0 0.0 197.0 23255.0 
874.0090872484316 5.396396396396396 39.0 238.0 0.0 199.0 23461.0 
876.0090872484316 5.396396396396396 39.0 239.0 0.0 199.0 23461.0 
878.0090872484316 5.396396396396396 40.0 240.0 0.0 199.0 23461.0 
880.0090872484316 5.423423423423424 42.0 242.0 0.0 200.0 23563.0 
882.0090872484316 5.45045045045045 41.0 242.0 0.0 201.0 23665.0 
884.0090872484316 5.45045045045045 42.0 243.0 0.0 201.0 23665.0 
886.0090872484316 5.45045045045045 43.0 244.0 0.0 201.0 23665.0 
888.0090872484316 5.45045045045045 43.0 244.0 0.0 201.0 23665.0 
890.0090872484316 5.45045045045045 43.0 244.0 0.0 201.0 23665.0 
892.0090872484316 5.4774774774774775 42.0 244.0 0.0 202.0 23767.0 
894.0090872484316 5.455357142857143 41.0 244.0 0.0 203.0 23869.0 
896.0090872484316 5.482142857142857 41.0 244.0 0.0 204.0 23972.0 
898.0090872484316 5.535714285714286 38.0 244.0 0.0 206.0 24246.0 
900.0090872484316 5.513274336283186 40.0 246.0 0.0 207.0 24414.0 
#####################################################################
# End of data export. Simulation finished at: 2020-01-18T10:47+0000 #
#####################################################################
