#####################################################################
# Alchemist log file - simulation started at: 2020-02-10T22:14+0000 #
#####################################################################
# seed = 64.0, taskFrequency = 0.00133, cloudcost = 3.0, algorithm = false
#
# The columns have the following meaning: 
# time taskHops[Mean] hasTask[Sum] tasks[Sum] completedTasks[Sum] giveupTasks[Sum] taskLatency[Sum] 
0.0 NaN 0.0 0.0 0.0 0.0 0.0 
2.001856888354189 NaN 0.0 1.0 0.0 0.0 0.0 
4.0018568883541885 NaN 1.0 1.0 0.0 0.0 0.0 
6.0018568883541885 NaN 2.0 2.0 0.0 0.0 0.0 
8.001856888354189 NaN 2.0 2.0 0.0 0.0 0.0 
10.001856888354189 NaN 2.0 2.0 0.0 0.0 0.0 
12.001856888354189 NaN 3.0 3.0 0.0 0.0 0.0 
14.001856888354189 NaN 3.0 3.0 0.0 0.0 0.0 
16.00185688835419 NaN 3.0 3.0 0.0 0.0 0.0 
18.00185688835419 NaN 4.0 4.0 0.0 0.0 0.0 
20.00185688835419 NaN 5.0 5.0 0.0 0.0 0.0 
22.00185688835419 NaN 6.0 7.0 0.0 0.0 0.0 
24.00185688835419 NaN 7.0 7.0 0.0 0.0 0.0 
26.00185688835419 NaN 7.0 7.0 0.0 0.0 0.0 
28.00185688835419 NaN 8.0 8.0 0.0 0.0 0.0 
30.00185688835419 NaN 8.0 8.0 0.0 0.0 0.0 
32.00185688835419 NaN 9.0 9.0 0.0 0.0 0.0 
34.00185688835419 NaN 9.0 9.0 0.0 0.0 0.0 
36.00185688835419 NaN 10.0 10.0 0.0 0.0 0.0 
38.00185688835419 NaN 10.0 10.0 0.0 0.0 0.0 
40.00185688835419 NaN 10.0 10.0 0.0 0.0 0.0 
42.00185688835419 NaN 10.0 10.0 0.0 0.0 0.0 
44.00185688835419 NaN 10.0 10.0 0.0 0.0 0.0 
46.00185688835419 NaN 11.0 11.0 0.0 0.0 0.0 
48.00185688835419 NaN 11.0 11.0 0.0 0.0 0.0 
50.00185688835419 NaN 11.0 11.0 0.0 0.0 0.0 
52.00185688835419 NaN 12.0 12.0 0.0 0.0 0.0 
54.00185688835419 NaN 12.0 12.0 0.0 0.0 0.0 
56.00185688835419 NaN 12.0 12.0 0.0 0.0 0.0 
58.00185688835419 NaN 12.0 12.0 0.0 0.0 0.0 
60.00185688835419 NaN 13.0 13.0 0.0 0.0 0.0 
62.00185688835419 2.0 13.0 13.0 1.0 0.0 26.0 
64.00185688835418 2.0 12.0 14.0 1.0 0.0 26.0 
66.00185688835418 2.0 15.0 16.0 1.0 0.0 26.0 
68.00185688835418 2.0 15.0 16.0 1.0 0.0 26.0 
70.00185688835418 2.0 15.0 16.0 1.0 0.0 26.0 
72.00185688835418 2.0 18.0 19.0 1.0 0.0 26.0 
74.00185688835418 2.0 19.0 20.0 1.0 0.0 26.0 
76.00185688835418 2.0 19.0 20.0 1.0 0.0 26.0 
78.00185688835418 2.0 19.0 21.0 1.0 0.0 26.0 
80.00185688835418 2.0 20.0 21.0 1.0 0.0 26.0 
82.00185688835418 2.0 20.0 21.0 1.0 0.0 26.0 
84.00185688835418 2.0 20.0 21.0 1.0 0.0 26.0 
86.00185688835418 2.0 20.0 21.0 1.0 0.0 26.0 
88.00185688835418 2.0 20.0 21.0 1.0 0.0 26.0 
90.00185688835418 2.0 21.0 22.0 1.0 0.0 26.0 
92.00185688835418 2.0 21.0 22.0 1.0 0.0 26.0 
94.00185688835418 2.0 21.0 22.0 1.0 0.0 26.0 
96.00185688835418 2.0 21.0 22.0 1.0 0.0 26.0 
98.00185688835418 2.0 21.0 22.0 1.0 0.0 26.0 
100.00185688835418 2.0 21.0 22.0 1.0 0.0 26.0 
102.00185688835418 2.0 21.0 22.0 1.0 0.0 26.0 
104.00185688835418 2.0 21.0 22.0 1.0 0.0 26.0 
106.00185688835418 2.0 22.0 23.0 1.0 0.0 26.0 
108.00185688835418 2.0 23.0 24.0 1.0 0.0 26.0 
110.00185688835418 2.0 23.0 24.0 1.0 0.0 26.0 
112.00185688835418 2.0 24.0 25.0 1.0 0.0 26.0 
114.00185688835418 2.0 24.0 25.0 1.0 0.0 26.0 
116.00185688835418 2.0 24.0 25.0 1.0 0.0 26.0 
118.00185688835418 2.0 26.0 27.0 1.0 0.0 26.0 
120.00185688835418 2.0 27.0 28.0 1.0 0.0 26.0 
122.00185688835418 2.0 28.0 29.0 1.0 0.0 26.0 
124.00185688835418 2.0 28.0 29.0 1.0 0.0 26.0 
126.00185688835418 2.5 28.0 30.0 1.0 1.0 146.0 
128.00185688835418 2.5 28.0 30.0 1.0 1.0 146.0 
130.00185688835418 2.5 28.0 30.0 1.0 1.0 146.0 
132.00185688835418 2.5 28.0 31.0 1.0 1.0 146.0 
134.00185688835418 2.6666666666666665 29.0 31.0 1.0 2.0 268.0 
136.00185688835418 2.6666666666666665 28.0 31.0 1.0 2.0 268.0 
138.00185688835418 2.75 28.0 31.0 1.0 3.0 374.0 
140.00185688835418 2.75 27.0 31.0 1.0 3.0 374.0 
142.00185688835418 2.75 28.0 32.0 1.0 3.0 374.0 
144.00185688835418 2.75 28.0 32.0 1.0 3.0 374.0 
146.00185688835418 2.75 28.0 33.0 1.0 3.0 374.0 
148.00185688835418 2.8 29.0 33.0 1.0 4.0 500.0 
150.00185688835418 2.8 28.0 34.0 1.0 4.0 500.0 
152.00185688835418 2.8 29.0 34.0 1.0 4.0 500.0 
154.00185688835418 2.857142857142857 28.0 35.0 1.0 6.0 727.0 
156.00185688835418 2.857142857142857 28.0 35.0 1.0 6.0 727.0 
158.00185688835418 2.857142857142857 28.0 35.0 1.0 6.0 727.0 
160.00185688835418 2.857142857142857 29.0 36.0 1.0 6.0 727.0 
162.00185688835418 2.875 30.0 37.0 1.0 7.0 829.0 
164.00185688835418 2.875 29.0 37.0 1.0 7.0 829.0 
166.00185688835418 2.875 29.0 37.0 1.0 7.0 829.0 
168.00185688835418 2.9 28.0 37.0 1.0 9.0 1033.0 
170.00185688835418 2.9 28.0 38.0 1.0 9.0 1033.0 
172.00185688835418 2.9 28.0 38.0 1.0 9.0 1033.0 
174.00185688835418 2.9285714285714284 27.0 38.0 1.0 13.0 1494.0 
176.00185688835418 2.9285714285714284 24.0 39.0 1.0 13.0 1494.0 
178.00185688835418 2.9285714285714284 25.0 39.0 1.0 13.0 1494.0 
180.00185688835418 2.9285714285714284 25.0 39.0 1.0 13.0 1494.0 
182.00185688835418 2.933333333333333 24.0 39.0 1.0 14.0 1673.0 
184.00185688835418 2.933333333333333 24.0 39.0 1.0 14.0 1673.0 
186.00185688835418 2.933333333333333 24.0 39.0 1.0 14.0 1673.0 
188.00185688835418 2.933333333333333 24.0 39.0 1.0 14.0 1673.0 
190.00185688835418 2.933333333333333 24.0 39.0 1.0 14.0 1673.0 
192.00185688835418 2.9375 24.0 39.0 1.0 15.0 1776.0 
194.00185688835418 2.9375 23.0 39.0 1.0 15.0 1776.0 
196.00185688835418 2.9375 23.0 39.0 1.0 15.0 1776.0 
198.00185688835418 2.9375 23.0 39.0 1.0 15.0 1776.0 
200.00185688835418 2.9375 23.0 39.0 1.0 15.0 1776.0 
202.00185688835418 2.9375 23.0 40.0 1.0 15.0 1776.0 
204.00185688835418 2.9375 24.0 40.0 1.0 15.0 1776.0 
206.00185688835418 2.9375 24.0 40.0 1.0 15.0 1776.0 
208.00185688835418 2.9411764705882355 24.0 40.0 1.0 16.0 1879.0 
210.00185688835418 2.9411764705882355 23.0 40.0 1.0 16.0 1879.0 
212.00185688835418 2.9411764705882355 23.0 40.0 1.0 16.0 1879.0 
214.00185688835418 2.9444444444444446 23.0 40.0 1.0 17.0 1982.0 
216.00185688835418 2.9444444444444446 22.0 40.0 1.0 17.0 1982.0 
218.00185688835418 2.9444444444444446 22.0 40.0 1.0 17.0 1982.0 
220.00185688835418 2.9523809523809526 22.0 40.0 1.0 20.0 2329.0 
222.00185688835418 2.9523809523809526 19.0 40.0 1.0 20.0 2329.0 
224.00185688835418 2.9545454545454546 18.0 40.0 1.0 21.0 2431.0 
226.00185688835418 2.9545454545454546 18.0 40.0 1.0 21.0 2431.0 
228.00185688835418 2.9565217391304346 17.0 41.0 1.0 22.0 2533.0 
230.00185688835418 2.9565217391304346 18.0 41.0 1.0 22.0 2533.0 
232.00185688835418 2.9565217391304346 18.0 41.0 1.0 22.0 2533.0 
234.00185688835418 2.9565217391304346 19.0 42.0 1.0 22.0 2533.0 
236.00185688835418 2.9583333333333335 18.0 42.0 1.0 23.0 2636.0 
238.00185688835418 2.9583333333333335 18.0 42.0 1.0 23.0 2636.0 
240.00185688835418 2.9583333333333335 18.0 42.0 1.0 23.0 2636.0 
242.00185688835418 2.9583333333333335 18.0 42.0 1.0 23.0 2636.0 
244.00185688835418 2.9583333333333335 18.0 42.0 1.0 23.0 2636.0 
246.00185688835418 2.96 17.0 42.0 1.0 24.0 2808.0 
248.00185688835418 2.96 17.0 42.0 1.0 24.0 2808.0 
250.00185688835418 2.96 18.0 43.0 1.0 24.0 2808.0 
252.00185688835418 2.96 18.0 43.0 1.0 24.0 2808.0 
254.00185688835418 2.9615384615384617 18.0 43.0 1.0 25.0 3041.0 
256.00185688835415 2.9615384615384617 17.0 43.0 1.0 25.0 3041.0 
258.00185688835415 2.9615384615384617 17.0 43.0 1.0 25.0 3041.0 
260.00185688835415 2.9615384615384617 19.0 45.0 1.0 25.0 3041.0 
262.00185688835415 2.962962962962963 19.0 45.0 1.0 26.0 3144.0 
264.00185688835415 2.9642857142857144 17.0 45.0 1.0 27.0 3246.0 
266.00185688835415 2.9655172413793105 16.0 45.0 1.0 28.0 3369.0 
268.00185688835415 2.9655172413793105 16.0 45.0 1.0 28.0 3369.0 
270.00185688835415 2.9655172413793105 16.0 45.0 1.0 28.0 3369.0 
272.00185688835415 2.966666666666667 16.0 45.0 1.0 29.0 3471.0 
274.00185688835415 2.966666666666667 15.0 45.0 1.0 29.0 3471.0 
276.00185688835415 2.966666666666667 16.0 47.0 1.0 29.0 3471.0 
278.00185688835415 2.966666666666667 17.0 47.0 1.0 29.0 3471.0 
280.00185688835415 2.967741935483871 16.0 47.0 1.0 30.0 3574.0 
282.00185688835415 2.967741935483871 16.0 47.0 1.0 30.0 3574.0 
284.00185688835415 2.967741935483871 16.0 47.0 1.0 30.0 3574.0 
286.00185688835415 2.967741935483871 16.0 48.0 1.0 30.0 3574.0 
288.00185688835415 2.967741935483871 17.0 48.0 1.0 30.0 3574.0 
290.00185688835415 2.967741935483871 17.0 48.0 1.0 30.0 3574.0 
292.00185688835415 2.967741935483871 17.0 48.0 1.0 30.0 3574.0 
294.00185688835415 2.967741935483871 17.0 48.0 1.0 30.0 3574.0 
296.00185688835415 2.967741935483871 17.0 48.0 1.0 30.0 3574.0 
298.00185688835415 2.967741935483871 17.0 48.0 1.0 30.0 3574.0 
300.00185688835415 2.967741935483871 17.0 48.0 1.0 30.0 3574.0 
302.00185688835415 2.967741935483871 17.0 48.0 1.0 30.0 3574.0 
304.00185688835415 2.967741935483871 17.0 48.0 1.0 30.0 3574.0 
306.00185688835415 2.967741935483871 17.0 48.0 1.0 30.0 3574.0 
308.00185688835415 2.967741935483871 17.0 48.0 1.0 30.0 3574.0 
310.00185688835415 2.967741935483871 17.0 48.0 1.0 30.0 3574.0 
312.00185688835415 2.967741935483871 17.0 48.0 1.0 30.0 3574.0 
314.00185688835415 2.967741935483871 17.0 48.0 1.0 30.0 3574.0 
316.00185688835415 2.967741935483871 17.0 48.0 1.0 30.0 3574.0 
318.00185688835415 2.967741935483871 19.0 50.0 1.0 30.0 3574.0 
320.00185688835415 2.967741935483871 19.0 50.0 1.0 30.0 3574.0 
322.00185688835415 2.967741935483871 19.0 50.0 1.0 30.0 3574.0 
324.00185688835415 2.967741935483871 20.0 51.0 1.0 30.0 3574.0 
326.00185688835415 2.96875 21.0 52.0 1.0 31.0 3754.0 
328.00185688835415 2.96875 20.0 52.0 1.0 31.0 3754.0 
330.00185688835415 2.96875 20.0 52.0 1.0 31.0 3754.0 
332.00185688835415 3.0303030303030303 19.0 52.0 2.0 32.0 4082.0 
334.00185688835415 3.0303030303030303 18.0 52.0 2.0 32.0 4082.0 
336.00185688835415 3.0294117647058822 18.0 52.0 2.0 33.0 4184.0 
338.00185688835415 3.0 16.0 52.0 3.0 33.0 4198.0 
340.00185688835415 3.0 17.0 53.0 3.0 33.0 4198.0 
342.00185688835415 3.0 19.0 55.0 3.0 33.0 4198.0 
344.00185688835415 3.0 19.0 55.0 3.0 33.0 4198.0 
346.00185688835415 3.0 19.0 56.0 3.0 33.0 4198.0 
348.00185688835415 3.0 20.0 56.0 3.0 33.0 4198.0 
350.00185688835415 3.0 20.0 56.0 3.0 33.0 4198.0 
352.00185688835415 3.085714285714286 19.0 56.0 3.0 34.0 4300.0 
354.00185688835415 3.085714285714286 19.0 56.0 3.0 34.0 4300.0 
356.00185688835415 3.085714285714286 20.0 57.0 3.0 34.0 4300.0 
358.00185688835415 3.085714285714286 20.0 57.0 3.0 34.0 4300.0 
360.00185688835415 3.085714285714286 20.0 57.0 3.0 34.0 4300.0 
362.00185688835415 3.081081081081081 19.0 57.0 3.0 36.0 4505.0 
364.00185688835415 3.081081081081081 21.0 60.0 3.0 36.0 4505.0 
366.00185688835415 3.0789473684210527 20.0 60.0 3.0 37.0 4825.0 
368.00185688835415 3.0789473684210527 20.0 60.0 3.0 37.0 4825.0 
370.00185688835415 3.0789473684210527 20.0 60.0 3.0 37.0 4825.0 
372.00185688835415 3.0789473684210527 20.0 60.0 3.0 37.0 4825.0 
374.00185688835415 3.0789473684210527 20.0 60.0 3.0 37.0 4825.0 
376.00185688835415 3.0789473684210527 20.0 60.0 3.0 37.0 4825.0 
378.00185688835415 3.1578947368421053 21.0 61.0 3.0 38.0 4927.0 
380.00185688835415 3.1538461538461537 19.0 61.0 3.0 39.0 5030.0 
382.00185688835415 3.1538461538461537 19.0 61.0 3.0 39.0 5030.0 
384.00185688835415 3.1538461538461537 19.0 61.0 3.0 39.0 5030.0 
386.00185688835415 3.1538461538461537 19.0 61.0 3.0 39.0 5030.0 
388.00185688835415 3.1538461538461537 19.0 61.0 3.0 39.0 5030.0 
390.00185688835415 3.15 19.0 63.0 3.0 40.0 5133.0 
392.00185688835415 3.15 22.0 66.0 3.0 40.0 5133.0 
394.00185688835415 3.15 23.0 66.0 3.0 40.0 5133.0 
396.00185688835415 3.15 23.0 66.0 3.0 40.0 5133.0 
398.00185688835415 3.15 23.0 66.0 3.0 40.0 5133.0 
400.00185688835415 3.15 23.0 66.0 3.0 40.0 5133.0 
402.00185688835415 3.15 23.0 66.0 3.0 40.0 5133.0 
404.00185688835415 3.15 23.0 67.0 3.0 40.0 5133.0 
406.00185688835415 3.15 24.0 67.0 3.0 40.0 5133.0 
408.00185688835415 3.15 24.0 68.0 3.0 40.0 5133.0 
410.00185688835415 3.15 25.0 68.0 3.0 40.0 5133.0 
412.00185688835415 3.15 25.0 68.0 3.0 40.0 5133.0 
414.00185688835415 3.15 25.0 68.0 3.0 40.0 5133.0 
416.00185688835415 3.15 26.0 69.0 3.0 40.0 5133.0 
418.00185688835415 3.15 26.0 69.0 3.0 40.0 5133.0 
420.00185688835415 3.142857142857143 26.0 70.0 3.0 42.0 5338.0 
422.00185688835415 3.142857142857143 25.0 70.0 3.0 42.0 5338.0 
424.00185688835415 3.142857142857143 25.0 70.0 3.0 42.0 5338.0 
426.00185688835415 3.142857142857143 26.0 71.0 3.0 42.0 5338.0 
428.00185688835415 3.13953488372093 25.0 71.0 3.0 43.0 5440.0 
430.00185688835415 3.13953488372093 25.0 71.0 3.0 43.0 5440.0 
432.00185688835415 3.13953488372093 25.0 71.0 3.0 43.0 5440.0 
434.00185688835415 3.13953488372093 25.0 71.0 3.0 43.0 5440.0 
436.00185688835415 3.13953488372093 25.0 71.0 3.0 43.0 5440.0 
438.00185688835415 3.13953488372093 25.0 71.0 3.0 43.0 5440.0 
440.00185688835415 3.13953488372093 26.0 72.0 3.0 43.0 5440.0 
442.00185688835415 3.13953488372093 26.0 72.0 3.0 43.0 5440.0 
444.00185688835415 3.2045454545454546 26.0 72.0 3.0 45.0 5644.0 
446.00185688835415 3.2045454545454546 24.0 72.0 3.0 45.0 5644.0 
448.00185688835415 3.2727272727272725 24.0 73.0 3.0 46.0 5752.0 
450.00185688835415 3.2666666666666666 23.0 73.0 3.0 47.0 5855.0 
452.00185688835415 3.2666666666666666 23.0 73.0 3.0 47.0 5855.0 
454.00185688835415 3.2666666666666666 23.0 74.0 3.0 47.0 5855.0 
456.00185688835415 3.2666666666666666 24.0 74.0 3.0 47.0 5855.0 
458.00185688835415 3.3333333333333335 24.0 74.0 3.0 48.0 5958.0 
460.00185688835415 3.3333333333333335 23.0 74.0 3.0 48.0 5958.0 
462.00185688835415 3.3333333333333335 23.0 74.0 3.0 48.0 5958.0 
464.00185688835415 3.3260869565217392 23.0 74.0 3.0 49.0 6405.0 
466.00185688835415 3.3191489361702127 23.0 75.0 3.0 50.0 6508.0 
468.00185688835415 3.3191489361702127 23.0 76.0 3.0 50.0 6508.0 
470.00185688835415 3.3125 22.0 76.0 3.0 51.0 6827.0 
472.00185688835415 3.3125 22.0 76.0 3.0 51.0 6827.0 
474.00185688835415 3.3125 22.0 76.0 3.0 51.0 6827.0 
476.00185688835415 3.3125 22.0 76.0 3.0 51.0 6827.0 
478.00185688835415 3.3125 22.0 76.0 3.0 51.0 6827.0 
480.00185688835415 3.306122448979592 22.0 76.0 3.0 52.0 6929.0 
482.00185688835415 3.306122448979592 21.0 76.0 3.0 52.0 6929.0 
484.00185688835415 3.306122448979592 21.0 76.0 3.0 52.0 6929.0 
486.00185688835415 3.306122448979592 21.0 76.0 3.0 52.0 6929.0 
488.00185688835415 3.3 22.0 77.0 3.0 53.0 7353.0 
490.00185688835415 3.3 21.0 77.0 3.0 53.0 7353.0 
492.00185688835415 3.38 20.0 77.0 3.0 54.0 7455.0 
494.00185688835415 3.4423076923076925 18.0 77.0 3.0 57.0 7762.0 
496.00185688835415 3.4423076923076925 17.0 77.0 3.0 57.0 7762.0 
498.0016434580539 3.4423076923076925 17.0 78.0 3.0 57.0 7762.0 
500.00185688835415 3.4423076923076925 18.0 78.0 3.0 57.0 7762.0 
502.00185688835415 3.4423076923076925 18.0 78.0 3.0 57.0 7762.0 
504.00185688835415 3.4423076923076925 18.0 78.0 3.0 57.0 7762.0 
506.00185688835415 3.4423076923076925 19.0 79.0 3.0 57.0 7762.0 
508.00185688835415 3.5 18.0 79.0 3.0 58.0 7865.0 
510.00185688835415 3.5 18.0 79.0 3.0 58.0 7865.0 
512.0018568883542 3.490566037735849 18.0 80.0 3.0 59.0 7968.0 
514.0018568883542 3.490566037735849 19.0 81.0 3.0 59.0 7968.0 
516.0018568883542 3.490566037735849 19.0 81.0 3.0 59.0 7968.0 
518.0018568883542 3.547169811320755 19.0 81.0 3.0 60.0 8070.0 
520.0018568883542 3.547169811320755 18.0 81.0 3.0 60.0 8070.0 
522.0018568883542 3.537037037037037 19.0 82.0 3.0 61.0 8173.0 
524.0018568883542 3.537037037037037 18.0 82.0 3.0 61.0 8173.0 
526.0018568883542 3.537037037037037 18.0 82.0 3.0 61.0 8173.0 
528.0018568883542 3.611111111111111 18.0 82.0 3.0 62.0 8275.0 
530.0018568883542 3.611111111111111 17.0 82.0 3.0 62.0 8275.0 
532.0018568883542 3.611111111111111 17.0 82.0 3.0 62.0 8275.0 
534.0018568883542 3.611111111111111 17.0 82.0 3.0 62.0 8275.0 
536.0018568883542 3.611111111111111 17.0 82.0 3.0 62.0 8275.0 
538.0018568883542 3.611111111111111 17.0 82.0 3.0 62.0 8275.0 
540.0018568883542 3.611111111111111 17.0 82.0 3.0 62.0 8275.0 
542.0018568883542 3.611111111111111 18.0 83.0 3.0 62.0 8275.0 
544.0018568883542 3.611111111111111 18.0 83.0 3.0 62.0 8275.0 
546.0018568883542 3.611111111111111 18.0 83.0 3.0 62.0 8275.0 
548.0018568883542 3.611111111111111 19.0 84.0 3.0 62.0 8275.0 
550.0018568883542 3.6 20.0 86.0 3.0 63.0 8378.0 
552.0018568883542 3.6 20.0 86.0 3.0 63.0 8378.0 
554.0018568883542 3.6 21.0 87.0 3.0 63.0 8378.0 
556.0018568883542 3.6 21.0 87.0 3.0 63.0 8378.0 
558.0018568883542 3.6 21.0 87.0 3.0 63.0 8378.0 
560.0018568883542 3.6 21.0 87.0 3.0 63.0 8378.0 
562.0018568883542 3.6 21.0 87.0 3.0 63.0 8378.0 
564.0018568883542 3.6 21.0 87.0 3.0 63.0 8378.0 
566.0018568883542 3.6 21.0 87.0 3.0 63.0 8378.0 
568.0018568883542 3.6545454545454548 20.0 87.0 3.0 64.0 8480.0 
570.0018568883542 3.709090909090909 19.0 87.0 3.0 65.0 8582.0 
572.0018568883542 3.709090909090909 19.0 87.0 3.0 65.0 8582.0 
574.0018568883542 3.709090909090909 19.0 87.0 3.0 65.0 8582.0 
576.0018568883542 3.709090909090909 19.0 87.0 3.0 65.0 8582.0 
578.0018568883542 3.709090909090909 19.0 87.0 3.0 65.0 8582.0 
580.0018568883542 3.709090909090909 20.0 88.0 3.0 65.0 8582.0 
582.0018568883542 3.709090909090909 20.0 88.0 3.0 65.0 8582.0 
584.0018568883542 3.709090909090909 22.0 90.0 3.0 65.0 8582.0 
586.0018568883542 3.709090909090909 22.0 90.0 3.0 65.0 8582.0 
588.0018568883542 3.709090909090909 22.0 90.0 3.0 65.0 8582.0 
590.0018568883542 3.709090909090909 22.0 90.0 3.0 65.0 8582.0 
592.0018568883542 3.709090909090909 22.0 90.0 3.0 65.0 8582.0 
594.0018568883542 3.709090909090909 22.0 90.0 3.0 65.0 8582.0 
596.0018568883542 3.6964285714285716 23.0 91.0 3.0 66.0 8724.0 
598.0018568883542 3.6964285714285716 22.0 91.0 3.0 66.0 8724.0 
600.0018568883542 3.6964285714285716 22.0 91.0 3.0 66.0 8724.0 
602.0018568883542 3.6964285714285716 23.0 93.0 3.0 66.0 8724.0 
604.0018568883542 3.6964285714285716 24.0 93.0 3.0 66.0 8724.0 
606.0018568883542 3.6964285714285716 24.0 93.0 3.0 66.0 8724.0 
608.0018568883542 3.6724137931034484 23.0 93.0 3.0 68.0 8947.0 
610.0018568883542 3.6724137931034484 22.0 93.0 3.0 68.0 8947.0 
612.0018568883542 3.6610169491525424 21.0 93.0 3.0 69.0 9356.0 
614.0018568883542 3.65 20.0 93.0 3.0 70.0 9458.0 
616.0018568883542 3.639344262295082 20.0 93.0 3.0 71.0 9561.0 
618.0018568883542 3.639344262295082 19.0 93.0 3.0 71.0 9561.0 
620.0018568883542 3.639344262295082 19.0 93.0 3.0 71.0 9561.0 
622.0018568883542 3.639344262295082 19.0 93.0 3.0 71.0 9561.0 
624.0018568883542 3.6885245901639343 20.0 94.0 3.0 72.0 9822.0 
626.0018568883542 3.6885245901639343 19.0 94.0 3.0 72.0 9822.0 
628.0018568883542 3.6774193548387095 19.0 94.0 3.0 73.0 9929.0 
630.0018568883542 3.6774193548387095 18.0 94.0 3.0 73.0 9929.0 
632.0018568883542 3.6774193548387095 19.0 95.0 3.0 73.0 9929.0 
634.0018568883542 3.6774193548387095 19.0 95.0 3.0 73.0 9929.0 
636.0018568883542 3.6774193548387095 19.0 95.0 3.0 73.0 9929.0 
638.0018568883542 3.6774193548387095 19.0 95.0 3.0 73.0 9929.0 
640.0018568883542 3.6774193548387095 19.0 95.0 3.0 73.0 9929.0 
642.0018568883542 3.6774193548387095 19.0 95.0 3.0 73.0 9929.0 
644.0018568883542 3.6774193548387095 19.0 95.0 3.0 73.0 9929.0 
646.0018568883542 3.6774193548387095 20.0 96.0 3.0 73.0 9929.0 
648.0018568883542 3.6774193548387095 20.0 97.0 3.0 73.0 9929.0 
650.0018568883542 3.725806451612903 20.0 97.0 3.0 74.0 10031.0 
652.0018568883542 3.774193548387097 20.0 98.0 3.0 75.0 10133.0 
654.0018568883542 3.774193548387097 20.0 99.0 3.0 75.0 10133.0 
656.0018568883542 3.761904761904762 21.0 99.0 3.0 76.0 10349.0 
658.0018568883542 3.761904761904762 20.0 100.0 3.0 76.0 10349.0 
660.0018568883542 3.761904761904762 22.0 101.0 3.0 76.0 10349.0 
662.0018568883542 3.761904761904762 23.0 102.0 3.0 76.0 10349.0 
664.0018568883542 3.761904761904762 23.0 102.0 3.0 76.0 10349.0 
666.0018568883542 3.761904761904762 23.0 102.0 3.0 76.0 10349.0 
668.0018568883542 3.761904761904762 23.0 102.0 3.0 76.0 10349.0 
670.0018568883542 3.761904761904762 23.0 102.0 3.0 76.0 10349.0 
672.0018568883542 3.761904761904762 23.0 102.0 3.0 76.0 10349.0 
674.0018568883542 3.761904761904762 24.0 103.0 3.0 76.0 10349.0 
676.0018568883542 3.761904761904762 25.0 104.0 3.0 76.0 10349.0 
678.0018568883542 3.761904761904762 25.0 104.0 3.0 76.0 10349.0 
680.0018568883542 3.761904761904762 26.0 105.0 3.0 76.0 10349.0 
682.0018568883542 3.8095238095238093 26.0 105.0 3.0 77.0 10451.0 
684.0018568883542 3.8095238095238093 25.0 105.0 3.0 77.0 10451.0 
686.0018568883542 3.7846153846153845 25.0 106.0 3.0 79.0 10656.0 
688.0018568883542 3.830769230769231 24.0 106.0 3.0 80.0 10794.0 
690.0018568883542 3.830769230769231 24.0 107.0 3.0 80.0 10794.0 
692.0018568883542 3.830769230769231 24.0 107.0 3.0 80.0 10794.0 
694.0018568883542 3.830769230769231 24.0 107.0 3.0 80.0 10794.0 
696.0018568883542 3.830769230769231 24.0 107.0 3.0 80.0 10794.0 
698.0018568883542 3.8181818181818183 23.0 107.0 3.0 81.0 10896.0 
700.0018568883542 3.8181818181818183 24.0 108.0 3.0 81.0 10896.0 
702.0018568883542 3.8181818181818183 24.0 108.0 3.0 81.0 10896.0 
704.0018568883542 3.865671641791045 23.0 108.0 3.0 83.0 11549.0 
706.0018568883542 3.91044776119403 21.0 108.0 3.0 84.0 11652.0 
708.0018568883542 3.91044776119403 21.0 108.0 3.0 84.0 11652.0 
710.0018568883542 3.91044776119403 21.0 108.0 3.0 84.0 11652.0 
712.0018568883542 3.91044776119403 21.0 108.0 3.0 84.0 11652.0 
714.0018568883542 3.91044776119403 21.0 108.0 3.0 84.0 11652.0 
716.0018568883542 3.91044776119403 21.0 108.0 3.0 84.0 11652.0 
718.0018568883542 3.91044776119403 21.0 108.0 3.0 84.0 11652.0 
720.0018568883542 3.91044776119403 21.0 108.0 3.0 84.0 11652.0 
722.0018568883542 3.91044776119403 21.0 108.0 3.0 84.0 11652.0 
724.0018568883542 3.91044776119403 21.0 108.0 3.0 84.0 11652.0 
726.0018568883542 3.955223880597015 20.0 108.0 3.0 85.0 11754.0 
728.0018568883542 3.955223880597015 20.0 108.0 3.0 85.0 11754.0 
730.0018568883542 3.955223880597015 20.0 108.0 3.0 85.0 11754.0 
732.0018568883542 3.955223880597015 20.0 108.0 3.0 85.0 11754.0 
734.0018568883542 4.0 20.0 108.0 3.0 86.0 11857.0 
736.0018568883542 4.0 19.0 108.0 3.0 86.0 11857.0 
738.0018568883542 4.0 19.0 108.0 3.0 86.0 11857.0 
740.0018568883542 4.0 20.0 109.0 3.0 86.0 11857.0 
742.0018568883542 4.0 20.0 109.0 3.0 86.0 11857.0 
744.0018568883542 4.0 20.0 109.0 3.0 86.0 11857.0 
746.0018568883542 4.0 20.0 109.0 3.0 86.0 11857.0 
748.0018568883542 4.029411764705882 19.0 109.0 3.0 88.0 12152.0 
750.0018568883542 4.029411764705882 18.0 109.0 3.0 88.0 12152.0 
752.0018568883542 4.0144927536231885 17.0 109.0 3.0 89.0 12255.0 
754.0018568883542 4.0 16.0 109.0 3.0 90.0 12357.0 
756.0018568883542 4.0 16.0 109.0 3.0 90.0 12357.0 
758.0018568883542 4.0 16.0 109.0 3.0 90.0 12357.0 
760.0018568883542 4.0 16.0 109.0 3.0 90.0 12357.0 
762.0018568883542 3.9859154929577465 15.0 109.0 3.0 91.0 12460.0 
764.0018568883542 4.028169014084507 14.0 109.0 3.0 92.0 12562.0 
766.0018568883542 4.013888888888889 14.0 109.0 3.0 93.0 12674.0 
768.0018568883542 4.013888888888889 13.0 109.0 3.0 93.0 12674.0 
770.0018568883542 4.013888888888889 13.0 109.0 3.0 93.0 12674.0 
772.0018568883542 4.013888888888889 14.0 110.0 3.0 93.0 12674.0 
774.0018568883542 4.013888888888889 14.0 110.0 3.0 93.0 12674.0 
776.0018568883542 4.013888888888889 15.0 111.0 3.0 93.0 12674.0 
778.0018568883542 4.0 15.0 111.0 3.0 94.0 12776.0 
780.0018568883542 4.0 14.0 111.0 3.0 94.0 12776.0 
782.0018568883542 3.986486486486487 14.0 111.0 3.0 95.0 12878.0 
784.0018568883542 3.986486486486487 13.0 111.0 3.0 95.0 12878.0 
786.0018568883542 3.986486486486487 13.0 111.0 3.0 95.0 12878.0 
788.0018568883542 4.027027027027027 13.0 112.0 3.0 96.0 12980.0 
790.0018568883542 4.027027027027027 13.0 112.0 3.0 96.0 12980.0 
792.0018568883542 4.081081081081081 14.0 113.0 3.0 97.0 13082.0 
794.0018568883542 4.081081081081081 13.0 113.0 3.0 97.0 13082.0 
796.0018568883542 4.081081081081081 13.0 113.0 3.0 97.0 13082.0 
798.0018568883542 4.081081081081081 13.0 113.0 3.0 97.0 13082.0 
800.0018568883542 4.081081081081081 13.0 113.0 3.0 97.0 13082.0 
802.0018568883542 4.081081081081081 13.0 113.0 3.0 97.0 13082.0 
804.0018568883542 4.081081081081081 13.0 113.0 3.0 97.0 13082.0 
806.0018568883542 4.081081081081081 13.0 113.0 3.0 97.0 13082.0 
808.0018568883542 4.081081081081081 14.0 114.0 3.0 97.0 13082.0 
810.0018568883542 4.081081081081081 15.0 115.0 3.0 97.0 13082.0 
812.0018568883542 4.081081081081081 15.0 115.0 3.0 97.0 13082.0 
814.0018568883542 4.081081081081081 15.0 115.0 3.0 97.0 13082.0 
816.0018568883542 4.081081081081081 15.0 115.0 3.0 97.0 13082.0 
818.0018568883542 4.081081081081081 15.0 115.0 3.0 97.0 13082.0 
820.0018568883542 4.081081081081081 15.0 115.0 3.0 97.0 13082.0 
822.0018568883542 4.081081081081081 15.0 115.0 3.0 97.0 13082.0 
824.0018568883542 4.081081081081081 15.0 115.0 3.0 97.0 13082.0 
826.0018568883542 4.081081081081081 17.0 117.0 3.0 97.0 13082.0 
828.0018568883542 4.081081081081081 17.0 117.0 3.0 97.0 13082.0 
830.0018568883542 4.081081081081081 17.0 117.0 3.0 97.0 13082.0 
832.0018568883542 4.081081081081081 17.0 117.0 3.0 97.0 13082.0 
834.0018568883542 4.081081081081081 17.0 117.0 3.0 97.0 13082.0 
836.0018568883542 4.081081081081081 17.0 117.0 3.0 97.0 13082.0 
838.0018568883542 4.081081081081081 17.0 117.0 3.0 97.0 13082.0 
840.0018568883542 4.081081081081081 17.0 117.0 3.0 97.0 13082.0 
842.0018568883542 4.066666666666666 19.0 119.0 3.0 98.0 13185.0 
844.0018568883542 4.066666666666666 18.0 119.0 3.0 98.0 13185.0 
846.0018568883542 4.066666666666666 18.0 119.0 3.0 98.0 13185.0 
848.0018568883542 4.066666666666666 19.0 120.0 3.0 98.0 13185.0 
850.0018568883542 4.066666666666666 19.0 120.0 3.0 98.0 13185.0 
852.0018568883542 4.066666666666666 20.0 121.0 3.0 98.0 13185.0 
854.0018568883542 4.066666666666666 20.0 121.0 3.0 98.0 13185.0 
856.0018568883542 4.066666666666666 20.0 121.0 3.0 98.0 13185.0 
858.0018568883542 4.066666666666666 20.0 121.0 3.0 98.0 13185.0 
860.0018568883542 4.066666666666666 20.0 121.0 3.0 98.0 13185.0 
862.0018568883542 4.066666666666666 20.0 121.0 3.0 98.0 13185.0 
864.0018568883542 4.066666666666666 20.0 121.0 3.0 98.0 13185.0 
866.0018568883542 4.066666666666666 21.0 122.0 3.0 98.0 13185.0 
868.0018568883542 4.066666666666666 21.0 122.0 3.0 98.0 13185.0 
870.0018568883542 4.066666666666666 21.0 122.0 3.0 98.0 13185.0 
872.0018568883542 4.052631578947368 21.0 122.0 3.0 99.0 13665.0 
874.0018568883542 4.052631578947368 20.0 122.0 3.0 99.0 13665.0 
876.0018568883542 4.052631578947368 21.0 123.0 3.0 99.0 13665.0 
878.0018568883542 4.038961038961039 21.0 123.0 3.0 100.0 13767.0 
880.0018568883542 4.038961038961039 20.0 123.0 3.0 100.0 13767.0 
882.0018568883542 4.038961038961039 20.0 123.0 3.0 100.0 13767.0 
884.0018568883542 4.038961038961039 20.0 123.0 3.0 100.0 13767.0 
886.0018568883542 4.038961038961039 21.0 124.0 3.0 100.0 13767.0 
888.0018568883542 4.038961038961039 22.0 125.0 3.0 100.0 13767.0 
890.0018568883542 4.0256410256410255 22.0 125.0 3.0 101.0 13869.0 
892.0018568883542 4.0256410256410255 21.0 125.0 3.0 101.0 13869.0 
894.0018568883542 4.064102564102564 21.0 125.0 3.0 102.0 13971.0 
896.0018568883542 4.050632911392405 19.0 125.0 3.0 103.0 14748.0 
898.0018568883542 4.050632911392405 19.0 125.0 3.0 103.0 14748.0 
900.0018568883542 4.050632911392405 19.0 125.0 3.0 103.0 14748.0 
#####################################################################
# End of data export. Simulation finished at: 2020-02-10T22:15+0000 #
#####################################################################
