#####################################################################
# Alchemist log file - simulation started at: 2020-01-21T11:27+0000 #
#####################################################################
# seed = 28.0, taskFrequency = 0.04217, cloudcost = 17.0, algorithm = true
#
# The columns have the following meaning: 
# time taskHops[Mean] hasTask[Sum] tasks[Sum] completedTasks[Sum] giveupTasks[Sum] taskLatency[Sum] 
0.0 NaN 0.0 0.0 0.0 0.0 0.0 
2.0152649607068973 NaN 4.0 6.0 0.0 0.0 0.0 
4.015264960706897 NaN 12.0 16.0 0.0 0.0 0.0 
6.014234296501879 NaN 24.0 28.0 0.0 0.0 0.0 
8.015264960706897 NaN 33.0 36.0 0.0 0.0 0.0 
10.01010411548716 NaN 42.0 42.0 0.0 0.0 0.0 
12.015264960706897 NaN 45.0 45.0 0.0 0.0 0.0 
14.015264960706897 1.0 51.0 52.0 1.0 0.0 13.0 
16.015264960706897 1.0 51.0 56.0 4.0 0.0 55.0 
18.015264960706897 1.1818181818181819 51.0 61.0 11.0 0.0 149.0 
20.015264960706897 1.3333333333333333 58.0 70.0 13.0 0.0 163.0 
22.015264960706897 1.4 62.0 77.0 16.0 0.0 205.0 
24.015264960706897 1.3529411764705883 59.0 78.0 18.0 0.0 235.0 
26.015264960706897 1.6111111111111112 62.0 83.0 19.0 0.0 254.0 
28.015264960706897 1.6111111111111112 66.0 85.0 19.0 0.0 254.0 
30.015264960706897 1.6111111111111112 71.0 91.0 19.0 0.0 254.0 
32.0152649607069 1.631578947368421 74.0 95.0 20.0 0.0 277.0 
34.0152649607069 1.7619047619047619 74.0 98.0 22.0 0.0 319.0 
36.0152649607069 1.8695652173913042 81.0 103.0 24.0 0.0 368.0 
38.0152649607069 2.0 81.0 107.0 27.0 0.0 417.0 
40.0152649607069 2.0 81.0 110.0 27.0 0.0 417.0 
42.0152649607069 2.0 83.0 111.0 27.0 0.0 417.0 
44.0152649607069 1.9615384615384615 85.0 115.0 28.0 0.0 452.0 
46.0152649607069 1.962962962962963 87.0 117.0 29.0 0.0 476.0 
48.0152649607069 1.962962962962963 89.0 120.0 29.0 0.0 476.0 
50.0152649607069 1.962962962962963 94.0 123.0 29.0 0.0 476.0 
52.0152649607069 1.9655172413793103 93.0 124.0 31.0 0.0 510.0 
54.0152649607069 2.212121212121212 95.0 126.0 35.0 0.0 620.0 
56.0152649607069 2.264705882352941 92.0 128.0 36.0 0.0 649.0 
58.0152649607069 2.264705882352941 95.0 131.0 36.0 0.0 649.0 
60.0152649607069 2.323529411764706 96.0 132.0 37.0 0.0 663.0 
62.0152649607069 2.6 95.0 134.0 41.0 0.0 737.0 
64.0152649607069 2.6 96.0 137.0 41.0 0.0 737.0 
66.0152649607069 2.6 96.0 137.0 41.0 0.0 737.0 
68.0152649607069 2.666666666666667 95.0 138.0 44.0 0.0 817.0 
70.0152649607069 2.7777777777777777 94.0 139.0 46.0 0.0 864.0 
72.0152649607069 2.7837837837837838 93.0 141.0 47.0 0.0 916.0 
74.0152649607069 2.891891891891892 95.0 143.0 48.0 0.0 950.0 
76.0152649607069 2.891891891891892 97.0 145.0 48.0 0.0 950.0 
78.0152649607069 2.945945945945946 97.0 147.0 49.0 0.0 970.0 
80.0152649607069 2.9729729729729732 99.0 148.0 50.0 0.0 983.0 
82.00971726893547 2.9729729729729732 99.0 149.0 50.0 0.0 983.0 
84.0152649607069 2.923076923076923 98.0 150.0 52.0 0.0 1054.0 
86.0152649607069 2.9743589743589745 98.0 151.0 54.0 0.0 1085.0 
88.0152649607069 2.9743589743589745 99.0 153.0 54.0 0.0 1085.0 
90.01206361016763 2.9743589743589745 100.0 155.0 54.0 0.0 1085.0 
92.0152649607069 3.024390243902439 101.0 156.0 57.0 0.0 1179.0 
94.0152649607069 3.116279069767442 97.0 156.0 59.0 0.0 1265.0 
96.0152649607069 3.2558139534883717 99.0 159.0 60.0 0.0 1305.0 
98.0152649607069 3.3720930232558137 100.0 162.0 62.0 0.0 1343.0 
100.0152649607069 3.4186046511627906 101.0 163.0 63.0 0.0 1386.0 
102.0152649607069 3.4186046511627906 101.0 164.0 63.0 0.0 1386.0 
104.0152649607069 4.434782608695652 100.0 165.0 64.0 3.0 1705.0 
106.0152649607069 7.418181818181818 97.0 167.0 64.0 15.0 2686.0 
108.0152649607069 9.666666666666668 80.0 169.0 65.0 30.0 3919.0 
110.0152649607069 11.554054054054053 66.0 170.0 66.0 41.0 4541.0 
112.0152649607069 12.6 62.0 174.0 66.0 50.0 5206.0 
114.0152649607069 13.477777777777778 56.0 175.0 67.0 62.0 6199.0 
116.0152649607069 14.676767676767678 40.0 177.0 68.0 76.0 7076.0 
118.0152649607069 14.594059405940593 34.0 181.0 69.0 77.0 7183.0 
120.0152649607069 14.640776699029127 38.0 186.0 69.0 79.0 7386.0 
122.0152649607069 15.074074074074073 35.0 192.0 70.0 86.0 7785.0 
124.0152649607069 15.572727272727274 36.0 195.0 70.0 91.0 8019.0 
126.0152649607069 15.73873873873874 35.0 198.0 70.0 93.0 8117.0 
128.0152649607069 16.045045045045047 37.0 200.0 70.0 95.0 8132.0 
130.0152649607069 16.061946902654867 36.0 205.0 70.0 97.0 8251.0 
132.0152649607069 16.221238938053098 42.0 213.0 71.0 98.0 8268.0 
134.0152649607069 16.53913043478261 46.0 218.0 72.0 102.0 8558.0 
136.0152649607069 16.56779661016949 46.0 223.0 73.0 105.0 8836.0 
138.0152649607069 16.857142857142854 45.0 225.0 73.0 108.0 8974.0 
140.0152649607069 17.158333333333335 43.0 230.0 74.0 111.0 9112.0 
142.0152649607069 17.158333333333335 52.0 237.0 74.0 111.0 9112.0 
144.0152649607069 18.008333333333333 52.0 240.0 74.0 117.0 9183.0 
146.0152649607069 18.3 53.0 246.0 75.0 119.0 9211.0 
148.0152649607069 18.875 53.0 250.0 76.0 123.0 9249.0 
150.0152649607069 18.875 55.0 256.0 76.0 123.0 9249.0 
152.00675524006016 19.3 57.0 259.0 76.0 126.0 9264.0 
154.0152649607069 19.791666666666664 57.0 263.0 79.0 129.0 9338.0 
156.0152649607069 19.791666666666664 60.0 268.0 79.0 129.0 9338.0 
158.0152649607069 20.100000000000005 61.0 270.0 80.0 131.0 9384.0 
160.0152649607069 20.241666666666664 62.0 275.0 80.0 132.0 9486.0 
162.00423535101086 20.23140495867769 62.0 278.0 81.0 133.0 9586.0 
164.0152649607069 20.23140495867769 65.0 279.0 81.0 133.0 9586.0 
166.0152649607069 20.942622950819676 65.0 282.0 83.0 139.0 9928.0 
168.0152649607069 21.32520325203252 58.0 285.0 83.0 143.0 10051.0 
170.0152649607069 21.390243902439025 62.0 292.0 86.0 143.0 10100.0 
172.0152649607069 21.414634146341466 63.0 295.0 88.0 143.0 10134.0 
174.0152649607069 21.447154471544717 69.0 301.0 90.0 143.0 10173.0 
176.0152649607069 21.419354838709676 69.0 304.0 91.0 144.0 10289.0 
178.0152649607069 21.693548387096776 70.0 309.0 91.0 146.0 10332.0 
180.0152649607069 21.846774193548388 72.0 311.0 93.0 147.0 10465.0 
182.0152649607069 22.258064516129036 70.0 313.0 93.0 150.0 10598.0 
184.0152649607069 22.306451612903224 70.0 316.0 96.0 150.0 10644.0 
186.0152649607069 22.306451612903224 72.0 318.0 96.0 150.0 10644.0 
188.0152649607069 22.464 70.0 318.0 100.0 152.0 10896.0 
190.0152649607069 22.6 65.0 318.0 100.0 153.0 10915.0 
192.0152649607069 22.607999999999997 64.0 319.0 101.0 153.0 10928.0 
194.0152649607069 23.016000000000002 66.0 323.0 101.0 156.0 10995.0 
196.0152649607069 23.016000000000002 66.0 325.0 101.0 156.0 10995.0 
198.0152649607069 23.423999999999996 69.0 326.0 101.0 159.0 11092.0 
200.0152649607069 23.44 66.0 327.0 102.0 159.0 11113.0 
202.0152649607069 23.44 70.0 334.0 102.0 159.0 11113.0 
204.0152649607069 23.471999999999998 75.0 336.0 103.0 159.0 11135.0 
206.0152649607069 23.471999999999998 77.0 340.0 103.0 159.0 11135.0 
208.0152649607069 23.784000000000002 78.0 342.0 105.0 161.0 11245.0 
210.0152649607069 23.936 78.0 348.0 106.0 162.0 11319.0 
212.0152649607069 24.344 84.0 354.0 106.0 165.0 11356.0 
214.0152649607069 25.72 79.0 355.0 107.0 175.0 11968.0 
216.0152649607069 26.416000000000004 69.0 356.0 108.0 180.0 12155.0 
218.0152649607069 26.696 68.0 357.0 109.0 182.0 12316.0 
220.0152649607069 27.375999999999998 62.0 357.0 109.0 187.0 12613.0 
222.0152649607069 27.648000000000003 61.0 360.0 109.0 189.0 12642.0 
224.0152649607069 28.224 62.0 361.0 109.0 193.0 12969.0 
226.0152649607069 28.776 61.0 367.0 109.0 197.0 13038.0 
228.01051329432124 28.935999999999996 60.0 369.0 110.0 198.0 13194.0 
230.0152649607069 29.944 58.0 372.0 112.0 205.0 13642.0 
232.0152649607069 30.584 53.0 377.0 115.0 209.0 13749.0 
234.0152649607069 31.944 46.0 378.0 115.0 219.0 14261.0 
236.0152649607069 32.488 46.0 383.0 115.0 223.0 14428.0 
238.00673492693832 32.896 44.0 385.0 115.0 226.0 14616.0 
240.0152649607069 33.304 41.0 386.0 115.0 229.0 14739.0 
242.0152649607069 33.576 44.0 388.0 115.0 231.0 14826.0 
244.0152649607069 34.12 44.0 390.0 115.0 235.0 14919.0 
246.0152649607069 34.736000000000004 37.0 395.0 118.0 239.0 15113.0 
248.0152649607069 35.328 38.0 400.0 121.0 243.0 15320.0 
250.0152649607069 35.872 39.0 407.0 121.0 247.0 15477.0 
252.0152649607069 36.552 40.0 414.0 121.0 252.0 15732.0 
254.0052286496095 37.232 43.0 419.0 121.0 257.0 15844.0 
256.0152649607069 37.64 44.0 427.0 121.0 260.0 15890.0 
258.0152649607069 38.072 45.0 430.0 122.0 263.0 15943.0 
260.0152649607069 38.624 51.0 438.0 123.0 267.0 16069.0 
262.0152649607069 39.064 48.0 440.0 124.0 270.0 16121.0 
264.0152649607069 39.352 51.0 445.0 125.0 272.0 16264.0 
266.0152649607069 39.488 53.0 451.0 125.0 273.0 16318.0 
268.0152649607069 39.775999999999996 55.0 454.0 126.0 275.0 16399.0 
270.0152649607069 39.775999999999996 55.0 456.0 126.0 275.0 16399.0 
272.0152649607069 40.184 58.0 459.0 126.0 278.0 16434.0 
274.0152649607069 40.32 57.0 462.0 126.0 279.0 16449.0 
276.0152649607069 41.0 58.0 467.0 126.0 284.0 16669.0 
278.0152649607069 41.408 59.0 471.0 126.0 287.0 16692.0 
280.0152649607069 41.584 62.0 476.0 127.0 288.0 16735.0 
282.0152649607069 42.536 63.0 483.0 127.0 295.0 16887.0 
284.0152649607069 42.808 61.0 484.0 127.0 297.0 16914.0 
286.0152649607069 42.944 62.0 488.0 127.0 298.0 16923.0 
288.0152649607069 43.760000000000005 68.0 494.0 127.0 304.0 17083.0 
290.0152649607069 43.760000000000005 66.0 499.0 127.0 304.0 17083.0 
292.0152649607069 43.760000000000005 70.0 501.0 127.0 304.0 17083.0 
294.0152649607069 43.816 68.0 504.0 131.0 304.0 17141.0 
296.0152649607069 44.016000000000005 69.0 508.0 133.0 305.0 17236.0 
298.0152649607069 44.696 69.0 515.0 133.0 310.0 17387.0 
300.0152649607069 44.976 72.0 518.0 134.0 312.0 17426.0 
302.0152649607069 45.656 70.0 521.0 134.0 317.0 17747.0 
304.0152649607069 45.928 70.0 523.0 134.0 319.0 17925.0 
306.0152649607069 46.384 69.0 524.0 135.0 322.0 18028.0 
308.0152649607069 46.608 68.0 527.0 137.0 323.0 18189.0 
310.0152649607069 47.232 67.0 530.0 139.0 327.0 18301.0 
312.0152649607069 47.552 63.0 532.0 140.0 329.0 18422.0 
314.0152649607069 48.64 62.0 537.0 140.0 337.0 18618.0 
316.00238239929377 49.64 58.0 542.0 141.0 344.0 18781.0 
318.0152649607069 49.64 59.0 545.0 141.0 344.0 18781.0 
320.0152649607069 49.664 61.0 547.0 142.0 344.0 18788.0 
322.0152649607069 49.664 63.0 549.0 142.0 344.0 18788.0 
324.0152649607069 49.68 67.0 553.0 143.0 344.0 18810.0 
326.0152649607069 50.088 69.0 557.0 143.0 347.0 18861.0 
328.0152649607069 50.528000000000006 66.0 559.0 144.0 350.0 18945.0 
330.0152649607069 51.248000000000005 62.0 563.0 146.0 355.0 19280.0 
332.0152649607069 51.519999999999996 62.0 563.0 146.0 357.0 19398.0 
334.0152649607069 51.584 61.0 566.0 148.0 357.0 19466.0 
336.0152649607069 51.856 63.0 569.0 148.0 359.0 19504.0 
338.0152649607069 52.272000000000006 63.0 572.0 149.0 362.0 19674.0 
340.01174462824946 52.408 60.0 575.0 149.0 363.0 19700.0 
342.0152649607069 52.416 62.0 576.0 150.0 363.0 19727.0 
344.0152649607069 52.84 64.0 578.0 151.0 366.0 19994.0 
346.003613884354 53.136 59.0 580.0 153.0 368.0 20147.0 
348.0152649607069 53.32 62.0 586.0 154.0 369.0 20221.0 
350.0152649607069 53.727999999999994 61.0 586.0 154.0 372.0 20327.0 
352.0152649607069 54.007999999999996 67.0 594.0 155.0 374.0 20476.0 
354.0152649607069 54.992000000000004 62.0 597.0 157.0 381.0 20658.0 
356.0152649607069 55.80800000000001 57.0 599.0 157.0 387.0 20924.0 
358.0152649607069 56.656 57.0 604.0 157.0 393.0 21313.0 
360.0152649607069 57.2 55.0 608.0 157.0 397.0 21410.0 
362.0152649607069 58.168 55.0 612.0 158.0 404.0 21810.0 
364.0152649607069 58.44 50.0 614.0 158.0 406.0 21868.0 
366.01370803108676 59.392 52.0 622.0 158.0 413.0 21998.0 
368.0152649607069 59.992000000000004 48.0 626.0 162.0 417.0 22278.0 
370.0152649607069 60.80800000000001 47.0 630.0 162.0 423.0 22459.0 
372.0152649607069 60.80800000000001 47.0 632.0 162.0 423.0 22459.0 
374.0152649607069 61.224000000000004 48.0 634.0 163.0 426.0 22593.0 
376.0152649607069 61.36 45.0 637.0 163.0 427.0 22625.0 
378.0152649607069 61.632 52.0 643.0 163.0 429.0 22626.0 
380.0152649607069 61.904 55.0 649.0 163.0 431.0 22740.0 
382.0152649607069 62.608 51.0 651.0 164.0 436.0 22910.0 
384.0152649607069 63.584 53.0 656.0 166.0 443.0 23151.0 
386.0152649607069 64.4 48.0 660.0 166.0 449.0 23368.0 
388.0152649607069 64.4 47.0 663.0 166.0 449.0 23368.0 
390.0152649607069 64.808 51.0 667.0 166.0 452.0 23560.0 
392.0152649607069 65.36 47.0 670.0 167.0 456.0 23683.0 
394.0152649607069 65.952 47.0 675.0 168.0 460.0 23768.0 
396.0152649607069 66.672 46.0 679.0 169.0 465.0 23832.0 
398.0101670178623 67.13600000000001 48.0 684.0 171.0 468.0 23993.0 
400.0152649607069 67.272 47.0 689.0 171.0 469.0 24014.0 
402.0152649607069 67.54400000000001 53.0 694.0 171.0 471.0 24019.0 
404.0152649607069 67.952 54.0 699.0 171.0 474.0 24082.0 
406.0152649607069 67.96000000000001 58.0 705.0 172.0 474.0 24096.0 
408.0152649607069 68.368 62.0 711.0 172.0 477.0 24298.0 
410.0152649607069 68.392 63.0 714.0 173.0 477.0 24322.0 
412.0152649607069 68.664 66.0 718.0 173.0 479.0 24381.0 
414.0152649607069 68.93599999999999 69.0 723.0 173.0 481.0 24412.0 
416.0152649607069 69.52799999999999 72.0 728.0 174.0 485.0 24483.0 
418.0152649607069 69.832 70.0 732.0 175.0 487.0 24535.0 
420.0152649607069 69.832 72.0 735.0 175.0 487.0 24535.0 
422.0152649607069 70.11200000000001 74.0 740.0 176.0 489.0 24627.0 
424.0152649607069 70.52000000000001 77.0 743.0 176.0 492.0 24707.0 
426.0152649607069 71.072 73.0 745.0 177.0 496.0 24833.0 
428.0152649607069 71.352 73.0 749.0 178.0 498.0 24868.0 
430.0084136541478 71.656 75.0 752.0 179.0 500.0 25082.0 
432.0152649607069 72.24 76.0 757.0 180.0 504.0 25213.0 
434.0152649607069 72.808 71.0 759.0 181.0 508.0 25390.0 
436.0033541781476 73.488 72.0 763.0 181.0 513.0 25567.0 
438.0152649607069 74.05600000000001 69.0 767.0 182.0 517.0 25671.0 
440.0152649607069 75.224 62.0 767.0 186.0 525.0 25954.0 
442.0152649607069 75.50399999999999 58.0 769.0 187.0 527.0 26108.0 
444.0152649607069 75.776 55.0 769.0 187.0 529.0 26162.0 
446.0152649607069 76.45599999999999 52.0 774.0 187.0 534.0 26415.0 
448.0152649607069 76.45599999999999 55.0 780.0 187.0 534.0 26415.0 
450.0152649607069 76.88 60.0 783.0 188.0 537.0 26496.0 
452.0152649607069 77.024 59.0 786.0 189.0 538.0 26561.0 
454.0152649607069 77.32 60.0 789.0 189.0 540.0 26681.0 
456.0152649607069 78.01599999999999 57.0 793.0 190.0 545.0 27013.0 
458.0152649607069 78.03200000000001 61.0 796.0 191.0 545.0 27034.0 
460.0152649607069 78.71999999999998 60.0 797.0 192.0 550.0 27204.0 
462.0152649607069 79.16000000000001 59.0 804.0 193.0 553.0 27392.0 
464.0152649607069 79.61600000000001 59.0 808.0 195.0 556.0 27535.0 
466.0152649607069 80.11200000000001 54.0 810.0 199.0 559.0 27732.0 
468.0152649607069 80.52000000000001 55.0 814.0 199.0 562.0 27782.0 
470.0152649607069 80.52000000000001 56.0 818.0 199.0 562.0 27782.0 
472.0152649607069 81.08 60.0 822.0 200.0 566.0 27933.0 
474.0152649607069 81.89599999999999 57.0 825.0 200.0 572.0 28157.0 
476.0152649607069 82.32 53.0 829.0 201.0 575.0 28334.0 
478.0152649607069 82.59200000000001 56.0 832.0 201.0 577.0 28436.0 
480.0152649607069 83.272 52.0 837.0 201.0 582.0 28528.0 
482.0152649607069 83.88 55.0 839.0 204.0 586.0 28713.0 
484.0152649607069 84.288 49.0 842.0 204.0 589.0 28945.0 
486.0152649607069 84.832 55.0 848.0 204.0 593.0 29158.0 
488.0152649607069 84.832 53.0 851.0 204.0 593.0 29158.0 
490.0152649607069 84.83999999999999 54.0 853.0 205.0 593.0 29180.0 
492.0152649607069 85.67199999999998 52.0 857.0 206.0 599.0 29241.0 
494.0152649607069 85.808 56.0 863.0 206.0 600.0 29332.0 
496.0152649607069 86.488 55.0 866.0 206.0 605.0 29527.0 
498.0152649607069 86.488 57.0 868.0 206.0 605.0 29527.0 
500.0152649607069 86.91199999999999 61.0 873.0 207.0 608.0 29651.0 
502.0152649607069 87.59999999999998 57.0 877.0 208.0 613.0 29759.0 
504.0148731720372 87.88 60.0 884.0 209.0 615.0 29833.0 
506.0152649607069 88.096 62.0 889.0 211.0 616.0 29869.0 
508.0152649607069 88.656 63.0 891.0 212.0 620.0 29944.0 
510.0152649607069 89.47999999999999 54.0 893.0 213.0 626.0 30112.0 
512.0152649607069 89.752 59.0 901.0 213.0 628.0 30134.0 
514.0152649607069 90.16000000000001 59.0 903.0 213.0 631.0 30302.0 
516.0020891572842 90.752 60.0 906.0 214.0 635.0 30430.0 
518.0152649607069 91.32000000000001 59.0 912.0 215.0 639.0 30488.0 
520.0152649607069 91.86399999999999 61.0 917.0 215.0 643.0 30670.0 
522.0152649607069 92.68 55.0 920.0 215.0 649.0 30879.0 
524.0152649607069 93.11200000000001 59.0 925.0 216.0 652.0 31038.0 
526.0152649607069 93.536 58.0 929.0 217.0 655.0 31209.0 
528.0152649607069 93.536 59.0 933.0 217.0 655.0 31209.0 
530.0152649607069 93.81599999999999 60.0 934.0 218.0 657.0 31253.0 
532.0152649607069 94.368 58.0 934.0 219.0 661.0 31392.0 
534.0152649607069 94.66400000000002 54.0 936.0 220.0 663.0 31518.0 
536.0152649607069 94.66400000000002 59.0 942.0 220.0 663.0 31518.0 
538.0152649607069 94.824 63.0 947.0 222.0 664.0 31577.0 
540.0152649607069 95.392 65.0 953.0 223.0 668.0 31703.0 
542.0118827667579 95.392 65.0 956.0 223.0 668.0 31703.0 
544.0152649607069 95.392 65.0 957.0 223.0 668.0 31703.0 
546.0152649607069 95.40000000000002 66.0 961.0 224.0 668.0 31754.0 
548.0152649607069 95.44 72.0 964.0 226.0 668.0 31794.0 
550.0152649607069 96.832 68.0 966.0 228.0 678.0 32186.0 
552.0152649607069 97.784 57.0 969.0 228.0 685.0 32445.0 
554.0042314100896 97.91999999999999 57.0 971.0 228.0 686.0 32546.0 
556.0152649607069 98.49600000000001 57.0 973.0 231.0 690.0 32657.0 
558.0101053338948 99.096 52.0 977.0 233.0 694.0 32770.0 
560.0152649607069 99.368 54.0 983.0 233.0 696.0 32783.0 
562.0152649607069 99.91199999999999 52.0 986.0 233.0 700.0 33077.0 
564.0016178678532 100.45599999999999 52.0 989.0 233.0 704.0 33175.0 
566.0089458915227 100.86399999999999 54.0 994.0 233.0 707.0 33357.0 
568.0152649607069 101.168 53.0 995.0 234.0 709.0 33393.0 
570.0152649607069 101.32800000000002 53.0 996.0 235.0 710.0 33517.0 
572.0152649607069 101.59999999999998 55.0 1000.0 235.0 712.0 33675.0 
574.0152649607069 102.43199999999999 53.0 1006.0 237.0 718.0 33938.0 
576.0152649607069 102.98400000000001 56.0 1014.0 238.0 722.0 33973.0 
578.0152649607069 103.12 57.0 1019.0 238.0 723.0 33978.0 
580.0152649607069 103.752 59.0 1023.0 241.0 727.0 34075.0 
582.0152649607069 104.024 57.0 1026.0 241.0 729.0 34134.0 
584.0152649607069 104.56800000000001 59.0 1033.0 241.0 733.0 34207.0 
586.0152649607069 104.56800000000001 61.0 1037.0 241.0 733.0 34207.0 
588.0152649607069 105.424 61.0 1040.0 242.0 739.0 34439.0 
590.0152649607069 105.576 59.0 1042.0 243.0 740.0 34461.0 
592.0152649607069 105.728 60.0 1046.0 244.0 741.0 34567.0 
594.0077601429728 106.312 62.0 1050.0 245.0 745.0 34808.0 
596.0152649607069 107.264 56.0 1051.0 245.0 752.0 34998.0 
598.0152649607069 107.40000000000002 56.0 1053.0 245.0 753.0 34999.0 
600.0152649607069 107.56800000000001 56.0 1059.0 246.0 754.0 35119.0 
602.0152649607069 108.52799999999999 56.0 1062.0 247.0 761.0 35232.0 
604.0152649607069 109.072 56.0 1065.0 247.0 765.0 35283.0 
606.0152649607069 109.79999999999998 52.0 1071.0 249.0 770.0 35606.0 
608.0152649607069 110.752 47.0 1072.0 249.0 777.0 35966.0 
610.0152649607069 111.16000000000001 49.0 1076.0 249.0 780.0 36054.0 
612.0152649607069 111.30400000000002 50.0 1079.0 250.0 781.0 36085.0 
614.0152649607069 111.848 50.0 1081.0 250.0 785.0 36161.0 
616.0152649607069 112.52799999999999 44.0 1086.0 250.0 790.0 36251.0 
618.0152649607069 112.66400000000002 50.0 1090.0 250.0 791.0 36266.0 
620.0152649607069 112.81599999999999 54.0 1095.0 251.0 792.0 36289.0 
622.0152649607069 113.35999999999999 52.0 1098.0 251.0 796.0 36609.0 
624.0152649607069 113.536 52.0 1101.0 253.0 797.0 36651.0 
626.0152649607069 114.216 53.0 1105.0 253.0 802.0 36795.0 
628.0152649607069 114.76 53.0 1112.0 253.0 806.0 36875.0 
630.0152649607069 115.47999999999999 58.0 1120.0 256.0 811.0 37077.0 
632.0152649607069 115.61600000000001 52.0 1121.0 256.0 812.0 37079.0 
634.0152649607069 115.61600000000001 56.0 1125.0 256.0 812.0 37079.0 
636.0152649607069 115.66400000000002 61.0 1131.0 257.0 812.0 37110.0 
638.0152649607069 115.848 67.0 1138.0 259.0 813.0 37159.0 
640.0152649607069 115.98400000000001 67.0 1141.0 259.0 814.0 37183.0 
642.0152649607069 116.66400000000002 69.0 1145.0 259.0 819.0 37349.0 
644.0152649607069 117.35999999999999 68.0 1150.0 260.0 824.0 37508.0 
646.0152649607069 117.784 69.0 1157.0 261.0 827.0 37629.0 
648.0152649607069 118.35200000000002 70.0 1161.0 262.0 831.0 37850.0 
650.0152649607069 118.488 69.0 1163.0 262.0 832.0 37880.0 
652.0152649607069 118.52000000000001 71.0 1165.0 263.0 832.0 37893.0 
654.0152649607069 119.06400000000002 68.0 1166.0 263.0 836.0 38005.0 
656.0152649607069 120.18400000000001 62.0 1171.0 265.0 844.0 38224.0 
658.0152649607069 120.18400000000001 62.0 1172.0 265.0 844.0 38224.0 
660.0152649607069 120.32000000000001 63.0 1174.0 265.0 845.0 38243.0 
662.0152649607069 120.74399999999999 65.0 1177.0 266.0 848.0 38389.0 
664.0152649607069 121.288 61.0 1179.0 266.0 852.0 38660.0 
666.0152649607069 121.608 62.0 1183.0 268.0 854.0 38739.0 
668.0152649607069 122.43199999999999 60.0 1186.0 269.0 860.0 38904.0 
670.0041976367745 123.52000000000001 56.0 1190.0 269.0 868.0 39174.0 
672.0152649607069 124.104 54.0 1193.0 271.0 872.0 39320.0 
674.0152649607069 124.92 49.0 1198.0 271.0 878.0 39520.0 
676.0021143294441 125.63199999999999 50.0 1200.0 272.0 883.0 39857.0 
678.0152649607069 126.896 45.0 1204.0 274.0 892.0 40090.0 
680.0152649607069 127.032 41.0 1210.0 274.0 893.0 40100.0 
682.0152649607069 127.44 42.0 1212.0 274.0 896.0 40114.0 
684.0152649607069 127.71200000000002 47.0 1217.0 274.0 898.0 40158.0 
686.0152649607069 128.30400000000003 48.0 1223.0 276.0 902.0 40386.0 
688.0152649607069 128.86399999999998 44.0 1226.0 277.0 906.0 40504.0 
690.0152649607069 129.99200000000002 42.0 1232.0 278.0 914.0 40756.0 
692.0152649607069 130.4 42.0 1237.0 278.0 917.0 40858.0 
694.0100709143876 130.94400000000002 46.0 1242.0 278.0 921.0 41037.0 
696.0152649607069 131.488 45.0 1245.0 278.0 925.0 41142.0 
698.0152649607069 131.624 45.0 1250.0 278.0 926.0 41154.0 
700.0152649607069 131.76 46.0 1251.0 278.0 927.0 41194.0 
702.0152649607069 132.03199999999998 45.0 1253.0 278.0 929.0 41221.0 
704.0152649607069 132.592 47.0 1256.0 279.0 933.0 41397.0 
706.0152649607069 133.30400000000003 43.0 1263.0 280.0 938.0 41539.0 
708.0152649607069 133.30400000000003 45.0 1263.0 280.0 938.0 41539.0 
710.0152649607069 133.30400000000003 47.0 1265.0 280.0 938.0 41539.0 
712.0152649607069 133.30400000000003 52.0 1270.0 280.0 938.0 41539.0 
714.0152649607069 133.312 55.0 1274.0 281.0 938.0 41546.0 
716.0152649607069 133.448 56.0 1278.0 281.0 939.0 41572.0 
718.0152649607069 133.99200000000002 59.0 1281.0 281.0 943.0 41742.0 
720.0152649607069 135.07999999999998 55.0 1283.0 281.0 951.0 41936.0 
722.0152649607069 135.496 52.0 1286.0 282.0 954.0 42118.0 
724.0152649607069 135.96800000000002 51.0 1290.0 284.0 957.0 42186.0 
726.0141366456123 136.408 49.0 1294.0 285.0 960.0 42296.0 
728.0152649607069 137.22400000000002 49.0 1300.0 285.0 966.0 42405.0 
730.0152649607069 137.63199999999998 50.0 1303.0 285.0 969.0 42439.0 
732.0152649607069 138.448 47.0 1306.0 285.0 975.0 42536.0 
734.0152649607069 138.856 46.0 1310.0 285.0 978.0 42556.0 
736.0152649607069 138.99200000000002 47.0 1312.0 285.0 979.0 42569.0 
738.0152649607069 139.53599999999997 51.0 1316.0 285.0 983.0 42671.0 
740.0152649607069 139.94400000000002 49.0 1321.0 285.0 986.0 42730.0 
742.0152649607069 140.352 50.0 1324.0 285.0 989.0 42832.0 
744.0152649607069 140.48799999999997 56.0 1332.0 285.0 990.0 42933.0 
746.0152649607069 141.712 56.0 1337.0 285.0 999.0 43214.0 
748.0152649607069 142.152 57.0 1343.0 286.0 1002.0 43305.0 
750.0152649607069 142.152 59.0 1347.0 286.0 1002.0 43305.0 
752.0152649607069 142.71999999999997 58.0 1349.0 287.0 1006.0 43369.0 
754.0152649607069 142.736 57.0 1354.0 288.0 1006.0 43389.0 
756.0152649607069 142.752 62.0 1357.0 289.0 1006.0 43402.0 
758.0152649607069 142.752 65.0 1361.0 289.0 1006.0 43402.0 
760.0152649607069 143.296 63.0 1363.0 289.0 1010.0 43448.0 
762.0152649607069 143.432 65.0 1364.0 289.0 1011.0 43486.0 
764.0152649607069 143.83999999999997 65.0 1366.0 289.0 1014.0 43669.0 
766.0152649607069 144.52 61.0 1370.0 289.0 1019.0 43882.0 
768.0152649607069 144.52 64.0 1373.0 289.0 1019.0 43882.0 
770.0152649607069 144.552 67.0 1376.0 290.0 1019.0 43910.0 
772.0152649607069 145.23200000000003 69.0 1379.0 290.0 1024.0 44135.0 
774.0152649607069 145.808 65.0 1381.0 291.0 1028.0 44216.0 
776.0152649607069 146.64 61.0 1384.0 292.0 1034.0 44572.0 
778.0152649607069 147.048 59.0 1387.0 292.0 1037.0 44734.0 
780.0152649607069 147.24 59.0 1389.0 294.0 1038.0 44803.0 
782.0152649607069 147.52 59.0 1393.0 295.0 1040.0 44882.0 
784.0152649607069 147.67999999999998 62.0 1400.0 296.0 1041.0 44902.0 
786.0152649607069 147.952 66.0 1403.0 296.0 1043.0 44922.0 
788.0152649607069 148.08800000000002 65.0 1404.0 296.0 1044.0 44926.0 
790.0152649607069 148.904 61.0 1406.0 296.0 1050.0 45330.0 
792.0152649607069 149.312 60.0 1408.0 296.0 1053.0 45408.0 
794.0152649607069 149.616 62.0 1413.0 297.0 1055.0 45446.0 
796.0152649607069 151.13600000000002 60.0 1418.0 297.0 1066.0 45650.0 
798.0152649607069 151.688 54.0 1422.0 298.0 1070.0 45761.0 
800.0152649607069 152.36800000000002 56.0 1427.0 298.0 1075.0 46002.0 
802.0152649607069 153.79199999999997 47.0 1431.0 300.0 1085.0 46436.0 
804.0152649607069 154.616 44.0 1432.0 301.0 1091.0 46739.0 
806.0152649607069 155.296 39.0 1433.0 301.0 1096.0 46935.0 
808.0152649607069 155.83999999999997 39.0 1437.0 301.0 1100.0 46992.0 
810.0152649607069 156.384 37.0 1441.0 301.0 1104.0 47073.0 
812.0152649607069 156.384 36.0 1444.0 301.0 1104.0 47073.0 
814.0152649607069 156.528 40.0 1447.0 302.0 1105.0 47099.0 
816.0152649607069 157.20800000000003 37.0 1450.0 302.0 1110.0 47277.0 
818.0142472885814 157.344 42.0 1454.0 302.0 1111.0 47279.0 
820.0152649607069 157.648 44.0 1462.0 303.0 1113.0 47411.0 
822.0152649607069 158.05599999999998 48.0 1468.0 303.0 1116.0 47526.0 
824.0152649607069 158.46400000000003 51.0 1474.0 303.0 1119.0 47722.0 
826.0152649607069 158.6 55.0 1477.0 303.0 1120.0 47722.0 
828.0152649607069 158.88799999999998 55.0 1480.0 304.0 1122.0 47782.0 
830.0152649607069 160.0 55.0 1484.0 305.0 1130.0 47989.0 
832.0152649607069 160.288 49.0 1486.0 306.0 1132.0 48028.0 
834.0152649607069 160.60800000000003 53.0 1492.0 306.0 1134.0 48041.0 
836.0152649607069 160.88 52.0 1494.0 306.0 1136.0 48060.0 
838.0152649607069 160.92000000000002 56.0 1500.0 308.0 1136.0 48092.0 
840.0152649607069 161.192 57.0 1503.0 308.0 1138.0 48117.0 
842.0152649607069 161.736 58.0 1507.0 308.0 1142.0 48195.0 
844.0152649607069 162.048 60.0 1511.0 310.0 1144.0 48240.0 
846.0152649607069 162.64 62.0 1516.0 312.0 1148.0 48464.0 
848.0152649607069 163.456 52.0 1520.0 312.0 1154.0 48564.0 
850.0152649607069 164.27200000000002 51.0 1522.0 312.0 1160.0 48725.0 
852.0152649607069 164.69599999999997 51.0 1524.0 314.0 1163.0 48835.0 
854.0152649607069 164.69599999999997 53.0 1530.0 314.0 1163.0 48835.0 
856.0152649607069 164.69599999999997 55.0 1535.0 314.0 1163.0 48835.0 
858.0152649607069 164.96800000000002 58.0 1539.0 314.0 1165.0 49023.0 
860.0152649607069 165.16000000000003 61.0 1543.0 316.0 1166.0 49176.0 
862.0152649607069 165.16000000000003 65.0 1547.0 316.0 1166.0 49176.0 
864.0152649607069 165.856 63.0 1548.0 317.0 1171.0 49330.0 
866.0152649607069 165.87199999999999 63.0 1553.0 318.0 1171.0 49344.0 
868.0152649607069 166.144 66.0 1557.0 318.0 1173.0 49537.0 
870.0152649607069 167.096 63.0 1561.0 318.0 1180.0 49796.0 
872.0152649607069 167.408 64.0 1565.0 320.0 1182.0 49906.0 
874.0032765310365 167.56000000000003 64.0 1568.0 321.0 1183.0 49928.0 
876.0152649607069 168.25600000000003 58.0 1569.0 323.0 1188.0 50146.0 
878.0152649607069 168.27200000000002 58.0 1571.0 324.0 1188.0 50167.0 
880.0152649607069 168.67999999999998 61.0 1573.0 324.0 1191.0 50304.0 
882.0152649607069 169.36 58.0 1576.0 324.0 1196.0 50414.0 
884.0152649607069 169.76799999999997 57.0 1581.0 324.0 1199.0 50594.0 
886.0152649607069 170.58399999999997 60.0 1589.0 324.0 1205.0 50754.0 
888.0152649607069 171.264 63.0 1594.0 324.0 1210.0 50844.0 
890.0152649607069 171.4 63.0 1598.0 324.0 1211.0 50945.0 
892.0152649607069 171.41600000000003 64.0 1600.0 325.0 1211.0 50968.0 
894.0152649607069 171.432 65.0 1601.0 326.0 1211.0 50988.0 
896.0152649607069 172.11200000000002 64.0 1603.0 326.0 1216.0 51113.0 
898.0152649607069 172.288 63.0 1606.0 327.0 1217.0 51143.0 
900.0152649607069 172.30400000000003 62.0 1607.0 328.0 1217.0 51161.0 
#####################################################################
# End of data export. Simulation finished at: 2020-01-21T14:13+0000 #
#####################################################################
