#####################################################################
# Alchemist log file - simulation started at: 2020-01-15T21:29+0000 #
#####################################################################
# seed = 5.0, taskFrequency = 0.0075, cloudcost = 29.0, algorithm = true
#
# The columns have the following meaning: 
# time taskHops[Mean] hasTask[Sum] tasks[Sum] completedTasks[Sum] giveupTasks[Sum] taskLatency[Sum] 
0.0 NaN 0.0 0.0 0.0 0.0 0.0 
2.005246120607407 NaN 1.0 1.0 0.0 0.0 0.0 
4.005246120607406 NaN 1.0 1.0 0.0 0.0 0.0 
6.005246120607406 NaN 1.0 1.0 0.0 0.0 0.0 
8.005246120607406 NaN 6.0 6.0 0.0 0.0 0.0 
10.005246120607406 NaN 7.0 8.0 0.0 0.0 0.0 
12.005246120607406 NaN 9.0 10.0 0.0 0.0 0.0 
14.005246120607406 NaN 11.0 12.0 0.0 0.0 0.0 
16.005246120607406 1.0 12.0 13.0 1.0 0.0 13.0 
18.005246120607406 1.0 13.0 15.0 1.0 0.0 13.0 
20.005246120607406 1.3333333333333333 17.0 19.0 3.0 0.0 39.0 
22.005246120607406 1.25 15.0 19.0 4.0 0.0 53.0 
24.005246120607406 1.4 16.0 21.0 5.0 0.0 67.0 
26.005246120607406 1.4 17.0 22.0 5.0 0.0 67.0 
28.005246120607406 1.5714285714285714 17.0 22.0 7.0 0.0 104.0 
30.005246120607406 1.4444444444444444 19.0 27.0 9.0 0.0 133.0 
32.00524612060741 1.4444444444444444 20.0 29.0 9.0 0.0 133.0 
34.00524612060741 1.5833333333333333 23.0 34.0 12.0 0.0 187.0 
36.00524612060741 1.7692307692307692 21.0 34.0 13.0 0.0 209.0 
38.00524612060741 1.8666666666666667 20.0 35.0 15.0 0.0 245.0 
40.00524612060741 1.9411764705882353 20.0 37.0 17.0 0.0 292.0 
42.00524612060741 1.8947368421052633 19.0 37.0 19.0 0.0 321.0 
44.00524612060741 1.826086956521739 17.0 38.0 23.0 0.0 394.0 
46.00524612060741 1.7916666666666665 15.0 39.0 24.0 0.0 408.0 
48.00524612060741 1.76 16.0 41.0 25.0 0.0 422.0 
50.00524612060741 1.8888888888888888 15.0 42.0 27.0 0.0 466.0 
52.00524612060741 1.8620689655172415 16.0 44.0 29.0 0.0 520.0 
54.00524612060741 1.9 14.0 46.0 30.0 0.0 540.0 
56.00524612060741 1.9 19.0 50.0 30.0 0.0 540.0 
58.00524612060741 2.0 19.0 52.0 33.0 0.0 611.0 
60.00524612060741 2.0294117647058822 21.0 54.0 34.0 0.0 638.0 
62.00524612060741 2.0294117647058822 22.0 57.0 34.0 0.0 638.0 
64.00524612060741 2.0285714285714285 23.0 58.0 35.0 0.0 653.0 
66.00524612060741 2.057142857142857 29.0 64.0 36.0 0.0 672.0 
68.00524612060741 2.0857142857142863 29.0 65.0 37.0 0.0 686.0 
70.00524612060741 2.1111111111111116 27.0 66.0 39.0 0.0 714.0 
72.00524612060741 2.416666666666667 26.0 67.0 41.0 0.0 771.0 
74.00524612060741 2.416666666666667 28.0 70.0 41.0 0.0 771.0 
76.00524612060741 2.621621621621622 28.0 70.0 42.0 0.0 813.0 
78.00524612060741 2.7317073170731705 28.0 72.0 47.0 0.0 920.0 
80.00524612060741 2.6904761904761907 26.0 74.0 48.0 0.0 933.0 
82.00524612060741 2.6904761904761907 26.0 75.0 48.0 0.0 933.0 
84.00524612060741 2.6904761904761907 27.0 75.0 48.0 0.0 933.0 
86.00524612060741 2.744186046511628 26.0 76.0 50.0 0.0 978.0 
88.00524612060741 2.717391304347826 23.0 77.0 54.0 0.0 1058.0 
90.00524612060741 2.74468085106383 22.0 78.0 56.0 0.0 1098.0 
92.00524612060741 2.8085106382978724 22.0 79.0 57.0 0.0 1125.0 
94.00524612060741 2.8085106382978724 23.0 80.0 57.0 0.0 1125.0 
96.00524612060741 2.7800000000000002 23.0 82.0 61.0 0.0 1209.0 
98.00440273668086 2.75 20.0 82.0 63.0 0.0 1297.0 
100.00524612060741 2.75 20.0 83.0 63.0 0.0 1297.0 
102.00524612060741 2.7884615384615383 19.0 84.0 64.0 0.0 1313.0 
104.00524612060741 2.7884615384615383 20.0 85.0 64.0 0.0 1313.0 
106.00524612060741 2.7777777777777777 24.0 88.0 66.0 0.0 1375.0 
108.00524612060741 2.754385964912281 21.0 89.0 69.0 0.0 1436.0 
110.00524612060741 2.7586206896551726 19.0 89.0 70.0 0.0 1480.0 
112.00524612060741 2.796610169491525 19.0 89.0 72.0 0.0 1536.0 
114.00524612060741 2.8135593220338984 16.0 89.0 73.0 0.0 1553.0 
116.00524612060741 2.8135593220338984 16.0 89.0 73.0 0.0 1553.0 
118.00524612060741 2.8135593220338984 19.0 94.0 73.0 0.0 1553.0 
120.00524612060741 2.8 22.0 96.0 74.0 0.0 1610.0 
122.00524612060741 2.7936507936507935 21.0 97.0 77.0 0.0 1718.0 
124.00524612060741 2.8125 22.0 99.0 79.0 0.0 1757.0 
126.00524612060741 2.8125 23.0 102.0 79.0 0.0 1757.0 
128.0052461206074 2.8125 23.0 103.0 79.0 0.0 1757.0 
130.0052461206074 2.84375 23.0 103.0 80.0 0.0 1778.0 
132.0052461206074 2.8181818181818183 23.0 104.0 82.0 0.0 1818.0 
134.0052461206074 2.8181818181818183 22.0 106.0 82.0 0.0 1818.0 
136.0052461206074 2.8181818181818183 25.0 107.0 82.0 0.0 1818.0 
138.0052461206074 2.8181818181818183 27.0 111.0 82.0 0.0 1818.0 
140.0052461206074 3.61764705882353 30.0 112.0 83.0 2.0 2081.0 
142.0052461206074 4.420289855072464 25.0 114.0 84.0 4.0 2111.0 
144.0052461206074 4.420289855072464 27.0 116.0 84.0 4.0 2111.0 
146.0052461206074 4.420289855072464 29.0 117.0 84.0 4.0 2111.0 
148.0052461206074 4.550724637681159 28.0 117.0 86.0 4.0 2163.0 
150.0052461206074 4.557142857142857 29.0 119.0 88.0 4.0 2214.0 
152.0052461206074 4.557142857142857 29.0 121.0 88.0 4.0 2214.0 
154.0052461206074 4.557142857142857 30.0 122.0 88.0 4.0 2214.0 
156.0052461206074 4.557142857142857 33.0 125.0 88.0 4.0 2214.0 
158.0052461206074 6.103896103896103 30.0 126.0 91.0 9.0 2597.0 
160.0052461206074 6.397435897435898 26.0 129.0 91.0 10.0 2615.0 
162.0052461206074 6.448717948717949 28.0 129.0 92.0 10.0 2639.0 
164.0052461206074 6.325 26.0 130.0 94.0 10.0 2672.0 
166.0052461206074 6.325 28.0 132.0 94.0 10.0 2672.0 
168.0052461206074 6.35 28.0 134.0 95.0 10.0 2695.0 
170.0052461206074 6.35 32.0 139.0 95.0 10.0 2695.0 
172.0052461206074 6.35 37.0 142.0 95.0 10.0 2695.0 
174.0052461206074 6.3875 37.0 143.0 96.0 10.0 2714.0 
176.0052461206074 6.333333333333334 35.0 143.0 98.0 10.0 2770.0 
178.0052461206074 6.333333333333334 37.0 145.0 98.0 10.0 2770.0 
180.0052461206074 7.313253012048193 37.0 146.0 99.0 13.0 2921.0 
182.0052461206074 7.313253012048193 35.0 147.0 99.0 13.0 2921.0 
184.0052461206074 7.25 34.0 147.0 100.0 13.0 2941.0 
186.0052461206074 7.25 35.0 149.0 100.0 13.0 2941.0 
188.0052461206074 7.285714285714286 38.0 152.0 101.0 13.0 2963.0 
190.0052461206074 7.333333333333333 39.0 155.0 102.0 13.0 3018.0 
192.0052461206074 7.588235294117648 41.0 156.0 102.0 14.0 3120.0 
194.0052461206074 7.895348837209302 40.0 157.0 104.0 15.0 3188.0 
196.0052461206074 7.895348837209302 39.0 158.0 104.0 15.0 3188.0 
198.0052461206074 7.930232558139534 38.0 158.0 105.0 15.0 3220.0 
200.0052461206074 8.023255813953487 37.0 158.0 107.0 15.0 3280.0 
202.0052461206074 8.034883720930234 38.0 163.0 108.0 15.0 3300.0 
204.0052461206074 8.034883720930234 40.0 163.0 108.0 15.0 3300.0 
206.0052461206074 8.406976744186046 45.0 168.0 109.0 16.0 3463.0 
208.0052461206074 9.204545454545455 41.0 169.0 109.0 19.0 3561.0 
210.0052461206074 9.204545454545455 41.0 169.0 109.0 19.0 3561.0 
212.0052461206074 9.146067415730338 41.0 170.0 111.0 19.0 3612.0 
214.0052461206074 9.146067415730338 40.0 170.0 111.0 19.0 3612.0 
216.0052461206074 9.146067415730338 40.0 170.0 111.0 19.0 3612.0 
218.0052461206074 9.258426966292134 40.0 172.0 113.0 19.0 3667.0 
220.0052461206074 10.120879120879119 40.0 172.0 114.0 22.0 3944.0 
222.0052461206074 10.758241758241759 34.0 172.0 114.0 24.0 4021.0 
224.0052461206074 10.769230769230766 35.0 173.0 115.0 24.0 4039.0 
226.0052461206074 11.505376344086022 33.0 175.0 116.0 27.0 4205.0 
228.0052461206074 11.404255319148936 35.0 179.0 117.0 27.0 4228.0 
230.0052461206074 11.770833333333332 37.0 182.0 117.0 29.0 4332.0 
232.0052461206074 12.350515463917525 34.0 182.0 119.0 31.0 4645.0 
234.0052461206074 12.659793814432991 32.0 184.0 120.0 32.0 4670.0 
236.0052461206074 12.857142857142854 31.0 184.0 121.0 33.0 4706.0 
238.0052461206074 13.1530612244898 30.0 186.0 121.0 34.0 4766.0 
240.0052461206074 13.313131313131311 30.0 186.0 121.0 35.0 4867.0 
242.0052461206074 13.480000000000002 29.0 187.0 122.0 36.0 4885.0 
244.0052461206074 13.769999999999998 31.0 189.0 122.0 37.0 4938.0 
246.0052461206074 13.940594059405939 30.0 191.0 123.0 38.0 4976.0 
248.0052461206074 13.940594059405939 33.0 194.0 123.0 38.0 4976.0 
250.0052461206074 13.843137254901961 31.0 194.0 125.0 38.0 5015.0 
252.0052461206074 13.892156862745097 33.0 196.0 126.0 38.0 5042.0 
254.0052461206074 14.740384615384617 31.0 199.0 126.0 42.0 5325.0 
256.0052461206074 15.019230769230768 31.0 200.0 126.0 43.0 5391.0 
258.0052461206074 16.019047619047615 29.0 200.0 127.0 47.0 5642.0 
260.0052461206074 16.019047619047615 26.0 201.0 127.0 47.0 5642.0 
262.0052461206074 16.019047619047615 29.0 203.0 127.0 47.0 5642.0 
264.0052461206074 16.019047619047615 29.0 203.0 127.0 47.0 5642.0 
266.0052461206074 15.877358490566033 29.0 204.0 128.0 47.0 5655.0 
268.0052461206074 15.915094339622641 28.0 204.0 130.0 47.0 5688.0 
270.0052461206074 16.579439252336453 28.0 205.0 130.0 50.0 5959.0 
272.0052461206074 17.121495327102807 25.0 206.0 130.0 52.0 6130.0 
274.0052461206074 17.55555555555556 23.0 207.0 132.0 54.0 6278.0 
276.0052461206074 17.55555555555556 21.0 207.0 132.0 54.0 6278.0 
278.0052461206074 17.55555555555556 22.0 208.0 132.0 54.0 6278.0 
280.0052461206074 17.440366972477058 23.0 211.0 134.0 54.0 6331.0 
282.0052461206074 17.836363636363632 21.0 212.0 135.0 56.0 6541.0 
284.0052461206074 17.86363636363636 22.0 213.0 136.0 56.0 6582.0 
286.0052461206074 17.86363636363636 21.0 213.0 136.0 56.0 6582.0 
288.0052461206074 18.12727272727273 21.0 213.0 136.0 57.0 6684.0 
290.0052461206074 18.12727272727273 22.0 215.0 136.0 57.0 6684.0 
292.0052461206074 18.13636363636364 22.0 217.0 137.0 57.0 6704.0 
294.0052461206074 18.13636363636364 24.0 220.0 137.0 57.0 6704.0 
296.0052461206074 18.436363636363637 26.0 221.0 139.0 58.0 6847.0 
298.0052461206074 18.436363636363637 24.0 221.0 139.0 58.0 6847.0 
300.0052461206074 18.55855855855856 24.0 222.0 141.0 59.0 6884.0 
302.0052461206074 18.585585585585584 23.0 223.0 142.0 59.0 6962.0 
304.0052461206074 18.4375 21.0 223.0 143.0 59.0 7019.0 
306.0052461206074 18.455357142857146 21.0 223.0 144.0 59.0 7079.0 
308.0052461206074 18.566371681415927 21.0 225.0 145.0 60.0 7207.0 
310.0052461206074 18.566371681415927 21.0 226.0 145.0 60.0 7207.0 
312.0052461206074 18.421052631578945 21.0 227.0 147.0 60.0 7242.0 
314.0052461206074 18.491228070175435 23.0 230.0 150.0 60.0 7397.0 
316.0052461206074 18.745614035087716 21.0 232.0 150.0 61.0 7401.0 
318.0052461206074 18.745614035087716 22.0 233.0 150.0 61.0 7401.0 
320.0052461206074 18.745614035087716 25.0 236.0 150.0 61.0 7401.0 
322.0052461206074 18.745614035087716 25.0 236.0 150.0 61.0 7401.0 
324.0052461206074 18.634782608695655 25.0 238.0 153.0 61.0 7437.0 
326.0052461206074 18.634782608695655 24.0 238.0 153.0 61.0 7437.0 
328.0052461206074 18.74137931034483 24.0 239.0 154.0 62.0 7558.0 
330.0052461206074 19.07758620689655 21.0 239.0 156.0 63.0 7671.0 
332.0052461206074 18.94017094017094 19.0 239.0 158.0 63.0 7704.0 
334.0052461206074 18.94017094017094 19.0 240.0 158.0 63.0 7704.0 
336.0052461206074 19.04273504273504 21.0 242.0 160.0 63.0 7769.0 
338.0036382979256 19.051282051282055 18.0 242.0 161.0 63.0 7786.0 
340.0052461206074 19.05982905982906 20.0 245.0 162.0 63.0 7802.0 
342.0052461206074 19.14406779661017 21.0 247.0 162.0 64.0 7836.0 
344.0052461206074 19.39830508474576 24.0 251.0 163.0 65.0 7852.0 
346.0052461206074 19.644067796610173 22.0 251.0 163.0 66.0 7932.0 
348.0052461206074 19.70338983050847 22.0 252.0 165.0 66.0 8052.0 
350.0052461206074 19.70338983050847 24.0 255.0 165.0 66.0 8052.0 
352.0052461206074 19.70338983050847 24.0 256.0 165.0 66.0 8052.0 
354.0052461206074 19.596638655462186 24.0 256.0 167.0 66.0 8169.0 
356.0052461206074 19.674999999999997 23.0 256.0 167.0 67.0 8271.0 
358.0052461206074 19.950000000000003 21.0 257.0 168.0 68.0 8323.0 
360.0052461206074 19.950000000000003 21.0 257.0 168.0 68.0 8323.0 
362.0052461206074 20.19166666666667 21.0 257.0 168.0 69.0 8425.0 
364.0052461206074 20.208333333333332 20.0 258.0 169.0 69.0 8445.0 
366.0052461206074 20.225000000000005 20.0 258.0 170.0 69.0 8467.0 
368.0052461206074 20.274999999999995 21.0 260.0 172.0 69.0 8526.0 
370.0052461206074 20.274999999999995 20.0 262.0 172.0 69.0 8526.0 
372.0052461206074 20.12396694214876 21.0 263.0 173.0 69.0 8547.0 
374.0052461206074 20.12396694214876 21.0 263.0 173.0 69.0 8547.0 
376.0052461206074 20.12396694214876 23.0 265.0 173.0 69.0 8547.0 
378.0052461206074 20.12396694214876 24.0 266.0 173.0 69.0 8547.0 
380.0052461206074 19.98360655737705 24.0 269.0 175.0 69.0 8582.0 
382.0052461206074 20.311475409836067 25.0 271.0 176.0 70.0 8725.0 
384.0052461206074 20.33606557377049 25.0 272.0 177.0 70.0 8745.0 
386.0052461206074 20.352459016393443 25.0 274.0 179.0 70.0 8800.0 
388.0052461206074 20.352459016393443 27.0 276.0 179.0 70.0 8800.0 
390.0052461206074 20.43089430894309 27.0 277.0 180.0 71.0 8914.0 
392.0052461206074 20.67479674796748 26.0 279.0 181.0 72.0 9007.0 
394.0052461206074 20.69918699186992 29.0 282.0 182.0 72.0 9060.0 
396.0052461206074 20.69918699186992 28.0 282.0 182.0 72.0 9060.0 
398.0052461206074 20.72357723577236 28.0 282.0 184.0 72.0 9145.0 
400.0052461206074 20.72357723577236 26.0 283.0 184.0 72.0 9145.0 
402.0052461206074 20.764227642276424 27.0 284.0 185.0 72.0 9171.0 
404.0052461206074 20.764227642276424 28.0 286.0 185.0 72.0 9171.0 
406.0052461206074 20.796747967479675 31.0 288.0 186.0 72.0 9191.0 
408.0052461206074 20.796747967479675 30.0 288.0 186.0 72.0 9191.0 
410.0052461206074 21.048780487804876 30.0 288.0 187.0 73.0 9234.0 
412.0052461206074 21.284552845528456 28.0 291.0 187.0 74.0 9245.0 
414.0052461206074 21.796747967479675 28.0 292.0 189.0 76.0 9414.0 
416.0052461206074 21.821138211382117 28.0 295.0 190.0 76.0 9446.0 
418.0052461206074 21.82926829268293 30.0 296.0 191.0 76.0 9459.0 
420.0052461206074 22.34959349593496 29.0 297.0 191.0 78.0 9661.0 
422.0052461206074 23.09756097560976 28.0 299.0 191.0 81.0 9793.0 
424.0052461206074 23.09756097560976 28.0 300.0 191.0 81.0 9793.0 
426.0052461206074 23.15447154471545 32.0 304.0 192.0 81.0 9867.0 
428.0052461206074 23.21951219512195 31.0 305.0 194.0 81.0 9956.0 
430.0052461206074 23.252032520325205 31.0 306.0 195.0 81.0 9993.0 
432.0052461206074 23.252032520325205 32.0 308.0 195.0 81.0 9993.0 
434.0052461206074 23.252032520325205 32.0 309.0 195.0 81.0 9993.0 
436.0052461206074 23.27642276422764 32.0 309.0 196.0 81.0 10016.0 
438.0052461206074 23.31707317073171 32.0 309.0 198.0 81.0 10095.0 
440.0052461206074 23.577235772357724 27.0 309.0 200.0 82.0 10153.0 
442.0052461206074 23.821138211382117 27.0 310.0 200.0 83.0 10254.0 
444.0052461206074 24.32520325203252 23.0 310.0 203.0 85.0 10367.0 
446.0052461206074 24.365853658536583 21.0 311.0 204.0 85.0 10441.0 
448.0052461206074 24.365853658536583 23.0 313.0 204.0 85.0 10441.0 
450.0052461206074 24.3739837398374 26.0 316.0 205.0 85.0 10460.0 
452.0052461206074 24.3739837398374 26.0 316.0 205.0 85.0 10460.0 
454.0052461206074 24.422764227642276 25.0 316.0 207.0 85.0 10512.0 
456.0052461206074 24.430894308943085 24.0 317.0 208.0 85.0 10525.0 
458.0052461206074 24.4390243902439 25.0 319.0 209.0 85.0 10555.0 
460.0052461206074 24.4390243902439 27.0 321.0 209.0 85.0 10555.0 
462.0052461206074 24.44715447154472 28.0 322.0 210.0 85.0 10569.0 
464.0052461206074 24.455284552845526 29.0 326.0 211.0 85.0 10582.0 
466.0052461206074 24.455284552845526 33.0 330.0 211.0 85.0 10582.0 
468.0052461206074 24.455284552845526 34.0 331.0 211.0 85.0 10582.0 
470.0052461206074 24.49593495934959 35.0 333.0 213.0 85.0 10617.0 
472.0052461206074 24.731707317073173 35.0 333.0 213.0 86.0 10719.0 
474.0052461206074 24.772357723577233 34.0 335.0 214.0 86.0 10780.0 
476.0052461206074 24.79674796747967 34.0 335.0 216.0 86.0 10806.0 
478.0052461206074 24.91869918699187 34.0 339.0 222.0 86.0 10901.0 
480.0052461206074 24.91869918699187 32.0 340.0 222.0 86.0 10901.0 
482.0052461206074 24.91869918699187 33.0 341.0 222.0 86.0 10901.0 
484.0052461206074 24.95161290322581 32.0 341.0 222.0 87.0 11002.0 
486.0052461206074 24.95161290322581 33.0 342.0 222.0 87.0 11002.0 
488.0052461206074 25.18548387096774 33.0 342.0 222.0 88.0 11103.0 
490.0052461206074 25.491935483870964 31.0 343.0 225.0 89.0 11171.0 
492.0052461206074 25.774193548387096 26.0 343.0 228.0 90.0 11342.0 
494.0052461206074 26.241935483870964 25.0 344.0 228.0 92.0 11545.0 
496.0052461206074 26.258064516129036 24.0 344.0 229.0 92.0 11565.0 
498.0052461206074 26.330645161290324 25.0 346.0 231.0 92.0 11676.0 
500.0052461206074 26.419354838709676 23.0 347.0 233.0 92.0 11809.0 
502.0052461206074 26.419354838709676 22.0 347.0 233.0 92.0 11809.0 
504.0052461206074 26.653225806451612 21.0 348.0 233.0 93.0 11910.0 
506.0052461206074 26.919999999999998 23.0 350.0 234.0 95.0 12051.0 
508.0052461206074 26.976 20.0 350.0 235.0 95.0 12142.0 
510.0052461206074 26.976 22.0 353.0 235.0 95.0 12142.0 
512.0052461206074 27.208 24.0 355.0 235.0 96.0 12243.0 
514.0052461206074 27.256 24.0 358.0 237.0 96.0 12342.0 
516.0052461206074 27.264 25.0 359.0 238.0 96.0 12392.0 
518.0052461206074 27.264 25.0 359.0 238.0 96.0 12392.0 
520.0052461206074 27.264 25.0 359.0 238.0 96.0 12392.0 
522.0052461206074 27.768 25.0 359.0 239.0 98.0 12451.0 
524.0052461206074 27.792 25.0 364.0 240.0 98.0 12477.0 
526.0052461206074 27.792 27.0 366.0 240.0 98.0 12477.0 
528.0052461206074 27.792 28.0 366.0 240.0 98.0 12477.0 
530.0052461206074 27.832000000000004 30.0 370.0 242.0 98.0 12521.0 
532.0052461206074 28.304 31.0 372.0 243.0 100.0 12746.0 
534.0052461206074 28.336 30.0 373.0 244.0 100.0 12766.0 
536.0052461206074 28.336 31.0 375.0 244.0 100.0 12766.0 
538.0019491095481 28.336 31.0 378.0 244.0 100.0 12766.0 
540.0052461206074 28.351999999999997 37.0 383.0 246.0 100.0 12810.0 
542.0052461206074 28.375999999999998 38.0 385.0 247.0 100.0 12825.0 
544.0052461206074 28.375999999999998 39.0 387.0 247.0 100.0 12825.0 
546.0052461206074 28.375999999999998 42.0 389.0 247.0 100.0 12825.0 
548.0052461206074 28.624000000000002 44.0 392.0 249.0 101.0 12975.0 
550.0052461206074 29.128000000000004 41.0 392.0 249.0 103.0 13115.0 
552.0052461206074 29.368000000000002 40.0 393.0 250.0 104.0 13156.0 
554.0052461206074 29.368000000000002 39.0 395.0 250.0 104.0 13156.0 
556.0052461206074 29.368000000000002 43.0 397.0 250.0 104.0 13156.0 
558.0052461206074 29.432000000000002 43.0 397.0 254.0 104.0 13232.0 
560.0052461206074 29.736 38.0 397.0 256.0 105.0 13373.0 
562.0052461206074 29.736 37.0 398.0 256.0 105.0 13373.0 
564.0052461206074 29.968 37.0 399.0 256.0 106.0 13474.0 
566.0052461206074 30.224 37.0 399.0 257.0 107.0 13512.0 
568.0052461206074 30.248 34.0 399.0 258.0 107.0 13534.0 
570.0052461206074 30.248 36.0 402.0 258.0 107.0 13534.0 
572.0052461206074 30.248 37.0 403.0 258.0 107.0 13534.0 
574.0052461206074 30.296000000000003 37.0 403.0 260.0 107.0 13591.0 
576.0052461206074 30.768 36.0 405.0 261.0 109.0 13814.0 
578.0052461206074 31.0 37.0 409.0 261.0 110.0 13816.0 
580.0052461206074 31.264 37.0 410.0 261.0 111.0 13918.0 
582.0052461206074 31.496 37.0 410.0 261.0 112.0 13919.0 
584.0052461206074 32.2 34.0 410.0 262.0 115.0 14132.0 
586.0052461206074 32.431999999999995 32.0 410.0 262.0 116.0 14153.0 
588.0052461206074 32.712 30.0 410.0 263.0 117.0 14288.0 
590.0052461206074 32.712 30.0 410.0 263.0 117.0 14288.0 
592.0052461206074 32.712 32.0 412.0 263.0 117.0 14288.0 
594.0052461206074 32.712 33.0 413.0 263.0 117.0 14288.0 
596.0052461206074 32.775999999999996 34.0 415.0 265.0 117.0 14363.0 
598.0052461206074 32.775999999999996 34.0 416.0 265.0 117.0 14363.0 
600.0052461206074 33.263999999999996 35.0 419.0 266.0 119.0 14550.0 
602.0052461206074 33.727999999999994 34.0 420.0 266.0 121.0 14685.0 
604.0052461206074 33.736000000000004 33.0 422.0 267.0 121.0 14713.0 
606.0052461206074 33.736000000000004 36.0 424.0 267.0 121.0 14713.0 
608.0052461206074 33.736000000000004 38.0 426.0 267.0 121.0 14713.0 
610.0052461206074 34.0 40.0 429.0 267.0 122.0 14814.0 
612.0052461206074 34.239999999999995 39.0 430.0 268.0 123.0 14837.0 
614.0052461206074 34.768 39.0 431.0 270.0 125.0 15042.0 
616.0052461206074 35.0 36.0 433.0 270.0 126.0 15116.0 
618.0052461206074 35.016 37.0 434.0 271.0 126.0 15134.0 
620.0052461206074 35.024 38.0 435.0 272.0 126.0 15176.0 
622.0052461206074 35.024 37.0 435.0 272.0 126.0 15176.0 
624.0052461206074 35.272000000000006 37.0 435.0 272.0 127.0 15277.0 
626.0052461206074 35.967999999999996 36.0 436.0 272.0 130.0 15504.0 
628.0052461206074 36.472 33.0 437.0 274.0 132.0 15743.0 
630.0052461206074 36.976 32.0 439.0 275.0 134.0 15936.0 
632.0052461206074 37.688 29.0 439.0 276.0 137.0 16170.0 
634.0052461206074 38.424 24.0 440.0 277.0 140.0 16294.0 
636.0052461206074 38.424 23.0 440.0 277.0 140.0 16294.0 
638.0052461206074 38.464 24.0 441.0 279.0 140.0 16365.0 
640.0052461206074 38.928 26.0 445.0 279.0 142.0 16568.0 
642.0052461206074 39.184000000000005 24.0 446.0 281.0 143.0 16708.0 
644.0052461206074 39.647999999999996 22.0 448.0 281.0 145.0 16716.0 
646.0052461206074 39.647999999999996 22.0 448.0 281.0 145.0 16716.0 
648.0052461206074 39.664 24.0 451.0 282.0 145.0 16766.0 
650.0052461206074 39.68 24.0 452.0 283.0 145.0 16785.0 
652.0052461206074 39.68 24.0 452.0 283.0 145.0 16785.0 
654.0052461206074 39.68 26.0 454.0 283.0 145.0 16785.0 
656.0052461206074 39.68 27.0 456.0 283.0 145.0 16785.0 
658.0052461206074 40.416 26.0 456.0 285.0 148.0 17008.0 
660.0052461206074 40.431999999999995 25.0 459.0 286.0 148.0 17029.0 
662.0052461206074 40.431999999999995 26.0 460.0 286.0 148.0 17029.0 
664.0052461206074 40.48 26.0 461.0 287.0 148.0 17087.0 
666.0052461206074 40.488 25.0 461.0 288.0 148.0 17103.0 
668.0052461206074 41.208000000000006 23.0 462.0 289.0 151.0 17169.0 
670.0052461206074 41.208000000000006 22.0 463.0 289.0 151.0 17169.0 
672.0052461206074 41.67199999999999 22.0 463.0 289.0 153.0 17327.0 
674.0052461206074 41.912 20.0 464.0 290.0 154.0 17420.0 
676.0052461206074 42.448 18.0 465.0 293.0 156.0 17559.0 
678.0052461206074 42.448 16.0 466.0 293.0 156.0 17559.0 
680.0052461206074 42.68 17.0 467.0 293.0 157.0 17661.0 
682.0052461206074 43.144 15.0 467.0 293.0 159.0 17728.0 
684.0052461206074 43.168 17.0 469.0 295.0 159.0 17764.0 
686.0052461206074 43.176 16.0 470.0 296.0 159.0 17873.0 
688.0052461206074 43.176 16.0 471.0 296.0 159.0 17873.0 
690.0052461206074 43.407999999999994 16.0 471.0 296.0 160.0 17916.0 
692.0052461206074 43.424 15.0 471.0 297.0 160.0 17930.0 
694.0052461206074 43.424 15.0 472.0 297.0 160.0 17930.0 
696.0052461206074 43.431999999999995 16.0 473.0 298.0 160.0 17946.0 
698.0052461206074 43.664 17.0 476.0 298.0 161.0 18048.0 
700.0052461206074 43.664 18.0 478.0 298.0 161.0 18048.0 
702.0052461206074 43.664 19.0 478.0 298.0 161.0 18048.0 
704.0052461206074 43.68 19.0 480.0 299.0 161.0 18068.0 
706.0052461206074 43.736000000000004 20.0 482.0 301.0 161.0 18163.0 
708.0052461206074 43.736000000000004 22.0 485.0 301.0 161.0 18163.0 
710.0052461206074 43.74399999999999 23.0 486.0 302.0 161.0 18225.0 
712.0052461206074 44.008 24.0 489.0 303.0 162.0 18355.0 
714.0052461206074 44.008 26.0 491.0 303.0 162.0 18355.0 
716.0052461206074 44.016 26.0 492.0 304.0 162.0 18372.0 
718.0052461206074 44.52 24.0 493.0 306.0 164.0 18406.0 
720.0052461206074 44.552 23.0 494.0 308.0 164.0 18430.0 
722.0052461206074 44.56 23.0 496.0 309.0 164.0 18451.0 
724.0052461206074 44.56 24.0 497.0 309.0 164.0 18451.0 
726.0052461206074 44.56 25.0 498.0 309.0 164.0 18451.0 
728.0022059580973 44.856 25.0 502.0 311.0 165.0 18625.0 
730.0052461206074 45.368 23.0 502.0 313.0 167.0 18754.0 
732.0052461206074 45.376000000000005 24.0 504.0 314.0 167.0 18793.0 
734.0052461206074 45.392 22.0 506.0 315.0 167.0 18821.0 
736.0052461206074 45.392 25.0 507.0 315.0 167.0 18821.0 
738.0052461206074 45.392 27.0 509.0 315.0 167.0 18821.0 
740.0052461206074 45.392 28.0 510.0 315.0 167.0 18821.0 
742.0052461206074 45.424 27.0 511.0 317.0 167.0 18858.0 
744.0052461206074 45.455999999999996 27.0 511.0 318.0 167.0 18877.0 
746.0052461206074 45.455999999999996 26.0 511.0 318.0 167.0 18877.0 
748.0052461206074 45.496 27.0 514.0 321.0 167.0 18958.0 
750.0052461206074 45.976 26.0 514.0 322.0 169.0 19014.0 
752.0052461206074 46.032000000000004 23.0 515.0 324.0 169.0 19098.0 
754.0052461206074 46.032000000000004 22.0 515.0 324.0 169.0 19098.0 
756.0052461206074 46.072 23.0 516.0 326.0 169.0 19184.0 
758.0052461206074 46.104000000000006 21.0 518.0 328.0 169.0 19223.0 
760.0052461206074 46.352000000000004 20.0 518.0 329.0 170.0 19346.0 
762.0052461206074 46.352000000000004 21.0 521.0 329.0 170.0 19346.0 
764.0052461206074 46.352000000000004 23.0 522.0 329.0 170.0 19346.0 
766.0052461206074 46.35999999999999 23.0 523.0 330.0 170.0 19359.0 
768.0052461206074 46.368 22.0 524.0 331.0 170.0 19379.0 
770.0052461206074 46.407999999999994 24.0 527.0 332.0 170.0 19460.0 
772.0052461206074 46.448 25.0 529.0 333.0 170.0 19483.0 
774.0052461206074 46.448 27.0 530.0 333.0 170.0 19483.0 
776.0052461206074 46.504 26.0 530.0 335.0 170.0 19549.0 
778.0052461206074 46.736000000000004 27.0 532.0 335.0 171.0 19549.0 
780.0052461206074 46.767999999999994 23.0 533.0 338.0 171.0 19605.0 
782.0052461206074 46.832 23.0 534.0 340.0 171.0 19695.0 
784.0052461206074 46.832 24.0 535.0 340.0 171.0 19695.0 
786.0052461206074 47.32000000000001 24.0 538.0 341.0 173.0 19827.0 
788.0052461206074 47.32000000000001 24.0 538.0 341.0 173.0 19827.0 
790.0052461206074 47.35999999999999 22.0 538.0 343.0 173.0 19894.0 
792.0052461206074 47.392 21.0 538.0 345.0 173.0 19933.0 
794.0052461206074 47.392 21.0 539.0 345.0 173.0 19933.0 
796.0052461206074 47.392 21.0 539.0 345.0 173.0 19933.0 
798.0052461206074 47.424 22.0 541.0 346.0 173.0 19958.0 
800.0052461206074 47.431999999999995 21.0 541.0 347.0 173.0 19971.0 
802.0052461206074 47.67999999999999 19.0 541.0 348.0 174.0 20088.0 
804.0052461206074 47.67999999999999 21.0 543.0 348.0 174.0 20088.0 
806.0052461206074 47.984 22.0 545.0 350.0 175.0 20223.0 
808.0047412437195 47.992 21.0 548.0 351.0 175.0 20318.0 
810.0052461206074 48.008 25.0 553.0 352.0 175.0 20357.0 
812.0052461206074 48.04 28.0 555.0 353.0 175.0 20437.0 
814.0052461206074 48.04 27.0 555.0 353.0 175.0 20437.0 
816.0052461206074 48.04 27.0 556.0 353.0 175.0 20437.0 
818.0052461206074 48.048 29.0 558.0 354.0 175.0 20473.0 
820.0052461206074 48.048 29.0 558.0 354.0 175.0 20473.0 
822.0052461206074 48.056000000000004 29.0 559.0 355.0 175.0 20488.0 
824.0052461206074 48.064 30.0 562.0 356.0 175.0 20502.0 
826.0052461206074 48.31199999999999 30.0 562.0 356.0 176.0 20603.0 
828.0052461206074 48.32000000000001 31.0 563.0 357.0 176.0 20620.0 
830.0052461206074 48.623999999999995 29.0 564.0 360.0 177.0 20783.0 
832.0052461206074 48.66400000000001 29.0 567.0 361.0 177.0 20816.0 
834.0052461206074 48.895999999999994 29.0 568.0 361.0 178.0 20917.0 
836.0052461206074 49.12800000000001 31.0 570.0 361.0 179.0 21018.0 
838.0052461206074 49.376000000000005 30.0 571.0 362.0 180.0 21052.0 
840.0052461206074 49.376000000000005 30.0 572.0 362.0 180.0 21052.0 
842.0052461206074 49.424 30.0 573.0 364.0 180.0 21103.0 
844.0052461206074 49.424 30.0 574.0 364.0 180.0 21103.0 
846.0052461206074 49.488 31.0 577.0 366.0 180.0 21139.0 
848.0052461206074 49.512 32.0 580.0 368.0 180.0 21194.0 
850.0052461206074 49.552 29.0 581.0 371.0 180.0 21260.0 
852.0052461206074 49.56 32.0 584.0 372.0 180.0 21290.0 
854.0052461206074 49.57599999999999 33.0 585.0 373.0 180.0 21313.0 
856.0052461206074 49.57599999999999 33.0 586.0 373.0 180.0 21313.0 
858.0052461206074 49.839999999999996 32.0 587.0 374.0 181.0 21466.0 
860.0052461206074 49.839999999999996 32.0 587.0 374.0 181.0 21466.0 
862.0052461206074 49.87199999999999 34.0 589.0 377.0 181.0 21522.0 
864.0052461206074 49.912 30.0 589.0 380.0 181.0 21613.0 
866.0052461206074 49.919999999999995 27.0 589.0 381.0 181.0 21627.0 
868.0052461206074 50.160000000000004 27.0 590.0 381.0 182.0 21728.0 
870.0052461206074 50.632 28.0 593.0 381.0 184.0 21929.0 
872.0052461206074 50.65599999999999 29.0 595.0 383.0 184.0 21986.0 
874.0052461206074 50.70399999999999 29.0 597.0 384.0 184.0 22014.0 
876.0052461206074 50.70399999999999 29.0 597.0 384.0 184.0 22014.0 
878.0052461206074 50.760000000000005 29.0 598.0 385.0 184.0 22111.0 
880.0052461206074 50.8 28.0 599.0 387.0 184.0 22158.0 
882.0052461206074 50.8 29.0 600.0 387.0 184.0 22158.0 
884.0052461206074 50.84799999999999 30.0 604.0 388.0 184.0 22223.0 
886.0052461206074 51.352000000000004 33.0 606.0 388.0 186.0 22325.0 
888.0052461206074 51.35999999999999 32.0 607.0 389.0 186.0 22338.0 
890.0052461206074 51.35999999999999 33.0 608.0 389.0 186.0 22338.0 
892.0052461206074 51.400000000000006 33.0 609.0 391.0 186.0 22420.0 
894.0052461206074 51.448 32.0 610.0 394.0 186.0 22471.0 
896.0052461206074 51.448 32.0 612.0 394.0 186.0 22471.0 
898.0052461206074 51.48 32.0 613.0 395.0 186.0 22513.0 
900.0052461206074 51.712 32.0 614.0 395.0 187.0 22614.0 
#####################################################################
# End of data export. Simulation finished at: 2020-01-15T22:11+0000 #
#####################################################################
