#####################################################################
# Alchemist log file - simulation started at: 2020-02-20T20:24+0000 #
#####################################################################
# seed = 97.0, taskFrequency = 0.00133, cloudcost = 50.0, algorithm = true
#
# The columns have the following meaning: 
# time taskHops[Mean] hasTask[Sum] tasks[Sum] completedTasks[Sum] giveupTasks[Sum] taskLatency[Sum] 
0.0 NaN 0.0 0.0 0.0 0.0 0.0 
2.009389358947394 NaN 0.0 0.0 0.0 0.0 0.0 
4.009389358947394 NaN 0.0 0.0 0.0 0.0 0.0 
6.009389358947394 NaN 0.0 0.0 0.0 0.0 0.0 
8.009389358947395 NaN 0.0 1.0 0.0 0.0 0.0 
10.009389358947395 NaN 1.0 1.0 0.0 0.0 0.0 
12.009389358947395 NaN 1.0 1.0 0.0 0.0 0.0 
14.009389358947395 NaN 1.0 1.0 0.0 0.0 0.0 
16.009389358947395 NaN 1.0 1.0 0.0 0.0 0.0 
18.009389358947395 NaN 1.0 1.0 0.0 0.0 0.0 
20.009389358947395 NaN 1.0 1.0 0.0 0.0 0.0 
22.009389358947395 2.0 1.0 1.0 1.0 0.0 14.0 
24.009389358947395 2.0 0.0 1.0 1.0 0.0 14.0 
26.009389358947395 2.0 0.0 1.0 1.0 0.0 14.0 
28.009389358947395 2.0 0.0 1.0 1.0 0.0 14.0 
30.009389358947395 2.0 0.0 1.0 1.0 0.0 14.0 
32.009389358947395 2.0 1.0 2.0 1.0 0.0 14.0 
34.009389358947395 2.0 1.0 2.0 1.0 0.0 14.0 
36.009389358947395 2.0 1.0 2.0 1.0 0.0 14.0 
38.009389358947395 2.0 2.0 3.0 1.0 0.0 14.0 
40.009389358947395 2.0 2.0 3.0 1.0 0.0 14.0 
42.009389358947395 2.0 2.0 3.0 1.0 0.0 14.0 
44.009389358947395 2.0 2.0 3.0 1.0 0.0 14.0 
46.009389358947395 1.5 1.0 3.0 2.0 0.0 27.0 
48.009389358947395 1.5 2.0 4.0 2.0 0.0 27.0 
50.009389358947395 1.5 2.0 4.0 2.0 0.0 27.0 
52.009389358947395 1.3333333333333333 1.0 5.0 3.0 0.0 40.0 
54.009389358947395 1.3333333333333333 2.0 5.0 3.0 0.0 40.0 
56.009389358947395 1.3333333333333333 2.0 5.0 3.0 0.0 40.0 
58.009389358947395 1.3333333333333333 2.0 5.0 3.0 0.0 40.0 
60.009389358947395 1.3333333333333333 3.0 6.0 3.0 0.0 40.0 
62.009389358947395 1.3333333333333333 3.0 6.0 3.0 0.0 40.0 
64.0093893589474 1.3333333333333333 3.0 6.0 3.0 0.0 40.0 
66.0093893589474 1.8 3.0 6.0 5.0 0.0 73.0 
68.0093893589474 1.8 1.0 6.0 5.0 0.0 73.0 
70.0093893589474 1.8 1.0 6.0 5.0 0.0 73.0 
72.0093893589474 1.8 1.0 6.0 5.0 0.0 73.0 
74.0093893589474 1.8 1.0 6.0 5.0 0.0 73.0 
76.0093893589474 1.8 1.0 6.0 5.0 0.0 73.0 
78.0093893589474 2.0 1.0 6.0 6.0 0.0 92.0 
80.0093893589474 2.0 0.0 6.0 6.0 0.0 92.0 
82.0093893589474 2.0 1.0 7.0 6.0 0.0 92.0 
84.0093893589474 2.0 1.0 7.0 6.0 0.0 92.0 
86.0093893589474 2.0 2.0 8.0 6.0 0.0 92.0 
88.0093893589474 2.0 2.0 8.0 6.0 0.0 92.0 
90.0093893589474 2.0 2.0 8.0 6.0 0.0 92.0 
92.0093893589474 2.0 2.0 8.0 6.0 0.0 92.0 
94.0093893589474 2.0 2.0 8.0 6.0 0.0 92.0 
96.0093893589474 2.0 1.0 8.0 7.0 0.0 105.0 
98.0093893589474 2.0 1.0 9.0 7.0 0.0 105.0 
100.0093893589474 1.875 1.0 9.0 8.0 0.0 119.0 
102.0093893589474 1.875 1.0 9.0 8.0 0.0 119.0 
104.0093893589474 1.875 1.0 9.0 8.0 0.0 119.0 
106.0093893589474 1.875 1.0 9.0 8.0 0.0 119.0 
108.0093893589474 1.875 1.0 9.0 8.0 0.0 119.0 
110.0093893589474 1.875 2.0 10.0 8.0 0.0 119.0 
112.0093893589474 1.8888888888888888 2.0 10.0 9.0 0.0 133.0 
114.0093893589474 1.8888888888888888 1.0 10.0 9.0 0.0 133.0 
116.0093893589474 1.8888888888888888 1.0 10.0 9.0 0.0 133.0 
118.0093893589474 1.8888888888888888 1.0 10.0 9.0 0.0 133.0 
120.0093893589474 1.8888888888888888 1.0 10.0 9.0 0.0 133.0 
122.0093893589474 1.9 2.0 11.0 10.0 0.0 146.0 
124.0093893589474 1.9 1.0 11.0 10.0 0.0 146.0 
126.0093893589474 1.9 1.0 11.0 10.0 0.0 146.0 
128.0093893589474 1.9 1.0 11.0 10.0 0.0 146.0 
130.0093893589474 1.9 2.0 12.0 10.0 0.0 146.0 
132.0093893589474 1.9 2.0 12.0 10.0 0.0 146.0 
134.0093893589474 1.9 2.0 12.0 10.0 0.0 146.0 
136.0093893589474 1.8181818181818181 2.0 13.0 11.0 0.0 159.0 
138.0093893589474 1.8181818181818181 2.0 13.0 11.0 0.0 159.0 
140.0093893589474 1.8181818181818181 2.0 13.0 11.0 0.0 159.0 
142.0093893589474 1.8181818181818181 2.0 13.0 11.0 0.0 159.0 
144.0093893589474 1.75 1.0 13.0 12.0 0.0 172.0 
146.0093893589474 1.75 1.0 13.0 12.0 0.0 172.0 
148.0093893589474 1.75 1.0 13.0 12.0 0.0 172.0 
150.0093893589474 1.7692307692307692 0.0 13.0 13.0 0.0 186.0 
152.0093893589474 1.7692307692307692 1.0 14.0 13.0 0.0 186.0 
154.0093893589474 1.7692307692307692 1.0 14.0 13.0 0.0 186.0 
156.0093893589474 1.7692307692307692 1.0 15.0 13.0 0.0 186.0 
158.0093893589474 1.7692307692307692 2.0 15.0 13.0 0.0 186.0 
160.0093893589474 1.7692307692307692 2.0 15.0 13.0 0.0 186.0 
162.0093893589474 1.7692307692307692 2.0 15.0 13.0 0.0 186.0 
164.0093893589474 1.7692307692307692 3.0 16.0 13.0 0.0 186.0 
166.0093893589474 1.7142857142857142 3.0 17.0 14.0 0.0 200.0 
168.0093893589474 1.7142857142857142 4.0 18.0 14.0 0.0 200.0 
170.0093893589474 1.7857142857142858 4.0 18.0 15.0 0.0 214.0 
172.0093893589474 1.7857142857142858 3.0 18.0 15.0 0.0 214.0 
174.0093893589474 1.7857142857142858 4.0 19.0 15.0 0.0 214.0 
176.0093893589474 1.7857142857142858 4.0 19.0 15.0 0.0 214.0 
178.0093893589474 1.8 3.0 19.0 16.0 0.0 228.0 
180.0093893589474 1.75 2.0 19.0 17.0 0.0 241.0 
182.0093893589474 1.75 2.0 19.0 17.0 0.0 241.0 
184.0093893589474 1.75 2.0 19.0 17.0 0.0 241.0 
186.0093893589474 1.823529411764706 2.0 19.0 18.0 0.0 260.0 
188.0093893589474 1.823529411764706 2.0 20.0 18.0 0.0 260.0 
190.0093893589474 1.823529411764706 2.0 20.0 18.0 0.0 260.0 
192.0093893589474 1.941176470588235 2.0 20.0 19.0 0.0 279.0 
194.0093893589474 1.941176470588235 2.0 21.0 19.0 0.0 279.0 
196.0093893589474 1.941176470588235 2.0 21.0 19.0 0.0 279.0 
198.0093893589474 1.941176470588235 2.0 21.0 19.0 0.0 279.0 
200.0093893589474 1.8888888888888886 2.0 21.0 20.0 0.0 292.0 
202.0093893589474 1.8888888888888886 1.0 21.0 20.0 0.0 292.0 
204.0093893589474 1.8888888888888886 1.0 21.0 20.0 0.0 292.0 
206.0093893589474 1.8421052631578947 2.0 22.0 21.0 0.0 305.0 
208.0093893589474 1.8421052631578947 1.0 22.0 21.0 0.0 305.0 
210.0093893589474 1.8421052631578947 1.0 22.0 21.0 0.0 305.0 
212.0093893589474 1.8421052631578947 1.0 22.0 21.0 0.0 305.0 
214.0093893589474 1.8421052631578947 1.0 22.0 21.0 0.0 305.0 
216.0093893589474 1.8421052631578947 2.0 23.0 21.0 0.0 305.0 
218.0093893589474 1.8421052631578947 4.0 25.0 21.0 0.0 305.0 
220.0093893589474 1.8421052631578947 4.0 25.0 21.0 0.0 305.0 
222.0093893589474 1.8421052631578947 4.0 25.0 21.0 0.0 305.0 
224.0093893589474 1.95 4.0 25.0 22.0 0.0 324.0 
226.0093893589474 1.95 4.0 26.0 22.0 0.0 324.0 
228.0093893589474 1.95 4.0 26.0 22.0 0.0 324.0 
230.0093893589474 1.9047619047619047 3.0 27.0 23.0 0.0 338.0 
232.0093893589474 1.9523809523809523 3.0 27.0 24.0 0.0 352.0 
234.0093893589474 1.9523809523809523 3.0 27.0 24.0 0.0 352.0 
236.0093893589474 1.9545454545454544 3.0 27.0 25.0 0.0 371.0 
238.0093893589474 1.9545454545454544 3.0 28.0 25.0 0.0 371.0 
240.0093893589474 1.9130434782608698 2.0 29.0 26.0 0.0 384.0 
242.0093893589474 1.9130434782608698 3.0 29.0 26.0 0.0 384.0 
244.0093893589474 2.0 3.0 29.0 27.0 0.0 398.0 
246.0093893589474 2.0 2.0 29.0 27.0 0.0 398.0 
248.0093893589474 2.0 3.0 31.0 27.0 0.0 398.0 
250.0093893589474 1.9583333333333333 4.0 31.0 28.0 0.0 411.0 
252.0093893589474 1.9583333333333333 3.0 31.0 28.0 0.0 411.0 
254.0093893589474 1.92 3.0 31.0 29.0 0.0 425.0 
256.0093893589474 1.92 3.0 32.0 29.0 0.0 425.0 
258.0093893589474 1.92 3.0 32.0 29.0 0.0 425.0 
260.0093893589474 1.92 3.0 32.0 29.0 0.0 425.0 
262.0093893589474 1.8518518518518519 2.0 32.0 31.0 0.0 452.0 
264.0093893589474 1.8518518518518519 3.0 34.0 31.0 0.0 452.0 
266.0093893589474 1.8518518518518519 3.0 35.0 31.0 0.0 452.0 
268.0093893589474 1.8518518518518519 4.0 35.0 31.0 0.0 452.0 
270.0093893589474 1.8518518518518519 4.0 35.0 31.0 0.0 452.0 
272.0093893589474 1.8518518518518519 4.0 35.0 31.0 0.0 452.0 
274.0093893589474 1.9285714285714284 5.0 36.0 32.0 0.0 471.0 
276.0093893589474 1.8965517241379313 5.0 38.0 33.0 0.0 484.0 
278.0093893589474 1.8666666666666665 4.0 38.0 34.0 0.0 497.0 
280.0093893589474 1.8387096774193548 4.0 38.0 35.0 0.0 511.0 
282.0093893589474 1.8387096774193548 4.0 39.0 35.0 0.0 511.0 
284.0093893589474 1.8387096774193548 4.0 39.0 35.0 0.0 511.0 
286.0093893589474 1.8387096774193548 4.0 39.0 35.0 0.0 511.0 
288.0093893589474 1.8125 3.0 39.0 36.0 0.0 524.0 
290.0093893589474 1.8235294117647058 3.0 40.0 38.0 0.0 551.0 
292.0093893589474 1.8235294117647058 2.0 40.0 38.0 0.0 551.0 
294.0093893589474 1.8571428571428568 2.0 40.0 39.0 0.0 564.0 
296.0093893589474 1.8571428571428568 1.0 40.0 39.0 0.0 564.0 
298.0093893589474 1.8571428571428568 1.0 40.0 39.0 0.0 564.0 
300.0093893589474 1.8571428571428568 1.0 40.0 39.0 0.0 564.0 
302.0093893589474 1.8333333333333333 1.0 41.0 40.0 0.0 577.0 
304.0093893589474 1.8333333333333333 3.0 43.0 40.0 0.0 577.0 
306.0093893589474 1.8333333333333333 3.0 43.0 40.0 0.0 577.0 
308.0093893589474 1.8333333333333333 3.0 43.0 40.0 0.0 577.0 
310.0093893589474 1.8333333333333333 3.0 43.0 40.0 0.0 577.0 
312.0093893589474 1.8333333333333333 3.0 43.0 40.0 0.0 577.0 
314.0093893589474 1.8333333333333333 3.0 43.0 40.0 0.0 577.0 
316.0093893589474 1.864864864864865 3.0 43.0 41.0 0.0 591.0 
318.0093893589474 1.8684210526315792 2.0 44.0 42.0 0.0 604.0 
320.0093893589474 1.8684210526315792 2.0 44.0 42.0 0.0 604.0 
322.0093893589474 1.923076923076923 3.0 45.0 43.0 0.0 623.0 
324.0093893589474 1.923076923076923 2.0 45.0 43.0 0.0 623.0 
326.0093893589474 1.923076923076923 2.0 45.0 43.0 0.0 623.0 
328.0093893589474 1.923076923076923 3.0 46.0 43.0 0.0 623.0 
330.0093893589474 1.923076923076923 4.0 47.0 43.0 0.0 623.0 
332.0093893589474 1.9487179487179485 4.0 48.0 44.0 0.0 636.0 
334.0093893589474 1.9487179487179485 4.0 49.0 44.0 0.0 636.0 
336.0093893589474 1.9743589743589745 5.0 50.0 45.0 0.0 650.0 
338.0093893589474 1.9743589743589745 5.0 50.0 45.0 0.0 650.0 
340.0093893589474 1.9743589743589745 5.0 50.0 45.0 0.0 650.0 
342.0093893589474 2.0 4.0 50.0 46.0 0.0 664.0 
344.0093893589474 2.05 3.0 50.0 47.0 0.0 678.0 
346.0093893589474 2.0731707317073167 3.0 52.0 48.0 0.0 692.0 
348.0093893589474 2.0476190476190474 4.0 52.0 49.0 0.0 706.0 
350.0093893589474 2.046511627906977 2.0 52.0 50.0 0.0 720.0 
352.0093893589474 2.046511627906977 2.0 52.0 50.0 0.0 720.0 
354.0093893589474 2.046511627906977 3.0 53.0 50.0 0.0 720.0 
356.0093893589474 2.046511627906977 3.0 53.0 50.0 0.0 720.0 
358.0093893589474 2.046511627906977 3.0 53.0 50.0 0.0 720.0 
360.0093893589474 2.116279069767442 3.0 53.0 51.0 0.0 734.0 
362.0093893589474 2.0909090909090913 1.0 53.0 52.0 0.0 750.0 
364.0093893589474 2.0909090909090913 1.0 53.0 52.0 0.0 750.0 
366.0093893589474 2.0909090909090913 1.0 53.0 52.0 0.0 750.0 
368.0093893589474 2.088888888888889 0.0 53.0 53.0 0.0 763.0 
370.0093893589474 2.088888888888889 0.0 53.0 53.0 0.0 763.0 
372.0093893589474 2.088888888888889 0.0 53.0 53.0 0.0 763.0 
374.0093893589474 2.088888888888889 0.0 53.0 53.0 0.0 763.0 
376.0093893589474 2.088888888888889 0.0 54.0 53.0 0.0 763.0 
378.0093893589474 2.088888888888889 1.0 54.0 53.0 0.0 763.0 
380.0093893589474 2.088888888888889 2.0 55.0 53.0 0.0 763.0 
382.0093893589474 2.088888888888889 2.0 55.0 53.0 0.0 763.0 
384.0093893589474 2.088888888888889 3.0 57.0 53.0 0.0 763.0 
386.0093893589474 2.088888888888889 5.0 58.0 53.0 0.0 763.0 
388.0093893589474 2.088888888888889 6.0 59.0 53.0 0.0 763.0 
390.0093893589474 2.0652173913043477 6.0 59.0 54.0 0.0 777.0 
392.0093893589474 2.0652173913043477 5.0 59.0 54.0 0.0 777.0 
394.0093893589474 2.085106382978723 4.0 59.0 55.0 0.0 790.0 
396.0093893589474 2.085106382978723 4.0 59.0 55.0 0.0 790.0 
398.0093893589474 2.061224489795918 3.0 59.0 57.0 0.0 817.0 
400.0093893589474 2.061224489795918 2.0 59.0 57.0 0.0 817.0 
402.0093893589474 2.019607843137255 0.0 59.0 59.0 0.0 846.0 
404.0093893589474 2.019607843137255 0.0 59.0 59.0 0.0 846.0 
406.0093893589474 2.019607843137255 1.0 60.0 59.0 0.0 846.0 
408.0093893589474 2.019607843137255 1.0 60.0 59.0 0.0 846.0 
410.0093893589474 2.019607843137255 2.0 61.0 59.0 0.0 846.0 
412.0093893589474 2.019607843137255 2.0 61.0 59.0 0.0 846.0 
414.0093893589474 2.019607843137255 3.0 62.0 59.0 0.0 846.0 
416.0093893589474 2.019607843137255 3.0 62.0 59.0 0.0 846.0 
418.0093893589474 2.019607843137255 4.0 63.0 59.0 0.0 846.0 
420.0093893589474 2.0 3.0 63.0 60.0 0.0 859.0 
422.0093893589474 2.0 4.0 64.0 61.0 0.0 872.0 
424.0093893589474 2.0 3.0 64.0 61.0 0.0 872.0 
426.0093893589474 2.0 3.0 64.0 61.0 0.0 872.0 
428.0093893589474 2.018867924528302 3.0 65.0 62.0 0.0 886.0 
430.0093893589474 2.0370370370370368 3.0 65.0 63.0 0.0 899.0 
432.0093893589474 2.0370370370370368 3.0 66.0 63.0 0.0 899.0 
434.0093893589474 2.0370370370370368 3.0 66.0 63.0 0.0 899.0 
436.0093893589474 2.0181818181818185 2.0 66.0 64.0 0.0 912.0 
438.0093893589474 2.0181818181818185 4.0 68.0 64.0 0.0 912.0 
440.0093893589474 2.0181818181818185 4.0 68.0 64.0 0.0 912.0 
442.0093893589474 2.0363636363636366 3.0 68.0 65.0 0.0 926.0 
444.0093893589474 2.0363636363636366 4.0 70.0 65.0 0.0 926.0 
446.0093893589474 2.0178571428571432 4.0 70.0 66.0 0.0 940.0 
448.0093893589474 2.0178571428571432 4.0 70.0 66.0 0.0 940.0 
450.0093893589474 2.0178571428571432 4.0 70.0 66.0 0.0 940.0 
452.0093893589474 2.0526315789473686 2.0 70.0 68.0 0.0 967.0 
454.0093893589474 2.0526315789473686 3.0 72.0 68.0 0.0 967.0 
456.0093893589474 2.0517241379310343 4.0 72.0 69.0 0.0 980.0 
458.0093893589474 2.0517241379310343 3.0 72.0 69.0 0.0 980.0 
460.0093893589474 2.050847457627119 3.0 72.0 70.0 0.0 996.0 
462.0093893589474 2.050847457627119 2.0 72.0 70.0 0.0 996.0 
464.0093893589474 2.050847457627119 4.0 74.0 70.0 0.0 996.0 
466.0093893589474 2.0677966101694913 4.0 74.0 71.0 0.0 1009.0 
468.0093893589474 2.084745762711864 3.0 75.0 72.0 0.0 1023.0 
470.0093893589474 2.084745762711864 3.0 75.0 72.0 0.0 1023.0 
472.0093893589474 2.084745762711864 3.0 75.0 72.0 0.0 1023.0 
474.0093893589474 2.084745762711864 3.0 75.0 72.0 0.0 1023.0 
476.0093893589474 2.084745762711864 3.0 75.0 72.0 0.0 1023.0 
478.0093893589474 2.1000000000000005 1.0 75.0 74.0 0.0 1050.0 
480.0093893589474 2.1000000000000005 1.0 75.0 74.0 0.0 1050.0 
482.0093893589474 2.081967213114754 1.0 75.0 75.0 0.0 1064.0 
484.0093893589474 2.081967213114754 1.0 76.0 75.0 0.0 1064.0 
486.0093893589474 2.081967213114754 1.0 77.0 75.0 0.0 1064.0 
488.0093893589474 2.081967213114754 2.0 77.0 75.0 0.0 1064.0 
490.0093893589474 2.081967213114754 2.0 77.0 75.0 0.0 1064.0 
492.0093893589474 2.081967213114754 3.0 78.0 75.0 0.0 1064.0 
494.0093893589474 2.081967213114754 3.0 78.0 75.0 0.0 1064.0 
496.0093893589474 2.080645161290323 3.0 78.0 76.0 0.0 1077.0 
498.0093893589474 2.080645161290323 2.0 78.0 76.0 0.0 1077.0 
500.0093893589474 2.0967741935483866 2.0 78.0 77.0 0.0 1091.0 
502.0093893589474 2.0967741935483866 1.0 78.0 77.0 0.0 1091.0 
504.0093893589474 2.0967741935483866 1.0 79.0 77.0 0.0 1091.0 
506.0093893589474 2.0793650793650795 1.0 79.0 78.0 0.0 1105.0 
508.0093893589474 2.0793650793650795 2.0 80.0 78.0 0.0 1105.0 
510.0093893589474 2.0793650793650795 2.0 80.0 78.0 0.0 1105.0 
512.0093893589474 2.0793650793650795 2.0 80.0 78.0 0.0 1105.0 
514.0093893589474 2.0793650793650795 2.0 80.0 78.0 0.0 1105.0 
516.0093893589474 2.0793650793650795 2.0 80.0 78.0 0.0 1105.0 
518.0093893589474 2.1269841269841274 2.0 80.0 79.0 0.0 1119.0 
520.0093893589474 2.1269841269841274 1.0 80.0 79.0 0.0 1119.0 
522.0093893589474 2.1428571428571432 1.0 81.0 80.0 0.0 1132.0 
524.0093893589474 2.1428571428571432 1.0 81.0 80.0 0.0 1132.0 
526.0093893589474 2.1428571428571432 2.0 82.0 80.0 0.0 1132.0 
528.0093893589474 2.1428571428571432 2.0 82.0 80.0 0.0 1132.0 
530.0093893589474 2.1428571428571432 2.0 82.0 80.0 0.0 1132.0 
532.0093893589474 2.1428571428571432 3.0 83.0 80.0 0.0 1132.0 
534.0093893589474 2.1428571428571432 3.0 83.0 80.0 0.0 1132.0 
536.0093893589474 2.15625 2.0 84.0 81.0 0.0 1145.0 
538.0093893589474 2.203125 3.0 84.0 82.0 0.0 1158.0 
540.0093893589474 2.203125 2.0 84.0 82.0 0.0 1158.0 
542.0093893589474 2.203125 2.0 84.0 82.0 0.0 1158.0 
544.0093893589474 2.25 2.0 84.0 83.0 0.0 1171.0 
546.0093893589474 2.25 1.0 84.0 83.0 0.0 1171.0 
548.0093893589474 2.25 1.0 84.0 83.0 0.0 1171.0 
550.0093893589474 2.230769230769231 1.0 84.0 84.0 0.0 1185.0 
552.0093893589474 2.230769230769231 1.0 85.0 84.0 0.0 1185.0 
554.0093893589474 2.230769230769231 1.0 85.0 84.0 0.0 1185.0 
556.0093893589474 2.230769230769231 1.0 85.0 84.0 0.0 1185.0 
558.0093893589474 2.230769230769231 1.0 85.0 84.0 0.0 1185.0 
560.0093893589474 2.230769230769231 1.0 85.0 84.0 0.0 1185.0 
562.0093893589474 2.230769230769231 1.0 85.0 84.0 0.0 1185.0 
564.0093893589474 2.246153846153846 2.0 86.0 85.0 0.0 1198.0 
566.0093893589474 2.246153846153846 1.0 86.0 85.0 0.0 1198.0 
568.0093893589474 2.246153846153846 1.0 86.0 85.0 0.0 1198.0 
570.0093893589474 2.246153846153846 2.0 87.0 85.0 0.0 1198.0 
572.0093893589474 2.246153846153846 2.0 87.0 85.0 0.0 1198.0 
574.0093893589474 2.246153846153846 2.0 87.0 85.0 0.0 1198.0 
576.0093893589474 2.246153846153846 2.0 87.0 85.0 0.0 1198.0 
578.0093893589474 2.2272727272727275 1.0 87.0 86.0 0.0 1212.0 
580.0093893589474 2.2272727272727275 1.0 87.0 86.0 0.0 1212.0 
582.0093893589474 2.242424242424242 1.0 87.0 87.0 0.0 1225.0 
584.0093893589474 2.242424242424242 0.0 87.0 87.0 0.0 1225.0 
586.0093893589474 2.242424242424242 1.0 88.0 87.0 0.0 1225.0 
588.0093893589474 2.242424242424242 1.0 89.0 87.0 0.0 1225.0 
590.0093893589474 2.242424242424242 2.0 89.0 87.0 0.0 1225.0 
592.0093893589474 2.242424242424242 2.0 89.0 87.0 0.0 1225.0 
594.0093893589474 2.242424242424242 2.0 89.0 87.0 0.0 1225.0 
596.0093893589474 2.242424242424242 2.0 89.0 87.0 0.0 1225.0 
598.0093893589474 2.242424242424242 2.0 89.0 87.0 0.0 1225.0 
600.0093893589474 2.2878787878787876 1.0 89.0 88.0 0.0 1238.0 
602.0093893589474 2.268656716417911 1.0 89.0 89.0 0.0 1252.0 
604.0093893589474 2.268656716417911 1.0 91.0 89.0 0.0 1252.0 
606.0093893589474 2.268656716417911 3.0 92.0 89.0 0.0 1252.0 
608.0093893589474 2.268656716417911 3.0 92.0 89.0 0.0 1252.0 
610.0093893589474 2.268656716417911 3.0 92.0 89.0 0.0 1252.0 
612.0093893589474 2.268656716417911 3.0 92.0 89.0 0.0 1252.0 
614.0093893589474 2.268656716417911 3.0 92.0 89.0 0.0 1252.0 
616.0093893589474 2.298507462686567 3.0 92.0 90.0 0.0 1265.0 
618.0093893589474 2.3134328358208953 2.0 92.0 91.0 0.0 1279.0 
620.0093893589474 2.3283582089552235 0.0 92.0 92.0 0.0 1292.0 
622.0093893589474 2.3283582089552235 0.0 92.0 92.0 0.0 1292.0 
624.0093893589474 2.3283582089552235 0.0 92.0 92.0 0.0 1292.0 
626.0093893589474 2.3283582089552235 0.0 92.0 92.0 0.0 1292.0 
628.0093893589474 2.3283582089552235 0.0 92.0 92.0 0.0 1292.0 
630.0093893589474 2.3283582089552235 1.0 94.0 92.0 0.0 1292.0 
632.0093893589474 2.3283582089552235 3.0 95.0 92.0 0.0 1292.0 
634.0093893589474 2.3283582089552235 3.0 96.0 92.0 0.0 1292.0 
636.0093893589474 2.3283582089552235 4.0 96.0 92.0 0.0 1292.0 
638.0093893589474 2.3283582089552235 4.0 96.0 92.0 0.0 1292.0 
640.0093893589474 2.3283582089552235 4.0 96.0 92.0 0.0 1292.0 
642.0093893589474 2.343283582089552 5.0 97.0 93.0 0.0 1305.0 
644.0093893589474 2.3731343283582094 4.0 97.0 94.0 0.0 1319.0 
646.0093893589474 2.3731343283582094 4.0 98.0 94.0 0.0 1319.0 
648.0093893589474 2.352941176470588 5.0 99.0 95.0 0.0 1333.0 
650.0093893589474 2.347826086956522 4.0 99.0 96.0 0.0 1352.0 
652.0093893589474 2.347826086956522 3.0 99.0 96.0 0.0 1352.0 
654.0093893589474 2.3285714285714283 3.0 99.0 97.0 0.0 1365.0 
656.0093893589474 2.3285714285714283 2.0 99.0 97.0 0.0 1365.0 
658.0093893589474 2.3285714285714283 2.0 100.0 97.0 0.0 1365.0 
660.0093893589474 2.3661971830985915 2.0 100.0 99.0 0.0 1392.0 
662.0093893589474 2.3661971830985915 1.0 100.0 99.0 0.0 1392.0 
664.0093893589474 2.3661971830985915 1.0 101.0 99.0 0.0 1392.0 
666.0093893589474 2.3661971830985915 2.0 101.0 99.0 0.0 1392.0 
668.0093893589474 2.3661971830985915 2.0 101.0 99.0 0.0 1392.0 
670.0093893589474 2.3661971830985915 2.0 101.0 99.0 0.0 1392.0 
672.0093893589474 2.3802816901408455 5.0 104.0 100.0 0.0 1406.0 
674.0093893589474 2.3802816901408455 5.0 105.0 100.0 0.0 1406.0 
676.0093893589474 2.3802816901408455 6.0 106.0 100.0 0.0 1406.0 
678.0093893589474 2.361111111111111 6.0 106.0 101.0 0.0 1420.0 
680.0093893589474 2.361111111111111 5.0 106.0 101.0 0.0 1420.0 
682.0093893589474 2.361111111111111 5.0 106.0 101.0 0.0 1420.0 
684.0093893589474 2.388888888888889 5.0 107.0 102.0 0.0 1433.0 
686.0093893589474 2.4027777777777777 4.0 107.0 103.0 0.0 1447.0 
688.0093893589474 2.3835616438356166 3.0 107.0 104.0 0.0 1463.0 
690.0093893589474 2.397260273972603 2.0 107.0 105.0 0.0 1476.0 
692.0093893589474 2.4520547945205484 1.0 107.0 106.0 0.0 1494.0 
694.0093893589474 2.4520547945205484 1.0 107.0 106.0 0.0 1494.0 
696.0093893589474 2.4520547945205484 2.0 108.0 106.0 0.0 1494.0 
698.0093893589474 2.4459459459459465 2.0 108.0 107.0 0.0 1508.0 
700.0093893589474 2.4459459459459465 1.0 108.0 107.0 0.0 1508.0 
702.0093893589474 2.4459459459459465 2.0 110.0 107.0 0.0 1508.0 
704.0093893589474 2.4459459459459465 4.0 111.0 107.0 0.0 1508.0 
706.0093893589474 2.4459459459459465 4.0 111.0 107.0 0.0 1508.0 
708.0093893589474 2.4459459459459465 4.0 111.0 107.0 0.0 1508.0 
710.0093893589474 2.4400000000000004 3.0 111.0 108.0 0.0 1521.0 
712.0093893589474 2.4400000000000004 3.0 111.0 108.0 0.0 1521.0 
714.0093893589474 2.4400000000000004 3.0 111.0 108.0 0.0 1521.0 
716.0093893589474 2.453333333333333 3.0 111.0 109.0 0.0 1535.0 
718.0093893589474 2.453333333333333 2.0 112.0 109.0 0.0 1535.0 
720.0093893589474 2.441558441558441 1.0 112.0 111.0 0.0 1569.0 
722.0093893589474 2.441558441558441 2.0 113.0 111.0 0.0 1569.0 
724.0093893589474 2.441558441558441 3.0 114.0 111.0 0.0 1569.0 
726.0093893589474 2.441558441558441 4.0 115.0 111.0 0.0 1569.0 
728.0093893589474 2.441558441558441 4.0 115.0 111.0 0.0 1569.0 
730.0093893589474 2.441558441558441 4.0 115.0 111.0 0.0 1569.0 
732.0093893589474 2.4358974358974357 4.0 115.0 112.0 0.0 1583.0 
734.0093893589474 2.4358974358974357 3.0 115.0 112.0 0.0 1583.0 
736.0093893589474 2.4177215189873413 3.0 116.0 113.0 0.0 1597.0 
738.0093893589474 2.443037974683544 3.0 117.0 114.0 0.0 1610.0 
740.0093893589474 2.443037974683544 4.0 118.0 114.0 0.0 1610.0 
742.0093893589474 2.493670886075949 5.0 119.0 115.0 0.0 1628.0 
744.0093893589474 2.493670886075949 4.0 119.0 115.0 0.0 1628.0 
746.0093893589474 2.493670886075949 4.0 119.0 115.0 0.0 1628.0 
748.0093893589474 2.493670886075949 4.0 119.0 115.0 0.0 1628.0 
750.0093893589474 2.493670886075949 4.0 119.0 115.0 0.0 1628.0 
752.0093893589474 2.506329113924051 4.0 119.0 116.0 0.0 1641.0 
754.0093893589474 2.5443037974683547 3.0 119.0 117.0 0.0 1657.0 
756.0093893589474 2.5750000000000006 1.0 119.0 118.0 0.0 1677.0 
758.0093893589474 2.5750000000000006 2.0 120.0 118.0 0.0 1677.0 
760.0093893589474 2.5750000000000006 2.0 120.0 118.0 0.0 1677.0 
762.0093893589474 2.625 1.0 120.0 119.0 0.0 1697.0 
764.0093893589474 2.625 2.0 121.0 119.0 0.0 1697.0 
766.0093893589474 2.625 2.0 121.0 119.0 0.0 1697.0 
768.0093893589474 2.625 5.0 124.0 119.0 0.0 1697.0 
770.0093893589474 2.625 5.0 124.0 119.0 0.0 1697.0 
772.0093893589474 2.6049382716049383 4.0 124.0 120.0 0.0 1710.0 
774.0093893589474 2.6049382716049383 5.0 125.0 120.0 0.0 1710.0 
776.0093893589474 2.585365853658536 5.0 125.0 121.0 0.0 1723.0 
778.0093893589474 2.585365853658536 4.0 125.0 121.0 0.0 1723.0 
780.0093893589474 2.6024096385542164 4.0 125.0 123.0 0.0 1749.0 
782.0093893589474 2.626506024096385 2.0 126.0 124.0 0.0 1763.0 
784.0093893589474 2.626506024096385 2.0 126.0 124.0 0.0 1763.0 
786.0093893589474 2.626506024096385 2.0 126.0 124.0 0.0 1763.0 
788.0093893589474 2.662650602409639 1.0 126.0 125.0 0.0 1776.0 
790.0093893589474 2.662650602409639 1.0 126.0 125.0 0.0 1776.0 
792.0093893589474 2.662650602409639 1.0 126.0 125.0 0.0 1776.0 
794.0093893589474 2.662650602409639 1.0 127.0 125.0 0.0 1776.0 
796.0093893589474 2.654761904761904 1.0 127.0 126.0 0.0 1789.0 
798.0093893589474 2.654761904761904 4.0 130.0 126.0 0.0 1789.0 
800.0093893589474 2.654761904761904 4.0 130.0 126.0 0.0 1789.0 
802.0093893589474 2.654761904761904 4.0 130.0 126.0 0.0 1789.0 
804.0093893589474 2.654761904761904 4.0 130.0 126.0 0.0 1789.0 
806.0093893589474 2.654761904761904 4.0 130.0 126.0 0.0 1789.0 
808.0093893589474 2.654761904761904 4.0 131.0 126.0 0.0 1789.0 
810.0093893589474 2.690476190476191 5.0 131.0 127.0 0.0 1802.0 
812.0093893589474 2.7619047619047614 3.0 131.0 130.0 0.0 1848.0 
814.0093893589474 2.7619047619047614 1.0 131.0 130.0 0.0 1848.0 
816.0093893589474 2.7619047619047614 1.0 131.0 130.0 0.0 1848.0 
818.0093893589474 2.7619047619047614 2.0 133.0 130.0 0.0 1848.0 
820.0093893589474 2.7619047619047614 3.0 133.0 130.0 0.0 1848.0 
822.0093893589474 2.7619047619047614 3.0 133.0 130.0 0.0 1848.0 
824.0093893589474 2.7619047619047614 4.0 134.0 130.0 0.0 1848.0 
826.0093893589474 2.7738095238095233 4.0 134.0 131.0 0.0 1866.0 
828.0093893589474 2.7738095238095233 4.0 135.0 131.0 0.0 1866.0 
830.0093893589474 2.7738095238095233 4.0 135.0 131.0 0.0 1866.0 
832.0093893589474 2.8214285714285716 3.0 135.0 133.0 0.0 1894.0 
834.0093893589474 2.8214285714285716 2.0 135.0 133.0 0.0 1894.0 
836.0093893589474 2.8214285714285716 2.0 135.0 133.0 0.0 1894.0 
838.0093893589474 2.8333333333333335 1.0 135.0 134.0 0.0 1908.0 
840.0093893589474 2.8333333333333335 1.0 136.0 134.0 0.0 1908.0 
842.0093893589474 2.8571428571428568 1.0 136.0 135.0 0.0 1921.0 
844.0093893589474 2.8571428571428568 1.0 136.0 135.0 0.0 1921.0 
846.0093893589474 2.8571428571428568 1.0 136.0 135.0 0.0 1921.0 
848.0093893589474 2.8571428571428568 2.0 137.0 135.0 0.0 1921.0 
850.0093893589474 2.8571428571428568 2.0 137.0 135.0 0.0 1921.0 
852.0093893589474 2.8571428571428568 2.0 137.0 135.0 0.0 1921.0 
854.0093893589474 2.8470588235294114 2.0 137.0 136.0 0.0 1935.0 
856.0093893589474 2.8470588235294114 1.0 137.0 136.0 0.0 1935.0 
858.0093893589474 2.8470588235294114 1.0 137.0 136.0 0.0 1935.0 
860.0093893589474 2.8588235294117643 1.0 137.0 137.0 0.0 1948.0 
862.0093893589474 2.8588235294117643 0.0 137.0 137.0 0.0 1948.0 
864.0093893589474 2.8588235294117643 0.0 137.0 137.0 0.0 1948.0 
866.0093893589474 2.8588235294117643 0.0 137.0 137.0 0.0 1948.0 
868.0093893589474 2.8588235294117643 0.0 137.0 137.0 0.0 1948.0 
870.0093893589474 2.8588235294117643 1.0 138.0 137.0 0.0 1948.0 
872.0093893589474 2.8588235294117643 1.0 138.0 137.0 0.0 1948.0 
874.0093893589474 2.8588235294117643 1.0 138.0 137.0 0.0 1948.0 
876.0093893589474 2.8588235294117643 1.0 138.0 137.0 0.0 1948.0 
878.0093893589474 2.8588235294117643 1.0 139.0 137.0 0.0 1948.0 
880.0093893589474 2.8588235294117643 2.0 139.0 137.0 0.0 1948.0 
882.0093893589474 2.870588235294117 2.0 139.0 138.0 0.0 1961.0 
884.0093893589474 2.870588235294117 1.0 139.0 138.0 0.0 1961.0 
886.0093893589474 2.870588235294117 1.0 139.0 138.0 0.0 1961.0 
888.0093893589474 2.870588235294117 1.0 139.0 138.0 0.0 1961.0 
890.0093893589474 2.870588235294117 1.0 139.0 138.0 0.0 1961.0 
892.0093893589474 2.894117647058823 1.0 139.0 139.0 0.0 1975.0 
894.0093893589474 2.894117647058823 1.0 140.0 139.0 0.0 1975.0 
896.0093893589474 2.894117647058823 2.0 141.0 139.0 0.0 1975.0 
898.0093893589474 2.894117647058823 2.0 141.0 139.0 0.0 1975.0 
900.0093893589474 2.894117647058823 2.0 141.0 139.0 0.0 1975.0 
#####################################################################
# End of data export. Simulation finished at: 2020-02-20T20:31+0000 #
#####################################################################
