#####################################################################
# Alchemist log file - simulation started at: 2020-02-19T02:45+0000 #
#####################################################################
# seed = 75.0, taskFrequency = 0.00316, cloudcost = 1.0, algorithm = false
#
# The columns have the following meaning: 
# time taskHops[Mean] hasTask[Sum] tasks[Sum] completedTasks[Sum] giveupTasks[Sum] taskLatency[Sum] 
0.0 NaN 0.0 0.0 0.0 0.0 0.0 
2.019660515070382 NaN 0.0 0.0 0.0 0.0 0.0 
4.019660515070382 NaN 1.0 2.0 0.0 0.0 0.0 
6.019660515070382 NaN 2.0 2.0 0.0 0.0 0.0 
8.019660515070381 NaN 2.0 2.0 0.0 0.0 0.0 
10.019660515070381 NaN 2.0 2.0 0.0 0.0 0.0 
12.019660515070381 NaN 2.0 2.0 0.0 0.0 0.0 
14.017866330179883 NaN 2.0 4.0 0.0 0.0 0.0 
16.01966051507038 NaN 4.0 4.0 0.0 0.0 0.0 
18.01966051507038 NaN 4.0 5.0 0.0 0.0 0.0 
20.01966051507038 NaN 5.0 5.0 0.0 0.0 0.0 
22.01966051507038 NaN 5.0 5.0 0.0 0.0 0.0 
24.01966051507038 NaN 6.0 7.0 0.0 0.0 0.0 
26.01966051507038 NaN 8.0 8.0 0.0 0.0 0.0 
28.01966051507038 NaN 8.0 8.0 0.0 0.0 0.0 
30.01966051507038 NaN 11.0 11.0 0.0 0.0 0.0 
32.019660515070385 NaN 11.0 11.0 0.0 0.0 0.0 
34.019660515070385 NaN 11.0 11.0 0.0 0.0 0.0 
36.019660515070385 NaN 11.0 12.0 0.0 0.0 0.0 
38.019660515070385 NaN 12.0 12.0 0.0 0.0 0.0 
40.019660515070385 NaN 14.0 14.0 0.0 0.0 0.0 
42.019660515070385 NaN 14.0 14.0 0.0 0.0 0.0 
44.019660515070385 NaN 15.0 15.0 0.0 0.0 0.0 
46.019660515070385 NaN 15.0 15.0 0.0 0.0 0.0 
48.019660515070385 NaN 15.0 15.0 0.0 0.0 0.0 
50.019660515070385 NaN 15.0 15.0 0.0 0.0 0.0 
52.019660515070385 NaN 15.0 15.0 0.0 0.0 0.0 
54.019660515070385 NaN 17.0 17.0 0.0 0.0 0.0 
56.019660515070385 NaN 18.0 18.0 0.0 0.0 0.0 
58.019660515070385 NaN 19.0 20.0 0.0 0.0 0.0 
60.019660515070385 NaN 20.0 20.0 0.0 0.0 0.0 
62.019660515070385 NaN 20.0 20.0 0.0 0.0 0.0 
64.01966051507038 NaN 20.0 20.0 0.0 0.0 0.0 
66.01966051507038 NaN 20.0 20.0 0.0 0.0 0.0 
68.01966051507038 NaN 21.0 21.0 0.0 0.0 0.0 
70.01966051507038 NaN 22.0 22.0 0.0 0.0 0.0 
72.01966051507038 NaN 24.0 24.0 0.0 0.0 0.0 
74.01966051507038 NaN 26.0 26.0 0.0 0.0 0.0 
76.01966051507038 NaN 26.0 27.0 0.0 0.0 0.0 
78.01966051507038 NaN 27.0 27.0 0.0 0.0 0.0 
80.01966051507038 NaN 27.0 28.0 0.0 0.0 0.0 
82.01966051507038 NaN 28.0 28.0 0.0 0.0 0.0 
84.01966051507038 NaN 29.0 29.0 0.0 0.0 0.0 
86.01966051507038 NaN 30.0 31.0 0.0 0.0 0.0 
88.01966051507038 NaN 31.0 32.0 0.0 0.0 0.0 
90.01966051507038 NaN 34.0 34.0 0.0 0.0 0.0 
92.01966051507038 NaN 36.0 37.0 0.0 0.0 0.0 
94.01966051507038 NaN 39.0 39.0 0.0 0.0 0.0 
96.01966051507038 NaN 40.0 40.0 0.0 0.0 0.0 
98.01966051507038 NaN 40.0 41.0 0.0 0.0 0.0 
100.01966051507038 2.0 41.0 41.0 1.0 0.0 32.0 
102.01966051507038 2.0 40.0 41.0 1.0 0.0 32.0 
104.01966051507038 2.0 40.0 41.0 1.0 0.0 32.0 
106.01966051507038 2.0 40.0 41.0 1.0 0.0 32.0 
108.01966051507038 2.0 40.0 41.0 1.0 0.0 32.0 
110.01966051507038 2.0 40.0 41.0 1.0 0.0 32.0 
112.01966051507038 2.0 40.0 41.0 1.0 0.0 32.0 
114.01966051507038 2.0 42.0 43.0 1.0 0.0 32.0 
116.01966051507038 2.0 42.0 43.0 1.0 0.0 32.0 
118.01966051507038 2.0 42.0 43.0 1.0 0.0 32.0 
120.01966051507038 2.0 42.0 43.0 1.0 0.0 32.0 
122.01966051507038 2.0 43.0 44.0 1.0 0.0 32.0 
124.01966051507038 2.0 43.0 44.0 1.0 0.0 32.0 
126.01966051507038 1.5 43.0 44.0 1.0 1.0 140.0 
128.01966051507037 1.25 43.0 45.0 1.0 3.0 368.0 
130.01966051507037 1.2 41.0 45.0 1.0 4.0 484.0 
132.01966051507037 1.1428571428571428 40.0 45.0 1.0 6.0 689.0 
134.01966051507037 1.1428571428571428 39.0 46.0 1.0 6.0 689.0 
136.01966051507037 1.125 39.0 46.0 1.0 7.0 796.0 
138.01966051507037 1.125 38.0 46.0 1.0 7.0 796.0 
140.01966051507037 1.125 38.0 46.0 1.0 7.0 796.0 
142.01966051507037 1.1111111111111112 37.0 46.0 1.0 8.0 914.0 
144.01966051507037 1.1111111111111112 37.0 46.0 1.0 8.0 914.0 
146.01966051507037 1.1 36.0 46.0 1.0 9.0 1020.0 
148.01966051507037 1.1 37.0 47.0 1.0 9.0 1020.0 
150.01966051507037 1.1 37.0 48.0 1.0 9.0 1020.0 
152.01966051507037 1.1 40.0 50.0 1.0 9.0 1020.0 
154.01966051507037 1.1 45.0 56.0 1.0 9.0 1020.0 
156.01966051507037 1.0909090909090908 46.0 56.0 1.0 10.0 1122.0 
158.01966051507037 1.0769230769230769 45.0 57.0 1.0 12.0 1330.0 
160.01966051507037 1.0666666666666667 43.0 58.0 1.0 14.0 1610.0 
162.01966051507037 1.0555555555555556 44.0 60.0 1.0 17.0 1994.0 
164.01966051507037 1.0555555555555556 42.0 62.0 1.0 17.0 1994.0 
166.01966051507037 1.0555555555555556 44.0 63.0 1.0 17.0 1994.0 
168.01966051507037 1.0555555555555556 46.0 64.0 1.0 17.0 1994.0 
170.01966051507037 1.0555555555555556 47.0 65.0 1.0 17.0 1994.0 
172.01966051507037 1.0555555555555556 47.0 65.0 1.0 17.0 1994.0 
174.01966051507037 1.05 46.0 65.0 1.0 19.0 2199.0 
176.01966051507037 1.0454545454545454 44.0 65.0 1.0 21.0 2403.0 
178.01966051507037 1.0434782608695652 43.0 65.0 1.0 22.0 2524.0 
180.01966051507037 1.0416666666666667 42.0 66.0 1.0 23.0 2627.0 
182.01966051507037 1.0416666666666667 43.0 67.0 1.0 23.0 2627.0 
184.01966051507037 1.0416666666666667 43.0 67.0 1.0 23.0 2627.0 
186.01966051507037 1.0384615384615385 43.0 68.0 1.0 25.0 2880.0 
188.01966051507037 1.0384615384615385 43.0 69.0 1.0 25.0 2880.0 
190.01966051507037 1.0357142857142858 42.0 70.0 1.0 27.0 3129.0 
192.01966051507037 1.032258064516129 39.0 70.0 1.0 30.0 3440.0 
194.01966051507037 1.0303030303030303 38.0 70.0 1.0 32.0 3644.0 
196.01966051507037 1.0285714285714285 36.0 70.0 1.0 34.0 3849.0 
198.01966051507037 1.027027027027027 36.0 72.0 1.0 36.0 4068.0 
200.01966051507037 1.027027027027027 35.0 72.0 1.0 36.0 4068.0 
202.01966051507037 1.0263157894736843 34.0 72.0 1.0 37.0 4171.0 
204.01966051507037 1.0263157894736843 35.0 73.0 1.0 37.0 4171.0 
206.01966051507037 1.0263157894736843 35.0 73.0 1.0 37.0 4171.0 
208.01966051507037 1.0263157894736843 35.0 74.0 1.0 37.0 4171.0 
210.01966051507037 1.0263157894736843 36.0 74.0 1.0 37.0 4171.0 
212.01966051507037 1.0263157894736843 36.0 74.0 1.0 37.0 4171.0 
214.01966051507037 1.0263157894736843 36.0 74.0 1.0 37.0 4171.0 
216.01966051507037 1.0256410256410255 35.0 74.0 1.0 38.0 4273.0 
218.01966051507037 1.0256410256410255 36.0 75.0 1.0 38.0 4273.0 
220.01966051507037 1.0256410256410255 37.0 77.0 1.0 38.0 4273.0 
222.01966051507037 1.0256410256410255 38.0 77.0 1.0 38.0 4273.0 
224.01966051507037 1.025 39.0 79.0 1.0 39.0 4376.0 
226.01966051507037 1.025 40.0 80.0 1.0 39.0 4376.0 
228.01966051507037 1.025 40.0 80.0 1.0 39.0 4376.0 
230.01966051507037 1.024390243902439 39.0 80.0 1.0 40.0 4478.0 
232.01966051507037 1.024390243902439 39.0 81.0 1.0 40.0 4478.0 
234.01966051507037 1.024390243902439 40.0 81.0 1.0 40.0 4478.0 
236.01966051507037 1.0238095238095237 39.0 81.0 1.0 41.0 4580.0 
238.01966051507037 1.0238095238095237 40.0 82.0 1.0 41.0 4580.0 
240.01966051507037 1.0238095238095237 40.0 82.0 1.0 41.0 4580.0 
242.01966051507037 1.0238095238095237 41.0 83.0 1.0 41.0 4580.0 
244.01966051507037 1.0238095238095237 42.0 85.0 1.0 41.0 4580.0 
246.01966051507037 1.0238095238095237 43.0 85.0 1.0 41.0 4580.0 
248.01966051507037 1.0238095238095237 44.0 86.0 1.0 41.0 4580.0 
250.01966051507037 1.0227272727272727 43.0 86.0 1.0 43.0 4819.0 
252.01966051507037 1.0227272727272727 43.0 87.0 1.0 43.0 4819.0 
254.01966051507037 1.0217391304347827 41.0 87.0 1.0 45.0 5024.0 
256.01966051507037 1.0408163265306123 40.0 88.0 1.0 49.0 5434.0 
258.01966051507037 1.04 37.0 88.0 1.0 50.0 5537.0 
260.01966051507037 1.04 37.0 88.0 1.0 50.0 5537.0 
262.01966051507037 1.0392156862745099 36.0 88.0 1.0 51.0 5640.0 
264.01966051507037 1.0566037735849056 34.0 88.0 1.0 54.0 5948.0 
266.01966051507037 1.0566037735849056 33.0 88.0 1.0 54.0 5948.0 
268.01966051507037 1.0740740740740742 31.0 88.0 1.0 56.0 6154.0 
270.01966051507037 1.0714285714285714 30.0 89.0 1.0 58.0 6374.0 
272.01966051507037 1.0701754385964912 30.0 89.0 1.0 59.0 6476.0 
274.01966051507037 1.0701754385964912 29.0 89.0 1.0 59.0 6476.0 
276.01966051507037 1.0701754385964912 29.0 89.0 1.0 59.0 6476.0 
278.01966051507037 1.0701754385964912 29.0 89.0 1.0 59.0 6476.0 
280.01966051507037 1.0701754385964912 30.0 90.0 1.0 59.0 6476.0 
282.01966051507037 1.0689655172413792 30.0 90.0 1.0 60.0 6578.0 
284.01966051507037 1.0677966101694916 29.0 90.0 1.0 61.0 6680.0 
286.01966051507037 1.0677966101694916 28.0 90.0 1.0 61.0 6680.0 
288.01966051507037 1.0677966101694916 28.0 90.0 1.0 61.0 6680.0 
290.01966051507037 1.0833333333333333 27.0 90.0 1.0 63.0 6886.0 
292.01966051507037 1.0833333333333333 26.0 90.0 1.0 63.0 6886.0 
294.01966051507037 1.0819672131147542 25.0 90.0 1.0 64.0 6989.0 
296.01966051507037 1.0819672131147542 25.0 90.0 1.0 64.0 6989.0 
298.0079428625188 1.0819672131147542 25.0 91.0 1.0 64.0 6989.0 
300.01966051507037 1.0793650793650793 25.0 92.0 1.0 66.0 7193.0 
302.01966051507037 1.0793650793650793 26.0 93.0 1.0 66.0 7193.0 
304.01966051507037 1.0793650793650793 27.0 94.0 1.0 66.0 7193.0 
306.01966051507037 1.078125 27.0 94.0 1.0 67.0 7296.0 
308.01966051507037 1.078125 26.0 94.0 1.0 67.0 7296.0 
310.01966051507037 1.078125 26.0 94.0 1.0 67.0 7296.0 
312.01966051507037 1.078125 26.0 94.0 1.0 67.0 7296.0 
314.01966051507037 1.078125 26.0 95.0 1.0 67.0 7296.0 
316.01966051507037 1.078125 29.0 97.0 1.0 67.0 7296.0 
318.01966051507037 1.078125 29.0 98.0 1.0 67.0 7296.0 
320.01966051507037 1.078125 30.0 98.0 1.0 67.0 7296.0 
322.01966051507037 1.09375 30.0 98.0 1.0 68.0 7398.0 
324.01966051507037 1.0923076923076922 29.0 99.0 1.0 69.0 7501.0 
326.01966051507037 1.0909090909090908 28.0 99.0 1.0 70.0 7609.0 
328.01966051507037 1.088235294117647 26.0 99.0 1.0 72.0 7814.0 
330.01966051507037 1.088235294117647 26.0 99.0 1.0 72.0 7814.0 
332.01966051507037 1.088235294117647 27.0 100.0 1.0 72.0 7814.0 
334.01966051507037 1.088235294117647 28.0 101.0 1.0 72.0 7814.0 
336.01966051507037 1.1029411764705883 27.0 101.0 1.0 73.0 7917.0 
338.01966051507037 1.1029411764705883 27.0 101.0 1.0 73.0 7917.0 
340.01966051507037 1.1029411764705883 27.0 101.0 1.0 73.0 7917.0 
342.01966051507037 1.1029411764705883 27.0 101.0 1.0 73.0 7917.0 
344.01966051507037 1.1014492753623188 27.0 102.0 1.0 74.0 8019.0 
346.01966051507037 1.1 28.0 104.0 1.0 75.0 8122.0 
348.01966051507037 1.0985915492957747 29.0 106.0 1.0 76.0 8225.0 
350.01966051507037 1.0972222222222223 29.0 106.0 1.0 77.0 8328.0 
352.01966051507037 1.0972222222222223 28.0 106.0 1.0 77.0 8328.0 
354.01966051507037 1.1111111111111112 29.0 108.0 1.0 78.0 8430.0 
356.01966051507037 1.1111111111111112 30.0 109.0 1.0 78.0 8430.0 
358.01966051507037 1.1388888888888888 30.0 109.0 1.0 79.0 8532.0 
360.01966051507037 1.1388888888888888 31.0 111.0 1.0 79.0 8532.0 
362.01966051507037 1.1388888888888888 31.0 111.0 1.0 79.0 8532.0 
364.01966051507037 1.1388888888888888 31.0 112.0 1.0 79.0 8532.0 
366.01966051507037 1.1388888888888888 32.0 112.0 1.0 79.0 8532.0 
368.01966051507037 1.1388888888888888 33.0 113.0 1.0 79.0 8532.0 
370.01966051507037 1.1388888888888888 34.0 114.0 1.0 79.0 8532.0 
372.01966051507037 1.1388888888888888 34.0 114.0 1.0 79.0 8532.0 
374.01966051507037 1.1369863013698631 33.0 114.0 1.0 80.0 8635.0 
376.01966051507037 1.1369863013698631 33.0 115.0 1.0 80.0 8635.0 
378.01966051507037 1.1369863013698631 34.0 116.0 1.0 80.0 8635.0 
380.01966051507037 1.1369863013698631 36.0 117.0 1.0 80.0 8635.0 
382.01966051507037 1.135135135135135 36.0 117.0 1.0 81.0 8738.0 
384.01966051507037 1.135135135135135 35.0 117.0 1.0 81.0 8738.0 
386.01966051507037 1.135135135135135 36.0 118.0 1.0 81.0 8738.0 
388.01966051507037 1.135135135135135 37.0 119.0 1.0 81.0 8738.0 
390.01966051507037 1.135135135135135 37.0 119.0 1.0 81.0 8738.0 
392.01966051507037 1.135135135135135 37.0 119.0 1.0 81.0 8738.0 
394.01966051507037 1.135135135135135 37.0 119.0 1.0 81.0 8738.0 
396.01966051507037 1.135135135135135 37.0 120.0 1.0 81.0 8738.0 
398.01966051507037 1.135135135135135 38.0 120.0 1.0 81.0 8738.0 
400.01966051507037 1.135135135135135 38.0 120.0 1.0 81.0 8738.0 
402.01966051507037 1.1333333333333333 37.0 120.0 1.0 82.0 8840.0 
404.01966051507037 1.12987012987013 36.0 120.0 1.0 84.0 9045.0 
406.01966051507037 1.1282051282051282 35.0 120.0 1.0 85.0 9147.0 
408.01966051507037 1.1282051282051282 35.0 121.0 1.0 85.0 9147.0 
410.01966051507037 1.1282051282051282 37.0 123.0 1.0 85.0 9147.0 
412.01966051507037 1.1265822784810127 36.0 123.0 1.0 86.0 9468.0 
414.01966051507037 1.1265822784810127 36.0 123.0 1.0 86.0 9468.0 
416.01966051507037 1.1265822784810127 36.0 123.0 1.0 86.0 9468.0 
418.01966051507037 1.1375 34.0 123.0 1.0 88.0 9673.0 
420.01966051507037 1.1375 34.0 123.0 1.0 88.0 9673.0 
422.01966051507037 1.1358024691358024 33.0 123.0 1.0 89.0 9776.0 
424.01966051507037 1.1358024691358024 34.0 124.0 1.0 89.0 9776.0 
426.01966051507037 1.1481481481481481 34.0 124.0 1.0 90.0 9879.0 
428.01966051507037 1.1481481481481481 33.0 124.0 1.0 90.0 9879.0 
430.01966051507037 1.1481481481481481 34.0 125.0 1.0 90.0 9879.0 
432.01966051507037 1.1481481481481481 35.0 126.0 1.0 90.0 9879.0 
434.01966051507037 1.1604938271604939 35.0 126.0 1.0 91.0 9981.0 
436.01966051507037 1.1728395061728396 33.0 126.0 1.0 92.0 10083.0 
438.01966051507037 1.1728395061728396 33.0 126.0 1.0 92.0 10083.0 
440.01966051507037 1.1728395061728396 34.0 127.0 1.0 92.0 10083.0 
442.01966051507037 1.1728395061728396 34.0 127.0 1.0 92.0 10083.0 
444.01966051507037 1.1728395061728396 35.0 128.0 1.0 92.0 10083.0 
446.01966051507037 1.1851851851851851 35.0 128.0 1.0 93.0 10186.0 
448.01966051507037 1.1975308641975309 34.0 128.0 1.0 94.0 10288.0 
450.01966051507037 1.2048192771084338 32.0 128.0 1.0 97.0 10596.0 
452.01966051507037 1.2023809523809523 30.0 130.0 1.0 98.0 10810.0 
454.01966051507037 1.2023809523809523 31.0 130.0 1.0 98.0 10810.0 
456.01966051507037 1.2142857142857142 33.0 132.0 1.0 99.0 10912.0 
458.01966051507037 1.2380952380952381 32.0 133.0 1.0 101.0 11118.0 
460.01966051507037 1.2380952380952381 31.0 133.0 1.0 101.0 11118.0 
462.01966051507037 1.2470588235294118 31.0 133.0 1.0 103.0 11324.0 
464.01966051507037 1.2470588235294118 30.0 135.0 1.0 103.0 11324.0 
466.01966051507037 1.2470588235294118 32.0 136.0 1.0 103.0 11324.0 
468.01966051507037 1.2470588235294118 33.0 137.0 1.0 103.0 11324.0 
470.01966051507037 1.2588235294117647 32.0 137.0 1.0 104.0 11426.0 
472.01966051507037 1.255813953488372 33.0 138.0 1.0 105.0 11528.0 
474.01966051507037 1.255813953488372 32.0 138.0 1.0 105.0 11528.0 
476.01966051507037 1.255813953488372 32.0 138.0 1.0 105.0 11528.0 
478.01966051507037 1.255813953488372 32.0 138.0 1.0 105.0 11528.0 
480.01966051507037 1.2528735632183907 32.0 139.0 1.0 106.0 11631.0 
482.01966051507037 1.2758620689655173 30.0 139.0 1.0 108.0 11836.0 
484.01966051507037 1.2758620689655173 30.0 139.0 1.0 108.0 11836.0 
486.01966051507037 1.2758620689655173 30.0 139.0 1.0 108.0 11836.0 
488.01966051507037 1.2727272727272727 30.0 139.0 1.0 109.0 11938.0 
490.01966051507037 1.2840909090909092 28.0 139.0 1.0 110.0 12040.0 
492.01966051507037 1.2840909090909092 30.0 141.0 1.0 110.0 12040.0 
494.01966051507037 1.2840909090909092 30.0 141.0 1.0 110.0 12040.0 
496.01966051507037 1.2840909090909092 32.0 143.0 1.0 110.0 12040.0 
498.01966051507037 1.2840909090909092 33.0 144.0 1.0 110.0 12040.0 
500.01966051507037 1.2954545454545454 32.0 144.0 1.0 111.0 12143.0 
502.01966051507037 1.2954545454545454 32.0 144.0 1.0 111.0 12143.0 
504.01966051507037 1.2954545454545454 32.0 145.0 1.0 111.0 12143.0 
506.01966051507037 1.2954545454545454 33.0 145.0 1.0 111.0 12143.0 
508.01966051507037 1.2954545454545454 35.0 147.0 1.0 111.0 12143.0 
510.01966051507037 1.2954545454545454 35.0 147.0 1.0 111.0 12143.0 
512.0196605150704 1.303370786516854 33.0 147.0 1.0 113.0 12347.0 
514.0196605150704 1.303370786516854 34.0 148.0 1.0 113.0 12347.0 
516.0196605150704 1.303370786516854 34.0 148.0 1.0 113.0 12347.0 
518.0196605150704 1.303370786516854 34.0 148.0 1.0 113.0 12347.0 
520.0196605150704 1.303370786516854 34.0 148.0 1.0 113.0 12347.0 
522.0196605150704 1.303370786516854 35.0 149.0 1.0 113.0 12347.0 
524.0196605150704 1.303370786516854 35.0 149.0 1.0 113.0 12347.0 
526.0196605150704 1.3146067415730338 35.0 149.0 1.0 114.0 12449.0 
528.0196605150704 1.3146067415730338 35.0 150.0 1.0 114.0 12449.0 
530.0196605150704 1.3146067415730338 35.0 150.0 1.0 114.0 12449.0 
532.0196605150704 1.3258426966292134 34.0 150.0 1.0 115.0 12551.0 
534.0196605150704 1.3370786516853932 34.0 150.0 1.0 116.0 12654.0 
536.0196605150704 1.3370786516853932 33.0 150.0 1.0 116.0 12654.0 
538.0196605150704 1.3370786516853932 33.0 150.0 1.0 116.0 12654.0 
540.0196605150704 1.3370786516853932 33.0 150.0 1.0 116.0 12654.0 
542.0196605150704 1.3483146067415732 32.0 150.0 1.0 117.0 12756.0 
544.0196605150704 1.3483146067415732 32.0 150.0 1.0 117.0 12756.0 
546.0196605150704 1.3444444444444443 32.0 150.0 1.0 118.0 12859.0 
548.0196605150704 1.3444444444444443 31.0 150.0 1.0 118.0 12859.0 
550.0196605150704 1.3444444444444443 32.0 151.0 1.0 118.0 12859.0 
552.0196605150704 1.3444444444444443 33.0 152.0 1.0 118.0 12859.0 
554.0196605150704 1.3444444444444443 34.0 153.0 1.0 118.0 12859.0 
556.0196605150704 1.3516483516483517 33.0 153.0 1.0 120.0 13111.0 
558.0196605150704 1.358695652173913 32.0 156.0 1.0 122.0 13315.0 
560.0196605150704 1.3695652173913042 33.0 156.0 1.0 123.0 13418.0 
562.0196605150704 1.3655913978494625 32.0 156.0 1.0 124.0 13814.0 
564.0196605150704 1.3655913978494625 31.0 156.0 1.0 124.0 13814.0 
566.0196605150704 1.3617021276595744 31.0 156.0 1.0 125.0 13917.0 
568.0196605150704 1.3829787234042554 28.0 156.0 1.0 127.0 14122.0 
570.0196605150704 1.3789473684210525 27.0 156.0 1.0 128.0 14621.0 
572.0196605150704 1.3789473684210525 27.0 156.0 1.0 128.0 14621.0 
574.0196605150704 1.3894736842105264 26.0 156.0 1.0 129.0 14723.0 
576.0196605150704 1.3894736842105264 27.0 157.0 1.0 129.0 14723.0 
578.0196605150704 1.3894736842105264 27.0 157.0 1.0 129.0 14723.0 
580.0196605150704 1.3894736842105264 27.0 157.0 1.0 129.0 14723.0 
582.0196605150704 1.3894736842105264 27.0 157.0 1.0 129.0 14723.0 
584.0196605150704 1.3894736842105264 27.0 157.0 1.0 129.0 14723.0 
586.0196605150704 1.3894736842105264 27.0 159.0 1.0 129.0 14723.0 
588.0196605150704 1.3894736842105264 29.0 159.0 1.0 129.0 14723.0 
590.0196605150704 1.3894736842105264 29.0 159.0 1.0 129.0 14723.0 
592.0196605150704 1.3894736842105264 30.0 160.0 1.0 129.0 14723.0 
594.0196605150704 1.4105263157894736 29.0 160.0 1.0 131.0 14968.0 
596.0196605150704 1.4105263157894736 29.0 161.0 1.0 131.0 14968.0 
598.0196605150704 1.4166666666666665 30.0 162.0 1.0 133.0 15189.0 
600.0196605150704 1.4270833333333335 30.0 165.0 1.0 134.0 15292.0 
602.0196605150704 1.4375 30.0 165.0 1.0 135.0 15399.0 
604.0196605150704 1.4375 29.0 165.0 1.0 135.0 15399.0 
606.0196605150704 1.4375 29.0 165.0 1.0 135.0 15399.0 
608.0196605150704 1.4329896907216495 29.0 166.0 1.0 136.0 15502.0 
610.0196605150704 1.443298969072165 30.0 167.0 1.0 137.0 15604.0 
612.0196605150704 1.443298969072165 30.0 168.0 1.0 137.0 15604.0 
614.0196605150704 1.443298969072165 30.0 168.0 1.0 137.0 15604.0 
616.0196605150704 1.4387755102040818 29.0 169.0 1.0 138.0 15706.0 
618.0196605150704 1.4387755102040818 30.0 169.0 1.0 138.0 15706.0 
620.0196605150704 1.4387755102040818 30.0 169.0 1.0 138.0 15706.0 
622.0196605150704 1.4387755102040818 30.0 169.0 1.0 138.0 15706.0 
624.0196605150704 1.4489795918367347 30.0 169.0 1.0 139.0 15809.0 
626.0196605150704 1.4489795918367347 29.0 170.0 1.0 139.0 15809.0 
628.0196605150704 1.4489795918367347 31.0 171.0 1.0 139.0 15809.0 
630.0196605150704 1.4591836734693877 32.0 172.0 1.0 140.0 15911.0 
632.0196605150704 1.4591836734693877 31.0 172.0 1.0 140.0 15911.0 
634.0196605150704 1.469387755102041 30.0 172.0 1.0 141.0 16336.0 
636.0196605150704 1.469387755102041 30.0 172.0 1.0 141.0 16336.0 
638.0196605150704 1.469387755102041 30.0 173.0 1.0 141.0 16336.0 
640.0196605150704 1.469387755102041 31.0 173.0 1.0 141.0 16336.0 
642.0196605150704 1.469387755102041 31.0 173.0 1.0 141.0 16336.0 
644.0196605150704 1.469387755102041 31.0 173.0 1.0 141.0 16336.0 
646.0196605150704 1.469387755102041 31.0 173.0 1.0 141.0 16336.0 
648.0196605150704 1.469387755102041 31.0 173.0 1.0 141.0 16336.0 
650.0196605150704 1.469387755102041 31.0 173.0 1.0 141.0 16336.0 
652.0196605150704 1.4795918367346939 30.0 173.0 1.0 142.0 16438.0 
654.0196605150704 1.4747474747474747 29.0 173.0 1.0 143.0 16540.0 
656.0196605150704 1.48 29.0 173.0 1.0 145.0 17075.0 
658.0196605150704 1.48 27.0 173.0 1.0 145.0 17075.0 
660.0196605150704 1.4752475247524752 26.0 173.0 1.0 146.0 17177.0 
662.0196605150704 1.495049504950495 24.0 173.0 1.0 148.0 17383.0 
664.0196605150704 1.495049504950495 24.0 173.0 1.0 148.0 17383.0 
666.0196605150704 1.495049504950495 24.0 173.0 1.0 148.0 17383.0 
668.0196605150704 1.495049504950495 24.0 173.0 1.0 148.0 17383.0 
670.0196605150704 1.495049504950495 24.0 174.0 1.0 148.0 17383.0 
672.0196605150704 1.495049504950495 26.0 175.0 1.0 148.0 17383.0 
674.0196605150704 1.495049504950495 27.0 176.0 1.0 148.0 17383.0 
676.0196605150704 1.495049504950495 28.0 177.0 1.0 148.0 17383.0 
678.0196605150704 1.5049504950495052 27.0 177.0 1.0 149.0 17485.0 
680.0196605150704 1.5 27.0 178.0 1.0 150.0 17800.0 
682.0196605150704 1.5 27.0 178.0 1.0 150.0 17800.0 
684.0196605150704 1.5 27.0 179.0 1.0 150.0 17800.0 
686.0196605150704 1.5 28.0 179.0 1.0 150.0 17800.0 
688.0196605150704 1.5098039215686274 28.0 180.0 1.0 151.0 17996.0 
690.0196605150704 1.5048543689320388 27.0 181.0 1.0 152.0 18099.0 
692.0196605150704 1.5048543689320388 28.0 181.0 1.0 152.0 18099.0 
694.0196605150704 1.5242718446601942 26.0 181.0 1.0 154.0 18308.0 
696.0196605150704 1.5242718446601942 27.0 182.0 1.0 154.0 18308.0 
698.0196605150704 1.5339805825242718 28.0 183.0 1.0 155.0 18411.0 
700.0196605150704 1.5436893203883495 26.0 183.0 1.0 156.0 18513.0 
702.0196605150704 1.5631067961165048 26.0 183.0 1.0 158.0 18717.0 
704.0196605150704 1.5728155339805825 24.0 184.0 1.0 159.0 18820.0 
706.0196605150704 1.5673076923076923 25.0 187.0 1.0 160.0 19209.0 
708.0196605150704 1.5673076923076923 28.0 189.0 1.0 160.0 19209.0 
710.0196605150704 1.561904761904762 28.0 191.0 1.0 161.0 19311.0 
712.0196605150704 1.5714285714285714 29.0 192.0 1.0 162.0 19414.0 
714.0196605150704 1.5660377358490565 28.0 192.0 1.0 163.0 19516.0 
716.0196605150704 1.5660377358490565 28.0 192.0 1.0 163.0 19516.0 
718.0196605150704 1.5660377358490565 29.0 193.0 1.0 163.0 19516.0 
720.0196605150704 1.5754716981132075 29.0 194.0 1.0 164.0 19619.0 
722.0196605150704 1.5754716981132075 29.0 194.0 1.0 164.0 19619.0 
724.0196605150704 1.5754716981132075 30.0 195.0 1.0 164.0 19619.0 
726.0196605150704 1.5754716981132075 30.0 195.0 1.0 164.0 19619.0 
728.0196605150704 1.5943396226415094 32.0 197.0 2.0 164.0 19663.0 
730.0196605150704 1.588785046728972 31.0 197.0 2.0 165.0 19766.0 
732.0196605150704 1.5833333333333335 30.0 197.0 2.0 166.0 19868.0 
734.0196605150704 1.5833333333333335 30.0 198.0 2.0 166.0 19868.0 
736.0196605150704 1.5833333333333335 30.0 198.0 2.0 166.0 19868.0 
738.0196605150704 1.5833333333333335 30.0 199.0 2.0 166.0 19868.0 
740.0196605150704 1.5833333333333335 31.0 199.0 2.0 166.0 19868.0 
742.0196605150704 1.5779816513761467 30.0 199.0 2.0 167.0 19971.0 
744.0149341777319 1.5779816513761467 30.0 200.0 2.0 167.0 19971.0 
746.0196605150704 1.5779816513761467 31.0 200.0 2.0 167.0 19971.0 
748.0196605150704 1.5779816513761467 32.0 201.0 2.0 167.0 19971.0 
750.0196605150704 1.5779816513761467 33.0 202.0 2.0 167.0 19971.0 
752.0196605150704 1.5779816513761467 35.0 204.0 2.0 167.0 19971.0 
754.0196605150704 1.5779816513761467 35.0 204.0 2.0 167.0 19971.0 
756.0196605150704 1.5779816513761467 35.0 204.0 2.0 167.0 19971.0 
758.0196605150704 1.5779816513761467 35.0 204.0 2.0 167.0 19971.0 
760.0196605150704 1.5779816513761467 35.0 204.0 2.0 167.0 19971.0 
762.0196605150704 1.5779816513761467 35.0 204.0 2.0 167.0 19971.0 
764.0196605150704 1.5779816513761467 36.0 206.0 2.0 167.0 19971.0 
766.0196605150704 1.5779816513761467 37.0 206.0 2.0 167.0 19971.0 
768.0196605150704 1.5779816513761467 37.0 206.0 2.0 167.0 19971.0 
770.0196605150704 1.5779816513761467 38.0 207.0 2.0 167.0 19971.0 
772.0196605150704 1.5779816513761467 38.0 207.0 2.0 167.0 19971.0 
774.0196605150704 1.5818181818181818 37.0 207.0 2.0 169.0 20176.0 
776.0196605150704 1.5909090909090908 36.0 207.0 2.0 170.0 20279.0 
778.0196605150704 1.5855855855855856 35.0 208.0 2.0 171.0 20903.0 
780.0196605150704 1.5855855855855856 35.0 208.0 2.0 171.0 20903.0 
782.0196605150704 1.5945945945945945 35.0 210.0 2.0 172.0 21005.0 
784.0196605150704 1.5945945945945945 37.0 211.0 2.0 172.0 21005.0 
786.0196605150704 1.5945945945945945 38.0 212.0 2.0 172.0 21005.0 
788.0196605150704 1.5945945945945945 40.0 214.0 2.0 172.0 21005.0 
790.0196605150704 1.5892857142857142 40.0 214.0 2.0 173.0 21107.0 
792.0196605150704 1.5892857142857142 39.0 214.0 2.0 173.0 21107.0 
794.0196605150704 1.5982142857142858 39.0 215.0 2.0 174.0 21210.0 
796.0196605150704 1.5982142857142858 39.0 215.0 2.0 174.0 21210.0 
798.0196605150704 1.6071428571428572 39.0 215.0 2.0 175.0 21313.0 
800.0196605150704 1.6160714285714284 38.0 216.0 2.0 176.0 21415.0 
802.0196605150704 1.6160714285714284 38.0 216.0 2.0 176.0 21415.0 
804.0196605150704 1.6160714285714284 38.0 216.0 2.0 176.0 21415.0 
806.0196605150704 1.625 38.0 217.0 2.0 177.0 21517.0 
808.0196605150704 1.6339285714285716 39.0 218.0 2.0 178.0 21620.0 
810.0196605150704 1.6460176991150444 37.0 218.0 2.0 181.0 21927.0 
812.0196605150704 1.6403508771929824 35.0 218.0 2.0 182.0 22030.0 
814.0196605150704 1.6491228070175439 35.0 220.0 2.0 183.0 22133.0 
816.0196605150704 1.6578947368421053 34.0 220.0 2.0 184.0 22236.0 
818.0196605150704 1.6578947368421053 35.0 222.0 2.0 184.0 22236.0 
820.0196605150704 1.6666666666666665 36.0 224.0 2.0 185.0 22338.0 
822.0196605150704 1.6754385964912282 36.0 224.0 2.0 186.0 22440.0 
824.0196605150704 1.6754385964912282 36.0 224.0 2.0 186.0 22440.0 
826.0196605150704 1.6842105263157894 37.0 225.0 2.0 187.0 22542.0 
828.0196605150704 1.6842105263157894 36.0 226.0 2.0 187.0 22542.0 
830.0196605150704 1.7017543859649122 37.0 226.0 2.0 189.0 22747.0 
832.0196605150704 1.7017543859649122 35.0 226.0 2.0 189.0 22747.0 
834.0196605150704 1.7105263157894737 34.0 226.0 2.0 190.0 23073.0 
836.0196605150704 1.719298245614035 33.0 227.0 2.0 191.0 23175.0 
838.0196605150704 1.7130434782608694 34.0 228.0 2.0 192.0 23308.0 
840.0196605150704 1.7130434782608694 35.0 229.0 2.0 192.0 23308.0 
842.0196605150704 1.7217391304347827 34.0 229.0 2.0 193.0 23411.0 
844.0196605150704 1.7217391304347827 34.0 229.0 2.0 193.0 23411.0 
846.0196605150704 1.7217391304347827 34.0 229.0 2.0 193.0 23411.0 
848.0196605150704 1.7217391304347827 34.0 229.0 2.0 193.0 23411.0 
850.0196605150704 1.7304347826086957 35.0 230.0 2.0 194.0 23513.0 
852.0196605150704 1.7179487179487178 35.0 231.0 2.0 196.0 23842.0 
854.0196605150704 1.7179487179487178 35.0 233.0 2.0 196.0 23842.0 
856.0196605150704 1.7264957264957266 35.0 233.0 2.0 197.0 23946.0 
858.0196605150704 1.7264957264957266 34.0 233.0 2.0 197.0 23946.0 
860.0196605150704 1.7264957264957266 35.0 234.0 2.0 197.0 23946.0 
862.0196605150704 1.7264957264957266 36.0 235.0 2.0 197.0 23946.0 
864.0196605150704 1.735042735042735 36.0 235.0 2.0 198.0 24135.0 
866.0196605150704 1.735042735042735 35.0 235.0 2.0 198.0 24135.0 
868.0196605150704 1.735042735042735 35.0 236.0 2.0 198.0 24135.0 
870.0196605150704 1.735042735042735 36.0 236.0 2.0 198.0 24135.0 
872.0196605150704 1.735042735042735 36.0 236.0 2.0 198.0 24135.0 
874.0196605150704 1.735042735042735 37.0 237.0 2.0 198.0 24135.0 
876.0196605150704 1.735042735042735 37.0 238.0 2.0 198.0 24135.0 
878.0196605150704 1.735042735042735 38.0 238.0 2.0 198.0 24135.0 
880.0196605150704 1.7435897435897436 37.0 239.0 2.0 199.0 24269.0 
882.0196605150704 1.7435897435897436 39.0 240.0 2.0 199.0 24269.0 
884.0196605150704 1.7372881355932204 38.0 240.0 2.0 200.0 24371.0 
886.0196605150704 1.7542372881355932 37.0 240.0 2.0 202.0 24577.0 
888.0196605150704 1.771186440677966 36.0 240.0 2.0 204.0 24816.0 
890.0196605150704 1.7881355932203389 34.0 240.0 2.0 206.0 25021.0 
892.0196605150704 1.7881355932203389 33.0 241.0 2.0 206.0 25021.0 
894.0196605150704 1.7881355932203389 34.0 242.0 2.0 206.0 25021.0 
896.0196605150704 1.7966101694915253 35.0 243.0 2.0 207.0 25124.0 
898.0196605150704 1.7966101694915253 34.0 243.0 2.0 207.0 25124.0 
900.0196605150704 1.7966101694915253 34.0 243.0 2.0 207.0 25124.0 
#####################################################################
# End of data export. Simulation finished at: 2020-02-19T02:47+0000 #
#####################################################################
