#####################################################################
# Alchemist log file - simulation started at: 2020-01-31T11:02+0000 #
#####################################################################
# seed = 50.0, taskFrequency = 0.01778, cloudcost = 17.0, algorithm = false
#
# The columns have the following meaning: 
# time taskHops[Mean] hasTask[Sum] tasks[Sum] completedTasks[Sum] giveupTasks[Sum] taskLatency[Sum] 
0.0 NaN 0.0 0.0 0.0 0.0 0.0 
2.012017294136071 NaN 8.0 10.0 0.0 0.0 0.0 
4.012017294136071 NaN 13.0 14.0 0.0 0.0 0.0 
6.012017294136071 NaN 16.0 17.0 0.0 0.0 0.0 
8.012017294136072 NaN 19.0 19.0 0.0 0.0 0.0 
10.012017294136072 NaN 20.0 20.0 0.0 0.0 0.0 
12.012017294136072 0.0 25.0 28.0 1.0 0.0 11.0 
14.012017294136072 0.0 29.0 31.0 1.0 0.0 11.0 
16.012017294136072 0.0 33.0 35.0 1.0 0.0 11.0 
18.012017294136072 0.0 38.0 39.0 1.0 0.0 11.0 
20.012017294136072 0.0 39.0 40.0 1.0 0.0 11.0 
22.012017294136072 0.0 42.0 44.0 1.0 0.0 11.0 
24.012017294136072 0.0 46.0 48.0 1.0 0.0 11.0 
26.012017294136072 0.0 48.0 51.0 1.0 0.0 11.0 
28.012017294136072 0.0 54.0 56.0 1.0 0.0 11.0 
30.012017294136072 0.0 58.0 60.0 1.0 0.0 11.0 
32.01201729413607 0.0 64.0 65.0 1.0 0.0 11.0 
34.01201729413607 0.0 68.0 69.0 1.0 0.0 11.0 
36.01201729413607 0.0 70.0 72.0 1.0 0.0 11.0 
38.01201729413607 0.0 72.0 73.0 1.0 0.0 11.0 
40.01201729413607 0.0 74.0 75.0 1.0 0.0 11.0 
42.01201729413607 0.0 75.0 76.0 1.0 0.0 11.0 
44.01201729413607 0.0 76.0 77.0 1.0 0.0 11.0 
46.01201729413607 0.0 77.0 78.0 1.0 0.0 11.0 
48.01201729413607 0.0 78.0 79.0 1.0 0.0 11.0 
50.01201729413607 0.0 80.0 81.0 1.0 0.0 11.0 
52.01201729413607 0.0 83.0 84.0 1.0 0.0 11.0 
54.01201729413607 0.0 84.0 86.0 1.0 0.0 11.0 
56.01201729413607 0.0 85.0 86.0 1.0 0.0 11.0 
58.01201729413607 0.0 85.0 86.0 1.0 0.0 11.0 
60.01201729413607 0.0 86.0 87.0 1.0 0.0 11.0 
62.01201729413607 0.0 88.0 89.0 1.0 0.0 11.0 
64.01201729413607 0.0 89.0 90.0 1.0 0.0 11.0 
66.01201729413607 0.0 90.0 91.0 1.0 0.0 11.0 
68.01201729413607 0.0 91.0 92.0 1.0 0.0 11.0 
70.01201729413607 0.0 92.0 93.0 1.0 0.0 11.0 
72.01201729413607 0.0 93.0 94.0 1.0 0.0 11.0 
74.01201729413607 0.0 94.0 96.0 1.0 0.0 11.0 
76.01201729413607 0.0 96.0 97.0 1.0 0.0 11.0 
78.01201729413607 0.0 97.0 98.0 1.0 0.0 11.0 
80.01201729413607 0.0 98.0 99.0 1.0 0.0 11.0 
82.01201729413607 0.0 98.0 99.0 1.0 0.0 11.0 
84.01201729413607 0.0 98.0 99.0 1.0 0.0 11.0 
86.01201729413607 0.0 98.0 99.0 1.0 0.0 11.0 
88.01201729413607 0.0 99.0 100.0 1.0 0.0 11.0 
90.01201729413607 0.0 99.0 101.0 1.0 0.0 11.0 
92.01201729413607 0.0 100.0 101.0 1.0 0.0 11.0 
94.01201729413607 0.0 101.0 102.0 1.0 0.0 11.0 
96.01201729413607 0.0 101.0 103.0 1.0 0.0 11.0 
98.01201729413607 0.0 102.0 104.0 1.0 0.0 11.0 
100.01201729413607 0.0 103.0 104.0 1.0 0.0 11.0 
102.01201729413607 0.0 103.0 104.0 1.0 0.0 11.0 
104.01201729413607 13.6 103.0 106.0 1.0 4.0 420.0 
106.01201729413607 14.875 101.0 107.0 1.0 7.0 730.0 
108.01201729413607 15.454545454545455 100.0 109.0 1.0 10.0 1041.0 
110.01201729413607 15.785714285714286 98.0 110.0 1.0 13.0 1352.0 
112.01201729413607 15.9375 95.0 110.0 1.0 15.0 1564.0 
114.01201729413607 16.227272727272727 91.0 110.0 1.0 21.0 2185.0 
116.01201729413607 16.291666666666668 87.0 110.0 1.0 23.0 2391.0 
118.01201729413607 16.433333333333334 83.0 110.0 1.0 29.0 3020.0 
120.01201729413607 16.484848484848484 79.0 111.0 1.0 32.0 3328.0 
122.01201729413607 16.5 78.0 112.0 1.0 33.0 3431.0 
124.01201729413607 16.52777777777778 77.0 113.0 1.0 35.0 3639.0 
126.01201729413607 16.575 75.0 113.0 1.0 39.0 4054.0 
128.01201729413606 16.585365853658537 73.0 114.0 1.0 40.0 4156.0 
130.01201729413606 16.638297872340427 68.0 114.0 1.0 46.0 4772.0 
132.01201729413606 16.692307692307693 65.0 115.0 1.0 51.0 5298.0 
134.01201729413606 16.724137931034484 62.0 117.0 1.0 57.0 5912.0 
136.01201729413606 16.737704918032787 56.0 117.0 1.0 60.0 6218.0 
138.01201729413606 16.746031746031747 58.0 119.0 1.0 62.0 6423.0 
140.01201729413606 16.75 55.0 119.0 1.0 63.0 6526.0 
142.01201729413606 16.757575757575758 55.0 119.0 1.0 65.0 6731.0 
144.01201729413606 16.761194029850746 53.0 119.0 1.0 66.0 6834.0 
146.01201729413606 16.768115942028984 52.0 121.0 1.0 68.0 7078.0 
148.01201729413606 17.014285714285716 51.0 122.0 1.0 70.0 7294.0 
150.01201729413606 17.014084507042252 50.0 122.0 1.0 71.0 7396.0 
152.01201729413606 17.013698630136986 51.0 124.0 1.0 73.0 7601.0 
154.01201729413606 17.013157894736842 50.0 124.0 1.0 76.0 7910.0 
156.01201729413606 17.01298701298701 48.0 125.0 1.0 77.0 8013.0 
158.01201729413606 17.012820512820515 49.0 128.0 2.0 78.0 8128.0 
160.01201729413606 17.012820512820515 48.0 129.0 2.0 78.0 8128.0 
162.01201729413606 17.0126582278481 49.0 130.0 2.0 79.0 8230.0 
164.01201729413606 17.012345679012345 49.0 131.0 2.0 81.0 8435.0 
166.01201729413606 17.01219512195122 49.0 133.0 2.0 82.0 8538.0 
168.00610191541534 17.012048192771083 53.0 138.0 2.0 83.0 8640.0 
170.01201729413606 17.011904761904763 56.0 143.0 2.0 84.0 8742.0 
172.01201729413606 17.011764705882353 56.0 143.0 2.0 85.0 8844.0 
174.00226422852788 17.011627906976745 55.0 144.0 2.0 86.0 8946.0 
176.01201729413606 17.011494252873565 57.0 145.0 2.0 87.0 9048.0 
178.01201729413606 17.01123595505618 54.0 145.0 2.0 89.0 9253.0 
180.01201729413606 17.011111111111113 54.0 145.0 2.0 90.0 9355.0 
182.01201729413606 17.01098901098901 53.0 146.0 2.0 91.0 9457.0 
184.01201729413606 17.01098901098901 54.0 147.0 2.0 91.0 9457.0 
186.01201729413606 17.01098901098901 54.0 147.0 2.0 91.0 9457.0 
188.01201729413606 17.01098901098901 57.0 150.0 2.0 91.0 9457.0 
190.01201729413606 17.010752688172044 56.0 150.0 2.0 93.0 9712.0 
192.01201729413606 17.010752688172044 58.0 154.0 2.0 93.0 9712.0 
194.01201729413606 17.010752688172044 60.0 156.0 2.0 93.0 9712.0 
196.01201729413606 17.01063829787234 61.0 157.0 2.0 94.0 9814.0 
198.01201729413606 17.01063829787234 62.0 158.0 2.0 94.0 9814.0 
200.01201729413606 17.010526315789473 62.0 159.0 2.0 95.0 9917.0 
202.01201729413606 17.010416666666668 61.0 159.0 2.0 96.0 10020.0 
204.01201729413606 17.010416666666668 61.0 159.0 2.0 96.0 10020.0 
206.01201729413606 17.010309278350515 60.0 159.0 2.0 97.0 10122.0 
208.01201729413606 17.010204081632654 59.0 159.0 2.0 98.0 10224.0 
210.01201729413606 17.01 58.0 159.0 2.0 100.0 10428.0 
212.01201729413606 17.00990099009901 56.0 159.0 2.0 101.0 10530.0 
214.01201729413606 17.00990099009901 56.0 160.0 2.0 101.0 10530.0 
216.01201729413606 17.00990099009901 58.0 161.0 2.0 101.0 10530.0 
218.01201729413606 17.00990099009901 59.0 162.0 2.0 101.0 10530.0 
220.01201729413606 17.00990099009901 60.0 163.0 2.0 101.0 10530.0 
222.01201729413606 17.00980392156863 60.0 163.0 2.0 102.0 10709.0 
224.01201729413606 17.00980392156863 60.0 164.0 2.0 102.0 10709.0 
226.01201729413606 17.34313725490196 58.0 164.0 2.0 104.0 10914.0 
228.01201729413606 17.34313725490196 59.0 166.0 2.0 104.0 10914.0 
230.01201729413606 17.339805825242717 62.0 168.0 2.0 105.0 11016.0 
232.01201729413606 17.339805825242717 64.0 171.0 2.0 105.0 11016.0 
234.01201729413606 17.33653846153846 64.0 172.0 2.0 106.0 11118.0 
236.01201729413606 17.495238095238093 65.0 173.0 2.0 108.0 11444.0 
238.01201729413606 17.49056603773585 64.0 175.0 2.0 109.0 11547.0 
240.01201729413606 17.64485981308411 66.0 177.0 2.0 111.0 11752.0 
242.01201729413606 17.63888888888889 64.0 178.0 2.0 112.0 11904.0 
244.01201729413606 17.63888888888889 66.0 181.0 2.0 112.0 11904.0 
246.01201729413606 17.63888888888889 67.0 182.0 2.0 112.0 11904.0 
248.01201729413606 17.796296296296298 70.0 184.0 2.0 113.0 12006.0 
250.01201729413606 17.796296296296298 69.0 185.0 2.0 113.0 12006.0 
252.01201729413606 17.953703703703702 69.0 185.0 2.0 114.0 12109.0 
254.01201729413606 18.11111111111111 71.0 187.0 2.0 115.0 12211.0 
256.01201729413606 18.11111111111111 70.0 187.0 2.0 115.0 12211.0 
258.01201729413606 18.26851851851852 71.0 188.0 2.0 116.0 12314.0 
260.01201729413606 18.568807339449542 70.0 189.0 2.0 119.0 12622.0 
262.01201729413606 18.568807339449542 68.0 189.0 2.0 119.0 12622.0 
264.01201729413606 18.70909090909091 66.0 189.0 2.0 121.0 12827.0 
266.01201729413606 18.863636363636367 66.0 190.0 2.0 122.0 12929.0 
268.01201729413606 19.0 66.0 191.0 2.0 124.0 13133.0 
270.01201729413606 19.24561403508772 63.0 194.0 2.0 129.0 13708.0 
272.01201729413606 19.842105263157897 62.0 195.0 2.0 133.0 14116.0 
274.01201729413606 19.965217391304346 59.0 196.0 2.0 135.0 14322.0 
276.01201729413606 19.965217391304346 61.0 198.0 2.0 135.0 14322.0 
278.01201729413606 20.26086956521739 62.0 200.0 2.0 137.0 14528.0 
280.01201729413606 20.26086956521739 63.0 202.0 2.0 137.0 14528.0 
282.01201729413606 20.26086956521739 63.0 203.0 2.0 137.0 14528.0 
284.01201729413606 20.40869565217391 63.0 203.0 2.0 138.0 14630.0 
286.01201729413606 20.55652173913044 64.0 204.0 2.0 139.0 14733.0 
288.01201729413606 20.55652173913044 64.0 205.0 2.0 139.0 14733.0 
290.01201729413606 20.672413793103452 63.0 205.0 2.0 141.0 14938.0 
292.01201729413606 20.672413793103452 62.0 205.0 2.0 141.0 14938.0 
294.01201729413606 21.112068965517246 61.0 206.0 2.0 144.0 15244.0 
296.01201729413606 21.405172413793103 58.0 206.0 2.0 146.0 15449.0 
298.01201729413606 21.512820512820515 57.0 206.0 2.0 148.0 15655.0 
300.01201729413606 21.65811965811966 55.0 206.0 2.0 149.0 15757.0 
302.01201729413606 21.8034188034188 55.0 207.0 2.0 150.0 15859.0 
304.01201729413606 21.8034188034188 55.0 207.0 2.0 150.0 15859.0 
306.01201729413606 21.8034188034188 56.0 209.0 2.0 150.0 15859.0 
308.01201729413606 21.8034188034188 57.0 209.0 2.0 150.0 15859.0 
310.00467694982945 21.8034188034188 58.0 212.0 2.0 150.0 15859.0 
312.01201729413606 21.8034188034188 62.0 214.0 2.0 150.0 15859.0 
314.01201729413606 21.8034188034188 62.0 215.0 2.0 150.0 15859.0 
316.01201729413606 21.8034188034188 63.0 216.0 2.0 150.0 15859.0 
318.01201729413606 22.094017094017097 64.0 217.0 2.0 152.0 16065.0 
320.01201729413606 22.194915254237287 63.0 218.0 2.0 154.0 16368.0 
322.01201729413606 22.194915254237287 63.0 219.0 2.0 154.0 16368.0 
324.01201729413606 22.194915254237287 63.0 219.0 2.0 154.0 16368.0 
326.01201729413606 22.338983050847457 62.0 219.0 2.0 155.0 16470.0 
328.01201729413606 22.338983050847457 62.0 219.0 2.0 155.0 16470.0 
330.01201729413606 22.483050847457623 63.0 221.0 2.0 156.0 16611.0 
332.01201729413606 22.72268907563025 63.0 223.0 2.0 159.0 16919.0 
334.01201729413606 23.151260504201684 60.0 223.0 2.0 162.0 17226.0 
336.01201729413606 23.294117647058822 60.0 224.0 2.0 163.0 17329.0 
338.01201729413606 23.294117647058822 62.0 227.0 2.0 163.0 17329.0 
340.01201729413606 23.579831932773104 64.0 229.0 2.0 165.0 17534.0 
342.01201729413606 23.865546218487395 63.0 231.0 2.0 167.0 17738.0 
344.01201729413606 23.865546218487395 63.0 232.0 2.0 167.0 17738.0 
346.01201729413606 24.294117647058822 62.0 233.0 2.0 170.0 18046.0 
348.01201729413606 24.43697478991597 61.0 235.0 2.0 171.0 18149.0 
350.01201729413606 25.00840336134454 61.0 237.0 2.0 175.0 18587.0 
352.01201729413606 25.00840336134454 61.0 239.0 2.0 175.0 18587.0 
354.0111832202634 25.151260504201684 62.0 241.0 2.0 176.0 18690.0 
356.01201729413606 25.43697478991597 63.0 242.0 2.0 178.0 18895.0 
358.01201729413606 25.43697478991597 62.0 242.0 2.0 178.0 18895.0 
360.01201729413606 25.579831932773107 62.0 243.0 2.0 179.0 18997.0 
362.01201729413606 25.72268907563025 62.0 243.0 2.0 180.0 19100.0 
364.01201729413606 25.72268907563025 61.0 244.0 2.0 180.0 19100.0 
366.01201729413606 25.72268907563025 63.0 245.0 2.0 180.0 19100.0 
368.01201729413606 25.865546218487395 62.0 245.0 2.0 181.0 19202.0 
370.01201729413606 26.00840336134454 61.0 246.0 2.0 182.0 19304.0 
372.01201729413606 26.294117647058822 61.0 247.0 2.0 184.0 19508.0 
374.01201729413606 26.579831932773107 62.0 251.0 2.0 186.0 19713.0 
376.01201729413606 26.865546218487395 63.0 251.0 2.0 188.0 19956.0 
378.01201729413606 27.00840336134454 62.0 252.0 2.0 189.0 20058.0 
380.01201729413606 27.294117647058822 61.0 253.0 2.0 191.0 20263.0 
382.01201729413606 27.579831932773107 61.0 255.0 2.0 193.0 20468.0 
384.01201729413606 27.579831932773107 62.0 258.0 2.0 193.0 20468.0 
386.01201729413606 27.72268907563025 63.0 261.0 2.0 194.0 20571.0 
388.01201729413606 27.865546218487395 66.0 262.0 2.0 195.0 20674.0 
390.01201729413606 28.00840336134454 65.0 264.0 2.0 196.0 20776.0 
392.01201729413606 28.00840336134454 68.0 266.0 2.0 196.0 20776.0 
394.01201729413606 28.00840336134454 69.0 267.0 2.0 196.0 20776.0 
396.003219702637 28.151260504201684 69.0 268.0 2.0 197.0 20878.0 
398.01201729413606 28.151260504201684 70.0 269.0 2.0 197.0 20878.0 
400.01201729413606 28.151260504201684 71.0 270.0 2.0 197.0 20878.0 
402.01201729413606 28.151260504201684 72.0 272.0 2.0 197.0 20878.0 
404.01201729413606 28.294117647058822 73.0 272.0 2.0 198.0 20980.0 
406.01201729413606 28.294117647058822 73.0 273.0 2.0 198.0 20980.0 
408.01201729413606 28.436974789915965 74.0 274.0 2.0 199.0 21083.0 
410.01201729413606 28.579831932773107 75.0 277.0 2.0 200.0 21186.0 
412.01201729413606 28.483333333333334 78.0 281.0 2.0 201.0 21288.0 
414.01201729413606 29.05 75.0 281.0 2.0 205.0 21698.0 
416.01201729413606 29.05 75.0 282.0 2.0 205.0 21698.0 
418.01201729413606 29.191666666666666 74.0 282.0 2.0 206.0 21801.0 
420.01201729413606 29.475 74.0 283.0 2.0 208.0 22007.0 
422.01201729413606 29.758333333333333 73.0 283.0 2.0 210.0 22304.0 
424.01201729413606 29.9 73.0 287.0 2.0 211.0 22406.0 
426.01201729413606 29.9 75.0 288.0 2.0 211.0 22406.0 
428.01201729413606 29.9 77.0 290.0 2.0 211.0 22406.0 
430.01201729413606 29.9 78.0 291.0 2.0 211.0 22406.0 
432.01201729413606 30.324999999999996 78.0 293.0 2.0 214.0 22610.0 
434.01201729413606 30.466666666666665 76.0 294.0 2.0 215.0 22712.0 
436.01201729413606 30.608333333333334 78.0 296.0 2.0 216.0 22815.0 
438.01201729413606 30.75 78.0 296.0 2.0 217.0 22918.0 
440.01201729413606 31.175 76.0 296.0 2.0 220.0 23224.0 
442.01201729413606 31.458333333333336 74.0 297.0 2.0 222.0 23428.0 
444.01201729413606 31.741666666666667 72.0 297.0 2.0 224.0 23633.0 
446.01201729413606 31.883333333333333 72.0 298.0 2.0 225.0 23735.0 
448.01201729413606 32.025 73.0 300.0 2.0 226.0 23908.0 
450.01201729413606 32.166666666666664 72.0 301.0 2.0 227.0 24010.0 
452.01201729413606 32.45 71.0 302.0 2.0 229.0 24215.0 
454.01201729413606 32.733333333333334 71.0 303.0 2.0 231.0 24421.0 
456.01201729413606 32.88429752066116 70.0 304.0 2.0 234.0 25062.0 
458.01201729413606 33.16528925619835 67.0 304.0 2.0 236.0 25266.0 
460.01201729413606 33.16528925619835 66.0 304.0 2.0 236.0 25266.0 
462.01201729413606 33.16528925619835 66.0 305.0 2.0 236.0 25266.0 
464.01201729413606 33.16528925619835 69.0 308.0 2.0 236.0 25266.0 
466.01201729413606 33.16528925619835 70.0 308.0 2.0 236.0 25266.0 
468.01201729413606 33.446280991735534 70.0 309.0 2.0 238.0 25472.0 
470.01201729413606 33.446280991735534 70.0 310.0 2.0 238.0 25472.0 
472.01201729413606 33.446280991735534 71.0 311.0 2.0 238.0 25472.0 
474.01201729413606 33.72727272727273 69.0 311.0 2.0 240.0 25677.0 
476.01201729413606 34.00826446280992 68.0 311.0 2.0 242.0 25881.0 
478.01201729413606 34.289256198347104 65.0 312.0 2.0 244.0 26087.0 
480.01201729413606 34.429752066115704 67.0 314.0 2.0 245.0 26189.0 
482.01201729413606 34.429752066115704 68.0 315.0 2.0 245.0 26189.0 
484.01201729413606 34.710743801652896 69.0 316.0 2.0 247.0 26394.0 
486.01201729413606 34.99173553719008 70.0 320.0 2.0 249.0 26599.0 
488.01201729413606 35.413223140495866 68.0 323.0 2.0 252.0 26912.0 
490.0061163476622 35.83471074380165 66.0 324.0 2.0 255.0 27220.0 
492.01201729413606 35.97520661157025 66.0 324.0 2.0 256.0 27322.0 
494.01201729413606 36.396694214876035 63.0 324.0 2.0 259.0 27629.0 
496.01201729413606 36.53719008264463 65.0 328.0 2.0 260.0 27731.0 
498.01201729413606 36.53719008264463 66.0 328.0 2.0 260.0 27731.0 
500.01201729413606 36.81818181818182 65.0 328.0 2.0 262.0 27935.0 
502.01201729413606 36.95867768595041 64.0 329.0 2.0 263.0 28037.0 
504.01201729413606 37.099173553719005 65.0 330.0 2.0 264.0 28140.0 
506.01201729413606 37.239669421487605 65.0 332.0 2.0 265.0 28243.0 
508.01201729413606 37.3801652892562 66.0 333.0 2.0 266.0 28345.0 
510.01201729413606 37.52066115702479 65.0 334.0 2.0 267.0 28447.0 
512.0120172941361 37.94214876033058 65.0 337.0 2.0 270.0 28754.0 
514.0120172941361 38.36363636363636 64.0 338.0 2.0 273.0 29061.0 
516.0120172941361 38.50413223140496 63.0 339.0 2.0 274.0 29164.0 
518.0120172941361 38.64462809917355 64.0 340.0 2.0 275.0 29267.0 
520.0120172941361 38.64462809917355 63.0 340.0 2.0 275.0 29267.0 
522.0120172941361 38.78512396694215 63.0 341.0 2.0 276.0 29369.0 
524.0120172941361 38.78512396694215 64.0 343.0 2.0 276.0 29369.0 
526.0120172941361 39.20661157024794 65.0 344.0 2.0 279.0 29675.0 
528.0120172941361 39.48760330578513 62.0 344.0 2.0 281.0 29881.0 
530.0120172941361 39.768595041322314 60.0 345.0 2.0 283.0 30086.0 
532.0120172941361 39.90909090909091 59.0 345.0 2.0 284.0 30188.0 
534.0120172941361 39.90909090909091 60.0 346.0 2.0 284.0 30188.0 
536.0120172941361 39.90909090909091 60.0 346.0 2.0 284.0 30188.0 
538.0120172941361 40.33057851239669 60.0 347.0 2.0 287.0 30497.0 
540.0120172941361 40.33057851239669 60.0 349.0 2.0 287.0 30497.0 
542.0120172941361 40.33057851239669 63.0 352.0 2.0 287.0 30497.0 
544.0120172941361 40.47107438016529 64.0 353.0 2.0 288.0 30599.0 
546.0120172941361 40.47107438016529 63.0 353.0 2.0 288.0 30599.0 
548.0120172941361 40.611570247933884 62.0 354.0 2.0 289.0 30701.0 
550.0120172941361 40.892561983471076 64.0 357.0 2.0 291.0 30905.0 
552.0120172941361 41.03305785123967 64.0 358.0 2.0 292.0 31007.0 
554.0120172941361 40.97540983606557 65.0 360.0 2.0 294.0 31511.0 
556.0120172941361 41.114754098360656 64.0 361.0 2.0 295.0 31613.0 
558.0120172941361 41.25409836065573 64.0 362.0 2.0 296.0 31715.0 
560.0120172941361 41.25409836065573 64.0 362.0 2.0 296.0 31715.0 
562.0120172941361 41.25409836065573 65.0 363.0 2.0 296.0 31715.0 
564.0120172941361 41.25409836065573 65.0 363.0 2.0 296.0 31715.0 
566.0120172941361 41.67213114754098 63.0 364.0 3.0 299.0 32035.0 
568.0120172941361 41.81147540983606 61.0 364.0 3.0 300.0 32138.0 
570.0120172941361 41.950819672131146 62.0 365.0 3.0 301.0 32240.0 
572.0120172941361 42.09016393442623 61.0 366.0 3.0 302.0 32342.0 
574.0120172941361 42.22950819672131 63.0 368.0 3.0 303.0 32445.0 
576.0120172941361 42.22950819672131 63.0 369.0 3.0 303.0 32445.0 
578.0120172941361 42.22950819672131 63.0 369.0 3.0 303.0 32445.0 
580.0120172941361 42.22950819672131 65.0 372.0 3.0 303.0 32445.0 
582.0120172941361 42.647540983606554 69.0 376.0 3.0 306.0 32752.0 
584.0120172941361 42.786885245901644 68.0 377.0 3.0 307.0 32855.0 
586.0120172941361 42.92622950819673 66.0 377.0 3.0 308.0 32957.0 
588.0120172941361 43.34426229508197 63.0 377.0 3.0 311.0 33263.0 
590.0120172941361 43.622950819672134 63.0 378.0 3.0 313.0 33468.0 
592.0120172941361 44.040983606557376 62.0 380.0 3.0 316.0 33777.0 
594.0120172941361 44.040983606557376 62.0 381.0 3.0 316.0 33777.0 
596.0120172941361 44.040983606557376 64.0 383.0 3.0 316.0 33777.0 
598.0120172941361 44.31967213114754 64.0 385.0 3.0 318.0 33981.0 
600.0120172941361 44.73770491803279 61.0 385.0 3.0 321.0 34355.0 
602.0120172941361 44.73770491803279 61.0 385.0 3.0 321.0 34355.0 
604.0120172941361 44.877049180327866 61.0 385.0 3.0 322.0 34457.0 
606.0120172941361 45.01639344262295 61.0 387.0 3.0 323.0 34559.0 
608.0120172941361 45.29508196721311 61.0 387.0 3.0 325.0 34764.0 
610.0120172941361 45.43442622950819 59.0 388.0 3.0 326.0 34866.0 
612.0120172941361 45.57377049180327 59.0 389.0 3.0 327.0 34968.0 
614.0120172941361 45.852459016393446 60.0 392.0 3.0 329.0 35173.0 
616.0120172941361 45.99180327868852 59.0 393.0 3.0 330.0 35276.0 
618.0120172941361 46.27049180327869 60.0 395.0 3.0 332.0 35481.0 
620.0120172941361 46.40983606557377 60.0 395.0 3.0 333.0 35584.0 
622.0120172941361 46.40983606557377 62.0 398.0 3.0 333.0 35584.0 
624.0120172941361 46.549180327868854 62.0 399.0 3.0 334.0 35686.0 
626.0120172941361 46.549180327868854 64.0 401.0 3.0 334.0 35686.0 
628.0120172941361 46.82786885245902 63.0 402.0 3.0 336.0 35891.0 
630.0120172941361 46.82786885245902 65.0 404.0 3.0 336.0 35891.0 
632.0120172941361 46.82786885245902 67.0 406.0 3.0 336.0 35891.0 
634.0120172941361 46.9672131147541 66.0 406.0 3.0 337.0 35994.0 
636.0120172941361 47.106557377049185 67.0 408.0 3.0 338.0 36096.0 
638.0120172941361 47.106557377049185 68.0 410.0 3.0 338.0 36096.0 
640.0120172941361 47.24590163934427 68.0 410.0 3.0 339.0 36198.0 
642.0120172941361 47.52459016393443 68.0 411.0 3.0 341.0 36403.0 
644.0120172941361 47.942622950819676 65.0 412.0 3.0 344.0 36709.0 
646.0120172941361 48.08196721311475 66.0 414.0 3.0 345.0 36811.0 
648.0120172941361 48.08196721311475 67.0 415.0 3.0 345.0 36811.0 
650.0120172941361 48.08196721311475 68.0 418.0 3.0 345.0 36811.0 
652.0070056076822 48.63934426229508 68.0 421.0 3.0 349.0 37221.0 
654.0120172941361 48.778688524590166 70.0 422.0 3.0 350.0 37323.0 
656.0120172941361 48.91803278688525 68.0 423.0 3.0 351.0 37425.0 
658.0120172941361 49.057377049180324 70.0 424.0 3.0 352.0 37527.0 
660.0120172941361 49.19672131147541 70.0 426.0 3.0 353.0 37629.0 
662.0120172941361 49.19672131147541 71.0 427.0 3.0 353.0 37629.0 
664.0120172941361 49.33606557377049 72.0 428.0 3.0 354.0 37731.0 
666.0120172941361 49.33606557377049 71.0 428.0 3.0 354.0 37731.0 
668.0120172941361 49.33606557377049 71.0 428.0 3.0 354.0 37731.0 
670.0120172941361 49.61475409836065 69.0 428.0 3.0 356.0 38157.0 
672.0120172941361 49.75409836065573 69.0 428.0 3.0 357.0 38260.0 
674.0120172941361 49.893442622950815 69.0 429.0 3.0 358.0 38363.0 
676.0120172941361 50.17213114754098 67.0 430.0 3.0 360.0 38567.0 
678.0120172941361 50.31147540983606 67.0 430.0 3.0 361.0 38669.0 
680.0120172941361 50.31147540983606 67.0 431.0 3.0 361.0 38669.0 
682.0120172941361 50.59016393442622 66.0 433.0 3.0 363.0 38873.0 
684.0120172941361 51.147540983606554 67.0 435.0 3.0 367.0 39283.0 
686.0120172941361 51.286885245901644 65.0 435.0 3.0 368.0 39386.0 
688.0120172941361 51.286885245901644 65.0 436.0 3.0 368.0 39386.0 
690.0120172941361 51.286885245901644 67.0 438.0 3.0 368.0 39386.0 
692.0120172941361 51.286885245901644 69.0 440.0 3.0 368.0 39386.0 
694.0120172941361 51.56557377049181 68.0 440.0 3.0 370.0 39591.0 
696.0120172941361 51.70491803278689 67.0 441.0 3.0 371.0 39693.0 
698.0120172941361 51.98360655737705 66.0 441.0 3.0 373.0 39897.0 
700.0120172941361 52.122950819672134 66.0 442.0 3.0 374.0 40000.0 
702.0120172941361 52.122950819672134 65.0 442.0 3.0 374.0 40000.0 
704.0120172941361 52.122950819672134 66.0 443.0 3.0 374.0 40000.0 
706.0120172941361 52.122950819672134 66.0 443.0 3.0 374.0 40000.0 
708.0120172941361 52.40163934426229 65.0 443.0 3.0 376.0 40204.0 
710.0120172941361 52.40163934426229 66.0 445.0 3.0 376.0 40204.0 
712.0120172941361 52.540983606557376 67.0 446.0 3.0 377.0 40307.0 
714.0120172941361 52.39024390243903 64.0 447.0 3.0 379.0 41100.0 
716.0120172941361 52.66666666666667 63.0 447.0 3.0 381.0 41304.0 
718.0120172941361 52.66666666666667 63.0 447.0 3.0 381.0 41304.0 
720.0120172941361 53.081300813008134 61.0 447.0 3.0 384.0 41612.0 
722.0120172941361 53.081300813008134 60.0 448.0 3.0 384.0 41612.0 
724.0120172941361 53.49593495934959 61.0 449.0 3.0 387.0 41919.0 
726.0120172941361 53.63414634146342 60.0 451.0 3.0 388.0 42021.0 
728.0120172941361 53.91056910569106 60.0 451.0 3.0 390.0 42226.0 
730.0120172941361 54.04878048780487 59.0 453.0 3.0 391.0 42328.0 
732.0120172941361 54.32520325203253 61.0 455.0 3.0 393.0 42532.0 
734.0023041941239 54.60162601626017 58.0 456.0 3.0 395.0 42737.0 
736.0120172941361 54.60162601626017 58.0 456.0 3.0 395.0 42737.0 
738.0120172941361 54.73983739837398 59.0 457.0 3.0 396.0 42840.0 
740.0120172941361 55.01626016260163 57.0 457.0 3.0 398.0 43045.0 
742.0120172941361 55.15447154471545 56.0 460.0 3.0 399.0 43148.0 
744.0120172941361 55.29268292682927 58.0 462.0 3.0 400.0 43251.0 
746.0120172941361 55.29268292682927 59.0 463.0 3.0 400.0 43251.0 
748.0120172941361 55.70731707317073 61.0 465.0 3.0 403.0 43558.0 
750.0120172941361 55.84552845528455 60.0 467.0 3.0 404.0 43660.0 
752.0120172941361 55.98373983739837 60.0 468.0 3.0 405.0 43762.0 
754.0120172941361 56.39837398373983 58.0 468.0 3.0 408.0 44071.0 
756.0120172941361 56.8130081300813 55.0 468.0 3.0 411.0 44379.0 
758.0120172941361 56.8130081300813 54.0 468.0 3.0 411.0 44379.0 
760.0120172941361 57.08943089430894 54.0 469.0 3.0 413.0 44584.0 
762.0120172941361 57.36585365853658 53.0 470.0 3.0 415.0 44788.0 
764.0120172941361 57.64227642276423 53.0 471.0 3.0 417.0 45065.0 
766.0120172941361 57.78048780487805 51.0 471.0 3.0 418.0 45168.0 
768.0120172941361 57.918699186991866 51.0 473.0 3.0 419.0 45353.0 
770.0120172941361 57.918699186991866 51.0 474.0 3.0 419.0 45353.0 
772.0120172941361 57.918699186991866 53.0 475.0 3.0 419.0 45353.0 
774.0120172941361 57.918699186991866 54.0 476.0 3.0 419.0 45353.0 
776.0120172941361 58.05691056910569 59.0 483.0 3.0 420.0 45455.0 
778.0115154265861 58.05691056910569 62.0 485.0 3.0 420.0 45455.0 
780.0120172941361 58.19512195121952 62.0 486.0 3.0 421.0 45558.0 
782.0120172941361 58.33333333333333 62.0 487.0 3.0 422.0 45661.0 
784.0120172941361 58.47154471544715 62.0 487.0 3.0 423.0 45764.0 
786.0120172941361 58.88617886178862 63.0 491.0 3.0 426.0 46072.0 
788.0120172941361 58.88617886178862 64.0 495.0 3.0 426.0 46072.0 
790.0120172941361 59.02439024390244 66.0 497.0 3.0 427.0 46174.0 
792.0120172941361 59.30081300813008 68.0 499.0 3.0 429.0 46378.0 
794.0120172941361 59.57723577235773 68.0 501.0 3.0 431.0 46582.0 
796.0107448119959 59.57723577235773 68.0 502.0 3.0 431.0 46582.0 
798.0120172941361 59.71544715447154 68.0 503.0 3.0 432.0 46684.0 
800.0120172941361 59.71544715447154 68.0 503.0 3.0 432.0 46684.0 
802.0120172941361 59.85365853658537 69.0 504.0 3.0 433.0 46786.0 
804.0120172941361 59.85365853658537 68.0 504.0 3.0 433.0 46786.0 
806.0120172941361 59.99186991869918 68.0 504.0 3.0 434.0 46889.0 
808.0120172941361 59.99186991869918 67.0 507.0 4.0 434.0 46902.0 
810.0120172941361 59.99186991869918 71.0 509.0 4.0 434.0 46902.0 
812.0120172941361 60.268292682926834 72.0 510.0 4.0 436.0 47107.0 
814.0120172941361 60.40650406504065 72.0 512.0 4.0 437.0 47210.0 
816.0120172941361 60.40650406504065 71.0 512.0 4.0 437.0 47210.0 
818.0120172941361 60.544715447154466 71.0 513.0 4.0 438.0 47313.0 
820.0120172941361 60.544715447154466 71.0 514.0 4.0 438.0 47313.0 
822.0120172941361 60.544715447154466 72.0 514.0 4.0 438.0 47313.0 
824.0120172941361 60.544715447154466 75.0 519.0 4.0 438.0 47313.0 
826.0120172941361 60.68292682926829 76.0 520.0 4.0 439.0 47416.0 
828.0120172941361 60.82113821138212 76.0 520.0 4.0 440.0 47518.0 
830.0120172941361 60.959349593495936 76.0 521.0 4.0 441.0 47621.0 
832.0120172941361 61.23577235772357 76.0 522.0 4.0 443.0 47826.0 
834.0120172941361 61.51219512195123 74.0 522.0 4.0 445.0 48030.0 
836.0120172941361 61.51219512195123 74.0 523.0 4.0 445.0 48030.0 
838.0120172941361 61.65040650406504 73.0 523.0 4.0 446.0 48133.0 
840.0120172941361 61.78861788617886 72.0 523.0 4.0 447.0 48235.0 
842.0080688076974 61.78861788617886 73.0 524.0 4.0 447.0 48235.0 
844.0120172941361 61.92682926829268 73.0 525.0 4.0 448.0 48337.0 
846.0120172941361 62.20325203252033 72.0 526.0 4.0 450.0 48543.0 
848.0120172941361 62.61788617886178 70.0 526.0 4.0 453.0 49000.0 
850.0109233315143 62.75609756097562 68.0 528.0 4.0 454.0 49103.0 
852.0120172941361 62.89430894308944 71.0 530.0 4.0 455.0 49205.0 
854.0120172941361 63.17073170731707 70.0 530.0 4.0 457.0 49410.0 
856.0120172941361 63.17073170731707 72.0 533.0 4.0 457.0 49410.0 
858.0120172941361 63.17073170731707 72.0 535.0 4.0 457.0 49410.0 
860.0120172941361 63.17073170731707 74.0 535.0 4.0 457.0 49410.0 
862.0120172941361 63.3089430894309 73.0 535.0 4.0 458.0 49512.0 
864.0120172941361 63.44715447154472 73.0 536.0 4.0 459.0 49614.0 
866.0120172941361 63.58536585365854 73.0 536.0 4.0 460.0 49716.0 
868.0120172941361 63.72357723577236 75.0 539.0 4.0 461.0 49837.0 
870.0120172941361 64.0 75.0 540.0 4.0 463.0 50043.0 
872.0120172941361 64.0 73.0 540.0 4.0 463.0 50043.0 
874.0120172941361 64.27642276422765 72.0 541.0 4.0 465.0 50249.0 
876.0120172941361 64.41463414634146 72.0 541.0 4.0 466.0 50351.0 
878.0120172941361 65.10569105691056 68.0 542.0 4.0 471.0 50861.0 
880.0120172941361 65.52032520325204 64.0 542.0 4.0 474.0 51169.0 
882.0072428288769 65.52032520325204 65.0 543.0 4.0 474.0 51169.0 
884.0120172941361 65.65853658536585 66.0 545.0 4.0 475.0 51271.0 
886.0120172941361 65.65853658536585 66.0 545.0 4.0 475.0 51271.0 
888.0120172941361 66.21138211382113 66.0 547.0 4.0 479.0 51680.0 
890.0120172941361 66.48780487804878 64.0 548.0 4.0 481.0 51884.0 
892.0120172941361 66.90243902439025 62.0 550.0 4.0 484.0 52192.0 
894.0120172941361 67.3170731707317 60.0 550.0 4.0 487.0 52500.0 
896.0120172941361 67.59349593495935 58.0 550.0 4.0 489.0 52719.0 
898.0120172941361 67.73170731707316 59.0 552.0 4.0 490.0 52821.0 
900.0120172941361 67.869918699187 59.0 554.0 4.0 491.0 52923.0 
#####################################################################
# End of data export. Simulation finished at: 2020-01-31T11:04+0000 #
#####################################################################
