#####################################################################
# Alchemist log file - simulation started at: 2020-01-14T13:38+0000 #
#####################################################################
# seed = 20.0, taskFrequency = 0.00133, cloudcost = 1.0, algorithm = false
#
# The columns have the following meaning: 
# time taskHops[Mean] hasTask[Sum] tasks[Sum] completedTasks[Sum] giveupTasks[Sum] taskLatency[Sum] 
0.0 NaN 0.0 0.0 0.0 0.0 0.0 
3.0076315182062894 NaN 0.0 1.0 0.0 0.0 0.0 
6.002589976120666 NaN 1.0 1.0 0.0 0.0 0.0 
9.030167908012618 NaN 1.0 1.0 0.0 0.0 0.0 
12.00242104567868 NaN 2.0 2.0 0.0 0.0 0.0 
15.006877476641801 NaN 2.0 2.0 0.0 0.0 0.0 
18.001653323351757 NaN 2.0 3.0 0.0 0.0 0.0 
21.000199232482334 NaN 3.0 3.0 0.0 0.0 0.0 
24.00326381982813 NaN 3.0 3.0 0.0 0.0 0.0 
27.01276156934615 NaN 3.0 3.0 0.0 0.0 0.0 
30.001279776878135 NaN 3.0 3.0 0.0 0.0 0.0 
33.00308844914229 NaN 3.0 3.0 0.0 0.0 0.0 
36.01190979739189 NaN 3.0 3.0 0.0 0.0 0.0 
39.01416997309043 NaN 4.0 4.0 0.0 0.0 0.0 
42.00783660720641 NaN 4.0 4.0 0.0 0.0 0.0 
45.014846499814524 NaN 5.0 5.0 0.0 0.0 0.0 
48.00610809437318 NaN 5.0 5.0 0.0 0.0 0.0 
51.00454070336254 NaN 5.0 5.0 0.0 0.0 0.0 
54.009430239365315 NaN 6.0 6.0 0.0 0.0 0.0 
57.00359717383793 NaN 7.0 7.0 0.0 0.0 0.0 
60.00966802512601 NaN 8.0 9.0 0.0 0.0 0.0 
63.00450841762926 NaN 9.0 9.0 0.0 0.0 0.0 
66.00946662171918 NaN 9.0 9.0 0.0 0.0 0.0 
69.00789409241602 1.0 8.0 9.0 1.0 0.0 25.0 
72.00660888423084 1.0 8.0 9.0 1.0 0.0 25.0 
75.00489955902673 1.0 7.0 9.0 2.0 0.0 38.0 
78.00088501527718 1.3333333333333333 6.0 9.0 3.0 0.0 112.0 
81.00096137262578 1.25 6.0 10.0 4.0 0.0 137.0 
84.00792199250176 1.25 6.0 10.0 4.0 0.0 137.0 
87.0007205023264 1.25 6.0 10.0 4.0 0.0 137.0 
90.008410173928 1.25 7.0 11.0 4.0 0.0 137.0 
93.00337005140376 1.2 6.0 12.0 5.0 0.0 191.0 
96.00098748487534 2.333333333333333 7.0 12.0 6.0 0.0 276.0 
99.00252134900258 2.333333333333333 6.0 12.0 6.0 0.0 276.0 
102.00499186644004 2.333333333333333 6.0 12.0 6.0 0.0 276.0 
105.0190397051846 2.333333333333333 7.0 13.0 6.0 0.0 276.0 
108.00109917243137 2.333333333333333 7.0 13.0 6.0 0.0 276.0 
111.00009410324606 2.333333333333333 7.0 13.0 6.0 0.0 276.0 
114.00733303238526 2.333333333333333 7.0 13.0 6.0 0.0 276.0 
117.00985365899379 2.333333333333333 8.0 14.0 6.0 0.0 276.0 
120.01257632993836 2.142857142857143 8.0 14.0 7.0 0.0 305.0 
123.00055262759459 2.125 6.0 14.0 8.0 0.0 333.0 
126.00395614734425 2.125 6.0 14.0 8.0 0.0 333.0 
129.00733675932577 2.125 7.0 16.0 8.0 0.0 333.0 
132.00292720263755 2.125 8.0 16.0 8.0 0.0 333.0 
135.00363909774578 2.111111111111111 7.0 16.0 9.0 0.0 451.0 
138.0064639360508 2.0 6.0 16.0 10.0 0.0 470.0 
141.0006307496394 2.0 6.0 16.0 10.0 0.0 470.0 
144.0123111152815 2.0 6.0 16.0 10.0 0.0 470.0 
147.00078868385347 2.0 6.0 16.0 10.0 0.0 470.0 
150.0168084342167 2.3636363636363638 5.0 17.0 11.0 0.0 492.0 
153.00280703929806 2.3636363636363638 6.0 17.0 11.0 0.0 492.0 
156.01570496645988 2.3636363636363638 6.0 18.0 11.0 0.0 492.0 
159.0008612879063 2.3636363636363638 8.0 19.0 11.0 0.0 492.0 
162.00219068213806 2.3636363636363638 9.0 20.0 11.0 0.0 492.0 
165.01195041499574 2.3636363636363638 10.0 21.0 11.0 0.0 492.0 
168.00802717988805 2.3636363636363638 10.0 21.0 11.0 0.0 492.0 
171.0030198735491 2.3636363636363638 11.0 22.0 11.0 0.0 492.0 
174.0003387849264 2.3636363636363638 12.0 23.0 11.0 0.0 492.0 
177.00695304621632 2.3636363636363638 14.0 25.0 11.0 0.0 492.0 
180.00170848492425 2.3636363636363638 14.0 25.0 11.0 0.0 492.0 
183.00434369686195 2.3636363636363638 14.0 25.0 11.0 0.0 492.0 
186.00199483416594 2.3636363636363638 14.0 25.0 11.0 0.0 492.0 
189.00064834100422 2.25 14.0 25.0 12.0 0.0 576.0 
192.00178500957014 2.3076923076923075 13.0 26.0 13.0 0.0 608.0 
195.0138792295128 2.2857142857142856 12.0 26.0 13.0 1.0 743.0 
198.00211132914876 2.2857142857142856 12.0 26.0 13.0 1.0 743.0 
201.00672231444432 2.2857142857142856 12.0 26.0 13.0 1.0 743.0 
204.00307456315022 2.2857142857142856 12.0 26.0 13.0 1.0 743.0 
207.00357102776655 2.2 12.0 26.0 14.0 1.0 772.0 
210.01626723714784 2.2 11.0 26.0 14.0 1.0 772.0 
213.00834266363714 2.2 11.0 26.0 14.0 1.0 772.0 
216.00383347827682 2.2 12.0 27.0 14.0 1.0 772.0 
219.00854854082894 2.2 12.0 28.0 14.0 1.0 772.0 
222.00058414071236 2.2 13.0 28.0 14.0 1.0 772.0 
225.01368789469836 2.2 13.0 28.0 14.0 1.0 772.0 
228.0016690255769 2.2 13.0 28.0 14.0 1.0 772.0 
231.00539986731897 2.2 13.0 28.0 14.0 1.0 772.0 
234.0134363678128 2.2 13.0 28.0 14.0 1.0 772.0 
237.00569059046265 2.125 12.0 28.0 14.0 2.0 879.0 
240.0060680554325 2.125 13.0 29.0 14.0 2.0 879.0 
243.02596417825114 2.125 14.0 30.0 14.0 2.0 879.0 
246.00508955226175 2.125 14.0 30.0 14.0 2.0 879.0 
249.01791928567184 2.125 14.0 30.0 14.0 2.0 879.0 
252.00344582314614 2.1764705882352944 13.0 32.0 15.0 3.0 1072.0 
255.01310373881503 2.1764705882352944 14.0 33.0 15.0 3.0 1072.0 
258.0032025442728 2.1764705882352944 17.0 35.0 15.0 3.0 1072.0 
261.0009526001434 2.111111111111111 16.0 35.0 15.0 4.0 1176.0 
264.00537904918986 2.111111111111111 16.0 35.0 15.0 4.0 1176.0 
267.008173788324 2.1666666666666665 16.0 36.0 16.0 4.0 1193.0 
270.00996409446316 2.1666666666666665 16.0 36.0 16.0 4.0 1193.0 
273.00508773568106 2.1052631578947367 15.0 36.0 17.0 4.0 1208.0 
276.02561819790225 2.05 14.0 36.0 18.0 4.0 1231.0 
279.00908300364216 1.9545454545454544 12.0 36.0 19.0 5.0 1361.0 
282.00610551235434 1.9565217391304348 11.0 37.0 19.0 6.0 1589.0 
285.00314434917533 1.9166666666666665 12.0 38.0 19.0 7.0 1793.0 
288.0010075073505 1.9166666666666665 12.0 38.0 19.0 7.0 1793.0 
291.0026611917213 2.076923076923077 10.0 38.0 20.0 8.0 1916.0 
294.00686500659634 2.111111111111111 10.0 38.0 21.0 8.0 1954.0 
297.0029486102721 2.111111111111111 10.0 39.0 21.0 8.0 1954.0 
300.00427911127593 2.111111111111111 12.0 41.0 21.0 8.0 1954.0 
303.00312110079784 2.111111111111111 12.0 41.0 21.0 8.0 1954.0 
306.0003265085522 2.107142857142857 12.0 42.0 22.0 8.0 2019.0 
309.00733531164036 2.107142857142857 12.0 42.0 22.0 8.0 2019.0 
312.01316872450906 2.107142857142857 12.0 42.0 22.0 8.0 2019.0 
315.0003292675421 2.107142857142857 12.0 42.0 22.0 8.0 2019.0 
318.00566479299835 2.0689655172413794 11.0 42.0 22.0 9.0 2122.0 
321.00066435135494 2.0 9.0 42.0 22.0 11.0 2428.0 
324.0058189273747 2.0 9.0 43.0 22.0 11.0 2428.0 
327.005709605144 1.96875 11.0 45.0 22.0 12.0 2537.0 
330.01707217007805 1.96875 11.0 45.0 22.0 12.0 2537.0 
333.0011347491747 1.96875 12.0 46.0 22.0 12.0 2537.0 
336.01068558791417 1.9393939393939394 12.0 47.0 23.0 12.0 2572.0 
339.00240603227064 1.9117647058823528 12.0 47.0 24.0 12.0 2587.0 
342.01411307331 1.9117647058823528 11.0 47.0 24.0 12.0 2587.0 
345.00394362162314 1.9117647058823528 12.0 48.0 24.0 12.0 2587.0 
348.00133196111557 1.9117647058823528 12.0 48.0 24.0 12.0 2587.0 
351.00430453540474 1.9117647058823528 12.0 48.0 24.0 12.0 2587.0 
354.0040778164583 1.9117647058823528 12.0 48.0 24.0 12.0 2587.0 
357.01949087829564 1.9117647058823528 12.0 48.0 24.0 12.0 2587.0 
360.00289347231194 2.0294117647058822 12.0 48.0 25.0 12.0 2665.0 
363.0141907049701 2.0294117647058822 13.0 50.0 25.0 12.0 2665.0 
366.0012761921836 2.0294117647058822 13.0 50.0 25.0 12.0 2665.0 
369.0074288376141 2.0294117647058822 13.0 50.0 25.0 12.0 2665.0 
372.00056310144936 2.0294117647058822 13.0 51.0 25.0 12.0 2665.0 
375.00194526356955 2.0294117647058822 14.0 51.0 25.0 12.0 2665.0 
378.0528629365249 2.0294117647058822 14.0 51.0 25.0 12.0 2665.0 
381.00918261507496 2.0294117647058822 14.0 51.0 25.0 12.0 2665.0 
384.00492291578365 2.0285714285714285 14.0 51.0 26.0 12.0 2684.0 
387.00471586440347 2.0285714285714285 14.0 52.0 26.0 12.0 2684.0 
390.01071547886437 2.333333333333333 14.0 52.0 27.0 12.0 2791.0 
393.00451568792835 2.324324324324324 12.0 52.0 28.0 12.0 2820.0 
396.00048755050824 2.324324324324324 12.0 52.0 28.0 12.0 2820.0 
399.0003720416285 2.324324324324324 13.0 53.0 28.0 12.0 2820.0 
402.0223711887743 2.2894736842105265 13.0 53.0 28.0 13.0 2924.0 
405.002775085547 2.2894736842105265 12.0 55.0 28.0 13.0 2924.0 
408.0039640656925 2.2894736842105265 13.0 55.0 28.0 13.0 2924.0 
411.0026496418649 2.394736842105263 13.0 55.0 29.0 14.0 3042.0 
414.00424071022246 2.394736842105263 12.0 55.0 29.0 14.0 3042.0 
417.00529134328934 2.394736842105263 12.0 55.0 29.0 14.0 3042.0 
420.001778456571 2.3589743589743586 13.0 56.0 29.0 15.0 3219.0 
423.0320046446579 2.3589743589743586 12.0 56.0 29.0 15.0 3219.0 
426.00146580813265 2.3589743589743586 13.0 57.0 29.0 15.0 3219.0 
429.0049491620401 2.3589743589743586 13.0 57.0 29.0 15.0 3219.0 
432.0015371534323 2.3589743589743586 14.0 58.0 29.0 15.0 3219.0 
435.01017929086674 2.325 13.0 58.0 29.0 16.0 3328.0 
438.00664150972193 2.292682926829268 12.0 59.0 29.0 17.0 3440.0 
441.0371750066074 2.261904761904762 12.0 59.0 29.0 18.0 3545.0 
444.0023727843789 2.261904761904762 13.0 60.0 29.0 18.0 3545.0 
447.0069019264687 2.261904761904762 13.0 60.0 29.0 18.0 3545.0 
450.0143313105977 2.261904761904762 13.0 60.0 29.0 18.0 3545.0 
453.00401481971244 2.261904761904762 14.0 61.0 29.0 18.0 3545.0 
456.00246457879564 2.261904761904762 14.0 62.0 29.0 18.0 3545.0 
459.0138828698883 2.261904761904762 15.0 62.0 29.0 18.0 3545.0 
462.00427554665623 2.261904761904762 15.0 62.0 29.0 18.0 3545.0 
465.004762698998 2.261904761904762 16.0 63.0 29.0 18.0 3545.0 
468.0028328141835 2.261904761904762 16.0 63.0 29.0 18.0 3545.0 
471.00019445688855 2.261904761904762 16.0 63.0 29.0 18.0 3545.0 
474.00595903965336 2.2325581395348832 15.0 63.0 29.0 19.0 3842.0 
477.00344075523236 2.2325581395348832 15.0 63.0 29.0 19.0 3842.0 
480.0030848952548 2.2325581395348832 16.0 64.0 29.0 19.0 3842.0 
483.0022554001191 2.2325581395348832 17.0 65.0 29.0 19.0 3842.0 
486.0051212866645 2.2325581395348832 17.0 65.0 29.0 19.0 3842.0 
489.01596663667493 2.2325581395348832 18.0 66.0 29.0 19.0 3842.0 
492.0023368901081 2.204545454545454 19.0 67.0 29.0 20.0 3948.0 
495.0029320003449 2.204545454545454 18.0 67.0 29.0 20.0 3948.0 
498.00992347160934 2.177777777777778 17.0 67.0 29.0 21.0 4072.0 
501.0002762118301 2.177777777777778 17.0 67.0 29.0 21.0 4072.0 
504.006033049946 2.217391304347826 16.0 67.0 30.0 22.0 4242.0 
507.0042908553991 2.217391304347826 15.0 67.0 30.0 22.0 4242.0 
510.0086967281315 2.2391304347826084 15.0 68.0 30.0 23.0 4347.0 
513.0083850549267 2.2391304347826084 16.0 70.0 30.0 23.0 4347.0 
516.001314328063 2.2391304347826084 17.0 70.0 30.0 23.0 4347.0 
519.000402666119 2.2391304347826084 18.0 71.0 30.0 23.0 4347.0 
522.0162879990602 2.234042553191489 17.0 71.0 31.0 23.0 4379.0 
525.0020466620185 2.234042553191489 17.0 71.0 31.0 23.0 4379.0 
528.002790024958 2.25 16.0 72.0 32.0 23.0 4575.0 
531.0016554334343 2.2 15.0 72.0 33.0 24.0 4789.0 
534.017452896279 2.2199999999999998 15.0 72.0 33.0 25.0 4892.0 
537.0048959854398 2.2800000000000002 13.0 72.0 34.0 25.0 4920.0 
540.0020226533477 2.2800000000000002 13.0 72.0 34.0 25.0 4920.0 
543.0017077591232 2.2549019607843137 14.0 73.0 34.0 26.0 5058.0 
546.00204286094 2.2549019607843137 13.0 73.0 34.0 26.0 5058.0 
549.0003369791195 2.2549019607843137 13.0 73.0 34.0 26.0 5058.0 
552.0127295357717 2.230769230769231 12.0 73.0 34.0 27.0 5167.0 
555.0203700972029 2.230769230769231 12.0 73.0 34.0 27.0 5167.0 
558.0013714058985 2.2452830188679247 11.0 73.0 35.0 27.0 5244.0 
561.009447989225 2.2452830188679247 11.0 73.0 35.0 27.0 5244.0 
564.0001619448803 2.2452830188679247 11.0 73.0 35.0 27.0 5244.0 
567.0015731691138 2.2222222222222223 12.0 75.0 35.0 28.0 5347.0 
570.0084043424702 2.2 12.0 75.0 36.0 28.0 5404.0 
573.0018198212613 2.2 11.0 75.0 36.0 28.0 5404.0 
576.0036371174125 2.245614035087719 10.0 77.0 38.0 28.0 5806.0 
579.0000004970889 2.245614035087719 11.0 77.0 38.0 28.0 5806.0 
582.0159646305877 2.245614035087719 11.0 77.0 38.0 28.0 5806.0 
585.0015925989378 2.2586206896551726 9.0 78.0 39.0 29.0 5925.0 
588.0018320960731 2.2586206896551726 10.0 78.0 39.0 29.0 5925.0 
591.0054983687231 2.2586206896551726 10.0 78.0 39.0 29.0 5925.0 
594.000217561496 2.2586206896551726 10.0 78.0 39.0 29.0 5925.0 
597.0039473535824 2.2372881355932206 10.0 78.0 40.0 29.0 6084.0 
600.0002357903337 2.2372881355932206 9.0 78.0 40.0 29.0 6084.0 
603.0117993453372 2.2333333333333334 10.0 80.0 41.0 29.0 6111.0 
606.0158272749223 2.2333333333333334 10.0 80.0 41.0 29.0 6111.0 
609.0178115779868 2.2333333333333334 11.0 82.0 41.0 29.0 6111.0 
612.0066865735103 2.2333333333333334 13.0 84.0 41.0 29.0 6111.0 
615.0095236668216 2.2333333333333334 15.0 85.0 41.0 29.0 6111.0 
618.0052550028537 2.2459016393442623 15.0 86.0 41.0 30.0 6216.0 
621.000668351444 2.262295081967213 16.0 87.0 41.0 31.0 6381.0 
624.0487551874753 2.262295081967213 16.0 88.0 41.0 31.0 6381.0 
627.0023535197662 2.262295081967213 16.0 88.0 41.0 31.0 6381.0 
630.0174831489564 2.2419354838709675 15.0 88.0 42.0 31.0 6410.0 
633.0078572021627 2.2419354838709675 15.0 88.0 42.0 31.0 6410.0 
636.0060108520769 2.2419354838709675 15.0 88.0 42.0 31.0 6410.0 
639.0134202041868 2.2222222222222223 15.0 89.0 43.0 31.0 6446.0 
642.0001453207432 2.2222222222222223 15.0 89.0 43.0 31.0 6446.0 
645.0049379263165 2.238095238095238 14.0 89.0 43.0 32.0 6548.0 
648.0066943534227 2.25 12.0 90.0 45.0 32.0 6704.0 
651.0069418982522 2.25 13.0 90.0 45.0 32.0 6704.0 
654.011473517833 2.25 13.0 90.0 45.0 32.0 6704.0 
657.0108773055341 2.25 14.0 91.0 45.0 32.0 6704.0 
660.0151688320482 2.25 14.0 91.0 45.0 32.0 6704.0 
663.0004247327496 2.25 14.0 91.0 45.0 32.0 6704.0 
666.0082504287471 2.25 15.0 92.0 45.0 32.0 6704.0 
669.000329834115 2.25 17.0 94.0 45.0 32.0 6704.0 
672.0031330449465 2.230769230769231 16.0 94.0 45.0 33.0 6807.0 
675.0037031495502 2.230769230769231 17.0 95.0 45.0 33.0 6807.0 
678.0010974683336 2.230769230769231 17.0 95.0 45.0 33.0 6807.0 
681.014809221008 2.230769230769231 17.0 95.0 45.0 33.0 6807.0 
684.0092890930719 2.230769230769231 18.0 96.0 45.0 33.0 6807.0 
687.0112077646793 2.230769230769231 18.0 96.0 45.0 33.0 6807.0 
690.0047002758287 2.230769230769231 18.0 96.0 45.0 33.0 6807.0 
693.0027598868728 2.230769230769231 18.0 96.0 45.0 33.0 6807.0 
696.0000687545961 2.230769230769231 19.0 97.0 45.0 33.0 6807.0 
699.0074304381845 2.230769230769231 19.0 98.0 45.0 33.0 6807.0 
702.0093109523164 2.246153846153846 19.0 98.0 45.0 34.0 6922.0 
705.0027378612959 2.246153846153846 19.0 99.0 45.0 34.0 6922.0 
708.0090550298589 2.246153846153846 20.0 100.0 45.0 34.0 6922.0 
711.0063471044816 2.246153846153846 21.0 100.0 45.0 34.0 6922.0 
714.0207525194663 2.2615384615384615 20.0 100.0 45.0 35.0 7060.0 
717.0092158927198 2.257575757575758 18.0 100.0 45.0 37.0 7367.0 
720.0019454496367 2.2388059701492535 17.0 100.0 45.0 38.0 7470.0 
723.0053831263177 2.2388059701492535 17.0 101.0 45.0 38.0 7470.0 
726.0014970050071 2.2388059701492535 18.0 101.0 45.0 38.0 7470.0 
729.0076927810959 2.253731343283582 18.0 101.0 46.0 38.0 7491.0 
732.0103856141959 2.235294117647059 16.0 101.0 47.0 38.0 7523.0 
735.0173939511113 2.235294117647059 16.0 101.0 47.0 38.0 7523.0 
738.0019022289645 2.25 15.0 101.0 47.0 39.0 7639.0 
741.0015060853813 2.25 15.0 101.0 47.0 39.0 7639.0 
744.025171226331 2.25 15.0 101.0 47.0 39.0 7639.0 
747.0003440721314 2.25 16.0 102.0 47.0 39.0 7639.0 
750.0101057150308 2.25 16.0 102.0 47.0 39.0 7639.0 
753.0236557855388 2.3088235294117645 14.0 102.0 48.0 40.0 7791.0 
756.0080023092405 2.3088235294117645 14.0 102.0 48.0 40.0 7791.0 
759.0013997739974 2.3235294117647056 13.0 102.0 48.0 41.0 7939.0 
762.0088424854762 2.338235294117647 13.0 102.0 48.0 42.0 8091.0 
765.0096314084394 2.338235294117647 12.0 104.0 48.0 42.0 8091.0 
768.0102577606566 2.318840579710145 14.0 104.0 48.0 43.0 8194.0 
771.0112311513474 2.333333333333333 12.0 104.0 48.0 44.0 8296.0 
774.0035894718646 2.333333333333333 12.0 105.0 48.0 44.0 8296.0 
777.003722291366 2.333333333333333 13.0 105.0 48.0 44.0 8296.0 
780.0048644851383 2.3285714285714283 13.0 106.0 49.0 44.0 8454.0 
783.000017103546 2.3428571428571425 13.0 107.0 49.0 45.0 8562.0 
786.0045971178382 2.357142857142857 12.0 107.0 49.0 46.0 8664.0 
789.0044099919844 2.3714285714285714 11.0 107.0 50.0 46.0 8795.0 
792.0041385614308 2.3714285714285714 11.0 107.0 50.0 46.0 8795.0 
795.0070937528137 2.3714285714285714 11.0 107.0 50.0 46.0 8795.0 
798.0002945221811 2.3714285714285714 11.0 107.0 50.0 46.0 8795.0 
801.000197499942 2.352112676056338 10.0 108.0 51.0 46.0 8926.0 
804.0006190555382 2.352112676056338 11.0 108.0 51.0 46.0 8926.0 
807.0006673820806 2.352112676056338 12.0 109.0 51.0 46.0 8926.0 
810.0022298917858 2.3472222222222223 11.0 109.0 52.0 46.0 9119.0 
813.0080173300041 2.3472222222222223 11.0 109.0 52.0 46.0 9119.0 
816.0047164194551 2.3472222222222223 11.0 109.0 52.0 46.0 9119.0 
819.0000491511702 2.388888888888889 10.0 109.0 53.0 46.0 9241.0 
822.0112559558445 2.3835616438356166 9.0 109.0 54.0 46.0 9256.0 
825.0027264052176 2.3835616438356166 9.0 109.0 54.0 46.0 9256.0 
828.0193623106355 2.3835616438356166 10.0 110.0 54.0 46.0 9256.0 
831.0030525927317 2.3835616438356166 10.0 110.0 54.0 46.0 9256.0 
834.0103900409293 2.3835616438356166 10.0 111.0 54.0 46.0 9256.0 
837.0169592813753 2.3835616438356166 11.0 111.0 54.0 46.0 9256.0 
840.0109143301231 2.3835616438356166 11.0 111.0 54.0 46.0 9256.0 
843.0074932408028 2.3835616438356166 12.0 112.0 54.0 46.0 9256.0 
846.0135869197485 2.3835616438356166 12.0 112.0 54.0 46.0 9256.0 
849.0125089742099 2.3835616438356166 12.0 112.0 54.0 46.0 9256.0 
852.003130334866 2.3835616438356166 12.0 112.0 54.0 46.0 9256.0 
855.0117042090858 2.3835616438356166 12.0 112.0 54.0 46.0 9256.0 
858.0135726328722 2.364864864864865 13.0 113.0 54.0 47.0 9476.0 
861.0149597962089 2.364864864864865 14.0 115.0 54.0 47.0 9476.0 
864.0043337527611 2.364864864864865 14.0 115.0 54.0 47.0 9476.0 
867.0069510812878 2.378378378378378 13.0 115.0 54.0 48.0 9595.0 
870.0045834301453 2.3600000000000003 13.0 116.0 54.0 49.0 9700.0 
873.0082194801337 2.3600000000000003 13.0 116.0 54.0 49.0 9700.0 
876.01046617 2.3421052631578947 13.0 116.0 54.0 50.0 9852.0 
879.0111663273691 2.3506493506493507 11.0 118.0 55.0 51.0 9976.0 
882.0028276891823 2.3506493506493507 12.0 118.0 55.0 51.0 9976.0 
885.0059366065101 2.333333333333333 13.0 120.0 55.0 52.0 10080.0 
888.0136776432737 2.3461538461538463 13.0 122.0 55.0 53.0 10184.0 
891.0039065143485 2.3461538461538463 14.0 122.0 55.0 53.0 10184.0 
894.0324439694199 2.3461538461538463 16.0 125.0 55.0 53.0 10184.0 
897.0026968067283 2.3461538461538463 18.0 126.0 55.0 53.0 10184.0 
900.017853962632 2.3461538461538463 18.0 126.0 55.0 53.0 10184.0 
903.0062179589083 2.358974358974359 18.0 126.0 55.0 54.0 10286.0 
906.0007168704253 2.358974358974359 17.0 126.0 55.0 54.0 10286.0 
909.0017112287705 2.358974358974359 17.0 126.0 55.0 54.0 10286.0 
912.0042309477894 2.3544303797468356 16.0 127.0 56.0 54.0 10303.0 
915.003097675758 2.3544303797468356 19.0 129.0 56.0 54.0 10303.0 
918.0127964210188 2.3544303797468356 19.0 130.0 56.0 54.0 10303.0 
921.0097382790602 2.3797468354430378 21.0 131.0 57.0 54.0 10338.0 
924.0024858680816 2.3797468354430378 20.0 131.0 57.0 54.0 10338.0 
927.0066893026797 2.3797468354430378 20.0 131.0 57.0 54.0 10338.0 
930.0037708657097 2.3797468354430378 20.0 131.0 57.0 54.0 10338.0 
933.0031913214873 2.3797468354430378 20.0 131.0 57.0 54.0 10338.0 
936.0070430990693 2.345679012345679 18.0 131.0 58.0 55.0 10462.0 
939.0085343370151 2.3580246913580245 17.0 131.0 58.0 56.0 10572.0 
942.0019980868856 2.3580246913580245 17.0 131.0 58.0 56.0 10572.0 
945.0101182024256 2.3580246913580245 17.0 131.0 58.0 56.0 10572.0 
948.0024573444987 2.382716049382716 16.0 131.0 59.0 56.0 10754.0 
951.0002001043299 2.3658536585365857 15.0 132.0 59.0 57.0 10862.0 
954.0030485297675 2.3658536585365857 16.0 133.0 59.0 57.0 10862.0 
957.0009917108339 2.3658536585365857 17.0 133.0 59.0 57.0 10862.0 
960.0005759130001 2.3658536585365857 17.0 133.0 59.0 57.0 10862.0 
963.0105863751676 2.3658536585365857 17.0 133.0 59.0 57.0 10862.0 
966.004072570363 2.3780487804878048 17.0 136.0 59.0 58.0 10969.0 
969.0145886566404 2.3780487804878048 18.0 136.0 59.0 58.0 10969.0 
972.0270308633003 2.3780487804878048 19.0 136.0 59.0 58.0 10969.0 
975.0184627873048 2.3780487804878048 19.0 136.0 59.0 58.0 10969.0 
978.0076326600749 2.3780487804878048 20.0 137.0 59.0 58.0 10969.0 
981.0074184251421 2.3780487804878048 20.0 137.0 59.0 58.0 10969.0 
984.025687121133 2.3902439024390243 21.0 138.0 59.0 59.0 11076.0 
987.0008020412494 2.3734939759036147 19.0 138.0 59.0 60.0 11183.0 
990.0110542783806 2.3855421686746987 18.0 138.0 59.0 61.0 11286.0 
993.0043816104561 2.4096385542168677 18.0 138.0 59.0 62.0 11419.0 
996.0053861715622 2.376470588235294 15.0 138.0 59.0 64.0 11647.0 
999.0128235070624 2.388235294117647 14.0 138.0 59.0 65.0 11752.0 
1002.0026228549427 2.3720930232558137 14.0 139.0 59.0 66.0 11858.0 
1005.0145251540956 2.3720930232558137 14.0 139.0 59.0 66.0 11858.0 
1008.0004692856716 2.383720930232558 14.0 140.0 60.0 66.0 11902.0 
1011.00434302114 2.383720930232558 14.0 140.0 60.0 66.0 11902.0 
1014.0018505959696 2.367816091954023 14.0 140.0 60.0 67.0 12004.0 
1017.000793154299 2.3793103448275863 12.0 141.0 60.0 68.0 12106.0 
1020.0012770661992 2.413793103448276 12.0 142.0 61.0 68.0 12123.0 
1023.0049004568255 2.3977272727272725 12.0 142.0 61.0 69.0 12225.0 
1026.0003879376034 2.409090909090909 11.0 142.0 61.0 70.0 12332.0 
1029.017572035248 2.409090909090909 12.0 143.0 61.0 70.0 12332.0 
1032.0001869303007 2.409090909090909 12.0 143.0 61.0 70.0 12332.0 
1035.0026444448195 2.409090909090909 13.0 144.0 61.0 70.0 12332.0 
1038.0163504698853 2.409090909090909 13.0 144.0 61.0 70.0 12332.0 
1041.0061498340553 2.409090909090909 13.0 144.0 61.0 70.0 12332.0 
1044.0050047528289 2.409090909090909 13.0 144.0 61.0 70.0 12332.0 
1047.0009813235322 2.409090909090909 13.0 144.0 61.0 70.0 12332.0 
1050.0109564989452 2.409090909090909 13.0 144.0 61.0 70.0 12332.0 
1053.0194551860857 2.409090909090909 14.0 145.0 61.0 70.0 12332.0 
1056.0000589683568 2.420454545454546 13.0 145.0 61.0 71.0 12502.0 
1059.0005930354585 2.404494382022472 12.0 146.0 61.0 72.0 12606.0 
1062.0100552658573 2.433333333333333 11.0 146.0 63.0 72.0 12672.0 
1065.0125841008467 2.433333333333333 11.0 146.0 63.0 72.0 12672.0 
1068.0078751655317 2.4444444444444446 11.0 147.0 63.0 73.0 12775.0 
1071.002373323466 2.4555555555555557 10.0 148.0 63.0 74.0 12956.0 
1074.013872669342 2.4555555555555557 11.0 148.0 63.0 74.0 12956.0 
1077.001891960453 2.466666666666667 10.0 148.0 63.0 75.0 13082.0 
1080.0259828022583 2.4505494505494507 9.0 148.0 64.0 75.0 13101.0 
1083.0027745539799 2.4505494505494507 10.0 149.0 64.0 75.0 13101.0 
1086.0062266592138 2.4725274725274726 10.0 149.0 65.0 75.0 13121.0 
1089.007027313415 2.4725274725274726 9.0 149.0 65.0 75.0 13121.0 
1092.0070236957986 2.4725274725274726 9.0 150.0 65.0 75.0 13121.0 
1095.006376212138 2.456521739130435 10.0 150.0 66.0 75.0 13133.0 
1098.0000212380744 2.456521739130435 11.0 152.0 66.0 75.0 13133.0 
1101.0054022549652 2.456521739130435 11.0 153.0 66.0 75.0 13133.0 
1104.0001456340522 2.456521739130435 13.0 154.0 66.0 75.0 13133.0 
1107.018510273127 2.456521739130435 13.0 154.0 66.0 75.0 13133.0 
1110.002084470105 2.456521739130435 14.0 155.0 66.0 75.0 13133.0 
1113.0034263650375 2.456521739130435 14.0 155.0 66.0 75.0 13133.0 
1116.0018623911249 2.4516129032258065 13.0 157.0 67.0 76.0 13251.0 
1119.0073900013122 2.4361702127659575 13.0 157.0 67.0 77.0 13354.0 
1122.006749448929 2.4361702127659575 13.0 157.0 67.0 77.0 13354.0 
1125.002865912597 2.4361702127659575 13.0 157.0 67.0 77.0 13354.0 
1128.0000891882207 2.4361702127659575 13.0 157.0 67.0 77.0 13354.0 
1131.0148576304005 2.4210526315789473 12.0 157.0 68.0 77.0 13370.0 
1134.0019998659882 2.442105263157895 11.0 157.0 68.0 78.0 13519.0 
1137.000273380683 2.442105263157895 12.0 158.0 68.0 78.0 13519.0 
1140.0038301575312 2.442105263157895 12.0 158.0 68.0 78.0 13519.0 
1143.0041793788032 2.442105263157895 12.0 158.0 68.0 78.0 13519.0 
1146.000419038557 2.427083333333333 11.0 158.0 69.0 78.0 13636.0 
1149.0007161040862 2.427083333333333 11.0 158.0 69.0 78.0 13636.0 
1152.0130490144775 2.427083333333333 11.0 158.0 69.0 78.0 13636.0 
1155.0040847025955 2.4123711340206184 10.0 160.0 69.0 79.0 13740.0 
1158.0020649412181 2.4123711340206184 12.0 160.0 69.0 79.0 13740.0 
1161.0134007022862 2.3979591836734695 12.0 161.0 70.0 79.0 13933.0 
1164.0033696021046 2.3979591836734695 12.0 161.0 70.0 79.0 13933.0 
1167.0036963394953 2.3979591836734695 12.0 161.0 70.0 79.0 13933.0 
1170.0009228348806 2.3979591836734695 12.0 161.0 70.0 79.0 13933.0 
1173.0039698481253 2.3979591836734695 12.0 161.0 70.0 79.0 13933.0 
1176.0131838059494 2.4081632653061225 11.0 162.0 71.0 79.0 14007.0 
1179.010719288958 2.4285714285714284 11.0 162.0 71.0 80.0 14113.0 
1182.0057202695034 2.4285714285714284 11.0 163.0 71.0 80.0 14113.0 
1185.0009527916704 2.4285714285714284 14.0 165.0 71.0 80.0 14113.0 
1188.0089773501431 2.4285714285714284 14.0 165.0 71.0 80.0 14113.0 
1191.017660807591 2.4285714285714284 14.0 165.0 71.0 80.0 14113.0 
1194.0235835991678 2.4285714285714284 15.0 166.0 71.0 80.0 14113.0 
1197.0034690304276 2.4591836734693877 14.0 166.0 72.0 81.0 14390.0 
1200.0144468497042 2.4693877551020407 12.0 167.0 72.0 82.0 14494.0 
1203.0083342332673 2.4545454545454546 12.0 167.0 72.0 83.0 14605.0 
1206.0011194798212 2.4545454545454546 12.0 168.0 72.0 83.0 14605.0 
1209.004182242639 2.4545454545454546 13.0 168.0 72.0 83.0 14605.0 
1212.0410397345063 2.4699999999999998 12.0 169.0 73.0 84.0 14736.0 
1215.0007583462063 2.4699999999999998 12.0 169.0 73.0 84.0 14736.0 
1218.0090042531592 2.4699999999999998 12.0 169.0 73.0 84.0 14736.0 
1221.0009631344947 2.4699999999999998 12.0 169.0 73.0 84.0 14736.0 
1224.0005507412816 2.4699999999999998 12.0 169.0 73.0 84.0 14736.0 
1227.002115575139 2.48 12.0 169.0 74.0 84.0 14758.0 
1230.0156386238643 2.48 11.0 169.0 74.0 84.0 14758.0 
1233.003423019261 2.48 11.0 169.0 74.0 84.0 14758.0 
1236.0135822105349 2.48 11.0 169.0 74.0 84.0 14758.0 
1239.036548171141 2.48 11.0 169.0 74.0 84.0 14758.0 
1242.0010371594717 2.48 11.0 169.0 74.0 84.0 14758.0 
1245.0194808676436 2.48 11.0 169.0 74.0 84.0 14758.0 
1248.0083638188746 2.49 11.0 169.0 75.0 84.0 14847.0 
1251.0002380465576 2.49 10.0 169.0 75.0 84.0 14847.0 
1254.0040118478641 2.49 10.0 169.0 75.0 84.0 14847.0 
1257.0038083262807 2.49 11.0 170.0 75.0 84.0 14847.0 
1260.0035984214317 2.5 10.0 170.0 75.0 85.0 14950.0 
1263.0097012161566 2.5 11.0 171.0 75.0 85.0 14950.0 
1266.0032246630103 2.5 11.0 171.0 75.0 85.0 14950.0 
1269.0015666062238 2.5 11.0 171.0 75.0 85.0 14950.0 
1272.0026914375017 2.5 11.0 171.0 75.0 85.0 14950.0 
1275.002091445689 2.5 11.0 171.0 75.0 85.0 14950.0 
1278.0048100027266 2.485148514851485 10.0 171.0 76.0 85.0 14971.0 
1281.004572916159 2.495049504950495 9.0 171.0 76.0 86.0 15074.0 
1284.0013130170996 2.504950495049505 8.0 171.0 76.0 87.0 15177.0 
1287.0231426885298 2.4901960784313726 7.0 171.0 76.0 88.0 15347.0 
1290.0070570271341 2.5098039215686274 6.0 171.0 76.0 89.0 15450.0 
1293.002055047848 2.5098039215686274 6.0 171.0 76.0 89.0 15450.0 
1296.0006998846811 2.5098039215686274 6.0 172.0 76.0 89.0 15450.0 
1299.00263077331 2.519607843137255 6.0 172.0 76.0 90.0 15556.0 
1302.0027701961087 2.519607843137255 6.0 172.0 76.0 90.0 15556.0 
1305.0119510118245 2.519607843137255 6.0 172.0 76.0 90.0 15556.0 
1308.0073169224281 2.519607843137255 6.0 172.0 76.0 90.0 15556.0 
1311.024850736681 2.519607843137255 6.0 172.0 76.0 90.0 15556.0 
1314.0017027883243 2.5145631067961163 5.0 172.0 77.0 90.0 15772.0 
1317.0010296990636 2.5145631067961163 5.0 172.0 77.0 90.0 15772.0 
1320.0193177412118 2.5145631067961163 5.0 172.0 77.0 90.0 15772.0 
1323.0017454992508 2.5145631067961163 7.0 174.0 77.0 90.0 15772.0 
1326.0049646356936 2.5145631067961163 7.0 174.0 77.0 90.0 15772.0 
1329.001176357091 2.5 6.0 174.0 77.0 91.0 15946.0 
1332.0095985657647 2.5096153846153846 6.0 174.0 78.0 91.0 16068.0 
1335.0049891948634 2.5096153846153846 5.0 174.0 78.0 91.0 16068.0 
1338.0031867562311 2.5096153846153846 5.0 174.0 78.0 91.0 16068.0 
1341.001697177986 2.4952380952380953 7.0 177.0 79.0 91.0 16087.0 
1344.0043600221204 2.4952380952380953 8.0 178.0 79.0 91.0 16087.0 
1347.003177018941 2.4952380952380953 8.0 179.0 79.0 91.0 16087.0 
1350.0068049944728 2.4952380952380953 10.0 180.0 79.0 91.0 16087.0 
1353.0146491440346 2.4952380952380953 10.0 180.0 79.0 91.0 16087.0 
1356.0013791994224 2.4952380952380953 11.0 181.0 79.0 91.0 16087.0 
1359.002320003539 2.4952380952380953 12.0 182.0 79.0 91.0 16087.0 
1362.0027287063729 2.4952380952380953 12.0 183.0 79.0 91.0 16087.0 
1365.0044937560438 2.4952380952380953 14.0 184.0 79.0 91.0 16087.0 
1368.0008638421634 2.5142857142857142 14.0 185.0 80.0 91.0 16109.0 
1371.0079248576199 2.5238095238095237 13.0 185.0 81.0 91.0 16141.0 
1374.0016166499881 2.5238095238095237 13.0 185.0 81.0 91.0 16141.0 
1377.00194774289 2.5238095238095237 13.0 185.0 81.0 91.0 16141.0 
1380.0170354755028 2.5238095238095237 13.0 185.0 81.0 91.0 16141.0 
1383.0028011526128 2.5238095238095237 13.0 185.0 81.0 91.0 16141.0 
1386.0013920232002 2.5238095238095237 13.0 185.0 81.0 91.0 16141.0 
1389.0055292986924 2.5283018867924527 12.0 185.0 83.0 91.0 16228.0 
1392.0012631484458 2.5283018867924527 11.0 185.0 83.0 91.0 16228.0 
1395.0043489054392 2.5283018867924527 12.0 186.0 83.0 91.0 16228.0 
1398.0027454866724 2.5283018867924527 12.0 186.0 83.0 91.0 16228.0 
1401.0042418132969 2.5283018867924527 13.0 187.0 83.0 91.0 16228.0 
1404.0269091575524 2.5283018867924527 13.0 187.0 83.0 91.0 16228.0 
1407.0044751607604 2.5283018867924527 14.0 188.0 83.0 91.0 16228.0 
1410.0132328267152 2.5283018867924527 14.0 188.0 83.0 91.0 16228.0 
1413.0039405689563 2.5283018867924527 14.0 188.0 83.0 91.0 16228.0 
1416.001420094142 2.5283018867924527 14.0 188.0 83.0 91.0 16228.0 
1419.0011178610712 2.5283018867924527 15.0 189.0 83.0 91.0 16228.0 
1422.0031337945927 2.5283018867924527 15.0 189.0 83.0 91.0 16228.0 
1425.0071306749376 2.5377358490566038 14.0 189.0 83.0 92.0 16356.0 
1428.0101235510788 2.5377358490566038 14.0 189.0 83.0 92.0 16356.0 
1431.0139505397656 2.5377358490566038 14.0 189.0 83.0 92.0 16356.0 
1434.0044910136526 2.5377358490566038 14.0 189.0 83.0 92.0 16356.0 
1437.0052759120424 2.5377358490566038 14.0 189.0 83.0 92.0 16356.0 
1440.00046893936 2.5377358490566038 14.0 190.0 83.0 92.0 16356.0 
1443.0008981661858 2.5327102803738315 14.0 190.0 84.0 93.0 16704.0 
1446.0050502164672 2.5327102803738315 13.0 190.0 84.0 93.0 16704.0 
1449.0023322425852 2.5327102803738315 14.0 191.0 84.0 93.0 16704.0 
1452.0276735455177 2.542056074766355 13.0 191.0 84.0 94.0 16808.0 
1455.0238433580662 2.542056074766355 14.0 192.0 84.0 94.0 16808.0 
1458.0007767138325 2.542056074766355 14.0 192.0 84.0 94.0 16808.0 
1461.0114934332582 2.542056074766355 14.0 192.0 84.0 94.0 16808.0 
1464.0067785402455 2.542056074766355 14.0 192.0 84.0 94.0 16808.0 
1467.0120012755715 2.5514018691588785 13.0 192.0 84.0 95.0 16911.0 
1470.0045622684922 2.560747663551402 12.0 192.0 84.0 96.0 17030.0 
1473.0072246413063 2.560747663551402 12.0 192.0 84.0 96.0 17030.0 
1476.0068659620888 2.560747663551402 12.0 192.0 84.0 96.0 17030.0 
1479.0210539888465 2.570093457943925 11.0 192.0 84.0 97.0 17169.0 
1482.004294241318 2.570093457943925 11.0 192.0 84.0 97.0 17169.0 
1485.0030206773 2.5794392523364484 11.0 193.0 85.0 97.0 17199.0 
1488.0018351650087 2.5794392523364484 12.0 194.0 85.0 97.0 17199.0 
1491.002603503195 2.5794392523364484 12.0 194.0 85.0 97.0 17199.0 
1494.005935005183 2.5794392523364484 12.0 194.0 85.0 97.0 17199.0 
1497.0078328203526 2.564814814814815 11.0 194.0 85.0 98.0 17301.0 
1500.008226175241 2.564814814814815 11.0 194.0 85.0 98.0 17301.0 
1503.0196731334206 2.564814814814815 12.0 195.0 85.0 98.0 17301.0 
1506.005108467701 2.564814814814815 12.0 195.0 85.0 98.0 17301.0 
1509.0077080380854 2.564814814814815 12.0 195.0 85.0 98.0 17301.0 
1512.030909105015 2.574074074074074 11.0 195.0 86.0 98.0 17449.0 
1515.0049675630053 2.574074074074074 11.0 196.0 86.0 98.0 17449.0 
1518.020897460377 2.574074074074074 12.0 196.0 86.0 98.0 17449.0 
1521.0023029013937 2.574074074074074 12.0 196.0 86.0 98.0 17449.0 
1524.0107955668425 2.574074074074074 12.0 197.0 86.0 98.0 17449.0 
1527.0024196993757 2.574074074074074 13.0 197.0 86.0 98.0 17449.0 
1530.0213886828637 2.574074074074074 13.0 197.0 86.0 98.0 17449.0 
1533.0154967594065 2.574074074074074 14.0 198.0 86.0 98.0 17449.0 
1536.0030616396407 2.583333333333333 14.0 199.0 86.0 99.0 17567.0 
1539.0116888888786 2.583333333333333 14.0 199.0 86.0 99.0 17567.0 
1542.00243321725 2.583333333333333 14.0 199.0 86.0 99.0 17567.0 
1545.0015350462145 2.583333333333333 15.0 200.0 86.0 99.0 17567.0 
1548.000156228357 2.583333333333333 16.0 201.0 86.0 99.0 17567.0 
1551.0002858311848 2.601851851851852 16.0 201.0 86.0 100.0 17671.0 
1554.0040900554732 2.601851851851852 15.0 201.0 86.0 100.0 17671.0 
1557.00300170891 2.601851851851852 15.0 201.0 86.0 100.0 17671.0 
1560.0196305783024 2.601851851851852 15.0 201.0 86.0 100.0 17671.0 
1563.0104276372379 2.601851851851852 15.0 201.0 86.0 100.0 17671.0 
1566.0138454228882 2.601851851851852 15.0 201.0 86.0 100.0 17671.0 
1569.0188928756702 2.601851851851852 16.0 202.0 86.0 100.0 17671.0 
1572.0153667227332 2.611111111111111 15.0 202.0 87.0 100.0 17887.0 
1575.0053568596977 2.611111111111111 16.0 203.0 87.0 100.0 17887.0 
1578.0143105312925 2.6296296296296298 16.0 203.0 88.0 100.0 18024.0 
1581.0072678330519 2.6296296296296298 15.0 203.0 88.0 100.0 18024.0 
1584.0029106411419 2.6296296296296298 15.0 203.0 88.0 100.0 18024.0 
1587.0023748010567 2.6296296296296298 15.0 203.0 88.0 100.0 18024.0 
1590.004419126716 2.6296296296296298 15.0 203.0 88.0 100.0 18024.0 
1593.0034686838267 2.6296296296296298 15.0 203.0 88.0 100.0 18024.0 
1596.0104054331437 2.638888888888889 14.0 204.0 88.0 101.0 18358.0 
1599.0014072395845 2.6574074074074074 14.0 204.0 88.0 102.0 18472.0 
1602.0207643550152 2.6574074074074074 14.0 205.0 88.0 102.0 18472.0 
1605.0062087157116 2.666666666666667 13.0 205.0 88.0 103.0 18574.0 
1608.003991381171 2.666666666666667 14.0 205.0 88.0 103.0 18574.0 
1611.0059824946036 2.666666666666667 14.0 205.0 88.0 103.0 18574.0 
1614.0062531069293 2.666666666666667 15.0 206.0 88.0 103.0 18574.0 
1617.0095920411836 2.666666666666667 15.0 206.0 88.0 103.0 18574.0 
1620.0108900031107 2.666666666666667 15.0 206.0 88.0 103.0 18574.0 
1623.0008663448623 2.666666666666667 15.0 206.0 88.0 103.0 18574.0 
1626.0041029923207 2.685185185185185 13.0 208.0 89.0 104.0 18806.0 
1629.0021222409307 2.685185185185185 15.0 208.0 89.0 104.0 18806.0 
1632.002876018489 2.6944444444444446 15.0 209.0 89.0 105.0 18912.0 
1635.0067896240682 2.6944444444444446 16.0 210.0 89.0 105.0 18912.0 
1638.0057870839616 2.7037037037037037 15.0 210.0 89.0 106.0 19017.0 
1641.0012563839907 2.7037037037037037 15.0 210.0 89.0 106.0 19017.0 
1644.0010762940651 2.7037037037037037 16.0 211.0 89.0 106.0 19017.0 
1647.0001125826284 2.7129629629629632 15.0 212.0 90.0 106.0 19089.0 
1650.002193239713 2.7222222222222223 16.0 214.0 90.0 107.0 19190.0 
1653.0071027136623 2.706422018348624 16.0 214.0 90.0 108.0 19297.0 
1656.0165051150852 2.706422018348624 16.0 214.0 90.0 108.0 19297.0 
1659.0376145762916 2.7155963302752295 16.0 215.0 91.0 108.0 19312.0 
1662.008285839235 2.7155963302752295 16.0 215.0 91.0 108.0 19312.0 
1665.0008272993966 2.7155963302752295 16.0 215.0 91.0 108.0 19312.0 
1668.0003199779665 2.7155963302752295 16.0 215.0 91.0 108.0 19312.0 
1671.0093536838422 2.724770642201835 16.0 215.0 91.0 109.0 19416.0 
1674.0027990941849 2.724770642201835 16.0 215.0 91.0 109.0 19416.0 
1677.013100264349 2.724770642201835 15.0 216.0 91.0 109.0 19416.0 
1680.0052045687057 2.7339449541284404 15.0 216.0 92.0 109.0 19437.0 
1683.0089756863179 2.7339449541284404 15.0 216.0 92.0 109.0 19437.0 
1686.0236134110432 2.7339449541284404 15.0 216.0 92.0 109.0 19437.0 
1689.007795051128 2.7339449541284404 15.0 216.0 92.0 109.0 19437.0 
1692.0264461759775 2.7431192660550456 14.0 216.0 92.0 110.0 19640.0 
1695.0073752519572 2.7431192660550456 15.0 217.0 92.0 110.0 19640.0 
1698.0002821767712 2.7431192660550456 15.0 217.0 92.0 110.0 19640.0 
1701.008388129357 2.7522935779816513 14.0 217.0 92.0 111.0 19942.0 
1704.002335229789 2.7522935779816513 14.0 217.0 92.0 111.0 19942.0 
1707.017809514595 2.761467889908257 13.0 217.0 92.0 112.0 20290.0 
1710.0044948286325 2.761467889908257 13.0 217.0 92.0 112.0 20290.0 
1713.0055583464518 2.788990825688073 12.0 218.0 93.0 112.0 20466.0 
1716.0143007993452 2.7981651376146788 12.0 218.0 93.0 113.0 20585.0 
1719.0070243537548 2.8256880733944953 11.0 218.0 94.0 113.0 20677.0 
1722.0111658178294 2.8256880733944953 11.0 219.0 94.0 113.0 20677.0 
1725.0073708532034 2.8440366972477067 11.0 220.0 95.0 113.0 20770.0 
1728.001833737915 2.8440366972477067 12.0 220.0 95.0 113.0 20770.0 
1731.0023019200228 2.8440366972477067 12.0 220.0 95.0 113.0 20770.0 
1734.004043378764 2.9357798165137616 12.0 222.0 95.0 115.0 21095.0 
1737.0152723447466 2.9633027522935778 12.0 222.0 95.0 116.0 21197.0 
1740.0143608989454 2.9633027522935778 11.0 222.0 95.0 116.0 21197.0 
1743.0057599504019 2.9633027522935778 12.0 223.0 95.0 116.0 21197.0 
1746.00600465256 2.9633027522935778 12.0 223.0 95.0 116.0 21197.0 
1749.0063418831269 2.9633027522935778 12.0 223.0 95.0 116.0 21197.0 
1752.0050429058683 2.972477064220184 12.0 223.0 95.0 117.0 21301.0 
1755.0106322903937 3.0183486238532113 7.0 223.0 97.0 119.0 21698.0 
1758.0031149039157 3.0183486238532113 7.0 223.0 97.0 119.0 21698.0 
1761.00355113282 3.0183486238532113 7.0 223.0 97.0 119.0 21698.0 
1764.0042234558744 3.0183486238532113 7.0 223.0 97.0 119.0 21698.0 
1767.0119693191846 3.0183486238532113 7.0 223.0 97.0 119.0 21698.0 
1770.0156479360905 3.0458715596330275 6.0 223.0 98.0 119.0 21734.0 
1773.0041981325676 3.0458715596330275 6.0 223.0 98.0 119.0 21734.0 
1776.0230282201853 3.073394495412844 5.0 223.0 99.0 119.0 21767.0 
1779.0143470531386 3.091743119266055 5.0 223.0 100.0 119.0 21868.0 
1782.0078928818684 3.091743119266055 4.0 223.0 100.0 119.0 21868.0 
1785.0121065906148 3.091743119266055 4.0 223.0 100.0 119.0 21868.0 
1788.001519891363 3.091743119266055 4.0 223.0 100.0 119.0 21868.0 
1791.0477536229585 3.1009174311926606 3.0 223.0 101.0 119.0 21925.0 
1794.0031684982398 3.1009174311926606 3.0 223.0 101.0 119.0 21925.0 
1797.0255545977352 3.1009174311926606 3.0 223.0 101.0 119.0 21925.0 
1800.001175354226 3.128440366972477 3.0 223.0 102.0 119.0 22012.0 
#####################################################################
# End of data export. Simulation finished at: 2020-01-14T13:40+0000 #
#####################################################################
