#####################################################################
# Alchemist log file - simulation started at: 2020-01-16T08:06+0000 #
#####################################################################
# seed = 22.0, taskFrequency = 0.0075, cloudcost = 29.0, algorithm = false
#
# The columns have the following meaning: 
# time taskHops[Mean] hasTask[Sum] tasks[Sum] completedTasks[Sum] giveupTasks[Sum] taskLatency[Sum] 
0.0 NaN 0.0 0.0 0.0 0.0 0.0 
2.002494918592731 NaN 1.0 1.0 0.0 0.0 0.0 
4.002494918592731 NaN 4.0 4.0 0.0 0.0 0.0 
6.002494918592731 NaN 7.0 9.0 0.0 0.0 0.0 
8.002494918592731 NaN 9.0 10.0 0.0 0.0 0.0 
10.002494918592731 NaN 11.0 11.0 0.0 0.0 0.0 
12.002494918592731 NaN 13.0 13.0 0.0 0.0 0.0 
14.002494918592731 NaN 14.0 14.0 0.0 0.0 0.0 
16.00249491859273 NaN 17.0 17.0 0.0 0.0 0.0 
18.00249491859273 NaN 20.0 20.0 0.0 0.0 0.0 
20.00249491859273 NaN 21.0 21.0 0.0 0.0 0.0 
22.00249491859273 NaN 22.0 23.0 0.0 0.0 0.0 
24.00249491859273 NaN 25.0 25.0 0.0 0.0 0.0 
26.00249491859273 NaN 27.0 27.0 0.0 0.0 0.0 
28.00249491859273 NaN 29.0 29.0 0.0 0.0 0.0 
30.00249491859273 NaN 30.0 30.0 0.0 0.0 0.0 
32.00249491859273 NaN 31.0 32.0 0.0 0.0 0.0 
34.00249491859273 NaN 32.0 32.0 0.0 0.0 0.0 
36.00249491859273 NaN 34.0 34.0 0.0 0.0 0.0 
38.00249491859273 NaN 34.0 34.0 0.0 0.0 0.0 
40.00249491859273 NaN 36.0 36.0 0.0 0.0 0.0 
42.00249491859273 NaN 36.0 36.0 0.0 0.0 0.0 
44.00249491859273 NaN 37.0 37.0 0.0 0.0 0.0 
46.00249491859273 NaN 37.0 38.0 0.0 0.0 0.0 
48.00249491859273 NaN 39.0 39.0 0.0 0.0 0.0 
50.00249491859273 NaN 39.0 39.0 0.0 0.0 0.0 
52.00249491859273 NaN 40.0 40.0 0.0 0.0 0.0 
54.00249491859273 NaN 42.0 42.0 0.0 0.0 0.0 
56.00249491859273 NaN 43.0 44.0 0.0 0.0 0.0 
58.00249491859273 NaN 45.0 45.0 0.0 0.0 0.0 
60.00249491859273 NaN 46.0 46.0 0.0 0.0 0.0 
62.00249491859273 NaN 49.0 49.0 0.0 0.0 0.0 
64.00249491859273 NaN 49.0 49.0 0.0 0.0 0.0 
66.00249491859273 NaN 49.0 49.0 0.0 0.0 0.0 
68.00249491859273 NaN 50.0 50.0 0.0 0.0 0.0 
70.00249491859273 NaN 52.0 52.0 0.0 0.0 0.0 
72.00249491859273 NaN 52.0 52.0 0.0 0.0 0.0 
74.00249491859273 NaN 53.0 53.0 0.0 0.0 0.0 
76.00249491859273 NaN 54.0 54.0 0.0 0.0 0.0 
78.00249491859273 NaN 54.0 54.0 0.0 0.0 0.0 
80.00249491859273 NaN 54.0 54.0 0.0 0.0 0.0 
82.00249491859273 NaN 55.0 55.0 0.0 0.0 0.0 
84.00249491859273 NaN 55.0 55.0 0.0 0.0 0.0 
86.00249491859273 NaN 55.0 55.0 0.0 0.0 0.0 
88.00249491859273 NaN 59.0 59.0 0.0 0.0 0.0 
90.00249491859273 NaN 60.0 60.0 0.0 0.0 0.0 
92.00249491859273 NaN 62.0 62.0 0.0 0.0 0.0 
94.00249491859273 NaN 63.0 63.0 0.0 0.0 0.0 
96.00249491859273 NaN 63.0 64.0 0.0 0.0 0.0 
98.00249491859273 NaN 64.0 64.0 0.0 0.0 0.0 
100.00249491859273 NaN 64.0 64.0 0.0 0.0 0.0 
102.00249491859273 NaN 65.0 65.0 0.0 0.0 0.0 
104.00249491859273 NaN 65.0 65.0 0.0 0.0 0.0 
106.00249491859273 29.0 65.0 66.0 0.0 1.0 102.0 
108.00249491859273 29.0 63.0 66.0 0.0 3.0 310.0 
110.00249491859273 29.0 63.0 67.0 0.0 3.0 310.0 
112.00249491859273 29.0 63.0 67.0 0.0 5.0 518.0 
114.00249491859273 29.0 61.0 68.0 0.0 10.0 1049.0 
116.00249491859273 29.0 58.0 68.0 0.0 10.0 1049.0 
118.00249491859273 29.0 57.0 68.0 0.0 13.0 1366.0 
120.00249491859273 29.0 56.0 70.0 0.0 15.0 1570.0 
122.00249491859273 29.0 56.0 71.0 0.0 16.0 1673.0 
124.00249491859273 29.0 54.0 71.0 0.0 17.0 1775.0 
126.00249491859273 29.0 54.0 73.0 0.0 20.0 2101.0 
128.00249491859273 29.0 52.0 73.0 0.0 22.0 2306.0 
130.00249491859273 29.0 50.0 74.0 0.0 24.0 2521.0 
132.00249491859273 29.0 50.0 74.0 0.0 24.0 2521.0 
134.00249491859273 29.0 52.0 77.0 0.0 25.0 2624.0 
136.00249491859273 29.0 51.0 78.0 0.0 26.0 2727.0 
138.00249491859273 29.0 54.0 81.0 0.0 29.0 3054.0 
140.00249491859273 29.0 53.0 82.0 0.0 29.0 3054.0 
142.00249491859273 29.0 52.0 82.0 0.0 31.0 3258.0 
144.00249491859273 29.0 52.0 83.0 0.0 31.0 3258.0 
146.00249491859273 29.0 51.0 83.0 0.0 32.0 3360.0 
148.00249491859273 29.0 52.0 84.0 0.0 32.0 3360.0 
150.00249491859273 29.0 51.0 84.0 0.0 34.0 3565.0 
152.00249491859273 29.0 51.0 85.0 0.0 34.0 3565.0 
154.00249491859273 29.0 51.0 86.0 0.0 35.0 3667.0 
156.00249491859273 29.0 51.0 87.0 0.0 37.0 3871.0 
158.00249491859273 29.0 51.0 88.0 0.0 38.0 3974.0 
160.00249491859273 29.0 48.0 88.0 0.0 40.0 4179.0 
162.00249491859273 29.0 47.0 88.0 0.0 42.0 4415.0 
164.00249491859273 29.0 45.0 89.0 0.0 45.0 4722.0 
166.00249491859273 29.0 46.0 91.0 0.0 45.0 4722.0 
168.00249491859273 29.0 46.0 91.0 0.0 45.0 4722.0 
170.00249491859273 29.02173913043478 47.0 92.0 0.0 46.0 4825.0 
172.00249491859273 29.020408163265305 44.0 93.0 0.0 49.0 5172.0 
174.00249491859273 29.04 44.0 93.0 0.0 50.0 5338.0 
176.00249491859273 29.03921568627451 43.0 93.0 0.0 51.0 5440.0 
178.00249491859273 29.03846153846154 42.0 93.0 0.0 52.0 5542.0 
180.00249491859273 29.03846153846154 42.0 94.0 0.0 52.0 5542.0 
182.00249491859273 29.03846153846154 43.0 95.0 0.0 52.0 5542.0 
184.00249491859273 29.037735849056602 43.0 95.0 0.0 53.0 5645.0 
186.00249491859273 29.037735849056602 42.0 95.0 0.0 53.0 5645.0 
188.00249491859273 29.037735849056602 43.0 96.0 0.0 53.0 5645.0 
190.00249491859273 29.035087719298247 42.0 96.0 0.0 57.0 6055.0 
192.00249491859273 29.033898305084747 39.0 97.0 0.0 59.0 6336.0 
194.00249491859273 29.0327868852459 38.0 98.0 0.0 61.0 6541.0 
196.00249491859273 29.032258064516128 38.0 99.0 0.0 62.0 6644.0 
198.00249491859273 29.032258064516128 38.0 101.0 0.0 62.0 6644.0 
200.00249491859273 29.032258064516128 39.0 101.0 0.0 62.0 6644.0 
202.00249491859273 29.032258064516128 39.0 102.0 0.0 62.0 6644.0 
204.00249491859273 29.03174603174603 41.0 105.0 0.0 63.0 6747.0 
206.00249491859273 29.03174603174603 42.0 106.0 0.0 63.0 6747.0 
208.00249491859273 29.03125 44.0 107.0 0.0 64.0 6850.0 
210.00249491859273 29.03125 43.0 107.0 0.0 64.0 6850.0 
212.00249491859273 29.03125 43.0 107.0 0.0 64.0 6850.0 
214.00249491859273 29.03076923076923 43.0 108.0 0.0 65.0 6953.0 
216.00249491859273 29.03030303030303 43.0 109.0 0.0 66.0 7055.0 
218.00249491859273 29.03030303030303 43.0 109.0 0.0 66.0 7055.0 
220.00249491859273 29.03030303030303 43.0 109.0 0.0 66.0 7055.0 
222.00249491859273 29.46268656716418 42.0 109.0 0.0 68.0 7260.0 
224.00249491859273 29.455882352941178 41.0 109.0 0.0 69.0 7363.0 
226.00249491859273 29.455882352941178 41.0 111.0 0.0 69.0 7363.0 
228.00249491859273 29.442857142857143 40.0 111.0 0.0 71.0 7567.0 
230.00249491859273 29.442857142857143 40.0 111.0 0.0 71.0 7567.0 
232.00249491859273 29.442857142857143 42.0 113.0 0.0 71.0 7567.0 
234.00249491859273 29.43661971830986 42.0 114.0 0.0 72.0 7670.0 
236.00249491859273 29.424657534246574 41.0 114.0 0.0 74.0 7874.0 
238.00249491859273 29.41891891891892 39.0 114.0 0.0 75.0 7977.0 
240.00249491859273 29.789473684210527 38.0 114.0 0.0 78.0 8285.0 
242.00249491859273 29.77922077922078 36.0 114.0 0.0 79.0 8388.0 
244.00249491859273 29.77922077922078 35.0 114.0 0.0 79.0 8388.0 
246.00249491859273 30.155844155844157 36.0 116.0 0.0 80.0 8490.0 
248.00249491859273 30.155844155844157 37.0 117.0 0.0 80.0 8490.0 
250.00249491859273 30.141025641025642 38.0 119.0 0.0 81.0 8592.0 
252.00249491859273 30.141025641025642 40.0 121.0 0.0 81.0 8592.0 
254.00249491859273 30.512820512820515 42.0 124.0 0.0 82.0 8694.0 
256.00249491859273 30.512820512820515 42.0 124.0 0.0 82.0 8694.0 
258.00249491859273 30.49367088607595 42.0 124.0 0.0 83.0 8797.0 
260.00249491859273 30.49367088607595 41.0 124.0 0.0 83.0 8797.0 
262.00249491859273 30.49367088607595 41.0 124.0 0.0 83.0 8797.0 
264.00249491859273 30.49367088607595 44.0 129.0 0.0 83.0 8797.0 
266.00249491859273 30.475 47.0 131.0 0.0 84.0 8899.0 
268.00249491859273 30.45679012345679 48.0 132.0 0.0 85.0 9002.0 
270.00249491859273 30.45679012345679 49.0 134.0 0.0 85.0 9002.0 
272.00249491859273 30.4390243902439 48.0 134.0 0.0 86.0 9104.0 
274.00249491859273 30.4390243902439 50.0 136.0 0.0 86.0 9104.0 
276.00249491859273 30.4390243902439 50.0 136.0 0.0 86.0 9104.0 
278.00249491859273 30.4390243902439 50.0 136.0 0.0 86.0 9104.0 
280.00249491859273 30.4390243902439 50.0 137.0 0.0 86.0 9104.0 
282.00249491859273 30.4390243902439 51.0 137.0 0.0 86.0 9104.0 
284.00249491859273 30.42168674698795 50.0 137.0 0.0 87.0 9206.0 
286.00249491859273 30.42168674698795 50.0 138.0 0.0 87.0 9206.0 
288.00249491859273 30.42168674698795 51.0 138.0 0.0 87.0 9206.0 
290.00249491859273 30.404761904761905 51.0 138.0 0.0 88.0 9309.0 
292.00249491859273 30.404761904761905 52.0 140.0 0.0 88.0 9309.0 
294.00249491859273 30.388235294117646 51.0 140.0 0.0 89.0 9449.0 
296.00249491859273 30.709302325581397 52.0 142.0 0.0 91.0 9654.0 
298.00249491859273 30.670454545454547 51.0 142.0 0.0 93.0 9959.0 
300.00249491859273 31.0 48.0 143.0 0.0 94.0 10061.0 
302.00249491859273 30.97752808988764 49.0 144.0 0.0 95.0 10164.0 
304.00249491859273 30.97752808988764 49.0 145.0 0.0 95.0 10164.0 
306.00249491859273 31.303370786516854 50.0 145.0 0.0 96.0 10267.0 
308.00249491859273 31.252747252747252 47.0 145.0 0.0 98.0 10473.0 
310.00249491859273 31.22826086956522 49.0 149.0 0.0 99.0 10576.0 
312.00249491859273 31.204301075268816 49.0 149.0 0.0 100.0 10730.0 
314.00249491859273 31.204301075268816 49.0 149.0 0.0 100.0 10730.0 
316.00249491859273 31.180851063829785 50.0 151.0 0.0 101.0 10832.0 
318.00249491859273 31.157894736842103 49.0 152.0 0.0 102.0 10934.0 
320.00249491859273 31.157894736842103 50.0 152.0 0.0 102.0 10934.0 
322.00249491859273 31.157894736842103 50.0 152.0 0.0 102.0 10934.0 
324.00249491859273 31.157894736842103 51.0 153.0 0.0 102.0 10934.0 
326.00249491859273 31.157894736842103 51.0 153.0 0.0 102.0 10934.0 
328.00249491859273 31.463157894736845 51.0 154.0 0.0 103.0 11037.0 
330.00249491859273 31.768421052631577 50.0 154.0 0.0 104.0 11140.0 
332.00249491859273 31.768421052631577 50.0 155.0 0.0 104.0 11140.0 
334.00249491859273 32.04166666666667 52.0 157.0 0.0 106.0 11344.0 
336.00249491859273 32.34375 52.0 159.0 0.0 107.0 11446.0 
338.00249491859273 32.34375 53.0 160.0 0.0 107.0 11446.0 
340.00249491859273 32.34375 56.0 163.0 0.0 107.0 11446.0 
342.00249491859273 32.34375 56.0 163.0 0.0 107.0 11446.0 
344.00249491859273 32.30927835051546 57.0 164.0 0.0 108.0 11610.0 
346.00249491859273 32.30927835051546 57.0 165.0 0.0 108.0 11610.0 
348.00249491859273 32.24242424242424 56.0 165.0 0.0 110.0 11814.0 
350.00249491859273 32.535353535353536 55.0 166.0 0.0 111.0 11916.0 
352.00249491859273 32.82828282828283 57.0 168.0 0.0 112.0 12019.0 
354.00249491859273 33.08 56.0 168.0 0.0 114.0 12225.0 
356.00249491859273 33.66 54.0 169.0 0.0 116.0 12430.0 
358.00249491859273 33.9009900990099 53.0 170.0 0.0 118.0 12683.0 
360.00249491859273 33.9009900990099 52.0 170.0 0.0 118.0 12683.0 
362.00249491859273 33.9009900990099 52.0 171.0 0.0 118.0 12683.0 
364.00249491859273 33.9009900990099 53.0 171.0 0.0 118.0 12683.0 
366.00249491859273 34.42156862745098 52.0 172.0 0.0 121.0 12990.0 
368.00249491859273 35.55882352941177 49.0 172.0 0.0 125.0 13400.0 
370.00249491859273 36.127450980392155 47.0 172.0 0.0 127.0 13707.0 
372.00249491859273 36.33980582524272 43.0 172.0 0.0 129.0 13911.0 
374.00249491859273 36.33980582524272 43.0 172.0 0.0 129.0 13911.0 
376.00249491859273 36.54807692307693 43.0 172.0 0.0 131.0 14365.0 
378.00249491859273 36.54807692307693 44.0 176.0 0.0 131.0 14365.0 
380.00249491859273 36.54807692307693 46.0 177.0 0.0 131.0 14365.0 
382.00249491859273 36.54807692307693 47.0 178.0 0.0 131.0 14365.0 
384.00249491859273 36.54807692307693 47.0 179.0 0.0 131.0 14365.0 
386.00249491859273 36.54807692307693 48.0 179.0 0.0 131.0 14365.0 
388.00249491859273 36.54807692307693 49.0 181.0 0.0 131.0 14365.0 
390.00249491859273 36.82692307692307 49.0 182.0 0.0 132.0 14468.0 
392.00249491859273 36.82692307692307 52.0 184.0 0.0 132.0 14468.0 
394.00249491859273 37.38461538461539 51.0 185.0 0.0 134.0 14672.0 
396.00249491859273 37.38461538461539 51.0 185.0 0.0 134.0 14672.0 
398.00249491859273 37.94230769230769 50.0 185.0 0.0 136.0 14877.0 
400.00249491859273 37.94230769230769 49.0 185.0 0.0 136.0 14877.0 
402.00249491859273 37.94230769230769 50.0 187.0 0.0 136.0 14877.0 
404.00249491859273 38.409523809523805 49.0 187.0 0.0 139.0 15236.0 
406.00249491859273 38.96190476190476 46.0 187.0 0.0 141.0 15564.0 
408.00249491859273 39.23809523809524 46.0 188.0 0.0 142.0 15667.0 
410.00249491859273 39.23809523809524 49.0 191.0 0.0 142.0 15667.0 
412.00249491859273 39.790476190476184 48.0 191.0 0.0 144.0 15871.0 
414.00249491859273 40.06666666666667 46.0 191.0 0.0 145.0 15974.0 
416.00249491859273 40.06666666666667 47.0 193.0 0.0 145.0 15974.0 
418.00249491859273 40.235849056603776 48.0 195.0 0.0 147.0 16178.0 
420.00249491859273 40.235849056603776 49.0 196.0 0.0 147.0 16178.0 
422.00249491859273 40.509433962264154 48.0 196.0 0.0 148.0 16281.0 
424.00249491859273 40.509433962264154 48.0 196.0 0.0 148.0 16281.0 
426.00249491859273 40.783018867924525 48.0 196.0 0.0 149.0 16384.0 
428.00249491859273 40.783018867924525 48.0 197.0 0.0 149.0 16384.0 
430.00249491859273 40.783018867924525 49.0 198.0 0.0 149.0 16384.0 
432.00249491859273 40.783018867924525 49.0 198.0 0.0 149.0 16384.0 
434.00249491859273 40.783018867924525 49.0 198.0 0.0 149.0 16384.0 
436.00249491859273 41.21495327102804 48.0 198.0 0.0 152.0 16693.0 
438.00249491859273 41.48598130841121 46.0 198.0 0.0 153.0 16795.0 
440.00249491859273 41.638888888888886 43.0 198.0 0.0 155.0 17000.0 
442.00249491859273 41.788990825688074 44.0 200.0 0.0 157.0 17204.0 
444.00249491859273 41.788990825688074 43.0 201.0 0.0 157.0 17204.0 
446.00249491859273 42.055045871559635 44.0 201.0 0.0 158.0 17306.0 
448.00249491859273 41.93636363636364 43.0 201.0 0.0 159.0 17408.0 
450.00249491859273 41.93636363636364 42.0 201.0 0.0 159.0 17408.0 
452.00249491859273 41.81981981981982 42.0 202.0 0.0 160.0 17510.0 
454.00249491859273 41.96428571428571 41.0 202.0 0.0 162.0 17714.0 
456.00249491859273 41.96428571428571 41.0 204.0 0.0 162.0 17714.0 
458.00249491859273 41.96428571428571 43.0 206.0 0.0 162.0 17714.0 
460.00249491859273 42.22321428571429 45.0 207.0 0.0 163.0 17817.0 
462.00249491859273 42.22321428571429 45.0 209.0 0.0 163.0 17817.0 
464.00249491859273 42.22321428571429 46.0 209.0 0.0 163.0 17817.0 
466.00249491859273 42.482142857142854 45.0 209.0 0.0 164.0 17920.0 
468.00249491859273 42.482142857142854 47.0 211.0 0.0 164.0 17920.0 
470.00249491859273 42.74107142857143 48.0 213.0 0.0 165.0 18023.0 
472.00249491859273 42.74107142857143 48.0 213.0 0.0 165.0 18023.0 
474.00249491859273 42.74107142857143 48.0 214.0 0.0 165.0 18023.0 
476.00249491859273 42.74107142857143 49.0 214.0 0.0 165.0 18023.0 
478.00249491859273 42.74107142857143 50.0 217.0 0.0 165.0 18023.0 
480.00249491859273 43.25892857142857 52.0 217.0 0.0 167.0 18229.0 
482.00249491859273 43.77678571428571 48.0 217.0 0.0 169.0 18434.0 
484.00249491859273 44.03571428571429 49.0 219.0 0.0 170.0 18536.0 
486.00249491859273 44.03571428571429 50.0 220.0 0.0 170.0 18536.0 
488.00249491859273 44.294642857142854 49.0 220.0 0.0 171.0 18639.0 
490.00249491859273 44.8125 51.0 224.0 0.0 173.0 18853.0 
492.00249491859273 45.07142857142857 51.0 225.0 0.0 174.0 18956.0 
494.00249491859273 45.1858407079646 51.0 226.0 0.0 176.0 19162.0 
496.00249491859273 45.442477876106196 50.0 226.0 0.0 177.0 19264.0 
498.00249491859273 45.442477876106196 49.0 226.0 0.0 177.0 19264.0 
500.00249491859273 45.442477876106196 50.0 227.0 0.0 177.0 19264.0 
502.00249491859273 45.442477876106196 51.0 228.0 0.0 177.0 19264.0 
504.00249491859273 45.69911504424779 51.0 228.0 0.0 178.0 19367.0 
506.00249491859273 45.955752212389385 49.0 228.0 0.0 179.0 19470.0 
508.00249491859273 45.955752212389385 50.0 229.0 0.0 179.0 19470.0 
510.00249491859273 46.21238938053098 51.0 230.0 0.0 180.0 19572.0 
512.0024949185927 46.982300884955755 52.0 233.0 0.0 183.0 19879.0 
514.0024949185927 46.824561403508774 51.0 234.0 0.0 184.0 20037.0 
516.0024949185927 46.824561403508774 51.0 236.0 0.0 184.0 20037.0 
518.0024949185927 47.078947368421055 51.0 236.0 0.0 185.0 20139.0 
520.0024949185927 47.8421052631579 50.0 237.0 0.0 188.0 20447.0 
522.0024949185927 47.67826086956522 50.0 240.0 0.0 189.0 20549.0 
524.0024949185927 47.67826086956522 52.0 241.0 0.0 189.0 20549.0 
526.0024949185927 47.67826086956522 52.0 241.0 0.0 189.0 20549.0 
528.0024949185927 47.67826086956522 53.0 242.0 0.0 189.0 20549.0 
530.0024949185927 47.93043478260869 53.0 242.0 0.0 190.0 20652.0 
532.0024949185927 48.18260869565218 52.0 243.0 0.0 191.0 20755.0 
534.0024949185927 48.18260869565218 52.0 243.0 0.0 191.0 20755.0 
536.0024949185927 48.18260869565218 54.0 246.0 0.0 191.0 20755.0 
538.0024949185927 48.18260869565218 55.0 246.0 0.0 191.0 20755.0 
540.0024949185927 48.18260869565218 55.0 246.0 0.0 191.0 20755.0 
542.0024949185927 48.18260869565218 55.0 246.0 0.0 191.0 20755.0 
544.0024949185927 48.26724137931034 54.0 246.0 0.0 193.0 20960.0 
546.0024949185927 48.26724137931034 53.0 246.0 0.0 193.0 20960.0 
548.0024949185927 48.51724137931034 52.0 247.0 0.0 194.0 21063.0 
550.0024949185927 48.51724137931034 53.0 247.0 0.0 194.0 21063.0 
552.0024949185927 48.51724137931034 54.0 248.0 0.0 194.0 21063.0 
554.0024949185927 48.76724137931034 56.0 250.0 0.0 195.0 21166.0 
556.0024949185927 48.76724137931034 55.0 251.0 0.0 195.0 21166.0 
558.0024949185927 48.5982905982906 56.0 251.0 0.0 196.0 21269.0 
560.0024949185927 48.846153846153854 54.0 251.0 0.0 197.0 21372.0 
562.0024949185927 49.34188034188034 54.0 252.0 0.0 199.0 21577.0 
564.0024949185927 49.58974358974359 54.0 253.0 0.0 200.0 21679.0 
566.0024949185927 49.837606837606835 53.0 254.0 0.0 201.0 21782.0 
568.0024949185927 49.837606837606835 55.0 256.0 0.0 201.0 21782.0 
570.0024949185927 50.152542372881356 54.0 257.0 0.0 204.0 22227.0 
572.0024949185927 50.64406779661017 53.0 257.0 0.0 206.0 22433.0 
574.0024949185927 50.64406779661017 51.0 257.0 0.0 206.0 22433.0 
576.0024949185927 50.64406779661017 51.0 259.0 0.0 206.0 22433.0 
578.0024949185927 50.889830508474574 52.0 259.0 0.0 207.0 22536.0 
580.0024949185927 51.135593220338976 52.0 259.0 0.0 208.0 22639.0 
582.0024949185927 51.6271186440678 52.0 262.0 0.0 210.0 22845.0 
584.0024949185927 51.6271186440678 53.0 263.0 0.0 210.0 22845.0 
586.0024949185927 51.8728813559322 53.0 264.0 0.0 211.0 22947.0 
588.0024949185927 52.36440677966102 52.0 264.0 0.0 213.0 23153.0 
590.0024949185927 52.36440677966102 52.0 265.0 0.0 213.0 23153.0 
592.0024949185927 52.65546218487395 53.0 266.0 0.0 216.0 23460.0 
594.0024949185927 53.142857142857146 48.0 266.0 0.0 218.0 23665.0 
596.0024949185927 53.18333333333333 48.0 266.0 0.0 220.0 24089.0 
598.0024949185927 53.425 45.0 266.0 0.0 221.0 24228.0 
600.0024949185927 53.425 46.0 267.0 0.0 221.0 24228.0 
602.0024949185927 53.66666666666667 47.0 268.0 0.0 222.0 24331.0 
604.0024949185927 53.90833333333333 46.0 268.0 0.0 223.0 24434.0 
606.0024949185927 53.90833333333333 45.0 268.0 0.0 223.0 24434.0 
608.0024949185927 54.14999999999999 45.0 271.0 0.0 224.0 24702.0 
610.0024949185927 54.14999999999999 48.0 272.0 0.0 224.0 24702.0 
612.0024949185927 54.39166666666667 47.0 272.0 0.0 225.0 24804.0 
614.0024949185927 54.875 46.0 272.0 0.0 227.0 25009.0 
616.0024949185927 55.14049586776859 43.0 272.0 0.0 230.0 25692.0 
618.0024949185927 55.380165289256205 41.0 272.0 0.0 231.0 25794.0 
620.0024949185927 55.619834710743795 40.0 272.0 0.0 232.0 25897.0 
622.0024949185927 55.619834710743795 41.0 273.0 0.0 232.0 25897.0 
624.0024949185927 56.33884297520662 39.0 273.0 0.0 235.0 26205.0 
626.0024949185927 56.57851239669422 39.0 274.0 0.0 236.0 26307.0 
628.0024949185927 56.57851239669422 38.0 274.0 0.0 236.0 26307.0 
630.0024949185927 57.05785123966942 36.0 275.0 0.0 238.0 26516.0 
632.0024949185927 57.05785123966942 37.0 275.0 0.0 238.0 26516.0 
634.0024949185927 57.05785123966942 37.0 275.0 0.0 238.0 26516.0 
636.0024949185927 56.82786885245902 37.0 276.0 0.0 239.0 26619.0 
638.0024949185927 57.07377049180327 37.0 276.0 0.0 240.0 26722.0 
640.0024949185927 57.311475409836056 36.0 278.0 0.0 241.0 26825.0 
642.0024949185927 57.311475409836056 38.0 279.0 0.0 241.0 26825.0 
644.0024949185927 57.311475409836056 39.0 280.0 0.0 241.0 26825.0 
646.0024949185927 57.311475409836056 39.0 281.0 0.0 241.0 26825.0 
648.0024949185927 57.311475409836056 42.0 283.0 0.0 241.0 26825.0 
650.0024949185927 57.311475409836056 43.0 284.0 0.0 241.0 26825.0 
652.0024949185927 57.54918032786886 42.0 284.0 0.0 242.0 26928.0 
654.0024949185927 57.31707317073171 42.0 284.0 0.0 243.0 27031.0 
656.0024949185927 57.78861788617887 39.0 285.0 0.0 245.0 27235.0 
658.0024949185927 57.78861788617887 41.0 286.0 0.0 245.0 27235.0 
660.0024949185927 58.02439024390244 40.0 286.0 0.0 246.0 27338.0 
662.0024949185927 58.02439024390244 41.0 287.0 0.0 246.0 27338.0 
664.0024949185927 58.26016260162602 41.0 288.0 0.0 247.0 27441.0 
666.0024949185927 58.49593495934959 40.0 288.0 0.0 248.0 27543.0 
668.0024949185927 58.73170731707316 40.0 288.0 0.0 249.0 27645.0 
670.0024949185927 59.20325203252033 39.0 288.0 0.0 251.0 27850.0 
672.0024949185927 59.4390243902439 36.0 288.0 0.0 252.0 27952.0 
674.0024949185927 59.4390243902439 36.0 288.0 0.0 252.0 27952.0 
676.0024949185927 59.4390243902439 38.0 290.0 0.0 252.0 27952.0 
678.0024949185927 59.4390243902439 39.0 291.0 0.0 252.0 27952.0 
680.0024949185927 59.91056910569106 37.0 291.0 0.0 254.0 28158.0 
682.0024949185927 59.91056910569106 37.0 291.0 0.0 254.0 28158.0 
684.0024949185927 60.38211382113822 38.0 292.0 0.0 256.0 28362.0 
686.0024949185927 60.61788617886178 36.0 293.0 0.0 257.0 28464.0 
688.0024949185927 60.61788617886178 37.0 294.0 0.0 257.0 28464.0 
690.0024949185927 61.09756097560975 36.0 296.0 0.0 259.0 28865.0 
692.0024949185927 61.33333333333333 37.0 296.0 0.0 260.0 28968.0 
694.0024949185927 61.56910569105691 37.0 298.0 0.0 261.0 29071.0 
696.0024949185927 61.56910569105691 40.0 301.0 0.0 261.0 29071.0 
698.0024949185927 61.56910569105691 40.0 301.0 0.0 261.0 29071.0 
700.0024949185927 61.56910569105691 40.0 301.0 0.0 261.0 29071.0 
702.0024949185927 61.80487804878048 41.0 303.0 0.0 262.0 29174.0 
704.0024949185927 62.04065040650407 41.0 303.0 0.0 263.0 29276.0 
706.0024949185927 62.04065040650407 40.0 303.0 0.0 263.0 29276.0 
708.0024949185927 62.04065040650407 40.0 303.0 0.0 263.0 29276.0 
710.0024949185927 62.04065040650407 40.0 303.0 0.0 263.0 29276.0 
712.0024949185927 62.51219512195122 39.0 303.0 0.0 265.0 29481.0 
714.0024949185927 62.51219512195122 38.0 303.0 0.0 265.0 29481.0 
716.0024949185927 62.51219512195122 39.0 304.0 0.0 265.0 29481.0 
718.0024949185927 62.51219512195122 40.0 305.0 0.0 265.0 29481.0 
720.0024949185927 62.51219512195122 42.0 307.0 0.0 265.0 29481.0 
722.0024949185927 62.51219512195122 42.0 307.0 0.0 265.0 29481.0 
724.0024949185927 62.7479674796748 42.0 309.0 0.0 266.0 29583.0 
726.0024949185927 62.7479674796748 46.0 312.0 0.0 266.0 29583.0 
728.0024949185927 62.7479674796748 46.0 312.0 0.0 266.0 29583.0 
730.0024949185927 62.7479674796748 48.0 314.0 0.0 266.0 29583.0 
732.0024949185927 62.7479674796748 48.0 314.0 0.0 266.0 29583.0 
734.0024949185927 63.21951219512195 46.0 314.0 0.0 268.0 29811.0 
736.0024949185927 63.21951219512195 46.0 315.0 0.0 268.0 29811.0 
738.0024949185927 63.455284552845534 48.0 316.0 0.0 269.0 29913.0 
740.0024949185927 63.455284552845534 48.0 317.0 0.0 269.0 29913.0 
742.0024949185927 63.6910569105691 49.0 318.0 0.0 270.0 30015.0 
744.0024949185927 64.16260162601625 47.0 318.0 0.0 272.0 30220.0 
746.0024949185927 64.63414634146342 47.0 320.0 0.0 274.0 30462.0 
748.0024949185927 64.63414634146342 47.0 322.0 0.0 274.0 30462.0 
750.0024949185927 65.34146341463415 46.0 322.0 0.0 277.0 30769.0 
752.0024949185927 65.34146341463415 46.0 323.0 0.0 277.0 30769.0 
754.0024949185927 65.34146341463415 47.0 324.0 0.0 277.0 30769.0 
756.0024949185927 65.34146341463415 49.0 326.0 0.0 277.0 30769.0 
758.0024949185927 65.34146341463415 49.0 326.0 0.0 277.0 30769.0 
760.0024949185927 65.8130081300813 48.0 328.0 0.0 279.0 30975.0 
762.0024949185927 65.8130081300813 49.0 328.0 0.0 279.0 30975.0 
764.0024949185927 65.8130081300813 50.0 329.0 0.0 279.0 30975.0 
766.0024949185927 65.8130081300813 51.0 330.0 0.0 279.0 30975.0 
768.0024949185927 66.04878048780486 51.0 331.0 0.0 280.0 31078.0 
770.0024949185927 66.04878048780486 51.0 331.0 0.0 280.0 31078.0 
772.0024949185927 66.04878048780486 52.0 332.0 0.0 280.0 31078.0 
774.0024949185927 66.04878048780486 52.0 332.0 0.0 280.0 31078.0 
776.0024949185927 66.04878048780486 53.0 333.0 0.0 280.0 31078.0 
778.0024949185927 66.28455284552847 53.0 333.0 0.0 281.0 31181.0 
780.0024949185927 66.52032520325204 53.0 334.0 0.0 282.0 31284.0 
782.0024949185927 66.52032520325204 52.0 334.0 0.0 282.0 31284.0 
784.0024949185927 66.52032520325204 53.0 335.0 0.0 282.0 31284.0 
786.0024949185927 66.7560975609756 53.0 335.0 0.0 283.0 31386.0 
788.0024949185927 66.99186991869918 52.0 335.0 0.0 284.0 31489.0 
790.0024949185927 67.22764227642276 52.0 337.0 0.0 285.0 31591.0 
792.0024949185927 67.46341463414633 52.0 337.0 0.0 286.0 31693.0 
794.0024949185927 67.69918699186992 50.0 337.0 0.0 287.0 31796.0 
796.0024949185927 67.9349593495935 50.0 337.0 0.0 288.0 31899.0 
798.0024949185927 68.8780487804878 46.0 337.0 0.0 292.0 32308.0 
800.0024949185927 69.11382113821138 44.0 338.0 0.0 293.0 32482.0 
802.0024949185927 69.11382113821138 47.0 341.0 0.0 293.0 32482.0 
804.0024949185927 69.34959349593495 48.0 342.0 0.0 294.0 32584.0 
806.0024949185927 69.58536585365854 48.0 344.0 0.0 295.0 32687.0 
808.0024949185927 69.82113821138212 49.0 345.0 0.0 296.0 33185.0 
810.0024949185927 69.82113821138212 49.0 345.0 0.0 296.0 33185.0 
812.0024949185927 69.82113821138212 50.0 347.0 0.0 296.0 33185.0 
814.0024949185927 69.82113821138212 51.0 348.0 0.0 296.0 33185.0 
816.0024949185927 69.82113821138212 52.0 348.0 0.0 296.0 33185.0 
818.0024949185927 70.0569105691057 53.0 350.0 0.0 297.0 33287.0 
820.0024949185927 70.29268292682926 54.0 351.0 0.0 298.0 33390.0 
822.0024949185927 70.76422764227644 54.0 353.0 0.0 300.0 33595.0 
824.0024949185927 70.76422764227644 54.0 354.0 0.0 300.0 33595.0 
826.0024949185927 71.0 54.0 355.0 0.0 301.0 33698.0 
828.0024949185927 71.70731707317074 53.0 355.0 0.0 304.0 34005.0 
830.0024949185927 71.70731707317074 51.0 355.0 0.0 304.0 34005.0 
832.0024949185927 72.41463414634146 50.0 356.0 0.0 307.0 34391.0 
834.0024949185927 72.41463414634146 49.0 356.0 0.0 307.0 34391.0 
836.0024949185927 72.41463414634146 51.0 358.0 0.0 307.0 34391.0 
838.0024949185927 72.41463414634146 51.0 358.0 0.0 307.0 34391.0 
840.0024949185927 72.88617886178862 52.0 360.0 0.0 309.0 34597.0 
842.0024949185927 72.88617886178862 51.0 361.0 0.0 309.0 34597.0 
844.0024949185927 73.1219512195122 54.0 363.0 0.0 310.0 34700.0 
846.0024949185927 73.1219512195122 53.0 363.0 0.0 310.0 34700.0 
848.0024949185927 73.35772357723576 54.0 364.0 0.0 311.0 34802.0 
850.0024949185927 73.59349593495935 53.0 364.0 0.0 312.0 34905.0 
852.0024949185927 73.46774193548387 51.0 364.0 0.0 314.0 35114.0 
854.0024949185927 73.70161290322582 50.0 365.0 0.0 315.0 35216.0 
856.0024949185927 73.93548387096774 50.0 365.0 0.0 316.0 35318.0 
858.0024949185927 74.40322580645162 51.0 367.0 0.0 318.0 35522.0 
860.0024949185927 74.40322580645162 49.0 367.0 0.0 318.0 35522.0 
862.0024949185927 74.87096774193549 48.0 368.0 0.0 320.0 35904.0 
864.0024949185927 75.10483870967741 48.0 369.0 0.0 321.0 36007.0 
866.0024949185927 75.33870967741936 48.0 369.0 0.0 322.0 36110.0 
868.0024949185927 75.80645161290323 48.0 370.0 0.0 324.0 36419.0 
870.0024949185927 76.04032258064515 45.0 370.0 0.0 325.0 36521.0 
872.0024949185927 76.04032258064515 46.0 372.0 0.0 325.0 36521.0 
874.0024949185927 76.2741935483871 46.0 372.0 0.0 326.0 36623.0 
876.0024949185927 76.2741935483871 47.0 373.0 0.0 326.0 36623.0 
878.0024949185927 76.50806451612904 47.0 374.0 0.0 327.0 36725.0 
880.0024949185927 76.50806451612904 48.0 375.0 0.0 327.0 36725.0 
882.0024949185927 76.74193548387096 48.0 375.0 0.0 328.0 36827.0 
884.0024949185927 76.74193548387096 48.0 376.0 0.0 328.0 36827.0 
886.0024949185927 76.9758064516129 48.0 378.0 0.0 329.0 36929.0 
888.0024949185927 76.9758064516129 49.0 379.0 0.0 329.0 36929.0 
890.0024949185927 76.9758064516129 50.0 380.0 0.0 329.0 36929.0 
892.0024949185927 77.20967741935485 50.0 380.0 0.0 330.0 37031.0 
894.0024949185927 77.6774193548387 49.0 380.0 0.0 332.0 37289.0 
896.0024949185927 77.6774193548387 48.0 380.0 0.0 332.0 37289.0 
898.0024949185927 77.6774193548387 48.0 380.0 0.0 332.0 37289.0 
900.0024949185927 77.6774193548387 48.0 381.0 0.0 332.0 37289.0 
#####################################################################
# End of data export. Simulation finished at: 2020-01-16T08:08+0000 #
#####################################################################
