#####################################################################
# Alchemist log file - simulation started at: 2020-01-25T19:45+0000 #
#####################################################################
# seed = 42.0, taskFrequency = 0.1, cloudcost = 29.0, algorithm = true
#
# The columns have the following meaning: 
# time taskHops[Mean] hasTask[Sum] tasks[Sum] completedTasks[Sum] giveupTasks[Sum] taskLatency[Sum] 
0.0 NaN 0.0 0.0 0.0 0.0 0.0 
2.0330470880519247 NaN 17.0 22.0 0.0 0.0 0.0 
4.032121469698888 NaN 31.0 35.0 0.0 0.0 0.0 
6.033047088051925 NaN 47.0 51.0 0.0 0.0 0.0 
8.01672203419987 NaN 64.0 68.0 0.0 0.0 0.0 
10.031889715729523 NaN 79.0 83.0 0.0 0.0 0.0 
12.02446552223373 NaN 90.0 92.0 0.0 0.0 0.0 
14.033047088051925 1.25 96.0 98.0 4.0 0.0 51.0 
16.033047088051923 1.4444444444444444 92.0 103.0 9.0 0.0 119.0 
18.033047088051923 1.5 99.0 110.0 13.0 0.0 161.0 
20.00194240038644 1.5 98.0 112.0 15.0 0.0 193.0 
22.033047088051923 1.5 97.0 112.0 15.0 0.0 193.0 
24.000366128338214 1.7333333333333334 99.0 116.0 16.0 0.0 214.0 
26.033047088051923 1.6875 103.0 120.0 17.0 0.0 233.0 
28.033047088051923 1.75 104.0 121.0 18.0 0.0 246.0 
30.033047088051923 1.631578947368421 104.0 122.0 21.0 0.0 295.0 
32.03304708805192 1.727272727272727 102.0 128.0 24.0 0.0 365.0 
34.03304708805192 1.727272727272727 106.0 130.0 24.0 0.0 365.0 
36.005355580967354 1.826086956521739 107.0 131.0 25.0 0.0 398.0 
38.03304708805192 1.7916666666666665 108.0 134.0 26.0 0.0 421.0 
40.03304708805192 1.8 108.0 136.0 27.0 0.0 451.0 
42.03304708805192 1.92 110.0 138.0 28.0 0.0 470.0 
44.03304708805192 1.92 111.0 140.0 28.0 0.0 470.0 
46.03304708805192 2.04 111.0 142.0 29.0 0.0 483.0 
48.03304708805192 2.04 114.0 143.0 29.0 0.0 483.0 
50.03304708805192 2.1923076923076925 114.0 144.0 30.0 0.0 527.0 
52.03304708805192 2.5555555555555554 114.0 146.0 34.0 0.0 597.0 
54.03304708805192 2.5925925925925926 113.0 148.0 35.0 0.0 610.0 
56.03304708805192 2.7666666666666666 113.0 151.0 39.0 0.0 771.0 
58.0307073299904 2.7666666666666666 112.0 152.0 39.0 0.0 771.0 
60.03304708805192 2.8666666666666667 114.0 154.0 40.0 0.0 799.0 
62.000340131893054 2.838709677419355 114.0 154.0 41.0 0.0 844.0 
64.03304708805192 2.935483870967742 115.0 156.0 42.0 0.0 864.0 
66.03304708805192 3.129032258064516 116.0 160.0 45.0 0.0 892.0 
68.03304708805192 3.125 115.0 162.0 46.0 0.0 953.0 
70.03304708805192 3.1875 115.0 162.0 47.0 0.0 954.0 
72.00489004545169 3.34375 117.0 164.0 49.0 0.0 991.0 
74.03304708805192 3.375 117.0 167.0 50.0 0.0 1005.0 
76.01813148916354 3.4242424242424243 116.0 167.0 51.0 0.0 1078.0 
78.01279473532793 3.5151515151515147 116.0 168.0 53.0 0.0 1098.0 
80.03304708805192 3.4705882352941178 115.0 171.0 55.0 0.0 1186.0 
82.03304708805192 3.4285714285714284 115.0 172.0 56.0 0.0 1263.0 
84.03304708805192 3.4285714285714284 116.0 172.0 56.0 0.0 1263.0 
86.03304708805192 3.4857142857142858 117.0 174.0 57.0 0.0 1282.0 
88.03304708805192 3.4857142857142858 117.0 174.0 57.0 0.0 1282.0 
90.03304708805192 3.4857142857142858 118.0 175.0 57.0 0.0 1282.0 
92.03304708805192 3.4722222222222223 118.0 175.0 58.0 0.0 1364.0 
94.03304708805192 3.513513513513513 118.0 178.0 59.0 0.0 1402.0 
96.03304708805192 3.513513513513513 121.0 180.0 59.0 0.0 1402.0 
98.01313172810488 3.5526315789473686 120.0 180.0 60.0 0.0 1497.0 
100.0135301188568 3.605263157894737 120.0 181.0 61.0 0.0 1516.0 
102.03304708805192 3.666666666666667 120.0 181.0 63.0 0.0 1630.0 
104.02232226524593 10.722222222222221 114.0 182.0 63.0 15.0 3098.0 
106.0032452702214 18.257142857142856 93.0 184.0 64.0 39.0 4899.0 
108.03304708805192 22.528089887640448 71.0 186.0 65.0 64.0 6957.0 
110.03304708805192 24.97196261682243 46.0 188.0 65.0 87.0 8810.0 
112.03304708805192 26.798245614035086 35.0 198.0 65.0 100.0 9742.0 
114.03304708805192 29.557377049180324 29.0 210.0 65.0 119.0 10699.0 
116.03304708805192 31.278688524590162 32.0 221.0 66.0 126.0 10765.0 
118.03304708805192 32.203252032520325 36.0 228.0 66.0 131.0 10969.0 
120.03304708805192 32.9349593495935 36.0 235.0 67.0 134.0 10982.0 
122.00936410963932 33.153225806451616 36.0 240.0 68.0 136.0 11086.0 
124.03304708805192 33.62096774193548 41.0 248.0 68.0 138.0 11096.0 
126.03304708805192 34.304 48.0 258.0 69.0 142.0 11313.0 
128.00420109451426 35.696 50.0 264.0 69.0 148.0 11344.0 
130.006922350631 36.648 56.0 274.0 72.0 152.0 11491.0 
132.03304708805192 36.896 54.0 279.0 73.0 153.0 11529.0 
134.03304708805192 38.056 57.0 287.0 73.0 158.0 11596.0 
136.03304708805192 39.24 60.0 294.0 74.0 163.0 11674.0 
138.01752488156484 39.936 61.0 302.0 74.0 166.0 11719.0 
140.03304708805192 40.192 65.0 309.0 76.0 167.0 11769.0 
142.01325887961355 40.656 67.0 313.0 76.0 169.0 11808.0 
144.03304708805192 40.896 72.0 321.0 77.0 170.0 11829.0 
146.03304708805192 41.624 74.0 327.0 79.0 173.0 11901.0 
148.03304708805192 41.856 77.0 332.0 79.0 174.0 11918.0 
150.03304708805192 43.248000000000005 86.0 340.0 79.0 180.0 11994.0 
152.03304708805192 43.568 80.0 344.0 82.0 181.0 12061.0 
154.03304708805192 44.751999999999995 84.0 351.0 84.0 186.0 12149.0 
156.03304708805192 45.944 81.0 354.0 86.0 191.0 12287.0 
158.03304708805192 45.944 82.0 360.0 86.0 191.0 12287.0 
160.03304708805192 45.944 86.0 364.0 86.0 191.0 12287.0 
162.01629429909377 45.944 93.0 370.0 86.0 191.0 12287.0 
164.03304708805192 45.976 95.0 374.0 88.0 191.0 12302.0 
166.03304708805192 46.016000000000005 100.0 382.0 89.0 191.0 12335.0 
168.0007466140907 46.983999999999995 103.0 389.0 91.0 195.0 12459.0 
170.03304708805192 46.983999999999995 104.0 391.0 91.0 195.0 12459.0 
172.03304708805192 46.983999999999995 105.0 391.0 91.0 195.0 12459.0 
174.01964996825234 47.239999999999995 106.0 394.0 92.0 196.0 12507.0 
176.03304708805192 48.664 104.0 397.0 95.0 202.0 12817.0 
178.03304708805192 49.19199999999999 99.0 399.0 98.0 204.0 12880.0 
180.03271445671007 49.44 99.0 404.0 99.0 205.0 12907.0 
182.03304708805192 50.392 98.0 406.0 101.0 209.0 13089.0 
184.03304708805192 51.096 96.0 411.0 102.0 212.0 13188.0 
186.03304708805192 52.29600000000001 93.0 413.0 103.0 217.0 13338.0 
188.03304708805192 52.29600000000001 94.0 414.0 103.0 217.0 13338.0 
190.03304708805192 52.304 97.0 417.0 104.0 217.0 13374.0 
192.01026584999897 52.36 99.0 420.0 107.0 217.0 13426.0 
194.03304708805192 52.392 97.0 422.0 108.0 217.0 13476.0 
196.03304708805192 52.624 101.0 426.0 108.0 218.0 13535.0 
198.03304708805192 52.856 102.0 429.0 108.0 219.0 13547.0 
200.03304708805192 52.856 103.0 430.0 108.0 219.0 13547.0 
202.03304708805192 52.895999999999994 104.0 433.0 110.0 219.0 13582.0 
204.03304708805192 52.928 105.0 434.0 111.0 219.0 13623.0 
206.03304708805192 52.928 104.0 435.0 111.0 219.0 13623.0 
208.03304708805192 52.93599999999999 107.0 438.0 112.0 219.0 13647.0 
210.03304708805192 53.656 107.0 441.0 114.0 222.0 13791.0 
212.03304708805192 54.592000000000006 106.0 444.0 115.0 226.0 14088.0 
214.0006365257052 56.215999999999994 104.0 446.0 115.0 233.0 14431.0 
216.00104993703457 60.160000000000004 88.0 447.0 115.0 250.0 15296.0 
218.00874972175941 64.352 77.0 450.0 116.0 268.0 16163.0 
220.0145350292462 65.512 70.0 457.0 116.0 273.0 16406.0 
222.03304708805192 67.6 62.0 460.0 116.0 282.0 16807.0 
224.03304708805192 68.296 65.0 463.0 116.0 285.0 16948.0 
226.03304708805192 69.45599999999999 64.0 469.0 116.0 290.0 17337.0 
228.03304708805192 71.8 64.0 477.0 116.0 300.0 18007.0 
230.03304708805192 75.312 55.0 482.0 118.0 315.0 18954.0 
232.03304708805192 77.4 48.0 486.0 118.0 324.0 19126.0 
234.02119764171965 78.096 44.0 489.0 118.0 327.0 19166.0 
236.03304708805192 78.848 45.0 495.0 119.0 330.0 19432.0 
238.03304708805192 81.0 48.0 503.0 120.0 339.0 19773.0 
240.03304708805192 82.856 51.0 516.0 120.0 347.0 20197.0 
242.0009179001004 84.248 52.0 527.0 120.0 353.0 20370.0 
244.03304708805192 85.40799999999999 58.0 536.0 120.0 358.0 20411.0 
246.01441985633252 87.49600000000001 59.0 543.0 120.0 367.0 20535.0 
248.02679817504108 89.38399999999999 56.0 549.0 121.0 375.0 20621.0 
250.01040417783818 90.776 60.0 562.0 121.0 381.0 20674.0 
252.01454394021795 91.96000000000001 60.0 567.0 122.0 386.0 20739.0 
254.03304708805192 92.88799999999999 63.0 574.0 122.0 390.0 20765.0 
256.01706342792284 93.352 70.0 584.0 122.0 392.0 20812.0 
258.03304708805194 94.52000000000001 71.0 588.0 123.0 397.0 20872.0 
260.03304708805194 94.98400000000001 70.0 594.0 123.0 399.0 20875.0 
262.00333029466515 96.16000000000001 72.0 601.0 124.0 404.0 21013.0 
264.01979548078 97.55199999999999 75.0 610.0 124.0 410.0 21116.0 
266.03304708805194 98.24799999999999 84.0 625.0 124.0 413.0 21142.0 
268.0263787856638 98.944 89.0 631.0 124.0 416.0 21159.0 
270.00493019833357 100.576 89.0 635.0 125.0 423.0 21383.0 
272.00371350530406 101.52799999999999 90.0 642.0 126.0 427.0 21461.0 
274.03304708805194 101.52799999999999 91.0 644.0 126.0 427.0 21461.0 
276.0105924754619 101.808 94.0 649.0 128.0 428.0 21537.0 
278.03304708805194 102.50399999999999 96.0 655.0 128.0 431.0 21660.0 
280.0098654620062 103.224 97.0 659.0 129.0 434.0 21697.0 
282.0146672091401 103.52000000000001 96.0 662.0 131.0 435.0 21744.0 
284.03304708805194 104.00800000000001 97.0 664.0 132.0 437.0 21818.0 
286.03304708805194 104.00800000000001 97.0 666.0 132.0 437.0 21818.0 
288.03304708805194 104.47200000000001 100.0 670.0 132.0 439.0 21899.0 
290.03304708805194 106.32800000000002 95.0 673.0 132.0 447.0 22235.0 
292.0308093368045 107.52000000000001 93.0 677.0 133.0 452.0 22370.0 
294.027334912905 108.016 92.0 681.0 134.0 454.0 22420.0 
296.0066910311592 108.016 95.0 684.0 134.0 454.0 22420.0 
298.0207943350449 108.24799999999999 100.0 690.0 134.0 455.0 22466.0 
300.00124790754387 108.712 102.0 692.0 134.0 457.0 22617.0 
302.03304708805194 110.34399999999998 95.0 693.0 135.0 464.0 22964.0 
304.0101827424352 110.60800000000002 95.0 697.0 136.0 465.0 23055.0 
306.03304708805194 110.60800000000002 101.0 703.0 136.0 465.0 23055.0 
308.03304708805194 110.60800000000002 106.0 707.0 136.0 465.0 23055.0 
310.03304708805194 111.31199999999998 106.0 710.0 137.0 468.0 23219.0 
312.0043441413933 112.48799999999999 100.0 712.0 138.0 473.0 23411.0 
314.03304708805194 113.008 102.0 716.0 140.0 475.0 23535.0 
316.0014311362734 113.70400000000001 100.0 718.0 140.0 478.0 23557.0 
318.03304708805194 113.70400000000001 102.0 720.0 140.0 478.0 23557.0 
320.0190487917449 114.68800000000002 100.0 721.0 143.0 482.0 23835.0 
322.03304708805194 116.57599999999998 96.0 725.0 145.0 490.0 24098.0 
324.005681118302 117.55199999999999 92.0 731.0 147.0 494.0 24275.0 
326.0089594993593 119.20800000000001 89.0 736.0 148.0 501.0 24665.0 
328.03304708805194 119.91199999999998 87.0 740.0 149.0 504.0 24831.0 
330.00206522280536 121.76799999999999 90.0 744.0 149.0 512.0 25120.0 
332.03304708805194 123.39199999999998 84.0 748.0 149.0 519.0 25440.0 
334.03304708805194 123.88799999999999 79.0 750.0 150.0 521.0 25586.0 
336.03304708805194 123.88799999999999 83.0 754.0 150.0 521.0 25586.0 
338.00805187812443 125.34399999999998 82.0 760.0 152.0 527.0 25948.0 
340.03304708805194 127.69599999999998 77.0 765.0 153.0 537.0 26388.0 
342.03304708805194 130.48 73.0 769.0 153.0 549.0 26981.0 
344.01800217636594 132.6 65.0 775.0 154.0 558.0 27450.0 
346.03304708805194 134.24799999999996 61.0 781.0 156.0 565.0 27680.0 
348.03304708805194 137.032 54.0 785.0 156.0 577.0 28102.0 
350.03304708805194 137.744 52.0 790.0 157.0 580.0 28384.0 
352.03304708805194 140.528 55.0 796.0 157.0 592.0 28750.0 
354.03304708805194 142.88 46.0 802.0 159.0 602.0 29057.0 
356.03304708805194 145.20800000000003 51.0 817.0 159.0 612.0 29279.0 
358.03304708805194 147.06400000000002 48.0 828.0 159.0 620.0 29478.0 
360.03304708805194 149.848 49.0 837.0 159.0 632.0 29708.0 
362.03101136182653 151.74399999999997 50.0 845.0 160.0 640.0 30158.0 
364.03304708805194 152.67999999999998 47.0 851.0 161.0 644.0 30297.0 
366.03304708805194 154.53599999999997 54.0 866.0 161.0 652.0 30400.0 
368.014685575572 156.624 54.0 876.0 161.0 661.0 30511.0 
370.027539797405 158.52 55.0 887.0 162.0 669.0 30598.0 
372.03304708805194 160.17600000000002 59.0 897.0 163.0 676.0 30642.0 
374.0159585999679 161.192 63.0 909.0 164.0 680.0 30709.0 
376.03304708805194 162.12800000000001 66.0 913.0 165.0 684.0 30746.0 
378.02183979629706 162.592 73.0 923.0 165.0 686.0 30755.0 
380.03304708805194 163.784 76.0 934.0 166.0 691.0 30849.0 
382.02024650352473 166.36 74.0 942.0 168.0 702.0 31008.0 
384.0073124033137 166.64 78.0 950.0 170.0 703.0 31044.0 
386.03304708805194 167.36800000000002 79.0 956.0 171.0 706.0 31104.0 
388.03304708805194 167.832 86.0 964.0 171.0 708.0 31122.0 
390.03304708805194 168.312 87.0 969.0 172.0 710.0 31214.0 
392.00117986054096 169.27200000000002 89.0 973.0 173.0 714.0 31332.0 
394.01718912861276 171.592 82.0 976.0 173.0 724.0 31569.0 
396.03304708805194 172.98399999999998 78.0 981.0 173.0 730.0 31691.0 
398.03304708805194 173.472 79.0 984.0 174.0 732.0 31740.0 
400.03304708805194 174.17600000000002 80.0 991.0 175.0 735.0 31808.0 
402.03304708805194 175.10399999999998 86.0 1000.0 175.0 739.0 31839.0 
404.03304708805194 175.336 91.0 1008.0 175.0 740.0 31840.0 
406.03304708805194 175.4 94.0 1014.0 178.0 740.0 31904.0 
408.03304708805194 176.096 98.0 1017.0 178.0 743.0 31931.0 
410.03304708805194 176.36800000000002 98.0 1019.0 179.0 744.0 31980.0 
412.03304708805194 177.29599999999996 98.0 1026.0 179.0 748.0 32142.0 
414.00648697205577 177.528 100.0 1028.0 179.0 749.0 32153.0 
416.03304708805194 178.24 99.0 1029.0 181.0 752.0 32261.0 
418.0152465737603 179.41600000000003 98.0 1034.0 182.0 757.0 32429.0 
420.03304708805194 180.112 96.0 1039.0 182.0 760.0 32483.0 
422.03304708805194 180.144 97.0 1041.0 184.0 760.0 32520.0 
424.01391215303823 180.16 97.0 1042.0 185.0 760.0 32557.0 
426.03304708805194 180.64000000000001 96.0 1045.0 186.0 762.0 32586.0 
428.03304708805194 182.26399999999998 98.0 1047.0 186.0 769.0 32836.0 
430.03304708805194 183.22400000000002 92.0 1052.0 188.0 773.0 33022.0 
432.01883301513607 184.16 93.0 1056.0 189.0 777.0 33211.0 
434.01174938893257 185.10399999999998 90.0 1062.0 191.0 781.0 33365.0 
436.01445465257234 186.288 91.0 1065.0 192.0 786.0 33458.0 
438.03304708805194 186.304 89.0 1068.0 193.0 786.0 33478.0 
440.03304708805194 187.032 89.0 1072.0 194.0 789.0 33544.0 
442.03304708805194 188.192 86.0 1075.0 194.0 794.0 33727.0 
444.03304577181075 188.472 89.0 1078.0 195.0 795.0 33776.0 
446.03304708805194 188.95999999999998 92.0 1083.0 196.0 797.0 33915.0 
448.03304708805194 189.216 89.0 1085.0 198.0 798.0 34011.0 
450.03304708805194 189.92 90.0 1088.0 199.0 801.0 34175.0 
452.03304708805194 190.384 91.0 1093.0 199.0 803.0 34309.0 
454.03304708805194 192.472 87.0 1096.0 199.0 812.0 34690.0 
456.01872081608605 194.56000000000003 85.0 1100.0 199.0 821.0 35028.0 
458.03304708805194 196.192 79.0 1102.0 200.0 828.0 35381.0 
460.03304708805194 199.67199999999997 63.0 1108.0 200.0 843.0 36002.0 
462.03304708805194 202.68799999999996 62.0 1114.0 200.0 856.0 36457.0 
464.0046716916637 203.4 60.0 1119.0 202.0 859.0 36493.0 
466.03304708805194 204.568 55.0 1123.0 203.0 864.0 36716.0 
468.03304708805194 207.12000000000003 57.0 1130.0 203.0 875.0 37063.0 
470.03304708805194 208.97599999999997 52.0 1137.0 203.0 883.0 37481.0 
472.03304708805194 211.312 55.0 1148.0 203.0 893.0 38089.0 
474.01069664708706 214.32800000000003 51.0 1158.0 203.0 906.0 38289.0 
476.03304708805194 216.41600000000003 52.0 1168.0 203.0 915.0 38523.0 
478.03304708805194 218.73600000000002 51.0 1181.0 203.0 925.0 38688.0 
480.0243949804305 220.62399999999997 52.0 1188.0 205.0 933.0 38873.0 
482.03304708805194 221.78399999999996 57.0 1198.0 205.0 938.0 39092.0 
484.0100251048352 223.40800000000002 53.0 1203.0 205.0 945.0 39145.0 
486.03304708805194 224.144 56.0 1210.0 207.0 948.0 39185.0 
488.03304708805194 224.62399999999997 59.0 1218.0 208.0 950.0 39348.0 
490.03304708805194 226.51200000000003 63.0 1226.0 209.0 958.0 39486.0 
492.03304708805194 227.0 62.0 1232.0 210.0 960.0 39509.0 
494.03304708805194 228.648 63.0 1242.0 210.0 967.0 39736.0 
496.03304708805194 229.144 68.0 1249.0 212.0 969.0 39777.0 
498.03304708805194 229.376 72.0 1256.0 212.0 970.0 39878.0 
500.02726014342556 231.0 77.0 1264.0 212.0 977.0 39952.0 
502.03304708805194 231.304 78.0 1271.0 215.0 978.0 40036.0 
504.0174228934083 233.39199999999997 78.0 1277.0 215.0 987.0 40131.0 
506.03304708805194 234.32000000000002 77.0 1280.0 215.0 991.0 40181.0 
508.03304708805194 234.8 79.0 1287.0 216.0 993.0 40219.0 
510.0193415163585 237.12 86.0 1300.0 216.0 1003.0 40431.0 
512.033047088052 237.12 83.0 1302.0 216.0 1003.0 40431.0 
514.033047088052 239.696 81.0 1308.0 217.0 1014.0 40781.0 
516.0291910066038 240.856 81.0 1316.0 217.0 1019.0 40927.0 
518.0038217164304 241.568 82.0 1321.0 218.0 1022.0 40977.0 
520.033047088052 241.58399999999997 92.0 1332.0 219.0 1022.0 40977.0 
522.033047088052 241.832 93.0 1335.0 220.0 1023.0 40998.0 
524.033047088052 242.06400000000002 93.0 1340.0 220.0 1024.0 41007.0 
526.033047088052 242.06400000000002 96.0 1340.0 220.0 1024.0 41007.0 
528.033047088052 242.32800000000003 97.0 1342.0 224.0 1025.0 41116.0 
530.033047088052 243.95999999999998 93.0 1346.0 225.0 1032.0 41271.0 
532.033047088052 244.192 90.0 1348.0 225.0 1033.0 41293.0 
534.0139197356807 246.288 86.0 1351.0 226.0 1042.0 41542.0 
536.033047088052 247.256 83.0 1357.0 227.0 1046.0 41707.0 
538.033047088052 248.43999999999997 85.0 1362.0 229.0 1051.0 41927.0 
540.033047088052 248.904 81.0 1364.0 229.0 1053.0 42043.0 
542.033047088052 250.552 79.0 1365.0 230.0 1060.0 42236.0 
544.033047088052 252.192 73.0 1370.0 231.0 1067.0 42396.0 
546.033047088052 254.76 72.0 1381.0 232.0 1078.0 42715.0 
548.033047088052 254.76 74.0 1384.0 232.0 1078.0 42715.0 
550.033047088052 254.99200000000002 77.0 1389.0 232.0 1079.0 42784.0 
552.0248972751386 255.94400000000002 79.0 1393.0 233.0 1083.0 43016.0 
554.033047088052 255.96800000000002 77.0 1395.0 234.0 1083.0 43034.0 
556.033047088052 255.96800000000002 81.0 1401.0 234.0 1083.0 43034.0 
558.033047088052 256.472 85.0 1406.0 235.0 1085.0 43095.0 
560.033047088052 256.76 87.0 1410.0 238.0 1086.0 43140.0 
562.033047088052 257.688 85.0 1412.0 238.0 1090.0 43230.0 
564.0214352332401 257.752 89.0 1419.0 241.0 1090.0 43381.0 
566.033047088052 258.68 87.0 1424.0 241.0 1094.0 43641.0 
568.033047088052 259.376 90.0 1428.0 241.0 1097.0 43777.0 
570.033047088052 261.248 90.0 1434.0 243.0 1105.0 44106.0 
572.0137974436384 263.592 81.0 1440.0 245.0 1115.0 44526.0 
574.033047088052 266.144 76.0 1444.0 245.0 1126.0 44763.0 
576.0102163926396 267.088 76.0 1451.0 247.0 1130.0 44950.0 
578.033047088052 268.72 78.0 1460.0 248.0 1137.0 45183.0 
580.0222946563958 271.736 71.0 1467.0 248.0 1150.0 45657.0 
582.033047088052 275.008 66.0 1474.0 250.0 1164.0 45924.0 
584.033047088052 275.93600000000004 59.0 1478.0 250.0 1168.0 45961.0 
586.033047088052 276.64 62.0 1487.0 251.0 1171.0 46082.0 
588.033047088052 277.384 69.0 1493.0 253.0 1174.0 46151.0 
590.033047088052 278.312 69.0 1503.0 253.0 1178.0 46169.0 
592.033047088052 279.304 73.0 1506.0 254.0 1182.0 46304.0 
594.033047088052 280.736 71.0 1511.0 255.0 1188.0 46587.0 
596.0246460190607 283.768 71.0 1521.0 256.0 1201.0 46860.0 
598.0120543841413 284.928 65.0 1527.0 256.0 1206.0 46891.0 
600.0180545883668 287.03200000000004 62.0 1535.0 257.0 1215.0 47091.0 
602.033047088052 288.656 68.0 1545.0 257.0 1222.0 47431.0 
604.033047088052 291.232 66.0 1557.0 259.0 1233.0 47908.0 
606.033047088052 292.64 63.0 1564.0 260.0 1239.0 47974.0 
608.033047088052 294.72799999999995 66.0 1573.0 260.0 1248.0 48030.0 
610.0251779073187 294.736 67.0 1577.0 261.0 1248.0 48044.0 
612.033047088052 297.752 68.0 1587.0 261.0 1261.0 48277.0 
614.033047088052 300.336 64.0 1598.0 262.0 1272.0 48437.0 
616.0110526940598 300.8 66.0 1603.0 262.0 1274.0 48539.0 
618.0235302638495 301.72799999999995 74.0 1616.0 262.0 1278.0 48546.0 
620.033047088052 302.88800000000003 81.0 1626.0 262.0 1283.0 48729.0 
622.033047088052 304.55199999999996 81.0 1631.0 264.0 1290.0 48953.0 
624.0087025412058 305.976 77.0 1637.0 265.0 1296.0 49013.0 
626.033047088052 307.83200000000005 74.0 1642.0 265.0 1304.0 49279.0 
628.0097960279667 309.288 73.0 1651.0 267.0 1310.0 49475.0 
630.033047088052 309.528 76.0 1657.0 268.0 1311.0 49488.0 
632.033047088052 309.992 79.0 1658.0 268.0 1313.0 49500.0 
634.0215574906755 310.944 80.0 1664.0 271.0 1317.0 49674.0 
636.033047088052 312.11199999999997 76.0 1668.0 272.0 1322.0 49783.0 
638.0042902315494 312.576 76.0 1673.0 272.0 1324.0 49834.0 
640.033047088052 312.576 80.0 1676.0 272.0 1324.0 49834.0 
642.033047088052 313.512 79.0 1682.0 273.0 1328.0 49979.0 
644.033047088052 313.512 85.0 1689.0 273.0 1328.0 49979.0 
646.033047088052 313.976 93.0 1696.0 273.0 1330.0 50004.0 
648.033047088052 316.528 93.0 1700.0 273.0 1341.0 50159.0 
650.0294271743277 317.27200000000005 86.0 1702.0 274.0 1344.0 50321.0 
652.0007648404204 318.0 85.0 1704.0 276.0 1347.0 50503.0 
654.033047088052 318.696 80.0 1709.0 276.0 1350.0 50595.0 
656.033047088052 319.15999999999997 86.0 1712.0 276.0 1352.0 50639.0 
658.033047088052 320.8 85.0 1721.0 278.0 1359.0 50944.0 
660.0079735518104 321.496 89.0 1730.0 278.0 1362.0 51031.0 
662.033047088052 321.72799999999995 94.0 1736.0 278.0 1363.0 51032.0 
664.033047088052 322.432 98.0 1743.0 279.0 1366.0 51100.0 
666.033047088052 323.36800000000005 96.0 1747.0 280.0 1370.0 51198.0 
668.033047088052 326.152 95.0 1752.0 280.0 1382.0 51473.0 
670.009383657278 326.864 88.0 1753.0 282.0 1385.0 51592.0 
672.000430481904 327.328 87.0 1757.0 282.0 1387.0 51617.0 
674.033047088052 327.576 89.0 1759.0 283.0 1388.0 51647.0 
676.0153018972964 328.512 87.0 1765.0 284.0 1392.0 51805.0 
678.0031803434837 328.74399999999997 92.0 1768.0 284.0 1393.0 51897.0 
680.033047088052 331.296 88.0 1772.0 285.0 1404.0 52382.0 
682.033047088052 331.76 86.0 1778.0 285.0 1406.0 52439.0 
684.033047088052 332.72 88.0 1783.0 287.0 1410.0 52543.0 
686.0329179247666 333.0 87.0 1787.0 289.0 1411.0 52711.0 
688.033047088052 334.392 90.0 1795.0 289.0 1417.0 53043.0 
690.033047088052 335.79200000000003 88.0 1798.0 290.0 1423.0 53250.0 
692.0094783368875 337.672 79.0 1800.0 291.0 1431.0 53548.0 
694.0208521601085 340.45599999999996 72.0 1808.0 291.0 1443.0 53977.0 
696.033047088052 341.87199999999996 72.0 1812.0 293.0 1449.0 54060.0 
698.033047088052 343.26399999999995 75.0 1821.0 293.0 1455.0 54213.0 
700.033047088052 345.84000000000003 70.0 1830.0 294.0 1466.0 54538.0 
702.033047088052 348.4 66.0 1837.0 294.0 1477.0 54911.0 
704.033047088052 351.67999999999995 64.0 1843.0 295.0 1491.0 55598.0 
706.033047088052 353.304 61.0 1850.0 295.0 1498.0 55785.0 
708.033047088052 354.97599999999994 59.0 1860.0 297.0 1505.0 55916.0 
710.033047088052 356.64000000000004 61.0 1870.0 298.0 1512.0 55954.0 
712.033047088052 358.26399999999995 64.0 1877.0 298.0 1519.0 56153.0 
714.033047088052 360.12000000000006 61.0 1885.0 298.0 1527.0 56325.0 
716.033047088052 363.6 58.0 1895.0 298.0 1542.0 56580.0 
718.0314164749477 364.76 59.0 1906.0 298.0 1547.0 56675.0 
720.0232985030866 365.72 65.0 1915.0 299.0 1551.0 56906.0 
722.033047088052 366.88 65.0 1918.0 299.0 1556.0 57078.0 
724.033047088052 368.288 66.0 1926.0 301.0 1562.0 57118.0 
726.033047088052 368.53599999999994 65.0 1930.0 302.0 1563.0 57152.0 
728.033047088052 369.232 69.0 1939.0 302.0 1566.0 57269.0 
730.033047088052 371.088 75.0 1950.0 302.0 1574.0 57488.0 
732.033047088052 373.41600000000005 74.0 1952.0 302.0 1584.0 57700.0 
734.0021290343765 374.11199999999997 72.0 1959.0 302.0 1587.0 57784.0 
736.033047088052 375.056 73.0 1968.0 303.0 1591.0 57882.0 
738.033047088052 375.752 73.0 1971.0 303.0 1594.0 57995.0 
740.033047088052 376.44800000000004 77.0 1977.0 303.0 1597.0 58019.0 
742.033047088052 376.696 84.0 1984.0 304.0 1598.0 58045.0 
744.025312779429 377.184 84.0 1988.0 305.0 1600.0 58078.0 
746.0093107789313 378.592 88.0 1997.0 306.0 1606.0 58225.0 
748.033047088052 380.216 87.0 2005.0 306.0 1613.0 58354.0 
750.033047088052 380.912 86.0 2009.0 306.0 1616.0 58367.0 
752.0117701746909 381.84000000000003 84.0 2012.0 306.0 1620.0 58459.0 
754.033047088052 382.088 85.0 2014.0 308.0 1621.0 58501.0 
756.033047088052 382.35999999999996 87.0 2017.0 309.0 1622.0 58574.0 
758.033047088052 384.008 87.0 2021.0 310.0 1629.0 58887.0 
760.019446320189 385.216 82.0 2025.0 312.0 1634.0 59163.0 
762.033047088052 388.24 74.0 2032.0 312.0 1647.0 59521.0 
764.033047088052 390.56 73.0 2039.0 312.0 1657.0 59877.0 
766.033047088052 391.25600000000003 74.0 2048.0 312.0 1660.0 59934.0 
768.033047088052 393.11199999999997 79.0 2054.0 312.0 1668.0 60038.0 
770.033047088052 394.504 77.0 2062.0 312.0 1674.0 60189.0 
772.033047088052 394.768 75.0 2063.0 313.0 1675.0 60221.0 
774.0009408166003 395.0 79.0 2068.0 313.0 1676.0 60265.0 
776.024833103755 395.08000000000004 79.0 2074.0 315.0 1676.0 60362.0 
778.033047088052 396.03200000000004 87.0 2081.0 317.0 1680.0 60436.0 
780.0080097460731 399.28 83.0 2083.0 317.0 1694.0 60591.0 
782.033047088052 399.752 73.0 2085.0 318.0 1696.0 60650.0 
784.033047088052 401.152 74.0 2090.0 319.0 1702.0 60861.0 
786.0164286274475 401.408 70.0 2096.0 320.0 1703.0 60898.0 
788.033047088052 403.74399999999997 69.0 2100.0 321.0 1713.0 61351.0 
790.0224613526063 405.624 64.0 2104.0 322.0 1721.0 61635.0 
792.033047088052 406.624 60.0 2111.0 324.0 1725.0 61824.0 
794.033047088052 407.088 65.0 2116.0 324.0 1727.0 61911.0 
796.033047088052 408.03200000000004 66.0 2123.0 325.0 1731.0 62107.0 
798.033047088052 410.35200000000003 67.0 2129.0 325.0 1741.0 62328.0 
800.0163685902407 410.816 69.0 2136.0 325.0 1743.0 62339.0 
802.028091276942 412.45599999999996 71.0 2145.0 326.0 1750.0 62555.0 
804.0093517300552 414.54400000000004 73.0 2161.0 326.0 1759.0 62914.0 
806.033047088052 415.26399999999995 76.0 2166.0 329.0 1762.0 63037.0 
808.033047088052 416.88800000000003 83.0 2178.0 329.0 1769.0 63105.0 
810.033047088052 417.856 82.0 2183.0 331.0 1773.0 63240.0 
812.033047088052 420.192 79.0 2189.0 332.0 1783.0 63472.0 
814.033047088052 421.12800000000004 71.0 2194.0 333.0 1787.0 63594.0 
816.033047088052 421.592 78.0 2199.0 333.0 1789.0 63617.0 
818.033047088052 422.52 77.0 2202.0 333.0 1793.0 63671.0 
820.033047088052 424.63199999999995 86.0 2218.0 334.0 1802.0 63905.0 
822.0096901117613 426.02400000000006 84.0 2223.0 334.0 1808.0 64079.0 
824.033047088052 428.144 77.0 2225.0 334.0 1817.0 64269.0 
826.033047088052 430.28 80.0 2234.0 335.0 1826.0 64430.0 
828.033047088052 431.93600000000004 71.0 2241.0 337.0 1833.0 64557.0 
830.0322980791432 434.07199999999995 71.0 2250.0 339.0 1842.0 64698.0 
832.0310571761133 436.64799999999997 74.0 2257.0 340.0 1853.0 65126.0 
834.033047088052 438.784 65.0 2263.0 342.0 1862.0 65297.0 
836.033047088052 440.408 62.0 2269.0 342.0 1869.0 65428.0 
838.033047088052 441.8 64.0 2279.0 342.0 1875.0 65464.0 
840.033047088052 442.74399999999997 59.0 2282.0 344.0 1879.0 65548.0 
842.033047088052 444.152 64.0 2291.0 345.0 1885.0 65669.0 
844.033047088052 445.08000000000004 66.0 2300.0 345.0 1889.0 65804.0 
846.033047088052 445.35200000000003 71.0 2307.0 347.0 1890.0 65869.0 
848.0316559200982 446.06399999999996 73.0 2313.0 348.0 1893.0 65949.0 
850.0165967302489 448.87199999999996 70.0 2321.0 350.0 1905.0 66240.0 
852.033047088052 451.432 70.0 2334.0 351.0 1916.0 66506.0 
854.033047088052 451.672 72.0 2344.0 352.0 1917.0 66522.0 
856.033047088052 453.76 81.0 2355.0 352.0 1926.0 66584.0 
858.033047088052 454.28000000000003 74.0 2356.0 355.0 1928.0 66707.0 
860.033047088052 454.74399999999997 73.0 2362.0 355.0 1930.0 66720.0 
862.0014622762155 454.98400000000004 81.0 2370.0 356.0 1931.0 66739.0 
864.033047088052 456.608 88.0 2379.0 356.0 1938.0 66819.0 
866.0224295287468 458.01599999999996 80.0 2380.0 357.0 1944.0 66955.0 
868.0155864893479 458.512 82.0 2386.0 358.0 1946.0 67034.0 
870.033047088052 459.0 83.0 2388.0 359.0 1948.0 67107.0 
872.033047088052 462.01599999999996 79.0 2392.0 359.0 1961.0 67576.0 
874.033047088052 463.424 69.0 2398.0 360.0 1967.0 67889.0 
876.033047088052 464.816 75.0 2404.0 360.0 1973.0 68118.0 
878.033047088052 465.512 80.0 2415.0 360.0 1976.0 68165.0 
880.033047088052 465.752 83.0 2422.0 361.0 1977.0 68217.0 
882.033047088052 466.45599999999996 86.0 2426.0 362.0 1980.0 68285.0 
884.0064410985716 467.16799999999995 89.0 2433.0 363.0 1983.0 68328.0 
886.033047088052 469.08000000000004 88.0 2440.0 367.0 1991.0 68496.0 
888.033047088052 471.632 81.0 2445.0 367.0 2002.0 68850.0 
890.033047088052 472.79200000000003 76.0 2453.0 367.0 2007.0 68882.0 
892.0007764875514 472.79200000000003 85.0 2461.0 367.0 2007.0 68882.0 
894.033047088052 473.488 91.0 2467.0 367.0 2010.0 68943.0 
896.033047088052 475.6 90.0 2473.0 368.0 2019.0 69146.0 
898.0205089439726 475.83200000000005 90.0 2479.0 368.0 2020.0 69166.0 
900.0040739054485 480.488 81.0 2481.0 369.0 2040.0 69608.0 
#####################################################################
# End of data export. Simulation finished at: 2020-01-25T23:07+0000 #
#####################################################################
