#####################################################################
# Alchemist log file - simulation started at: 2020-02-06T09:04+0000 #
#####################################################################
# seed = 58.0, taskFrequency = 0.01778, cloudcost = 2.0, algorithm = false
#
# The columns have the following meaning: 
# time taskHops[Mean] hasTask[Sum] tasks[Sum] completedTasks[Sum] giveupTasks[Sum] taskLatency[Sum] 
0.0 NaN 0.0 0.0 0.0 0.0 0.0 
2.0046746703964566 NaN 4.0 5.0 0.0 0.0 0.0 
4.004674670396456 NaN 9.0 12.0 0.0 0.0 0.0 
6.004674670396456 NaN 14.0 14.0 0.0 0.0 0.0 
8.004674670396456 NaN 16.0 16.0 0.0 0.0 0.0 
10.004674670396456 NaN 19.0 20.0 0.0 0.0 0.0 
12.004674670396456 NaN 23.0 23.0 0.0 0.0 0.0 
14.004674670396456 NaN 24.0 24.0 0.0 0.0 0.0 
16.004674670396454 NaN 28.0 32.0 0.0 0.0 0.0 
18.004674670396454 NaN 33.0 33.0 0.0 0.0 0.0 
20.004674670396454 NaN 37.0 38.0 0.0 0.0 0.0 
22.004674670396454 NaN 39.0 39.0 0.0 0.0 0.0 
24.004674670396454 NaN 41.0 42.0 0.0 0.0 0.0 
26.004674670396454 NaN 44.0 46.0 0.0 0.0 0.0 
28.004674670396454 NaN 46.0 49.0 0.0 0.0 0.0 
30.004674670396454 NaN 49.0 51.0 0.0 0.0 0.0 
32.004674670396454 NaN 53.0 54.0 0.0 0.0 0.0 
34.004674670396454 NaN 55.0 55.0 0.0 0.0 0.0 
36.004674670396454 NaN 56.0 57.0 0.0 0.0 0.0 
38.004674670396454 NaN 60.0 60.0 0.0 0.0 0.0 
40.004674670396454 NaN 62.0 63.0 0.0 0.0 0.0 
42.004674670396454 NaN 64.0 65.0 0.0 0.0 0.0 
44.004674670396454 NaN 65.0 65.0 0.0 0.0 0.0 
46.004674670396454 NaN 66.0 66.0 0.0 0.0 0.0 
48.004674670396454 NaN 67.0 67.0 0.0 0.0 0.0 
50.004674670396454 NaN 70.0 70.0 0.0 0.0 0.0 
52.004674670396454 NaN 70.0 70.0 0.0 0.0 0.0 
54.004674670396454 NaN 71.0 71.0 0.0 0.0 0.0 
56.004674670396454 NaN 71.0 71.0 0.0 0.0 0.0 
58.004674670396454 NaN 74.0 75.0 0.0 0.0 0.0 
60.004674670396454 NaN 77.0 78.0 0.0 0.0 0.0 
62.004674670396454 NaN 81.0 81.0 0.0 0.0 0.0 
64.00467467039645 NaN 82.0 82.0 0.0 0.0 0.0 
66.00467467039645 NaN 83.0 84.0 0.0 0.0 0.0 
68.00467467039645 NaN 84.0 84.0 0.0 0.0 0.0 
70.00467467039645 NaN 86.0 86.0 0.0 0.0 0.0 
72.00467467039645 NaN 86.0 86.0 0.0 0.0 0.0 
74.00467467039645 NaN 87.0 88.0 0.0 0.0 0.0 
76.00467467039645 NaN 88.0 88.0 0.0 0.0 0.0 
78.00467467039645 NaN 89.0 91.0 0.0 0.0 0.0 
80.00467467039645 NaN 91.0 91.0 0.0 0.0 0.0 
82.00467467039645 NaN 91.0 91.0 0.0 0.0 0.0 
84.00467467039645 NaN 94.0 94.0 0.0 0.0 0.0 
86.00467467039645 NaN 94.0 94.0 0.0 0.0 0.0 
88.00467467039645 NaN 94.0 94.0 0.0 0.0 0.0 
90.00467467039645 NaN 94.0 95.0 0.0 0.0 0.0 
92.00467467039645 NaN 96.0 96.0 0.0 0.0 0.0 
94.00467467039645 NaN 96.0 96.0 0.0 0.0 0.0 
96.00467467039645 NaN 96.0 96.0 0.0 0.0 0.0 
98.00467467039645 NaN 96.0 96.0 0.0 0.0 0.0 
100.00467467039645 NaN 97.0 97.0 0.0 0.0 0.0 
102.00467467039645 NaN 100.0 100.0 0.0 0.0 0.0 
104.00467467039645 2.0 100.0 101.0 0.0 2.0 204.0 
106.00467467039645 2.0 98.0 101.0 0.0 4.0 410.0 
108.00467467039645 2.0 95.0 101.0 0.0 7.0 724.0 
110.00467467039645 2.0 93.0 101.0 0.0 8.0 829.0 
112.00467467039645 2.0 93.0 102.0 0.0 13.0 1349.0 
114.00467467039645 2.0 89.0 105.0 0.0 17.0 1763.0 
116.00467467039645 2.0 88.0 106.0 0.0 18.0 1877.0 
118.00467467039645 2.0 88.0 108.0 0.0 22.0 2297.0 
120.00467467039645 2.0 82.0 108.0 0.0 27.0 2813.0 
122.00467467039645 2.0 80.0 109.0 0.0 32.0 3332.0 
124.00467467039645 2.0 75.0 109.0 0.0 35.0 3645.0 
126.00467467039645 2.0 74.0 113.0 0.0 38.0 3970.0 
128.00467467039647 2.0 75.0 114.0 0.0 40.0 4175.0 
130.00467467039647 2.0 73.0 115.0 0.0 42.0 4381.0 
132.00467467039647 2.0 70.0 116.0 0.0 45.0 4690.0 
134.00467467039647 2.0 69.0 117.0 0.0 49.0 5100.0 
136.00401519855555 2.0 66.0 117.0 0.0 51.0 5333.0 
138.00467467039647 2.0 67.0 120.0 0.0 53.0 5548.0 
140.00467467039647 2.0 65.0 121.0 1.0 57.0 5972.0 
142.00467467039647 2.0 63.0 121.0 1.0 59.0 6177.0 
144.00467467039647 2.0 61.0 123.0 1.0 60.0 6280.0 
146.00467467039647 2.0 62.0 125.0 1.0 61.0 6383.0 
148.00467467039647 2.0 63.0 126.0 1.0 62.0 6485.0 
150.00467467039647 2.0 63.0 126.0 1.0 63.0 6587.0 
152.00467467039647 2.0 65.0 129.0 1.0 66.0 6895.0 
154.00467467039647 2.0 62.0 129.0 1.0 66.0 6895.0 
156.00467467039647 2.0 61.0 130.0 1.0 67.0 6997.0 
158.00467467039647 2.0 62.0 130.0 1.0 67.0 6997.0 
160.00467467039647 2.0 63.0 132.0 1.0 69.0 7201.0 
162.00467467039647 2.0 62.0 135.0 1.0 72.0 7509.0 
164.00467467039647 2.0 63.0 139.0 1.0 75.0 7816.0 
166.00467467039647 2.0 63.0 141.0 1.0 76.0 7919.0 
168.00467467039647 2.0 63.0 141.0 1.0 77.0 8021.0 
170.00467467039647 2.0 63.0 143.0 1.0 78.0 8124.0 
172.00467467039647 2.0 66.0 146.0 1.0 79.0 8226.0 
174.00467467039647 2.0 66.0 146.0 1.0 79.0 8226.0 
176.00467467039647 2.0 66.0 146.0 1.0 80.0 8329.0 
178.00467467039647 2.0 64.0 146.0 1.0 81.0 8432.0 
180.00467467039647 2.0 66.0 149.0 1.0 81.0 8432.0 
182.00467467039647 2.0 66.0 150.0 1.0 83.0 8638.0 
184.00467467039647 2.0 67.0 152.0 1.0 83.0 8638.0 
186.00467467039647 2.0 67.0 153.0 1.0 86.0 8945.0 
188.00467467039647 2.0 66.0 153.0 1.0 86.0 8945.0 
190.00467467039647 2.0 66.0 153.0 1.0 86.0 8945.0 
192.00467467039647 2.0 66.0 153.0 1.0 86.0 8945.0 
194.00467467039647 2.0 67.0 155.0 1.0 88.0 9151.0 
196.00467467039647 2.0 68.0 157.0 1.0 89.0 9269.0 
198.00467467039647 2.0 67.0 158.0 1.0 89.0 9269.0 
200.00467467039647 2.0 68.0 159.0 1.0 89.0 9269.0 
202.00467467039647 2.0 69.0 160.0 1.0 90.0 9371.0 
204.00467467039647 2.0 67.0 161.0 1.0 93.0 9678.0 
206.00467467039647 2.0 66.0 161.0 1.0 94.0 9780.0 
208.00467467039647 2.0 66.0 161.0 1.0 94.0 9780.0 
210.00467467039647 2.0 67.0 162.0 1.0 94.0 9780.0 
212.00467467039647 2.0 67.0 162.0 1.0 94.0 9780.0 
214.00467467039647 2.0 68.0 164.0 1.0 95.0 9882.0 
216.00467467039647 2.0416666666666665 68.0 165.0 1.0 98.0 10188.0 
218.00467467039647 2.0625 65.0 166.0 1.0 99.0 10290.0 
220.00467467039647 2.0618556701030926 66.0 167.0 1.0 100.0 10392.0 
222.00467467039647 2.0618556701030926 66.0 167.0 1.0 100.0 10392.0 
224.00467467039647 2.061224489795918 67.0 169.0 1.0 101.0 10495.0 
226.00467467039647 2.061224489795918 67.0 169.0 1.0 101.0 10495.0 
228.00467467039647 2.06 65.0 169.0 1.0 103.0 10699.0 
230.00467467039647 2.058252427184466 63.0 169.0 1.0 106.0 11129.0 
232.00467467039647 2.0776699029126213 63.0 170.0 1.0 107.0 11232.0 
234.00467467039647 2.0776699029126213 62.0 170.0 1.0 107.0 11232.0 
236.00467467039647 2.116504854368932 64.0 173.0 1.0 109.0 11438.0 
238.00467467039647 2.116504854368932 65.0 175.0 1.0 109.0 11438.0 
240.00467467039647 2.1346153846153846 64.0 175.0 1.0 111.0 11642.0 
242.00467467039647 2.1538461538461537 64.0 178.0 1.0 112.0 11745.0 
244.00467467039647 2.1538461538461537 67.0 181.0 1.0 112.0 11745.0 
246.00467467039647 2.173076923076923 68.0 184.0 1.0 113.0 11847.0 
248.00467467039647 2.188679245283019 70.0 185.0 1.0 116.0 12287.0 
250.00467467039647 2.2264150943396226 67.0 187.0 1.0 118.0 12492.0 
252.00467467039647 2.2242990654205608 68.0 188.0 1.0 119.0 12702.0 
254.00467467039647 2.220183486238532 69.0 189.0 1.0 121.0 12907.0 
256.00467467039647 2.220183486238532 68.0 191.0 1.0 121.0 12907.0 
258.00467467039647 2.2181818181818183 70.0 192.0 1.0 122.0 13095.0 
260.00467467039647 2.2181818181818183 72.0 195.0 1.0 122.0 13095.0 
262.00467467039647 2.2545454545454544 71.0 195.0 1.0 124.0 13300.0 
264.00467467039647 2.290909090909091 69.0 195.0 1.0 126.0 13505.0 
266.00467467039647 2.3636363636363638 68.0 197.0 1.0 130.0 13916.0 
268.00467467039647 2.378378378378378 66.0 198.0 1.0 132.0 14170.0 
270.00467467039647 2.3928571428571432 64.0 199.0 1.0 134.0 14376.0 
272.00467467039647 2.4107142857142856 65.0 200.0 1.0 135.0 14479.0 
274.00467467039647 2.4601769911504423 63.0 200.0 1.0 139.0 14890.0 
276.00467467039647 2.4601769911504423 61.0 202.0 1.0 139.0 14890.0 
278.00467467039647 2.4601769911504423 63.0 203.0 1.0 139.0 14890.0 
280.00467467039647 2.4601769911504423 64.0 204.0 1.0 139.0 14890.0 
282.00467467039647 2.47787610619469 64.0 204.0 1.0 140.0 14992.0 
284.00467467039647 2.513274336283186 65.0 207.0 1.0 142.0 15197.0 
286.00467467039647 2.5309734513274336 64.0 208.0 1.0 143.0 15299.0 
288.00467467039647 2.5438596491228074 64.0 209.0 1.0 145.0 15505.0 
290.00467467039647 2.5438596491228074 64.0 210.0 1.0 145.0 15505.0 
292.00467467039647 2.5438596491228074 65.0 211.0 1.0 145.0 15505.0 
294.00467467039647 2.5438596491228074 66.0 213.0 1.0 145.0 15505.0 
296.00467467039647 2.578947368421052 67.0 215.0 1.0 147.0 15710.0 
298.00467467039647 2.591304347826087 67.0 216.0 1.0 149.0 15915.0 
300.00467467039647 2.591304347826087 67.0 217.0 1.0 149.0 15915.0 
302.00467467039647 2.608695652173913 66.0 217.0 1.0 150.0 16018.0 
304.00467467039647 2.6434782608695655 67.0 220.0 1.0 152.0 16224.0 
306.00467467039647 2.6434782608695655 67.0 220.0 1.0 152.0 16224.0 
308.00467467039647 2.6608695652173915 66.0 220.0 1.0 153.0 16327.0 
310.00467467039647 2.6608695652173915 66.0 220.0 1.0 153.0 16327.0 
312.00467467039647 2.678260869565217 65.0 222.0 1.0 154.0 16429.0 
314.00467467039647 2.678260869565217 67.0 222.0 1.0 154.0 16429.0 
316.00467467039647 2.7130434782608694 67.0 222.0 1.0 156.0 16634.0 
318.00467467039647 2.730434782608696 65.0 223.0 1.0 157.0 16737.0 
320.00467467039647 2.730434782608696 65.0 223.0 1.0 157.0 16737.0 
322.00467467039647 2.7413793103448274 63.0 223.0 1.0 159.0 16942.0 
324.00467467039647 2.7413793103448274 64.0 224.0 1.0 159.0 16942.0 
326.00467467039647 2.7586206896551726 63.0 224.0 1.0 160.0 17044.0 
328.00467467039647 2.775862068965517 63.0 225.0 1.0 161.0 17147.0 
330.00467467039647 2.775862068965517 63.0 225.0 1.0 161.0 17147.0 
332.00467467039647 2.775862068965517 63.0 225.0 1.0 161.0 17147.0 
334.00467467039647 2.7931034482758625 62.0 225.0 1.0 162.0 17249.0 
336.00467467039647 2.7931034482758625 62.0 225.0 1.0 162.0 17249.0 
338.00467467039647 2.8448275862068964 62.0 227.0 1.0 165.0 17557.0 
340.00387408330937 2.8547008547008543 60.0 228.0 1.0 167.0 17761.0 
342.00467467039647 2.8547008547008543 61.0 229.0 1.0 167.0 17761.0 
344.00467467039647 2.8474576271186445 61.0 230.0 1.0 168.0 17863.0 
346.00467467039647 2.8739495798319323 65.0 235.0 1.0 171.0 18172.0 
348.00467467039647 2.907563025210084 62.0 235.0 1.0 173.0 18378.0 
350.00467467039647 2.957983193277311 59.0 236.0 1.0 176.0 18686.0 
352.00467467039647 2.9747899159663866 58.0 236.0 1.0 177.0 18788.0 
354.00467467039647 3.0 57.0 236.0 1.0 180.0 19168.0 
356.00467467039647 3.016666666666667 55.0 236.0 1.0 181.0 19271.0 
358.00467467039647 3.0333333333333337 54.0 237.0 1.0 182.0 19374.0 
360.00467467039647 3.05 55.0 239.0 1.0 183.0 19477.0 
362.00467467039647 3.1 55.0 240.0 1.0 186.0 19785.0 
364.00467467039647 3.1 54.0 241.0 1.0 186.0 19785.0 
366.00467467039647 3.1 54.0 241.0 1.0 186.0 19785.0 
368.00467467039647 3.1333333333333337 54.0 242.0 1.0 188.0 19989.0 
370.00467467039647 3.15 53.0 243.0 1.0 189.0 20092.0 
372.00467467039647 3.166666666666667 54.0 245.0 1.0 190.0 20194.0 
374.00467467039647 3.183333333333333 53.0 245.0 1.0 191.0 20296.0 
376.00467467039647 3.183333333333333 54.0 246.0 1.0 191.0 20296.0 
378.00467467039647 3.2 56.0 249.0 1.0 192.0 20398.0 
380.00467467039647 3.233333333333333 57.0 253.0 1.0 194.0 20603.0 
382.00467467039647 3.25 58.0 253.0 1.0 195.0 20705.0 
384.00467467039647 3.25 59.0 255.0 1.0 195.0 20705.0 
386.00467467039647 3.3 60.0 259.0 1.0 198.0 21013.0 
388.00467467039647 3.3 61.0 260.0 1.0 198.0 21013.0 
390.00467467039647 3.333333333333333 61.0 261.0 1.0 200.0 21219.0 
392.00467467039647 3.333333333333333 61.0 263.0 1.0 200.0 21219.0 
394.00467467039647 3.35 62.0 263.0 1.0 201.0 21321.0 
396.00467467039647 3.3666666666666663 62.0 264.0 1.0 202.0 21423.0 
398.00467467039647 3.4 60.0 265.0 1.0 204.0 21628.0 
400.00467467039647 3.433333333333333 59.0 266.0 1.0 206.0 21833.0 
402.00467467039647 3.45 59.0 267.0 1.0 207.0 21935.0 
404.00467467039647 3.45 59.0 267.0 1.0 207.0 21935.0 
406.00467467039647 3.483333333333333 60.0 270.0 1.0 209.0 22140.0 
408.00467467039647 3.5 59.0 271.0 1.0 210.0 22243.0 
410.00467467039647 3.5 60.0 271.0 1.0 210.0 22243.0 
412.00467467039647 3.5 60.0 271.0 1.0 210.0 22243.0 
414.00467467039647 3.5 64.0 275.0 1.0 210.0 22243.0 
416.00467467039647 3.533333333333333 63.0 276.0 1.0 212.0 22449.0 
418.00467467039647 3.55 65.0 278.0 1.0 213.0 22611.0 
420.00467467039647 3.55 64.0 278.0 1.0 213.0 22611.0 
422.00467467039647 3.566666666666667 64.0 279.0 1.0 214.0 22714.0 
424.00467467039647 3.566666666666667 65.0 282.0 1.0 214.0 22714.0 
426.00467467039647 3.583333333333333 67.0 283.0 1.0 215.0 22816.0 
428.00467467039647 3.583333333333333 69.0 285.0 1.0 215.0 22816.0 
430.00227077120695 3.6 69.0 285.0 1.0 216.0 22918.0 
432.00467467039647 3.6 70.0 288.0 1.0 216.0 22918.0 
434.00467467039647 3.6 71.0 289.0 1.0 216.0 22918.0 
436.00467467039647 3.6 73.0 290.0 1.0 216.0 22918.0 
438.00467467039647 3.6 73.0 290.0 1.0 216.0 22918.0 
440.00467467039647 3.6166666666666663 73.0 291.0 1.0 217.0 23020.0 
442.00467467039647 3.6333333333333337 73.0 292.0 1.0 218.0 23123.0 
444.00467467039647 3.65 73.0 292.0 1.0 219.0 23226.0 
446.00467467039647 3.65 72.0 292.0 1.0 219.0 23226.0 
448.00467467039647 3.75 72.0 293.0 1.0 225.0 23842.0 
450.00467467039647 3.75 68.0 295.0 1.0 225.0 23842.0 
452.00467467039647 3.766666666666667 69.0 298.0 1.0 226.0 23944.0 
454.00467467039647 3.766666666666667 72.0 299.0 1.0 226.0 23944.0 
456.00467467039647 3.783333333333333 73.0 303.0 1.0 227.0 24110.0 
458.00467467039647 3.783333333333333 78.0 306.0 1.0 227.0 24110.0 
460.00467467039647 3.783333333333333 79.0 307.0 1.0 227.0 24110.0 
462.00467467039647 3.816666666666667 78.0 307.0 1.0 229.0 24315.0 
464.00467467039647 3.85 76.0 307.0 1.0 231.0 24521.0 
466.00467467039647 3.8666666666666663 75.0 308.0 1.0 232.0 24623.0 
468.00467467039647 3.8666666666666663 75.0 308.0 1.0 232.0 24623.0 
470.00467467039647 3.8833333333333337 75.0 308.0 1.0 233.0 24726.0 
472.00467467039647 3.8833333333333337 74.0 308.0 1.0 233.0 24726.0 
474.00467467039647 3.916666666666667 73.0 308.0 1.0 235.0 24931.0 
476.00467467039647 3.916666666666667 72.0 308.0 1.0 235.0 24931.0 
478.00467467039647 3.933333333333333 72.0 308.0 1.0 236.0 25033.0 
480.00467467039647 3.9666666666666663 70.0 308.0 1.0 238.0 25237.0 
482.00467467039647 4.033333333333333 67.0 309.0 1.0 242.0 25647.0 
484.00467467039647 4.05 66.0 310.0 1.0 243.0 25750.0 
486.00467467039647 4.083333333333334 65.0 311.0 1.0 245.0 25955.0 
488.00467467039647 4.116666666666666 66.0 313.0 1.0 247.0 26174.0 
490.00467467039647 4.216666666666667 62.0 314.0 1.0 253.0 27172.0 
492.00467467039647 4.233333333333333 60.0 314.0 1.0 254.0 27275.0 
494.00467467039647 4.25 59.0 314.0 1.0 255.0 27377.0 
496.00467467039647 4.266666666666667 57.0 316.0 1.0 256.0 27480.0 
498.00467467039647 4.283333333333333 59.0 316.0 1.0 257.0 27583.0 
500.00467467039647 4.3 60.0 319.0 1.0 258.0 27685.0 
502.00467467039647 4.316666666666666 61.0 320.0 1.0 259.0 27787.0 
504.00467467039647 4.316666666666666 60.0 320.0 1.0 259.0 27787.0 
506.00467467039647 4.333333333333334 61.0 322.0 1.0 260.0 27890.0 
508.00467467039647 4.366666666666666 61.0 323.0 1.0 262.0 28095.0 
510.00467467039647 4.383333333333334 59.0 324.0 1.0 263.0 28198.0 
512.0046746703965 4.4 59.0 327.0 1.0 264.0 28301.0 
514.0046746703965 4.4 64.0 329.0 1.0 264.0 28301.0 
516.0046746703965 4.466666666666667 64.0 329.0 1.0 268.0 28710.0 
518.0046746703965 4.466666666666667 61.0 331.0 1.0 268.0 28710.0 
520.0030962707672 4.5 65.0 335.0 1.0 270.0 28915.0 
522.0046746703965 4.5 66.0 337.0 1.0 270.0 28915.0 
524.0046746703965 4.5 67.0 338.0 1.0 270.0 28915.0 
526.0046746703965 4.516666666666667 67.0 338.0 1.0 271.0 29017.0 
528.0046746703965 4.566666666666666 64.0 340.0 1.0 274.0 29325.0 
530.0046746703965 4.578512396694215 66.0 341.0 1.0 277.0 29999.0 
532.0046746703965 4.578512396694215 67.0 346.0 1.0 277.0 29999.0 
534.0046746703965 4.6115702479338845 68.0 347.0 1.0 279.0 30204.0 
536.0046746703965 4.62809917355372 68.0 350.0 1.0 280.0 30307.0 
538.0046746703965 4.661157024793388 69.0 351.0 1.0 282.0 30512.0 
540.0046746703965 4.661157024793388 69.0 353.0 1.0 282.0 30512.0 
542.0046746703965 4.677685950413223 70.0 354.0 1.0 283.0 30614.0 
544.0046746703965 4.694214876033058 69.0 355.0 1.0 284.0 30716.0 
546.0046746703965 4.694214876033058 70.0 355.0 1.0 284.0 30716.0 
548.0046746703965 4.694214876033058 70.0 355.0 1.0 284.0 30716.0 
550.0046746703965 4.710743801652892 70.0 355.0 1.0 285.0 30818.0 
552.0046746703965 4.7272727272727275 69.0 356.0 1.0 286.0 30920.0 
554.0046746703965 4.743801652892563 69.0 357.0 1.0 287.0 31023.0 
556.0046746703965 4.776859504132231 69.0 359.0 1.0 289.0 31228.0 
558.0046746703965 4.809917355371901 71.0 361.0 1.0 291.0 31433.0 
560.0046746703965 4.87603305785124 68.0 363.0 1.0 295.0 31844.0 
562.0046746703965 4.892561983471074 68.0 364.0 1.0 296.0 31946.0 
564.0046746703965 4.892561983471074 67.0 364.0 1.0 296.0 31946.0 
566.0046746703965 4.892561983471074 67.0 364.0 1.0 296.0 31946.0 
568.0046746703965 4.909090909090909 67.0 364.0 1.0 297.0 32049.0 
570.0046746703965 4.909090909090909 66.0 364.0 1.0 297.0 32049.0 
572.0046746703965 4.909090909090909 66.0 364.0 1.0 297.0 32049.0 
574.0046746703965 4.909090909090909 66.0 364.0 1.0 297.0 32049.0 
576.0046746703965 4.909090909090909 66.0 364.0 1.0 297.0 32049.0 
578.0046746703965 4.909090909090909 67.0 368.0 1.0 297.0 32049.0 
580.0046746703965 4.909090909090909 70.0 368.0 1.0 297.0 32049.0 
582.0046746703965 4.909090909090909 71.0 369.0 1.0 297.0 32049.0 
584.0046746703965 4.925619834710743 74.0 373.0 1.0 298.0 32152.0 
586.0046746703965 4.9421487603305785 75.0 374.0 1.0 299.0 32255.0 
588.0046746703965 4.9421487603305785 77.0 377.0 1.0 299.0 32255.0 
590.0046746703965 4.975206611570249 78.0 379.0 1.0 301.0 32461.0 
592.0046746703965 5.008264462809917 77.0 380.0 1.0 303.0 32667.0 
594.0046746703965 5.008264462809917 77.0 383.0 1.0 303.0 32667.0 
596.0046746703965 5.008264462809917 79.0 383.0 1.0 303.0 32667.0 
598.0046746703965 5.008264462809917 80.0 385.0 1.0 303.0 32667.0 
600.0046746703965 5.041322314049586 81.0 387.0 1.0 305.0 32873.0 
602.0046746703965 5.0578512396694215 82.0 388.0 1.0 306.0 32976.0 
604.0046746703965 5.090909090909092 80.0 388.0 1.0 308.0 33182.0 
606.0046746703965 5.090909090909092 80.0 389.0 1.0 308.0 33182.0 
608.0046746703965 5.12396694214876 81.0 390.0 1.0 310.0 33388.0 
610.0046746703965 5.12396694214876 81.0 394.0 1.0 310.0 33388.0 
612.0046746703965 5.1570247933884295 83.0 395.0 1.0 312.0 33682.0 
614.0046746703965 5.1735537190082646 81.0 395.0 1.0 313.0 33785.0 
616.0046746703965 5.256198347107437 78.0 396.0 1.0 318.0 34299.0 
618.0046746703965 5.289256198347108 77.0 397.0 1.0 320.0 34661.0 
620.0046746703965 5.305785123966942 77.0 398.0 1.0 321.0 34763.0 
622.0046746703965 5.355371900826446 74.0 398.0 1.0 324.0 35070.0 
624.0046746703965 5.404958677685951 73.0 399.0 1.0 327.0 35377.0 
626.0046746703965 5.421487603305785 72.0 400.0 1.0 328.0 35479.0 
628.0046746703965 5.421487603305785 72.0 401.0 1.0 328.0 35479.0 
630.0046746703965 5.43801652892562 72.0 402.0 1.0 329.0 35581.0 
632.0046746703965 5.4876033057851235 71.0 402.0 1.0 332.0 35967.0 
634.0046746703965 5.553719008264463 66.0 402.0 1.0 336.0 36375.0 
636.0046746703965 5.586776859504131 64.0 403.0 1.0 338.0 36580.0 
638.0046746703965 5.6033057851239665 64.0 404.0 1.0 339.0 36682.0 
640.0046746703965 5.636363636363637 63.0 404.0 1.0 341.0 36888.0 
642.0046746703965 5.652892561983471 61.0 404.0 1.0 342.0 36990.0 
644.0046746703965 5.685950413223141 60.0 407.0 1.0 344.0 37195.0 
646.0046746703965 5.685950413223141 62.0 407.0 1.0 344.0 37195.0 
648.0046746703965 5.702479338842974 62.0 409.0 1.0 345.0 37298.0 
650.0046746703965 5.702479338842974 63.0 410.0 1.0 345.0 37298.0 
652.0046746703965 5.702479338842974 64.0 410.0 1.0 345.0 37298.0 
654.0046746703965 5.71900826446281 64.0 410.0 1.0 346.0 37400.0 
656.0046746703965 5.735537190082645 62.0 410.0 1.0 347.0 37502.0 
658.0046746703965 5.768595041322314 63.0 412.0 1.0 349.0 37706.0 
660.0046746703965 5.801652892561984 65.0 416.0 1.0 351.0 37911.0 
662.0046746703965 5.8181818181818175 64.0 417.0 1.0 352.0 38013.0 
664.0046746703965 5.851239669421487 64.0 418.0 1.0 354.0 38218.0 
666.0046746703965 5.851239669421487 65.0 420.0 1.0 354.0 38218.0 
668.0046746703965 5.851239669421487 66.0 421.0 1.0 354.0 38218.0 
670.0046746703965 5.851239669421487 66.0 421.0 1.0 354.0 38218.0 
672.0046746703965 5.851239669421487 66.0 421.0 1.0 354.0 38218.0 
674.0046746703965 5.851239669421487 67.0 422.0 1.0 354.0 38218.0 
676.0046746703965 5.851239669421487 67.0 422.0 1.0 354.0 38218.0 
678.0046746703965 5.851239669421487 68.0 424.0 1.0 354.0 38218.0 
680.0046746703965 5.867768595041323 68.0 425.0 1.0 355.0 38320.0 
682.0046746703965 5.9338842975206605 67.0 426.0 1.0 359.0 38812.0 
684.0046746703965 5.9016393442622945 65.0 426.0 1.0 360.0 39339.0 
686.0046746703965 5.950819672131148 63.0 426.0 1.0 363.0 39646.0 
688.0046746703965 5.9836065573770485 63.0 428.0 1.0 365.0 39851.0 
690.0046746703965 6.0163934426229515 62.0 429.0 1.0 367.0 40056.0 
692.0046746703965 6.032786885245902 63.0 431.0 1.0 368.0 40158.0 
694.0046746703965 6.049180327868852 61.0 431.0 1.0 369.0 40260.0 
696.0046746703965 6.065573770491803 61.0 431.0 1.0 370.0 40363.0 
698.0046746703965 6.098360655737705 58.0 431.0 1.0 372.0 40569.0 
700.0046746703965 6.114754098360656 58.0 432.0 1.0 373.0 40671.0 
702.0046746703965 6.163934426229507 59.0 434.0 1.0 376.0 40978.0 
704.0046746703965 6.180327868852459 58.0 435.0 1.0 377.0 41080.0 
706.0046746703965 6.180327868852459 57.0 435.0 1.0 377.0 41080.0 
708.0046746703965 6.19672131147541 57.0 435.0 1.0 378.0 41182.0 
710.0046746703965 6.213114754098361 55.0 435.0 1.0 379.0 41284.0 
712.0046746703965 6.245901639344263 55.0 437.0 1.0 381.0 41488.0 
714.0046746703965 6.278688524590163 56.0 441.0 1.0 383.0 41693.0 
716.0046746703965 6.278688524590163 58.0 442.0 1.0 383.0 41693.0 
718.0046746703965 6.278688524590163 58.0 443.0 1.0 383.0 41693.0 
720.0046746703965 6.295081967213115 61.0 447.0 1.0 384.0 41795.0 
722.0046746703965 6.311475409836066 64.0 449.0 1.0 385.0 41897.0 
724.0046746703965 6.327868852459016 62.0 449.0 1.0 386.0 42101.0 
726.0046746703965 6.3442622950819665 62.0 450.0 1.0 387.0 42203.0 
728.0046746703965 6.360655737704919 62.0 450.0 1.0 388.0 42305.0 
730.0046746703965 6.377049180327869 60.0 450.0 1.0 389.0 42407.0 
732.0046746703965 6.393442622950819 61.0 453.0 1.0 390.0 42509.0 
734.0046746703965 6.393442622950819 62.0 453.0 1.0 390.0 42509.0 
736.0046746703965 6.393442622950819 62.0 453.0 1.0 390.0 42509.0 
738.0046746703965 6.393442622950819 64.0 455.0 1.0 390.0 42509.0 
740.0046746703965 6.426229508196722 64.0 456.0 1.0 392.0 42715.0 
742.0046746703965 6.426229508196722 63.0 456.0 1.0 392.0 42715.0 
744.0046746703965 6.426229508196722 63.0 456.0 1.0 392.0 42715.0 
746.0046746703965 6.442622950819673 65.0 458.0 1.0 393.0 42817.0 
748.0046746703965 6.491803278688525 63.0 460.0 1.0 396.0 43319.0 
750.0046746703965 6.508196721311475 63.0 460.0 1.0 397.0 43422.0 
752.0046746703965 6.524590163934426 61.0 460.0 1.0 398.0 43525.0 
754.0046746703965 6.540983606557378 61.0 461.0 1.0 399.0 43628.0 
756.0046746703965 6.540983606557378 61.0 462.0 1.0 399.0 43628.0 
758.0046746703965 6.540983606557378 62.0 462.0 1.0 399.0 43628.0 
760.0046746703965 6.540983606557378 63.0 464.0 1.0 399.0 43628.0 
762.0046746703965 6.606557377049181 63.0 465.0 1.0 403.0 44038.0 
764.0046746703965 6.622950819672131 60.0 466.0 1.0 404.0 44141.0 
766.0046746703965 6.6557377049180335 59.0 467.0 1.0 406.0 44346.0 
768.0046746703965 6.688524590163934 62.0 470.0 1.0 408.0 44552.0 
770.0046746703965 6.704918032786885 61.0 471.0 1.0 409.0 44654.0 
772.0046746703965 6.704918032786885 62.0 472.0 1.0 409.0 44654.0 
774.0046746703965 6.704918032786885 63.0 474.0 1.0 409.0 44654.0 
776.0046746703965 6.721311475409837 64.0 475.0 1.0 410.0 44756.0 
778.0046746703965 6.721311475409837 66.0 477.0 1.0 410.0 44756.0 
780.0046746703965 6.737704918032786 66.0 477.0 1.0 411.0 44859.0 
782.0046746703965 6.737704918032786 67.0 479.0 1.0 411.0 44859.0 
784.0046746703965 6.786885245901639 65.0 481.0 1.0 414.0 45311.0 
786.0046746703965 6.786885245901639 68.0 483.0 1.0 414.0 45311.0 
788.0046746703965 6.80327868852459 69.0 485.0 1.0 415.0 45488.0 
790.0046746703965 6.836065573770493 69.0 488.0 1.0 417.0 45692.0 
792.0046746703965 6.836065573770493 70.0 488.0 1.0 417.0 45692.0 
794.0046746703965 6.885245901639344 69.0 489.0 1.0 420.0 46000.0 
796.0046746703965 6.885245901639344 68.0 489.0 1.0 420.0 46000.0 
798.0046746703965 6.885245901639344 69.0 490.0 1.0 420.0 46000.0 
800.0046746703965 6.885245901639344 69.0 490.0 1.0 420.0 46000.0 
802.0046746703965 6.885245901639344 70.0 491.0 1.0 420.0 46000.0 
804.0046746703965 6.894308943089432 68.0 492.0 1.0 424.0 47077.0 
806.0046746703965 6.910569105691057 66.0 492.0 1.0 425.0 47179.0 
808.0046746703965 6.910569105691057 67.0 493.0 1.0 425.0 47179.0 
810.0046746703965 6.910569105691057 68.0 496.0 1.0 425.0 47179.0 
812.0046746703965 6.910569105691057 71.0 497.0 1.0 425.0 47179.0 
814.0046746703965 6.926829268292683 72.0 498.0 1.0 426.0 47281.0 
816.0046746703965 6.97560975609756 69.0 499.0 1.0 429.0 47589.0 
818.0046746703965 7.040650406504066 66.0 500.0 1.0 433.0 48135.0 
820.0046746703965 7.056910569105692 65.0 500.0 1.0 434.0 48613.0 
822.0046746703965 7.105691056910568 66.0 502.0 1.0 437.0 48921.0 
824.0046746703965 7.170731707317072 63.0 503.0 1.0 441.0 49332.0 
826.0046746703965 7.170731707317072 62.0 504.0 1.0 441.0 49332.0 
828.0046746703965 7.186991869918699 62.0 504.0 1.0 442.0 49435.0 
830.0046746703965 7.186991869918699 62.0 507.0 1.0 442.0 49435.0 
832.0046746703965 7.186991869918699 65.0 509.0 1.0 442.0 49435.0 
834.0046746703965 7.203252032520325 67.0 510.0 1.0 443.0 49537.0 
836.0046746703965 7.219512195121951 66.0 511.0 1.0 444.0 49640.0 
838.0046746703965 7.219512195121951 67.0 512.0 1.0 444.0 49640.0 
840.0046746703965 7.252032520325204 68.0 513.0 1.0 446.0 49844.0 
842.0046746703965 7.2682926829268295 66.0 514.0 1.0 447.0 49946.0 
844.0046746703965 7.2682926829268295 66.0 514.0 1.0 447.0 49946.0 
846.0046746703965 7.2682926829268295 67.0 516.0 1.0 447.0 49946.0 
848.0046746703965 7.300813008130082 66.0 516.0 1.0 449.0 50150.0 
850.0046746703965 7.317073170731707 66.0 516.0 1.0 450.0 50252.0 
852.0046746703965 7.333333333333333 65.0 517.0 1.0 451.0 50355.0 
854.0046746703965 7.333333333333333 66.0 518.0 1.0 451.0 50355.0 
856.0046746703965 7.3495934959349585 67.0 519.0 1.0 452.0 50458.0 
858.0046746703965 7.3495934959349585 66.0 521.0 1.0 452.0 50458.0 
860.0046746703965 7.365853658536585 67.0 522.0 1.0 453.0 50561.0 
862.0046746703965 7.382113821138211 69.0 524.0 1.0 454.0 50664.0 
864.0046746703965 7.414634146341464 68.0 525.0 1.0 456.0 50869.0 
866.0046746703965 7.43089430894309 69.0 526.0 1.0 457.0 51004.0 
868.0046746703965 7.447154471544716 69.0 528.0 1.0 458.0 51107.0 
870.0046746703965 7.495934959349592 67.0 528.0 1.0 461.0 51414.0 
872.0046746703965 7.5284552845528445 65.0 528.0 1.0 463.0 51620.0 
874.0046746703965 7.544715447154471 64.0 528.0 1.0 464.0 51722.0 
876.0046746703965 7.560975609756096 62.0 528.0 1.0 465.0 51824.0 
878.0046746703965 7.59349593495935 62.0 531.0 1.0 467.0 52029.0 
880.0046746703965 7.6260162601626025 62.0 532.0 1.0 469.0 52234.0 
882.0046746703965 7.642276422764229 62.0 532.0 1.0 470.0 52402.0 
884.0046746703965 7.674796747967481 61.0 534.0 1.0 472.0 52607.0 
886.0046746703965 7.674796747967481 61.0 535.0 1.0 472.0 52607.0 
888.0046746703965 7.723577235772357 61.0 536.0 1.0 475.0 52916.0 
890.0046746703965 7.756097560975609 61.0 538.0 1.0 477.0 53120.0 
892.0046746703965 7.788617886178862 62.0 540.0 1.0 479.0 53326.0 
894.0046746703965 7.804878048780488 59.0 540.0 1.0 480.0 53429.0 
896.0046746703965 7.821138211382114 59.0 541.0 1.0 481.0 53531.0 
898.0046746703965 7.821138211382114 59.0 542.0 1.0 481.0 53531.0 
900.0046746703965 7.83739837398374 61.0 544.0 1.0 482.0 53634.0 
#####################################################################
# End of data export. Simulation finished at: 2020-02-06T09:05+0000 #
#####################################################################
