#####################################################################
# Alchemist log file - simulation started at: 2020-01-31T20:54+0000 #
#####################################################################
# seed = 50.0, taskFrequency = 0.1, cloudcost = 6.0, algorithm = false
#
# The columns have the following meaning: 
# time taskHops[Mean] hasTask[Sum] tasks[Sum] completedTasks[Sum] giveupTasks[Sum] taskLatency[Sum] 
0.0 NaN 0.0 0.0 0.0 0.0 0.0 
2.012017294136071 NaN 19.0 25.0 0.0 0.0 0.0 
4.012017294136071 NaN 40.0 45.0 0.0 0.0 0.0 
6.012017294136071 NaN 65.0 68.0 0.0 0.0 0.0 
8.003212902875646 NaN 74.0 77.0 0.0 0.0 0.0 
10.012017294136072 NaN 85.0 85.0 0.0 0.0 0.0 
12.012017294136072 0.0 90.0 91.0 1.0 0.0 11.0 
14.012017294136072 0.0 96.0 98.0 1.0 0.0 11.0 
16.00469400825007 0.0 98.0 100.0 2.0 0.0 26.0 
18.012017294136072 0.0 101.0 103.0 2.0 0.0 26.0 
20.012017294136072 0.0 107.0 109.0 2.0 0.0 26.0 
22.012017294136072 0.0 108.0 110.0 2.0 0.0 26.0 
24.012017294136072 0.0 110.0 113.0 2.0 0.0 26.0 
26.012017294136072 0.0 112.0 114.0 2.0 0.0 26.0 
28.012017294136072 0.0 114.0 117.0 2.0 0.0 26.0 
30.002253885253747 0.0 118.0 121.0 2.0 0.0 26.0 
32.01201729413607 0.0 120.0 122.0 2.0 0.0 26.0 
34.00648986805755 0.0 121.0 123.0 2.0 0.0 26.0 
36.01201729413607 0.0 122.0 124.0 2.0 0.0 26.0 
38.01201729413607 0.0 122.0 124.0 2.0 0.0 26.0 
40.01201729413607 0.0 122.0 124.0 2.0 0.0 26.0 
42.01201729413607 0.0 124.0 126.0 2.0 0.0 26.0 
44.01201729413607 0.0 124.0 126.0 2.0 0.0 26.0 
46.01201729413607 0.0 124.0 126.0 2.0 0.0 26.0 
48.01201729413607 0.0 124.0 126.0 2.0 0.0 26.0 
50.00708173781214 0.0 124.0 126.0 2.0 0.0 26.0 
52.01201729413607 0.0 124.0 126.0 2.0 0.0 26.0 
54.01201729413607 0.0 124.0 126.0 2.0 0.0 26.0 
56.01201729413607 0.0 125.0 127.0 2.0 0.0 26.0 
58.01201729413607 0.0 125.0 127.0 2.0 0.0 26.0 
60.01201729413607 0.0 125.0 127.0 2.0 0.0 26.0 
62.01201729413607 0.0 125.0 127.0 2.0 0.0 26.0 
64.01201729413607 0.0 125.0 127.0 2.0 0.0 26.0 
66.01201729413607 0.0 125.0 127.0 2.0 0.0 26.0 
68.0097908937501 0.0 125.0 127.0 2.0 0.0 26.0 
70.01201729413607 0.0 125.0 127.0 2.0 0.0 26.0 
72.01201729413607 0.0 125.0 127.0 2.0 0.0 26.0 
74.01201729413607 0.0 125.0 127.0 2.0 0.0 26.0 
76.01201729413607 0.0 125.0 127.0 2.0 0.0 26.0 
78.01201729413607 0.0 125.0 127.0 2.0 0.0 26.0 
80.00958498234355 0.0 125.0 127.0 2.0 0.0 26.0 
82.00201307282079 0.0 125.0 127.0 2.0 0.0 26.0 
84.01201729413607 0.0 125.0 127.0 2.0 0.0 26.0 
86.01201729413607 0.0 125.0 127.0 2.0 0.0 26.0 
88.01201729413607 0.0 125.0 127.0 2.0 0.0 26.0 
90.01201729413607 0.0 125.0 127.0 2.0 0.0 26.0 
92.01201729413607 0.0 125.0 127.0 2.0 0.0 26.0 
94.01201729413607 0.0 125.0 127.0 2.0 0.0 26.0 
96.01201729413607 0.0 125.0 127.0 2.0 0.0 26.0 
98.01201729413607 0.0 125.0 127.0 2.0 0.0 26.0 
100.0002836039018 0.0 125.0 127.0 2.0 0.0 26.0 
102.01201729413607 0.0 125.0 127.0 2.0 0.0 26.0 
104.01201729413607 5.2 120.0 127.0 2.0 13.0 1358.0 
106.01201729413607 5.6571428571428575 99.0 128.0 2.0 33.0 3411.0 
108.01201729413607 5.793103448275862 85.0 130.0 2.0 56.0 5767.0 
110.01201729413607 5.913043478260869 66.0 131.0 2.0 68.0 6905.0 
112.01201729413607 5.938271604938271 60.0 135.0 2.0 80.0 8144.0 
114.00463807053093 5.9411764705882355 58.0 142.0 2.0 84.0 8554.0 
116.01201729413607 5.945652173913044 56.0 146.0 2.0 91.0 9270.0 
118.01201729413607 5.946808510638298 57.0 152.0 2.0 93.0 9475.0 
120.01122354548022 5.948979591836735 60.0 157.0 2.0 97.0 9884.0 
122.01201729413607 5.951456310679611 59.0 159.0 2.0 102.0 10396.0 
124.01201729413607 5.951923076923077 62.0 167.0 2.0 103.0 10498.0 
126.01201729413607 5.952830188679245 63.0 169.0 2.0 105.0 10702.0 
128.01201729413606 5.953703703703703 68.0 176.0 2.0 107.0 10908.0 
130.01201729413606 6.009174311926605 74.0 186.0 2.0 109.0 11114.0 
132.01201729413606 6.008928571428571 79.0 191.0 2.0 112.0 11420.0 
134.01201729413606 6.008771929824562 79.0 196.0 2.0 114.0 11625.0 
136.01201729413606 6.008695652173913 86.0 203.0 2.0 115.0 11727.0 
138.01201729413606 6.008620689655173 89.0 206.0 2.0 116.0 11830.0 
140.01201729413606 6.008620689655173 91.0 210.0 2.0 116.0 11830.0 
142.01201729413606 6.008620689655173 94.0 213.0 2.0 116.0 11830.0 
144.01201729413606 6.05982905982906 96.0 215.0 2.0 118.0 12035.0 
146.01201729413606 6.05982905982906 97.0 217.0 2.0 118.0 12035.0 
148.01201729413606 6.05982905982906 99.0 221.0 2.0 118.0 12035.0 
150.01201729413606 6.05982905982906 104.0 224.0 2.0 118.0 12035.0 
152.01201729413606 6.05982905982906 105.0 227.0 2.0 118.0 12035.0 
154.01201729413606 6.05982905982906 108.0 228.0 2.0 118.0 12035.0 
156.00200803872661 6.05982905982906 111.0 231.0 2.0 118.0 12035.0 
158.01201729413606 6.059322033898305 113.0 233.0 2.0 119.0 12137.0 
160.01201729413606 6.059322033898305 113.0 234.0 2.0 119.0 12137.0 
162.01201729413606 6.059322033898305 114.0 235.0 2.0 119.0 12137.0 
164.01201729413606 6.059322033898305 116.0 238.0 2.0 119.0 12137.0 
166.01201729413606 6.059322033898305 118.0 241.0 2.0 119.0 12137.0 
168.01201729413606 6.059322033898305 120.0 241.0 3.0 119.0 12149.0 
170.01201729413606 6.059322033898305 119.0 241.0 3.0 119.0 12149.0 
172.01201729413606 6.059322033898305 119.0 241.0 3.0 119.0 12149.0 
174.01201729413606 6.059322033898305 119.0 242.0 3.0 119.0 12149.0 
176.01201729413606 6.059322033898305 120.0 242.0 3.0 119.0 12149.0 
178.01201729413606 6.059322033898305 120.0 242.0 3.0 119.0 12149.0 
180.01201729413606 6.059322033898305 121.0 243.0 3.0 119.0 12149.0 
182.01201729413606 6.059322033898305 121.0 243.0 3.0 119.0 12149.0 
184.0017822121775 6.059322033898305 122.0 244.0 3.0 119.0 12149.0 
186.01201729413606 6.059322033898305 122.0 244.0 3.0 119.0 12149.0 
188.01201729413606 6.059322033898305 123.0 245.0 3.0 119.0 12149.0 
190.01201729413606 6.059322033898305 123.0 245.0 3.0 119.0 12149.0 
192.01201729413606 6.059322033898305 123.0 245.0 3.0 119.0 12149.0 
194.01201729413606 6.059322033898305 123.0 245.0 3.0 119.0 12149.0 
196.01201729413606 6.059322033898305 123.0 245.0 4.0 119.0 12161.0 
198.01201729413606 6.059322033898305 122.0 245.0 4.0 119.0 12161.0 
200.01201729413606 6.059322033898305 123.0 247.0 4.0 119.0 12161.0 
202.01201729413606 6.059322033898305 124.0 247.0 4.0 119.0 12161.0 
204.01201729413606 6.059322033898305 124.0 247.0 4.0 119.0 12161.0 
206.01201729413606 6.059322033898305 124.0 247.0 4.0 119.0 12161.0 
208.00905262959418 6.059322033898305 124.0 247.0 4.0 119.0 12161.0 
210.01201729413606 6.159663865546219 123.0 247.0 4.0 122.0 12574.0 
212.01201729413606 6.208333333333333 120.0 247.0 4.0 124.0 12876.0 
214.00730054776105 6.358333333333333 119.0 248.0 4.0 127.0 13183.0 
216.01201729413606 6.708333333333334 113.0 248.0 4.0 134.0 13899.0 
218.01201729413606 6.908333333333333 108.0 249.0 4.0 138.0 14309.0 
220.01201729413606 7.208333333333334 102.0 250.0 4.0 144.0 14922.0 
222.01201729413606 7.508333333333334 103.0 253.0 4.0 150.0 15537.0 
224.01201729413606 7.608333333333333 100.0 257.0 4.0 152.0 15741.0 
226.00098504466362 8.008333333333333 100.0 258.0 4.0 160.0 16460.0 
228.01201729413606 8.090909090909092 93.0 259.0 4.0 163.0 16887.0 
230.01201729413606 8.388429752066116 91.0 260.0 4.0 169.0 17499.0 
232.00301337210533 8.685950413223141 87.0 263.0 4.0 175.0 18111.0 
234.00559899792415 9.132231404958677 83.0 269.0 4.0 184.0 19035.0 
236.01201729413606 9.347107438016529 81.0 271.0 4.0 188.0 19444.0 
238.01201729413606 9.694214876033058 78.0 274.0 4.0 195.0 20161.0 
240.01201729413606 9.892561983471074 74.0 277.0 4.0 199.0 20570.0 
242.01201729413606 10.090909090909092 76.0 283.0 4.0 203.0 20992.0 
244.01201729413606 10.239669421487603 75.0 286.0 4.0 206.0 21299.0 
246.01201729413606 10.338842975206612 80.0 293.0 4.0 208.0 21503.0 
248.01201729413606 10.438016528925619 82.0 298.0 4.0 210.0 21707.0 
250.0034199324143 10.537190082644628 83.0 298.0 4.0 212.0 21912.0 
252.01201729413606 10.785123966942148 84.0 303.0 4.0 217.0 22425.0 
254.01201729413606 10.834710743801653 87.0 308.0 4.0 218.0 22527.0 
256.0028359203158 10.983471074380166 88.0 313.0 4.0 221.0 22835.0 
258.0027452188882 11.082644628099173 91.0 318.0 4.0 223.0 23040.0 
260.01201729413606 11.181818181818182 94.0 323.0 4.0 225.0 23244.0 
262.01201729413606 11.231404958677686 98.0 327.0 4.0 226.0 23346.0 
264.01201729413606 11.28099173553719 101.0 331.0 4.0 227.0 23448.0 
266.01171056963506 11.380165289256198 100.0 334.0 4.0 229.0 23652.0 
268.01201729413606 11.479338842975206 101.0 338.0 5.0 231.0 23869.0 
270.01201729413606 11.578512396694215 102.0 340.0 5.0 233.0 24075.0 
272.01201729413606 11.578512396694215 105.0 343.0 5.0 233.0 24075.0 
274.01201729413606 11.578512396694215 106.0 345.0 6.0 233.0 24087.0 
276.01166323949946 11.578512396694215 108.0 347.0 6.0 233.0 24087.0 
278.01201729413606 11.62809917355372 107.0 347.0 6.0 234.0 24190.0 
280.01201729413606 11.62809917355372 109.0 349.0 6.0 234.0 24190.0 
282.01201729413606 11.677685950413224 113.0 353.0 6.0 235.0 24293.0 
284.01201729413606 11.677685950413224 113.0 355.0 6.0 235.0 24293.0 
286.01201729413606 11.677685950413224 115.0 356.0 6.0 235.0 24293.0 
288.01201729413606 11.677685950413224 116.0 358.0 6.0 235.0 24293.0 
290.0039272771482 11.727272727272727 117.0 358.0 6.0 236.0 24395.0 
292.0019381271877 11.727272727272727 116.0 359.0 6.0 236.0 24395.0 
294.01201729413606 11.727272727272727 117.0 360.0 7.0 236.0 24406.0 
296.00474947299546 11.727272727272727 119.0 363.0 7.0 236.0 24406.0 
298.01201729413606 11.727272727272727 120.0 363.0 7.0 236.0 24406.0 
300.01201729413606 11.727272727272727 120.0 363.0 7.0 236.0 24406.0 
302.01201729413606 11.776859504132231 120.0 364.0 7.0 237.0 24508.0 
304.01201729413606 11.826446280991735 120.0 365.0 7.0 238.0 24611.0 
306.01201729413606 11.826446280991735 120.0 365.0 7.0 238.0 24611.0 
308.01201729413606 11.826446280991735 120.0 365.0 7.0 238.0 24611.0 
310.01201729413606 11.826446280991735 120.0 365.0 7.0 238.0 24611.0 
312.01201729413606 11.826446280991735 121.0 366.0 7.0 238.0 24611.0 
314.01201729413606 11.826446280991735 121.0 366.0 7.0 238.0 24611.0 
316.01201729413606 11.87603305785124 122.0 367.0 7.0 239.0 24714.0 
318.01201729413606 11.87603305785124 121.0 367.0 7.0 239.0 24714.0 
320.01201729413606 11.87603305785124 121.0 367.0 7.0 239.0 24714.0 
322.01201729413606 11.975206611570247 121.0 369.0 7.0 241.0 24997.0 
324.01201729413606 12.173553719008265 118.0 369.0 7.0 245.0 25406.0 
326.01201729413606 12.272727272727273 116.0 369.0 7.0 247.0 25611.0 
328.01201729413606 12.37190082644628 113.0 369.0 7.0 249.0 25817.0 
330.01201729413606 12.47107438016529 113.0 369.0 7.0 251.0 26122.0 
332.01201729413606 12.520661157024794 112.0 370.0 7.0 252.0 26224.0 
334.01201729413606 12.669421487603305 109.0 370.0 7.0 255.0 26530.0 
336.01201729413606 12.867768595041323 108.0 373.0 7.0 259.0 26938.0 
338.01201729413606 13.016528925619834 106.0 374.0 7.0 262.0 27247.0 
340.01201729413606 13.165289256198347 105.0 376.0 7.0 265.0 27554.0 
342.01053518407645 13.314049586776859 103.0 376.0 7.0 268.0 27862.0 
344.01201729413606 13.512396694214875 103.0 379.0 7.0 272.0 28272.0 
346.01201729413606 13.710743801652892 96.0 379.0 7.0 276.0 28684.0 
348.01201729413606 14.008264462809915 96.0 384.0 7.0 282.0 29298.0 
350.01201729413606 14.25619834710744 92.0 385.0 7.0 287.0 29810.0 
352.01201729413606 14.355371900826444 92.0 388.0 7.0 289.0 30016.0 
354.01201729413606 14.603305785123968 92.0 389.0 7.0 294.0 30527.0 
356.01201729413606 14.851239669421487 89.0 392.0 7.0 299.0 31040.0 
358.01201729413606 15.0 87.0 395.0 7.0 302.0 31347.0 
360.01201729413606 15.24793388429752 86.0 402.0 7.0 307.0 31859.0 
362.01201729413606 15.418032786885245 86.0 405.0 7.0 313.0 32713.0 
364.01201729413606 15.614754098360656 87.0 409.0 7.0 317.0 33124.0 
366.01201729413606 15.811475409836067 86.0 412.0 7.0 321.0 33533.0 
368.0038184936378 15.78048780487805 83.0 414.0 7.0 323.0 34000.0 
370.01201729413606 15.975609756097562 87.0 419.0 7.0 327.0 34409.0 
372.01201729413606 16.073170731707314 83.0 421.0 7.0 329.0 34614.0 
374.01201729413606 16.21951219512195 89.0 427.0 7.0 332.0 34921.0 
376.01201729413606 16.26829268292683 90.0 430.0 7.0 333.0 35023.0 
378.01201729413606 16.414634146341463 93.0 435.0 7.0 336.0 35331.0 
380.01201729413606 16.414634146341463 97.0 441.0 7.0 336.0 35331.0 
382.01201729413606 16.51219512195122 101.0 447.0 7.0 338.0 35535.0 
384.01201729413606 16.658536585365855 104.0 449.0 7.0 341.0 35843.0 
386.01201729413606 16.70731707317073 102.0 451.0 7.0 342.0 35945.0 
388.01201729413606 16.75609756097561 102.0 453.0 7.0 343.0 36048.0 
390.01201729413606 16.804878048780488 103.0 454.0 7.0 344.0 36150.0 
392.01201729413606 16.853658536585364 103.0 456.0 7.0 345.0 36253.0 
394.01201729413606 16.853658536585364 105.0 457.0 7.0 345.0 36253.0 
396.01201729413606 16.951219512195124 107.0 461.0 7.0 347.0 36458.0 
398.0094354244163 17.048780487804876 107.0 462.0 7.0 349.0 36662.0 
400.01201729413606 17.097560975609756 107.0 464.0 7.0 350.0 36764.0 
402.01201729413606 17.097560975609756 109.0 466.0 7.0 350.0 36764.0 
404.01201729413606 17.146341463414636 110.0 467.0 7.0 351.0 36866.0 
406.01201729413606 17.195121951219512 110.0 469.0 7.0 352.0 36968.0 
408.01201729413606 17.195121951219512 112.0 471.0 7.0 352.0 36968.0 
410.01201729413606 17.195121951219512 112.0 471.0 7.0 352.0 36968.0 
412.0017404216922 17.195121951219512 114.0 474.0 7.0 352.0 36968.0 
414.01201729413606 17.24390243902439 114.0 474.0 7.0 353.0 37070.0 
416.01201729413606 17.24390243902439 115.0 475.0 7.0 353.0 37070.0 
418.006128163821 17.29268292682927 115.0 476.0 7.0 354.0 37172.0 
420.01201729413606 17.29268292682927 116.0 477.0 7.0 354.0 37172.0 
422.00487979214955 17.29268292682927 117.0 478.0 7.0 354.0 37172.0 
424.01201729413606 17.341463414634145 117.0 478.0 7.0 355.0 37275.0 
426.01201729413606 17.390243902439025 115.0 478.0 7.0 356.0 37378.0 
428.01201729413606 17.390243902439025 117.0 480.0 7.0 356.0 37378.0 
430.01201729413606 17.390243902439025 117.0 480.0 7.0 356.0 37378.0 
432.01201729413606 17.390243902439025 118.0 481.0 7.0 356.0 37378.0 
434.01201729413606 17.4390243902439 118.0 481.0 7.0 357.0 37481.0 
436.01201729413606 17.4390243902439 119.0 483.0 7.0 357.0 37481.0 
438.0045715389475 17.53658536585366 120.0 484.0 7.0 359.0 37686.0 
440.01201729413606 17.634146341463413 118.0 485.0 7.0 361.0 37892.0 
442.002972146259 17.73170731707317 116.0 485.0 7.0 363.0 38096.0 
444.00517323907974 17.73170731707317 116.0 486.0 7.0 363.0 38096.0 
446.01201729413606 17.878048780487806 115.0 487.0 7.0 366.0 38402.0 
448.01201729413606 17.878048780487806 114.0 489.0 7.0 366.0 38402.0 
450.01201729413606 18.121951219512194 112.0 489.0 7.0 371.0 38913.0 
452.01070798518117 18.170731707317074 112.0 491.0 7.0 372.0 39015.0 
454.01201729413606 18.31707317073171 111.0 492.0 7.0 375.0 39322.0 
456.009291025748 18.365853658536583 110.0 493.0 7.0 376.0 39424.0 
458.01201729413606 18.5609756097561 112.0 495.0 7.0 380.0 39904.0 
460.01201729413606 18.658536585365855 107.0 496.0 7.0 382.0 40109.0 
462.01201729413606 18.90243902439024 107.0 499.0 7.0 387.0 40622.0 
464.01201729413606 19.195121951219512 100.0 500.0 7.0 393.0 41237.0 
466.01201729413606 19.4390243902439 99.0 501.0 7.0 398.0 41842.0 
468.01201729413606 19.53658536585366 99.0 507.0 7.0 400.0 42047.0 
470.01201729413606 19.57258064516129 98.0 508.0 7.0 404.0 42897.0 
472.01127013651285 19.81451612903226 97.0 510.0 7.0 409.0 43408.0 
474.01201729413606 19.862903225806452 96.0 513.0 7.0 410.0 43511.0 
476.01201729413606 20.25 93.0 515.0 8.0 418.0 44345.0 
478.01201729413606 20.354838709677416 89.0 517.0 8.0 420.0 44549.0 
480.01201729413606 20.64516129032258 90.0 522.0 8.0 426.0 45163.0 
482.01201729413606 20.838709677419352 88.0 525.0 8.0 430.0 45573.0 
484.01201729413606 21.12903225806452 86.0 528.0 8.0 436.0 46188.0 
486.01201729413606 21.274193548387096 89.0 534.0 8.0 439.0 46496.0 
488.0000588696812 21.32258064516129 87.0 535.0 8.0 440.0 46598.0 
490.01201729413606 21.419354838709676 88.0 538.0 8.0 442.0 46803.0 
492.01201729413606 21.516129032258064 91.0 543.0 8.0 444.0 47009.0 
494.0067077005318 21.56451612903226 92.0 544.0 8.0 445.0 47111.0 
496.01201729413606 21.661290322580648 91.0 546.0 8.0 447.0 47317.0 
498.01201729413606 21.806451612903224 90.0 546.0 8.0 450.0 47623.0 
500.01201729413606 21.854838709677416 95.0 554.0 8.0 451.0 47725.0 
502.01201729413606 21.951612903225808 97.0 557.0 8.0 453.0 47929.0 
504.01201729413606 22.048387096774192 99.0 562.0 8.0 455.0 48133.0 
506.01201729413606 22.096774193548388 100.0 564.0 8.0 456.0 48235.0 
508.01201729413606 22.193548387096776 99.0 566.0 8.0 458.0 48439.0 
510.01201729413606 22.290322580645164 101.0 567.0 8.0 460.0 48645.0 
512.0120172941361 22.290322580645164 99.0 568.0 8.0 460.0 48645.0 
514.0120172941361 22.290322580645164 103.0 571.0 8.0 460.0 48645.0 
516.0120172941361 22.338709677419352 103.0 572.0 8.0 461.0 48748.0 
518.006482516385 22.387096774193548 107.0 577.0 8.0 462.0 48850.0 
520.0120172941361 22.43548387096774 109.0 580.0 8.0 463.0 48953.0 
522.0120172941361 22.483870967741936 109.0 581.0 8.0 464.0 49055.0 
524.0120172941361 22.532258064516128 109.0 582.0 8.0 465.0 49157.0 
526.0120172941361 22.532258064516128 111.0 584.0 8.0 465.0 49157.0 
528.0120172941361 22.532258064516128 111.0 584.0 8.0 465.0 49157.0 
530.0120172941361 22.580645161290324 111.0 584.0 8.0 466.0 49260.0 
532.0022352589823 22.580645161290324 111.0 585.0 8.0 466.0 49260.0 
534.0120172941361 22.62903225806452 112.0 587.0 8.0 467.0 49362.0 
536.0120172941361 22.62903225806452 113.0 589.0 8.0 467.0 49362.0 
538.0120172941361 22.725806451612904 114.0 591.0 8.0 469.0 49567.0 
540.0120172941361 22.774193548387096 114.0 592.0 8.0 470.0 49669.0 
542.0120172941361 22.82258064516129 113.0 593.0 8.0 471.0 49771.0 
544.0120172941361 22.82258064516129 115.0 594.0 8.0 471.0 49771.0 
546.0120172941361 22.87096774193548 117.0 596.0 8.0 472.0 49874.0 
548.0120172941361 22.87096774193548 117.0 597.0 8.0 472.0 49874.0 
550.0120172941361 22.919354838709676 116.0 597.0 8.0 473.0 49977.0 
552.0120172941361 23.016129032258064 115.0 598.0 8.0 475.0 50183.0 
554.000274295447 23.112903225806456 114.0 599.0 8.0 477.0 50387.0 
556.0120172941361 23.161290322580648 115.0 601.0 8.0 478.0 50489.0 
558.0120172941361 23.258064516129036 117.0 603.0 8.0 480.0 50723.0 
560.0120172941361 23.354838709677416 115.0 604.0 8.0 482.0 50927.0 
562.0120172941361 23.354838709677416 115.0 605.0 8.0 482.0 50927.0 
564.0120172941361 23.548387096774192 113.0 605.0 8.0 486.0 51387.0 
566.0120172941361 23.548387096774192 111.0 605.0 8.0 486.0 51387.0 
568.0120172941361 23.596774193548388 110.0 605.0 8.0 487.0 51490.0 
570.0120172941361 23.838709677419352 107.0 605.0 8.0 492.0 52002.0 
572.0120172941361 23.983870967741936 103.0 605.0 8.0 495.0 52310.0 
574.0120172941361 24.032258064516128 104.0 608.0 8.0 496.0 52412.0 
576.0120172941361 24.225806451612907 103.0 609.0 8.0 500.0 52916.0 
578.0120172941361 24.225806451612907 103.0 611.0 8.0 500.0 52916.0 
580.0120172941361 24.37096774193548 101.0 612.0 8.0 503.0 53224.0 
582.0061602574257 24.56451612903226 101.0 613.0 8.0 507.0 53633.0 
584.0073837441722 24.709677419354836 98.0 618.0 8.0 510.0 53941.0 
586.0120172941361 24.854838709677416 101.0 620.0 8.0 513.0 54249.0 
588.0120172941361 25.145161290322584 99.0 623.0 8.0 519.0 54864.0 
590.0120172941361 25.241935483870964 97.0 625.0 8.0 521.0 55160.0 
592.0120172941361 25.387096774193544 98.0 630.0 8.0 524.0 55470.0 
594.0120172941361 25.62903225806452 100.0 636.0 8.0 529.0 55982.0 
596.0120172941361 25.725806451612904 100.0 638.0 8.0 531.0 56187.0 
598.0120172941361 25.774193548387093 100.0 639.0 8.0 532.0 56290.0 
600.0007562132854 25.82258064516129 100.0 641.0 8.0 533.0 56393.0 
602.0120172941361 26.161290322580648 97.0 641.0 8.0 540.0 57107.0 
604.0120172941361 26.354838709677416 91.0 643.0 8.0 544.0 57516.0 
606.0120172941361 26.5 94.0 647.0 8.0 547.0 57823.0 
608.0120172941361 26.645161290322584 93.0 653.0 8.0 550.0 58130.0 
610.0120172941361 26.645161290322584 99.0 657.0 8.0 550.0 58130.0 
612.0120172941361 26.741935483870964 99.0 659.0 8.0 552.0 58335.0 
614.0046451210901 26.741935483870964 100.0 660.0 8.0 552.0 58335.0 
616.0120172941361 26.93548387096774 98.0 663.0 8.0 556.0 58745.0 
618.0012520967659 26.983870967741936 102.0 666.0 8.0 557.0 58848.0 
620.0120172941361 27.225806451612904 101.0 667.0 8.0 562.0 59361.0 
622.0120172941361 27.274193548387096 99.0 669.0 8.0 563.0 59463.0 
624.0120172941361 27.37096774193548 99.0 672.0 8.0 565.0 59669.0 
626.0120172941361 27.419354838709676 102.0 675.0 8.0 566.0 59772.0 
628.0120172941361 27.516129032258064 103.0 678.0 8.0 568.0 59976.0 
630.0120172941361 27.516129032258064 104.0 681.0 8.0 568.0 59976.0 
632.0120172941361 27.516129032258064 107.0 683.0 8.0 568.0 59976.0 
634.0120172941361 27.56451612903226 107.0 685.0 8.0 569.0 60078.0 
636.0120172941361 27.661290322580648 108.0 686.0 8.0 571.0 60283.0 
638.0120172941361 27.709677419354836 109.0 690.0 8.0 572.0 60385.0 
640.0120172941361 27.806451612903224 110.0 692.0 8.0 574.0 60591.0 
642.0120172941361 27.903225806451612 109.0 693.0 8.0 576.0 60796.0 
644.0022991761127 27.903225806451612 111.0 695.0 8.0 576.0 60796.0 
646.0120172941361 28.0 110.0 697.0 8.0 578.0 61001.0 
648.0120172941361 28.096774193548388 111.0 699.0 8.0 580.0 61206.0 
650.0120172941361 28.145161290322584 110.0 699.0 8.0 581.0 61308.0 
652.0120172941361 28.145161290322584 110.0 700.0 9.0 581.0 61321.0 
654.0120172941361 28.193548387096776 112.0 704.0 9.0 582.0 61423.0 
656.0120172941361 28.241935483870964 113.0 704.0 9.0 583.0 61526.0 
658.000329190688 28.387096774193544 112.0 707.0 9.0 586.0 61957.0 
660.0120172941361 28.532258064516128 111.0 708.0 9.0 589.0 62265.0 
662.0120172941361 28.580645161290324 110.0 710.0 9.0 590.0 62368.0 
664.0120172941361 28.62903225806452 113.0 712.0 9.0 591.0 62471.0 
666.0120172941361 28.62903225806452 112.0 712.0 9.0 591.0 62471.0 
668.0120172941361 28.62903225806452 114.0 714.0 9.0 591.0 62471.0 
670.0120172941361 28.62903225806452 114.0 715.0 9.0 591.0 62471.0 
672.0120172941361 28.62903225806452 116.0 716.0 9.0 591.0 62471.0 
674.0120172941361 28.62903225806452 118.0 720.0 9.0 591.0 62471.0 
676.0120172941361 28.725806451612907 120.0 720.0 9.0 593.0 62675.0 
678.0120172941361 28.82258064516129 117.0 721.0 9.0 595.0 62880.0 
680.0120172941361 28.919354838709676 118.0 722.0 9.0 597.0 63084.0 
682.0120172941361 29.016129032258064 116.0 723.0 9.0 599.0 63397.0 
684.0087341630922 29.016129032258064 116.0 724.0 9.0 599.0 63397.0 
686.0120172941361 29.161290322580648 116.0 726.0 9.0 602.0 63877.0 
688.0120172941361 29.354838709677416 113.0 726.0 9.0 606.0 64287.0 
690.0120172941361 29.451612903225808 111.0 727.0 9.0 608.0 64491.0 
692.0066803925405 29.59677419354839 109.0 730.0 9.0 611.0 64798.0 
694.0120172941361 29.741935483870964 110.0 731.0 9.0 614.0 65104.0 
696.0062158202594 29.983870967741936 108.0 733.0 9.0 619.0 65617.0 
698.0120172941361 30.12903225806452 103.0 734.0 9.0 622.0 65924.0 
700.0120172941361 30.274193548387093 103.0 737.0 9.0 625.0 66399.0 
702.0120172941361 30.37096774193548 103.0 738.0 9.0 627.0 66605.0 
704.0022183808951 30.37096774193548 104.0 741.0 9.0 627.0 66605.0 
706.0120172941361 30.467741935483872 107.0 743.0 9.0 629.0 67168.0 
708.0120172941361 30.709677419354836 102.0 744.0 9.0 634.0 67679.0 
710.0120172941361 30.806451612903224 102.0 745.0 9.0 636.0 67883.0 
712.0120172941361 31.145161290322584 96.0 746.0 9.0 643.0 68602.0 
714.0083663931999 31.241935483870964 96.0 749.0 9.0 645.0 68806.0 
716.0120172941361 31.290322580645164 96.0 750.0 9.0 646.0 68908.0 
718.0108473598741 31.338709677419352 97.0 753.0 9.0 647.0 69010.0 
720.0120172941361 31.580645161290324 98.0 756.0 9.0 652.0 69556.0 
722.0120172941361 31.580645161290324 96.0 759.0 9.0 652.0 69556.0 
724.0120172941361 31.725806451612907 99.0 761.0 9.0 655.0 69863.0 
726.0120172941361 31.82258064516129 99.0 763.0 9.0 657.0 70067.0 
728.0120172941361 32.016129032258064 96.0 765.0 9.0 661.0 70476.0 
730.0120172941361 32.20967741935483 93.0 768.0 9.0 665.0 70905.0 
732.0120172941361 32.306451612903224 96.0 773.0 9.0 667.0 71109.0 
734.0120172941361 32.45161290322581 97.0 775.0 9.0 670.0 71417.0 
736.0120172941361 32.5 97.0 778.0 9.0 671.0 71519.0 
738.0120172941361 32.596774193548384 101.0 782.0 9.0 673.0 71725.0 
740.0120172941361 32.693548387096776 102.0 785.0 9.0 675.0 71929.0 
742.0120172941361 32.79032258064516 100.0 787.0 9.0 677.0 72134.0 
744.0120172941361 32.88709677419355 101.0 788.0 9.0 679.0 72340.0 
746.0120172941361 32.983870967741936 102.0 790.0 9.0 681.0 72545.0 
748.0120172941361 33.03225806451613 102.0 794.0 9.0 682.0 72647.0 
750.0120172941361 33.12903225806452 106.0 800.0 9.0 684.0 72852.0 
752.0120172941361 33.177419354838705 106.0 800.0 9.0 685.0 72955.0 
754.0120172941361 33.225806451612904 108.0 803.0 9.0 686.0 73058.0 
756.0120172941361 33.37096774193548 109.0 807.0 9.0 689.0 73365.0 
758.0120172941361 33.41935483870968 109.0 808.0 9.0 690.0 73468.0 
760.0120172941361 33.516129032258064 110.0 809.0 9.0 692.0 73674.0 
762.0037320149719 33.61290322580645 107.0 811.0 9.0 694.0 73879.0 
764.0120172941361 33.66129032258065 111.0 815.0 9.0 695.0 74027.0 
766.0120172941361 33.85483870967742 108.0 815.0 9.0 699.0 74437.0 
768.0120172941361 33.85483870967742 107.0 817.0 9.0 699.0 74437.0 
770.0120172941361 33.95161290322581 110.0 818.0 9.0 701.0 74642.0 
772.009225804388 33.95161290322581 109.0 820.0 9.0 701.0 74642.0 
774.0120172941361 34.04838709677419 109.0 821.0 9.0 703.0 74847.0 
776.003448133894 34.14516129032258 108.0 822.0 9.0 705.0 75051.0 
778.0120172941361 34.24193548387097 106.0 822.0 9.0 707.0 75257.0 
780.0120172941361 34.29032258064517 105.0 822.0 9.0 708.0 75359.0 
782.0120172941361 34.33870967741935 106.0 824.0 9.0 709.0 75461.0 
784.0120172941361 34.38709677419355 106.0 827.0 9.0 710.0 75563.0 
786.0120172941361 34.483870967741936 107.0 829.0 9.0 712.0 75869.0 
788.000888275223 34.53225806451613 108.0 830.0 9.0 713.0 75971.0 
790.0120172941361 34.58064516129032 108.0 831.0 9.0 714.0 76074.0 
792.0120172941361 34.677419354838705 109.0 832.0 9.0 716.0 76374.0 
794.0120172941361 34.725806451612904 110.0 835.0 9.0 717.0 76476.0 
796.0120172941361 34.87096774193548 106.0 835.0 9.0 720.0 76784.0 
798.0089250195292 34.91935483870968 107.0 836.0 9.0 721.0 76886.0 
800.0120172941361 34.96774193548387 106.0 837.0 9.0 722.0 76988.0 
802.0065945717521 35.016129032258064 109.0 842.0 9.0 723.0 77090.0 
804.0120172941361 35.11290322580645 110.0 845.0 9.0 725.0 77296.0 
806.0120172941361 35.25806451612904 112.0 848.0 9.0 728.0 77604.0 
808.0120172941361 35.403225806451616 110.0 849.0 9.0 731.0 77910.0 
810.0120172941361 35.403225806451616 111.0 851.0 9.0 731.0 77910.0 
812.0120172941361 35.5 110.0 852.0 9.0 733.0 78115.0 
814.0120172941361 35.54838709677419 110.0 853.0 10.0 734.0 78230.0 
816.0120172941361 35.64516129032258 111.0 855.0 10.0 736.0 78435.0 
818.0120172941361 35.693548387096776 110.0 857.0 10.0 737.0 78537.0 
820.0034879189263 35.83870967741935 110.0 858.0 10.0 740.0 78843.0 
822.0120172941361 35.983870967741936 107.0 861.0 10.0 743.0 79149.0 
824.0045464438082 36.03225806451613 108.0 861.0 10.0 744.0 79252.0 
826.0120172941361 36.225806451612904 104.0 862.0 10.0 748.0 79662.0 
828.0120172941361 36.322580645161295 103.0 864.0 10.0 750.0 79867.0 
830.0120172941361 36.41935483870968 103.0 864.0 10.0 752.0 80072.0 
832.0120172941361 36.46774193548387 103.0 866.0 10.0 753.0 80174.0 
834.0120172941361 36.70967741935483 103.0 869.0 10.0 758.0 80686.0 
836.0120172941361 36.85483870967742 100.0 870.0 10.0 761.0 80994.0 
838.0120172941361 36.95161290322581 98.0 870.0 10.0 763.0 81203.0 
840.0120172941361 37.24193548387096 97.0 874.0 10.0 769.0 81818.0 
842.0120172941361 37.38709677419355 94.0 876.0 10.0 772.0 82124.0 
844.0120172941361 37.435483870967744 95.0 879.0 10.0 773.0 82254.0 
846.0120172941361 37.58064516129032 96.0 881.0 10.0 776.0 82562.0 
848.0120172941361 37.677419354838705 97.0 884.0 10.0 778.0 82767.0 
850.0120172941361 37.72580645161291 97.0 885.0 10.0 779.0 82870.0 
852.0120172941361 37.96774193548387 94.0 885.0 10.0 784.0 83382.0 
854.0014095040929 38.064516129032256 91.0 887.0 10.0 786.0 83588.0 
856.0120172941361 38.16129032258065 93.0 889.0 10.0 788.0 83793.0 
858.0120172941361 38.403225806451616 91.0 890.0 10.0 793.0 84469.0 
860.0120172941361 38.5 87.0 893.0 10.0 795.0 84674.0 
862.0120172941361 38.54838709677419 90.0 897.0 10.0 796.0 84776.0 
864.0120172941361 38.596774193548384 95.0 904.0 10.0 797.0 84878.0 
866.0120172941361 38.79032258064517 97.0 905.0 10.0 801.0 85288.0 
868.0120172941361 38.83870967741935 95.0 907.0 10.0 802.0 85391.0 
870.0120172941361 38.83870967741935 98.0 910.0 10.0 802.0 85391.0 
872.0120172941361 38.983870967741936 97.0 911.0 10.0 805.0 85699.0 
874.0120172941361 39.03225806451613 99.0 914.0 10.0 806.0 85802.0 
876.0029967771324 39.12903225806452 99.0 918.0 10.0 808.0 86007.0 
878.0120172941361 39.177419354838705 102.0 921.0 10.0 809.0 86110.0 
880.0120172941361 39.177419354838705 107.0 928.0 10.0 809.0 86110.0 
882.0120172941361 39.177419354838705 112.0 931.0 10.0 809.0 86110.0 
884.0120172941361 39.274193548387096 115.0 935.0 10.0 811.0 86315.0 
886.0120172941361 39.274193548387096 114.0 935.0 10.0 811.0 86315.0 
888.0120172941361 39.37096774193548 113.0 936.0 10.0 813.0 86521.0 
890.0120172941361 39.46774193548387 111.0 936.0 10.0 815.0 86727.0 
892.0078384081976 39.516129032258064 111.0 937.0 10.0 816.0 86830.0 
894.0120172941361 39.564516129032256 112.0 938.0 10.0 817.0 86933.0 
896.0120172941361 39.70967741935483 111.0 940.0 10.0 820.0 87239.0 
898.0120172941361 39.70967741935483 111.0 941.0 10.0 820.0 87239.0 
900.0080709215312 39.75806451612904 112.0 943.0 10.0 821.0 87341.0 
#####################################################################
# End of data export. Simulation finished at: 2020-01-31T20:55+0000 #
#####################################################################
