#####################################################################
# Alchemist log file - simulation started at: 2020-01-15T22:37+0000 #
#####################################################################
# seed = 5.0, taskFrequency = 0.01778, cloudcost = 17.0, algorithm = false
#
# The columns have the following meaning: 
# time taskHops[Mean] hasTask[Sum] tasks[Sum] completedTasks[Sum] giveupTasks[Sum] taskLatency[Sum] 
0.0 NaN 0.0 0.0 0.0 0.0 0.0 
2.005246120607407 NaN 1.0 1.0 0.0 0.0 0.0 
4.005246120607406 NaN 6.0 7.0 0.0 0.0 0.0 
6.005246120607406 NaN 11.0 12.0 0.0 0.0 0.0 
8.005246120607406 NaN 14.0 17.0 0.0 0.0 0.0 
10.005246120607406 NaN 19.0 20.0 0.0 0.0 0.0 
12.005246120607406 NaN 22.0 23.0 0.0 0.0 0.0 
14.005246120607406 NaN 29.0 33.0 0.0 0.0 0.0 
16.005246120607406 NaN 33.0 34.0 0.0 0.0 0.0 
18.005246120607406 NaN 35.0 35.0 0.0 0.0 0.0 
20.005246120607406 NaN 37.0 37.0 0.0 0.0 0.0 
22.005246120607406 NaN 40.0 40.0 0.0 0.0 0.0 
24.005246120607406 NaN 43.0 45.0 0.0 0.0 0.0 
26.005246120607406 NaN 48.0 48.0 0.0 0.0 0.0 
28.005246120607406 NaN 53.0 55.0 0.0 0.0 0.0 
30.005246120607406 NaN 57.0 57.0 0.0 0.0 0.0 
32.00524612060741 NaN 59.0 59.0 0.0 0.0 0.0 
34.00524612060741 NaN 63.0 63.0 0.0 0.0 0.0 
36.00524612060741 NaN 63.0 63.0 0.0 0.0 0.0 
38.00346926528742 NaN 64.0 65.0 0.0 0.0 0.0 
40.00524612060741 NaN 66.0 67.0 0.0 0.0 0.0 
42.00524612060741 NaN 67.0 68.0 0.0 0.0 0.0 
44.00524612060741 NaN 69.0 70.0 0.0 0.0 0.0 
46.00524612060741 NaN 71.0 71.0 0.0 0.0 0.0 
48.00524612060741 NaN 71.0 71.0 0.0 0.0 0.0 
50.00524612060741 NaN 73.0 75.0 0.0 0.0 0.0 
52.00524612060741 NaN 77.0 78.0 0.0 0.0 0.0 
54.00524612060741 NaN 79.0 80.0 0.0 0.0 0.0 
56.00524612060741 NaN 81.0 81.0 0.0 0.0 0.0 
58.00524612060741 NaN 81.0 82.0 0.0 0.0 0.0 
60.00524612060741 NaN 85.0 86.0 0.0 0.0 0.0 
62.00524612060741 NaN 87.0 87.0 0.0 0.0 0.0 
64.00524612060741 NaN 89.0 91.0 0.0 0.0 0.0 
66.00524612060741 NaN 91.0 92.0 0.0 0.0 0.0 
68.00524612060741 NaN 93.0 94.0 0.0 0.0 0.0 
70.00524612060741 NaN 95.0 95.0 0.0 0.0 0.0 
72.00524612060741 NaN 97.0 97.0 0.0 0.0 0.0 
74.00524612060741 NaN 98.0 98.0 0.0 0.0 0.0 
76.00524612060741 NaN 98.0 99.0 0.0 0.0 0.0 
78.00524612060741 NaN 100.0 100.0 0.0 0.0 0.0 
80.00524612060741 NaN 100.0 100.0 0.0 0.0 0.0 
82.00524612060741 NaN 100.0 100.0 0.0 0.0 0.0 
84.00524612060741 NaN 100.0 100.0 0.0 0.0 0.0 
86.00524612060741 NaN 102.0 102.0 0.0 0.0 0.0 
88.00524612060741 NaN 105.0 105.0 0.0 0.0 0.0 
90.00524612060741 NaN 105.0 105.0 0.0 0.0 0.0 
92.00524612060741 NaN 105.0 105.0 0.0 0.0 0.0 
94.00524612060741 NaN 105.0 105.0 0.0 0.0 0.0 
96.00524612060741 NaN 107.0 107.0 0.0 0.0 0.0 
98.00524612060741 NaN 109.0 109.0 0.0 0.0 0.0 
100.00524612060741 NaN 109.0 110.0 0.0 0.0 0.0 
102.00524612060741 NaN 110.0 110.0 0.0 0.0 0.0 
104.00524612060741 NaN 111.0 112.0 0.0 0.0 0.0 
106.00524612060741 17.0 111.0 112.0 0.0 2.0 205.0 
108.00524612060741 17.0 111.0 114.0 0.0 6.0 618.0 
110.00524612060741 17.0 106.0 114.0 0.0 8.0 830.0 
112.00524612060741 17.0 101.0 114.0 0.0 13.0 1348.0 
114.00524612060741 17.0 98.0 114.0 0.0 17.0 1761.0 
116.00524612060741 17.0 95.0 114.0 0.0 23.0 2385.0 
118.00524612060741 17.0 87.0 116.0 0.0 28.0 2901.0 
120.00524612060741 17.0 89.0 118.0 0.0 30.0 3115.0 
122.00524612060741 17.0 87.0 119.0 0.0 32.0 3320.0 
124.00502046469603 17.0 86.0 120.0 0.0 37.0 3856.0 
126.00524612060741 17.0 82.0 120.0 0.0 41.0 4271.0 
128.0052461206074 17.0 76.0 120.0 0.0 46.0 4783.0 
130.0052461206074 17.0 73.0 122.0 0.0 51.0 5293.0 
132.0052461206074 17.0 69.0 123.0 0.0 54.0 5601.0 
134.0052461206074 17.0 71.0 125.0 0.0 56.0 5807.0 
136.0052461206074 17.0 70.0 126.0 0.0 60.0 6217.0 
138.0052461206074 17.0 67.0 127.0 0.0 60.0 6217.0 
140.0052461206074 17.0 67.0 127.0 0.0 61.0 6320.0 
142.0052461206074 17.0 66.0 128.0 0.0 63.0 6526.0 
144.0052461206074 17.0 64.0 128.0 0.0 64.0 6629.0 
146.0052461206074 17.0 63.0 128.0 0.0 66.0 6835.0 
148.0052461206074 17.0 61.0 129.0 0.0 68.0 7040.0 
150.0052461206074 17.0 62.0 130.0 0.0 68.0 7040.0 
152.0052461206074 17.0 62.0 130.0 0.0 70.0 7244.0 
154.0052461206074 17.0 59.0 132.0 0.0 74.0 7655.0 
156.0052461206074 17.0 57.0 133.0 0.0 76.0 7860.0 
158.0052461206074 17.0 56.0 133.0 0.0 78.0 8065.0 
160.0052461206074 17.0 59.0 137.0 0.0 78.0 8065.0 
162.0052461206074 17.0 58.0 138.0 0.0 82.0 8475.0 
164.0052461206074 17.0 56.0 139.0 0.0 84.0 8681.0 
166.0052461206074 17.0 55.0 139.0 0.0 85.0 8784.0 
168.0052461206074 17.0 54.0 141.0 0.0 87.0 8990.0 
170.0052461206074 17.0 55.0 143.0 0.0 89.0 9195.0 
172.0052461206074 17.0 54.0 144.0 0.0 91.0 9401.0 
174.0052461206074 17.0 53.0 144.0 0.0 93.0 9607.0 
176.0052461206074 17.0 50.0 144.0 0.0 94.0 9709.0 
178.0052461206074 17.0 50.0 144.0 0.0 94.0 9709.0 
180.0052461206074 17.0 51.0 145.0 0.0 95.0 9811.0 
182.0052461206074 17.0 52.0 149.0 0.0 95.0 9811.0 
184.0052461206074 17.0 54.0 150.0 0.0 95.0 9811.0 
186.0052461206074 17.0 56.0 152.0 0.0 95.0 9811.0 
188.0052461206074 17.0 55.0 153.0 0.0 97.0 10015.0 
190.0052461206074 17.0 56.0 155.0 0.0 100.0 10323.0 
192.0052461206074 17.0 56.0 156.0 0.0 100.0 10323.0 
194.0052461206074 17.0 59.0 160.0 0.0 100.0 10323.0 
196.0052461206074 17.0 61.0 161.0 0.0 100.0 10323.0 
198.0052461206074 17.0 62.0 162.0 0.0 102.0 10528.0 
200.0052461206074 17.0 59.0 162.0 0.0 104.0 10733.0 
202.0052461206074 17.0 59.0 163.0 0.0 104.0 10733.0 
204.0052461206074 17.0 59.0 164.0 0.0 105.0 10836.0 
206.0052461206074 17.0 61.0 166.0 0.0 105.0 10836.0 
208.0052461206074 17.0 63.0 169.0 0.0 106.0 10939.0 
210.0052461206074 17.0 62.0 170.0 0.0 108.0 11143.0 
212.0052461206074 17.0 63.0 171.0 0.0 108.0 11143.0 
214.0052461206074 17.0 63.0 171.0 0.0 108.0 11143.0 
216.0052461206074 17.0 63.0 171.0 0.0 108.0 11143.0 
218.0052461206074 17.0 65.0 173.0 0.0 108.0 11143.0 
220.0052461206074 17.0 67.0 175.0 0.0 109.0 11246.0 
222.00338315160644 17.30909090909091 65.0 177.0 0.0 112.0 11553.0 
224.0052461206074 17.306306306306308 66.0 178.0 0.0 113.0 11776.0 
226.0052461206074 17.303571428571427 67.0 181.0 0.0 114.0 11879.0 
228.0052461206074 17.300884955752213 69.0 184.0 0.0 115.0 11981.0 
230.0052461206074 17.300884955752213 69.0 184.0 0.0 115.0 11981.0 
232.0052461206074 17.451327433628318 70.0 186.0 0.0 116.0 12083.0 
234.0052461206074 17.443478260869565 69.0 188.0 0.0 118.0 12288.0 
236.0052461206074 17.586206896551722 70.0 188.0 0.0 120.0 12492.0 
238.0052461206074 17.732758620689655 69.0 189.0 0.0 121.0 12595.0 
240.0052461206074 17.879310344827587 69.0 190.0 0.0 122.0 12698.0 
242.0052461206074 17.879310344827587 69.0 191.0 0.0 122.0 12698.0 
244.0052461206074 18.025862068965516 69.0 192.0 0.0 123.0 12800.0 
246.0052461206074 18.025862068965516 69.0 192.0 0.0 123.0 12800.0 
248.0052461206074 18.025862068965516 72.0 195.0 0.0 123.0 12800.0 
250.0052461206074 18.017094017094017 73.0 196.0 0.0 124.0 12902.0 
252.0052461206074 18.162393162393162 72.0 196.0 0.0 125.0 13005.0 
254.0052461206074 18.162393162393162 72.0 197.0 0.0 125.0 13005.0 
256.0052461206074 18.307692307692307 73.0 198.0 1.0 126.0 13120.0 
258.0052461206074 18.45299145299145 71.0 199.0 1.0 127.0 13223.0 
260.0052461206074 18.45299145299145 72.0 200.0 1.0 127.0 13223.0 
262.0052461206074 19.034188034188034 73.0 201.0 1.0 131.0 13633.0 
264.0052461206074 19.016949152542374 69.0 201.0 1.0 132.0 13736.0 
266.0052461206074 19.161016949152543 69.0 202.0 1.0 133.0 13839.0 
268.0052461206074 19.142857142857142 68.0 204.0 1.0 134.0 13951.0 
270.0052461206074 19.428571428571427 70.0 206.0 1.0 136.0 14155.0 
272.0052461206074 19.714285714285715 69.0 207.0 1.0 138.0 14360.0 
274.0052461206074 19.857142857142858 71.0 211.0 1.0 139.0 14462.0 
276.0052461206074 19.857142857142858 72.0 212.0 1.0 139.0 14462.0 
278.0052461206074 19.857142857142858 75.0 215.0 1.0 139.0 14462.0 
280.0052461206074 19.857142857142858 76.0 216.0 1.0 139.0 14462.0 
282.0052461206074 20.0 76.0 217.0 1.0 140.0 14564.0 
284.0052461206074 20.285714285714285 76.0 217.0 1.0 142.0 14769.0 
286.0052461206074 20.571428571428573 74.0 220.0 1.0 144.0 14975.0 
288.0052461206074 20.857142857142858 75.0 221.0 1.0 146.0 15181.0 
290.0052461206074 21.0 74.0 222.0 1.0 147.0 15284.0 
292.0052461206074 21.25 74.0 224.0 1.0 150.0 15718.0 
294.0052461206074 21.533333333333335 72.0 225.0 1.0 152.0 15923.0 
296.0052461206074 21.825 71.0 225.0 1.0 154.0 16127.0 
298.0052461206074 22.108333333333334 69.0 225.0 1.0 156.0 16332.0 
300.0052461206074 22.25 68.0 227.0 1.0 157.0 16435.0 
302.0052461206074 22.206611570247933 69.0 227.0 1.0 158.0 16731.0 
304.0052461206074 22.303278688524593 68.0 228.0 1.0 160.0 17035.0 
306.0052461206074 22.442622950819672 66.0 228.0 1.0 161.0 17137.0 
308.0052461206074 22.581967213114755 66.0 229.0 1.0 162.0 17239.0 
310.0052461206074 22.8130081300813 65.0 229.0 1.0 165.0 17545.0 
312.0052461206074 22.8130081300813 64.0 231.0 1.0 165.0 17545.0 
314.0052461206074 23.089430894308943 64.0 232.0 1.0 167.0 17750.0 
316.0052461206074 23.089430894308943 66.0 234.0 1.0 167.0 17750.0 
318.0052461206074 23.089430894308943 67.0 236.0 1.0 167.0 17750.0 
320.0052461206074 23.365853658536587 68.0 236.0 1.0 169.0 17955.0 
322.0052461206074 23.642276422764226 64.0 236.0 1.0 171.0 18159.0 
324.0052461206074 23.78048780487805 63.0 236.0 1.0 172.0 18261.0 
326.0052461206074 24.05691056910569 62.0 236.0 1.0 174.0 18466.0 
328.0052461206074 24.471544715447155 60.0 236.0 1.0 177.0 18774.0 
330.0052461206074 24.886178861788615 58.0 237.0 1.0 180.0 19081.0 
332.0052461206074 24.886178861788615 56.0 237.0 1.0 180.0 19081.0 
334.0052461206074 25.024390243902438 56.0 238.0 1.0 181.0 19183.0 
336.0052461206074 25.30081300813008 54.0 238.0 1.0 183.0 19388.0 
338.0052461206074 25.4390243902439 54.0 239.0 1.0 184.0 19491.0 
340.0052461206074 25.577235772357724 55.0 240.0 1.0 185.0 19593.0 
342.0052461206074 25.715447154471544 53.0 240.0 1.0 186.0 19695.0 
344.0052461206074 25.853658536585364 53.0 241.0 1.0 187.0 19797.0 
346.00440886965794 25.853658536585364 55.0 244.0 1.0 187.0 19797.0 
348.0052461206074 25.853658536585364 58.0 246.0 1.0 187.0 19797.0 
350.0001523653292 26.26829268292683 57.0 247.0 1.0 190.0 20105.0 
352.0052461206074 26.40650406504065 55.0 247.0 1.0 191.0 20207.0 
354.0052461206074 26.40650406504065 59.0 252.0 1.0 191.0 20207.0 
356.0052461206074 26.54471544715447 63.0 255.0 1.0 192.0 20309.0 
358.0052461206074 26.68292682926829 62.0 256.0 1.0 193.0 20411.0 
360.0052461206074 26.821138211382113 62.0 256.0 1.0 194.0 20514.0 
362.0052461206074 26.959349593495933 61.0 257.0 1.0 195.0 20616.0 
364.0052461206074 27.097560975609756 61.0 258.0 1.0 196.0 20718.0 
366.0052461206074 27.097560975609756 61.0 258.0 1.0 196.0 20718.0 
368.0052461206074 27.235772357723576 62.0 259.0 1.0 197.0 20820.0 
370.0052461206074 27.3739837398374 63.0 261.0 1.0 198.0 20923.0 
372.0052461206074 27.65040650406504 61.0 263.0 1.0 200.0 21128.0 
374.0052461206074 27.926829268292686 62.0 265.0 1.0 202.0 21333.0 
376.0052461206074 28.341463414634145 62.0 266.0 1.0 205.0 21639.0 
378.0052461206074 28.75609756097561 60.0 269.0 1.0 208.0 22029.0 
380.0052461206074 29.03252032520325 61.0 271.0 1.0 210.0 22233.0 
382.0052461206074 29.170731707317074 59.0 272.0 1.0 211.0 22335.0 
384.0052461206074 29.170731707317074 62.0 275.0 1.0 211.0 22335.0 
386.0052461206074 29.170731707317074 63.0 276.0 1.0 211.0 22335.0 
388.0052461206074 29.447154471544717 63.0 276.0 1.0 213.0 22540.0 
390.0052461206074 29.72357723577236 61.0 278.0 1.0 215.0 22746.0 
392.0052461206074 29.86178861788618 62.0 278.0 1.0 216.0 22848.0 
394.0052461206074 30.0 61.0 279.0 1.0 217.0 22951.0 
396.0052461206074 30.13821138211382 62.0 281.0 1.0 218.0 23054.0 
398.0052461206074 30.13821138211382 64.0 284.0 1.0 218.0 23054.0 
400.0052461206074 30.13821138211382 66.0 286.0 1.0 218.0 23054.0 
402.0052461206074 30.13821138211382 68.0 288.0 1.0 218.0 23054.0 
404.0052461206074 30.414634146341466 67.0 288.0 1.0 220.0 23260.0 
406.0052461206074 30.414634146341466 70.0 291.0 1.0 220.0 23260.0 
408.0052461206074 30.552845528455283 70.0 292.0 1.0 221.0 23363.0 
410.0052461206074 30.691056910569106 69.0 292.0 2.0 222.0 23478.0 
412.0052461206074 30.829268292682926 69.0 293.0 2.0 223.0 23612.0 
414.0052461206074 30.96747967479675 69.0 295.0 2.0 224.0 23714.0 
416.0052461206074 31.24390243902439 68.0 295.0 2.0 226.0 23920.0 
418.0052461206074 31.382113821138216 68.0 297.0 2.0 227.0 24022.0 
420.0052461206074 31.382113821138216 68.0 297.0 2.0 227.0 24022.0 
422.0052461206074 31.520325203252032 68.0 298.0 2.0 228.0 24125.0 
424.0052461206074 31.520325203252032 69.0 299.0 2.0 228.0 24125.0 
426.0052461206074 31.520325203252032 69.0 299.0 2.0 228.0 24125.0 
428.0052461206074 31.520325203252032 69.0 299.0 2.0 228.0 24125.0 
430.0052461206074 31.520325203252032 70.0 300.0 2.0 228.0 24125.0 
432.0052461206074 31.658536585365855 70.0 300.0 2.0 229.0 24227.0 
434.0052461206074 31.658536585365855 70.0 301.0 2.0 229.0 24227.0 
436.0052461206074 31.658536585365855 70.0 302.0 2.0 229.0 24227.0 
438.0052461206074 31.79674796747967 71.0 304.0 2.0 230.0 24330.0 
440.0052461206074 31.934959349593495 74.0 306.0 2.0 231.0 24433.0 
442.0052461206074 32.07317073170732 74.0 308.0 2.0 232.0 24535.0 
444.0052461206074 32.07317073170732 76.0 310.0 2.0 232.0 24535.0 
446.0052461206074 32.21138211382114 76.0 310.0 2.0 233.0 24638.0 
448.0052461206074 32.48780487804878 75.0 312.0 2.0 235.0 24844.0 
450.0052461206074 32.90243902439025 74.0 312.0 2.0 238.0 25151.0 
452.0052461206074 33.04065040650407 72.0 313.0 2.0 239.0 25284.0 
454.0052461206074 33.17886178861788 71.0 313.0 2.0 240.0 25386.0 
456.0052461206074 33.731707317073166 69.0 314.0 2.0 244.0 25795.0 
458.0052461206074 34.28455284552845 67.0 314.0 2.0 248.0 26205.0 
460.0052461206074 34.422764227642276 65.0 316.0 2.0 249.0 26383.0 
462.0052461206074 34.5609756097561 66.0 318.0 2.0 250.0 26486.0 
464.0052461206074 34.69918699186992 68.0 320.0 2.0 251.0 26588.0 
466.0052461206074 34.69918699186992 67.0 321.0 2.0 251.0 26588.0 
468.0052461206074 34.83739837398374 68.0 321.0 2.0 252.0 26851.0 
470.0052461206074 34.97560975609756 67.0 321.0 2.0 253.0 26954.0 
472.0052461206074 35.2520325203252 66.0 322.0 2.0 255.0 27158.0 
474.0052461206074 35.52845528455285 66.0 323.0 2.0 257.0 27371.0 
476.0052461206074 35.80487804878049 65.0 325.0 2.0 259.0 27576.0 
478.0052461206074 36.081300813008134 63.0 325.0 2.0 261.0 27781.0 
480.0052461206074 36.35772357723577 61.0 327.0 2.0 263.0 27985.0 
482.0052461206074 36.63414634146342 62.0 330.0 2.0 265.0 28190.0 
484.0052461206074 36.77235772357723 63.0 331.0 2.0 266.0 28293.0 
486.0052461206074 37.1869918699187 60.0 331.0 2.0 269.0 28600.0 
488.0052461206074 37.32520325203252 60.0 334.0 2.0 270.0 28703.0 
490.0052461206074 37.46341463414634 62.0 335.0 2.0 271.0 28806.0 
492.0052461206074 37.46341463414634 62.0 335.0 2.0 271.0 28806.0 
494.0043991365637 37.73983739837398 61.0 336.0 2.0 273.0 29012.0 
496.0052461206074 37.73983739837398 61.0 337.0 2.0 273.0 29012.0 
498.0052461206074 38.15447154471545 62.0 338.0 2.0 276.0 29319.0 
500.0052461206074 38.29268292682927 61.0 339.0 2.0 277.0 29422.0 
502.0052461206074 38.56910569105691 62.0 342.0 2.0 279.0 29628.0 
504.0052461206074 38.84552845528455 61.0 343.0 2.0 281.0 29834.0 
506.0052461206074 38.98373983739837 59.0 343.0 2.0 282.0 29937.0 
508.0052461206074 39.39837398373983 58.0 343.0 2.0 285.0 30245.0 
510.0052461206074 39.53658536585366 57.0 345.0 2.0 286.0 30347.0 
512.0052461206074 39.53658536585366 58.0 346.0 2.0 286.0 30347.0 
514.0052461206074 39.67479674796748 59.0 347.0 2.0 287.0 30449.0 
516.0052461206074 39.951219512195124 58.0 347.0 2.0 289.0 30654.0 
518.0052461206074 39.951219512195124 57.0 348.0 2.0 289.0 30654.0 
520.0052461206074 40.22764227642277 57.0 348.0 2.0 291.0 30962.0 
522.0052461206074 40.36585365853658 54.0 348.0 2.0 292.0 31065.0 
524.0052461206074 40.50406504065041 56.0 350.0 2.0 293.0 31167.0 
526.0052461206074 40.64227642276423 55.0 350.0 2.0 294.0 31269.0 
528.0052461206074 40.64227642276423 55.0 351.0 2.0 294.0 31269.0 
530.0052461206074 40.64227642276423 56.0 352.0 2.0 294.0 31269.0 
532.0052461206074 40.78048780487805 56.0 352.0 2.0 295.0 31371.0 
534.0052461206074 40.78048780487805 55.0 352.0 2.0 295.0 31371.0 
536.0052461206074 40.918699186991866 57.0 354.0 2.0 296.0 31473.0 
538.0052461206074 40.918699186991866 57.0 355.0 2.0 296.0 31473.0 
540.0052461206074 41.19512195121951 60.0 359.0 2.0 298.0 31679.0 
542.0052461206074 41.47967479674797 59.0 360.0 2.0 300.0 31884.0 
544.0052461206074 41.75609756097561 57.0 361.0 2.0 302.0 32088.0 
546.0052461206074 42.03252032520325 58.0 363.0 2.0 304.0 32293.0 
548.0052461206074 42.03252032520325 58.0 365.0 2.0 304.0 32293.0 
550.0052461206074 42.17073170731707 59.0 367.0 2.0 305.0 32395.0 
552.0052461206074 42.3089430894309 60.0 368.0 2.0 306.0 32498.0 
554.0052461206074 42.44715447154472 61.0 369.0 2.0 307.0 32600.0 
556.0052461206074 42.44715447154472 60.0 370.0 2.0 307.0 32600.0 
558.0052461206074 42.44715447154472 61.0 370.0 2.0 307.0 32600.0 
560.0052461206074 42.58536585365853 61.0 371.0 2.0 308.0 32703.0 
562.0042093804936 42.86178861788618 63.0 373.0 2.0 310.0 32908.0 
564.0052461206074 43.14634146341463 60.0 374.0 2.0 312.0 33112.0 
566.0052461206074 43.28455284552845 60.0 376.0 2.0 313.0 33214.0 
568.0052461206074 43.28455284552845 64.0 379.0 2.0 313.0 33214.0 
570.0052461206074 43.422764227642276 64.0 383.0 2.0 314.0 33317.0 
572.0052461206074 43.422764227642276 68.0 385.0 2.0 314.0 33317.0 
574.0052461206074 43.5609756097561 68.0 386.0 2.0 315.0 33419.0 
576.0052461206074 43.69918699186992 70.0 388.0 2.0 316.0 33522.0 
578.0052461206074 43.97560975609756 70.0 389.0 2.0 318.0 33727.0 
580.0052461206074 43.97560975609756 69.0 389.0 2.0 318.0 33727.0 
582.0052461206074 44.11382113821138 70.0 390.0 2.0 319.0 33830.0 
584.0052461206074 44.39024390243903 70.0 392.0 2.0 321.0 34034.0 
586.0052461206074 44.66666666666667 68.0 392.0 2.0 323.0 34240.0 
588.0052461206074 44.66666666666667 67.0 392.0 2.0 323.0 34240.0 
590.0052461206074 44.80487804878049 68.0 393.0 2.0 324.0 34342.0 
592.0052461206074 45.21951219512195 65.0 395.0 2.0 327.0 34650.0 
594.0052461206074 45.21951219512195 66.0 395.0 2.0 327.0 34650.0 
596.0052461206074 45.35772357723577 67.0 396.0 2.0 328.0 34752.0 
598.0052461206074 45.35772357723577 68.0 398.0 2.0 328.0 34752.0 
600.0052461206074 45.63414634146342 67.0 398.0 2.0 330.0 34957.0 
602.0052461206074 45.54032258064516 66.0 398.0 2.0 332.0 35585.0 
604.0052461206074 45.814516129032256 65.0 399.0 2.0 334.0 35790.0 
606.0052461206074 45.951612903225815 63.0 399.0 2.0 335.0 35892.0 
608.0052461206074 45.951612903225815 64.0 401.0 2.0 335.0 35892.0 
610.0052461206074 45.951612903225815 66.0 403.0 2.0 335.0 35892.0 
612.0052461206074 46.08870967741935 67.0 404.0 2.0 336.0 35994.0 
614.0052461206074 46.36290322580644 65.0 404.0 2.0 338.0 36200.0 
616.0052461206074 46.63709677419355 65.0 405.0 2.0 340.0 36418.0 
618.0052461206074 46.774193548387096 62.0 406.0 2.0 341.0 36741.0 
620.0052461206074 46.91129032258065 63.0 406.0 2.0 342.0 36843.0 
622.0052461206074 47.048387096774185 65.0 410.0 2.0 343.0 37002.0 
624.0052461206074 47.048387096774185 66.0 411.0 2.0 343.0 37002.0 
626.0052461206074 47.322580645161295 68.0 414.0 2.0 345.0 37208.0 
628.0052461206074 47.322580645161295 67.0 414.0 2.0 345.0 37208.0 
630.0052461206074 47.45967741935483 68.0 416.0 2.0 346.0 37310.0 
632.0052461206074 47.45967741935483 71.0 420.0 2.0 346.0 37310.0 
634.0052461206074 47.45967741935483 74.0 422.0 2.0 346.0 37310.0 
636.0052461206074 47.45967741935483 74.0 422.0 2.0 346.0 37310.0 
638.0052461206074 47.73387096774193 73.0 422.0 2.0 348.0 37514.0 
640.0052461206074 47.73387096774193 73.0 423.0 2.0 348.0 37514.0 
642.0052461206074 48.14516129032258 72.0 423.0 2.0 351.0 37821.0 
644.0052461206074 48.282258064516135 71.0 425.0 2.0 352.0 37923.0 
646.0052461206074 48.282258064516135 72.0 426.0 2.0 352.0 37923.0 
648.0052461206074 48.556451612903224 71.0 426.0 2.0 354.0 38129.0 
650.0052461206074 48.83064516129033 69.0 427.0 2.0 356.0 38334.0 
652.0052461206074 48.967741935483865 68.0 427.0 2.0 357.0 38437.0 
654.0052461206074 49.37903225806452 66.0 427.0 2.0 360.0 38745.0 
656.0052461206074 49.51612903225807 65.0 428.0 2.0 361.0 38848.0 
658.0052461206074 49.51612903225807 68.0 432.0 2.0 361.0 38848.0 
660.0052461206074 49.51612903225807 70.0 435.0 2.0 361.0 38848.0 
662.0052461206074 49.65322580645162 72.0 437.0 2.0 362.0 38950.0 
664.0052461206074 49.927419354838705 74.0 438.0 2.0 364.0 39156.0 
666.0052461206074 50.064516129032256 73.0 439.0 2.0 365.0 39258.0 
668.0052461206074 50.475806451612904 72.0 441.0 2.0 368.0 39660.0 
670.0052461206074 51.024193548387096 69.0 441.0 2.0 372.0 40070.0 
672.0052461206074 51.16129032258064 68.0 442.0 2.0 373.0 40172.0 
674.0052461206074 51.572580645161295 67.0 444.0 2.0 376.0 40481.0 
676.0052461206074 51.70967741935484 65.0 444.0 2.0 377.0 40584.0 
678.0052461206074 52.12903225806452 64.0 444.0 2.0 380.0 40893.0 
680.0052461206074 52.26612903225807 61.0 444.0 2.0 381.0 40995.0 
682.0052461206074 52.403225806451616 62.0 445.0 2.0 382.0 41148.0 
684.0052461206074 52.54032258064516 61.0 445.0 2.0 383.0 41250.0 
686.0052461206074 52.814516129032256 61.0 446.0 2.0 385.0 41455.0 
688.0052461206074 52.951612903225815 60.0 447.0 2.0 386.0 41604.0 
690.0052461206074 52.951612903225815 61.0 449.0 2.0 386.0 41604.0 
692.0052461206074 53.08870967741935 61.0 449.0 2.0 387.0 41706.0 
694.0052461206074 53.225806451612904 62.0 451.0 2.0 388.0 41809.0 
696.0052461206074 53.36290322580645 60.0 452.0 2.0 389.0 41912.0 
698.0052461206074 53.5 62.0 454.0 2.0 390.0 42014.0 
700.0052461206074 53.63709677419355 63.0 455.0 2.0 391.0 42117.0 
702.0052461206074 53.63709677419355 62.0 455.0 2.0 391.0 42117.0 
704.0052461206074 53.63709677419355 63.0 456.0 2.0 391.0 42117.0 
706.0052461206074 53.774193548387096 64.0 458.0 2.0 392.0 42220.0 
708.0052461206074 53.774193548387096 65.0 459.0 2.0 392.0 42220.0 
710.0052461206074 54.048387096774185 65.0 459.0 2.0 394.0 42425.0 
712.0052461206074 54.185483870967744 63.0 459.0 2.0 395.0 42527.0 
714.0052461206074 54.322580645161295 63.0 460.0 2.0 396.0 42629.0 
716.0052461206074 54.322580645161295 63.0 461.0 2.0 396.0 42629.0 
718.0052461206074 54.45967741935484 63.0 462.0 2.0 397.0 42731.0 
720.0052461206074 54.45967741935484 63.0 462.0 2.0 397.0 42731.0 
722.0052461206074 54.596774193548384 62.0 462.0 2.0 398.0 42834.0 
724.0052461206074 55.00806451612904 61.0 464.0 2.0 401.0 43140.0 
726.0052461206074 55.282258064516135 60.0 464.0 2.0 403.0 43345.0 
728.0052461206074 55.556451612903224 59.0 465.0 2.0 405.0 43549.0 
730.0052461206074 55.693548387096776 58.0 466.0 2.0 406.0 43652.0 
732.0052461206074 55.967741935483865 58.0 469.0 2.0 408.0 43856.0 
734.0052461206074 56.37903225806452 58.0 469.0 2.0 411.0 44164.0 
736.0052461206074 56.79032258064516 55.0 470.0 2.0 414.0 44472.0 
738.0052461206074 56.79032258064516 55.0 471.0 2.0 414.0 44472.0 
740.0052461206074 56.79032258064516 58.0 474.0 2.0 414.0 44472.0 
742.0052461206074 56.927419354838705 57.0 475.0 2.0 415.0 44574.0 
744.0052461206074 56.927419354838705 59.0 476.0 2.0 415.0 44574.0 
746.0052461206074 57.064516129032256 58.0 476.0 2.0 416.0 44676.0 
748.0052461206074 57.33870967741936 57.0 478.0 2.0 418.0 44881.0 
750.0052461206074 57.33870967741936 59.0 480.0 2.0 418.0 44881.0 
752.0052461206074 57.33870967741936 61.0 481.0 2.0 418.0 44881.0 
754.0052461206074 57.475806451612904 61.0 482.0 2.0 419.0 44984.0 
756.0052461206074 57.475806451612904 62.0 483.0 2.0 419.0 44984.0 
758.0052461206074 57.475806451612904 62.0 483.0 2.0 419.0 44984.0 
760.0052461206074 58.024193548387096 62.0 484.0 2.0 423.0 45395.0 
762.0052461206074 58.298387096774185 59.0 486.0 2.0 425.0 45601.0 
764.0052461206074 58.70967741935484 58.0 488.0 2.0 428.0 45910.0 
766.0052461206074 58.98387096774193 57.0 488.0 2.0 430.0 46115.0 
768.0052461206074 59.12096774193548 55.0 489.0 2.0 431.0 46217.0 
770.0052461206074 59.25806451612904 58.0 492.0 2.0 432.0 46319.0 
772.0052461206074 59.395161290322584 57.0 493.0 2.0 433.0 46422.0 
774.0052461206074 59.395161290322584 59.0 494.0 2.0 433.0 46422.0 
776.0052461206074 59.532258064516135 61.0 496.0 2.0 434.0 46524.0 
778.0022202233304 59.532258064516135 60.0 496.0 2.0 434.0 46524.0 
780.0052461206074 59.532258064516135 60.0 496.0 2.0 434.0 46524.0 
782.0052461206074 59.532258064516135 63.0 499.0 2.0 434.0 46524.0 
784.0052461206074 59.66935483870967 62.0 499.0 2.0 435.0 46626.0 
786.0052461206074 59.66935483870967 62.0 499.0 2.0 435.0 46626.0 
788.0052461206074 59.80645161290322 63.0 500.0 2.0 436.0 46728.0 
790.0052461206074 60.08064516129033 62.0 500.0 2.0 438.0 47050.0 
792.0052461206074 60.354838709677416 60.0 500.0 2.0 440.0 47255.0 
794.0052461206074 60.354838709677416 58.0 501.0 2.0 440.0 47255.0 
796.0052461206074 60.62903225806452 62.0 504.0 2.0 442.0 47459.0 
798.0052461206074 60.62903225806452 60.0 504.0 2.0 442.0 47459.0 
800.0052461206074 60.90322580645162 58.0 504.0 2.0 444.0 47664.0 
802.0052461206074 61.04032258064516 59.0 507.0 2.0 445.0 47767.0 
804.0052461206074 61.04032258064516 61.0 508.0 2.0 445.0 47767.0 
806.0052461206074 61.177419354838705 60.0 508.0 2.0 446.0 47869.0 
808.0052461206074 61.314516129032256 60.0 509.0 2.0 447.0 47977.0 
810.0052461206074 61.451612903225815 60.0 510.0 2.0 448.0 48079.0 
812.0052461206074 61.451612903225815 61.0 511.0 2.0 448.0 48079.0 
814.0052461206074 61.451612903225815 61.0 511.0 2.0 448.0 48079.0 
816.0052461206074 61.58870967741936 61.0 512.0 2.0 449.0 48181.0 
818.0052461206074 61.725806451612904 61.0 513.0 2.0 450.0 48283.0 
820.0052461206074 61.725806451612904 63.0 515.0 2.0 450.0 48283.0 
822.0052461206074 61.86290322580644 63.0 516.0 2.0 451.0 48386.0 
824.0045753423368 61.86290322580644 63.0 517.0 2.0 451.0 48386.0 
826.0052461206074 62.13709677419356 64.0 518.0 2.0 453.0 48591.0 
828.0052461206074 62.13709677419356 63.0 519.0 2.0 453.0 48591.0 
830.0052461206074 62.274193548387096 64.0 519.0 2.0 454.0 48693.0 
832.0052461206074 62.548387096774185 66.0 523.0 2.0 456.0 49017.0 
834.0052461206074 62.822580645161295 66.0 525.0 2.0 458.0 49247.0 
836.0052461206074 63.09677419354838 65.0 527.0 2.0 460.0 49453.0 
838.0052461206074 63.09677419354838 66.0 528.0 2.0 460.0 49453.0 
840.0052461206074 63.50806451612904 66.0 530.0 2.0 463.0 49826.0 
842.0052461206074 63.54400000000001 66.0 531.0 2.0 467.0 50946.0 
844.0052461206074 63.54400000000001 64.0 534.0 2.0 467.0 50946.0 
846.0052461206074 63.815999999999995 64.0 534.0 2.0 469.0 51151.0 
848.0052461206074 63.815999999999995 63.0 534.0 2.0 469.0 51151.0 
850.0052461206074 63.952 64.0 536.0 2.0 470.0 51254.0 
852.0052461206074 64.224 63.0 536.0 2.0 472.0 51459.0 
854.0052461206074 64.49600000000001 62.0 537.0 2.0 474.0 51664.0 
856.0052461206074 64.632 61.0 537.0 2.0 475.0 51766.0 
858.0052461206074 64.76799999999999 59.0 537.0 2.0 476.0 51868.0 
860.0052461206074 64.76799999999999 62.0 542.0 2.0 476.0 51868.0 
862.0052461206074 64.904 64.0 542.0 2.0 477.0 51970.0 
864.0052461206074 65.03999999999999 64.0 543.0 2.0 478.0 52072.0 
866.0052461206074 65.312 64.0 545.0 2.0 480.0 52277.0 
868.0052461206074 65.44800000000001 62.0 545.0 2.0 481.0 52606.0 
870.0052461206074 65.44800000000001 62.0 545.0 2.0 481.0 52606.0 
872.0052461206074 65.72 61.0 546.0 2.0 483.0 52810.0 
874.0052461206074 65.856 62.0 548.0 2.0 484.0 52913.0 
876.0052461206074 66.12800000000001 61.0 550.0 2.0 486.0 53119.0 
878.0052461206074 66.4 63.0 552.0 2.0 488.0 53323.0 
880.0052461206074 66.4 64.0 554.0 2.0 488.0 53323.0 
882.0052461206074 66.4 66.0 557.0 2.0 488.0 53323.0 
884.0052461206074 66.808 67.0 559.0 2.0 491.0 53629.0 
886.0052461206074 66.808 67.0 561.0 2.0 491.0 53629.0 
888.0052461206074 66.808 70.0 563.0 2.0 491.0 53629.0 
890.0052461206074 66.808 71.0 564.0 2.0 491.0 53629.0 
892.0052461206074 66.808 71.0 565.0 2.0 491.0 53629.0 
894.0052461206074 66.808 74.0 567.0 2.0 491.0 53629.0 
896.0052461206074 66.808 74.0 568.0 2.0 491.0 53629.0 
898.0052461206074 67.352 74.0 568.0 2.0 495.0 54040.0 
900.0052461206074 67.352 72.0 569.0 2.0 495.0 54040.0 
#####################################################################
# End of data export. Simulation finished at: 2020-01-15T22:38+0000 #
#####################################################################
