#####################################################################
# Alchemist log file - simulation started at: 2020-02-12T23:27+0000 #
#####################################################################
# seed = 38.0, taskFrequency = 0.04217, cloudcost = 10.0, algorithm = true
#
# The columns have the following meaning: 
# time taskHops[Mean] hasTask[Sum] tasks[Sum] completedTasks[Sum] giveupTasks[Sum] taskLatency[Sum] 
0.0 NaN 0.0 0.0 0.0 0.0 0.0 
2.012817637231688 NaN 5.0 5.0 0.0 0.0 0.0 
4.012817637231688 NaN 12.0 13.0 0.0 0.0 0.0 
6.012817637231688 NaN 14.0 19.0 0.0 0.0 0.0 
8.012817637231688 NaN 26.0 30.0 0.0 0.0 0.0 
10.012817637231688 NaN 37.0 37.0 0.0 0.0 0.0 
12.012817637231688 NaN 46.0 48.0 0.0 0.0 0.0 
14.012817637231688 NaN 55.0 55.0 0.0 0.0 0.0 
16.012817637231688 1.3333333333333333 59.0 64.0 3.0 0.0 40.0 
18.012817637231688 1.6666666666666667 62.0 67.0 6.0 0.0 83.0 
20.012817637231688 2.0 63.0 69.0 7.0 0.0 102.0 
22.012817637231688 1.8888888888888888 64.0 73.0 9.0 0.0 130.0 
24.012817637231688 2.0 66.0 78.0 11.0 0.0 169.0 
26.012817637231688 1.9166666666666667 68.0 81.0 12.0 0.0 182.0 
28.012817637231688 1.9333333333333333 72.0 85.0 15.0 0.0 245.0 
30.008633605828717 1.9333333333333333 70.0 86.0 15.0 0.0 245.0 
32.01281763723169 1.7894736842105263 70.0 89.0 19.0 0.0 323.0 
34.01281763723169 1.7894736842105263 74.0 97.0 19.0 0.0 323.0 
36.01281763723169 1.7894736842105263 81.0 100.0 19.0 0.0 323.0 
38.01281763723169 1.8181818181818181 82.0 105.0 22.0 0.0 407.0 
40.01281763723169 1.8695652173913042 84.0 108.0 23.0 0.0 442.0 
42.01281763723169 1.8695652173913042 86.0 109.0 23.0 0.0 442.0 
44.01281763723169 2.0 85.0 110.0 25.0 0.0 487.0 
46.01281763723169 2.0 85.0 111.0 25.0 0.0 487.0 
48.01281763723169 2.0 85.0 111.0 26.0 0.0 518.0 
50.01281763723169 2.0 86.0 112.0 26.0 0.0 518.0 
52.01281763723169 1.962962962962963 88.0 115.0 27.0 0.0 532.0 
54.01281763723169 2.0 87.0 116.0 30.0 0.0 594.0 
56.01281763723169 2.0 86.0 116.0 30.0 0.0 594.0 
58.01281763723169 2.0 86.0 118.0 31.0 0.0 614.0 
60.01281763723169 2.064516129032258 91.0 123.0 32.0 0.0 640.0 
62.01281763723169 2.193548387096774 93.0 125.0 33.0 0.0 682.0 
64.01281763723169 2.193548387096774 92.0 125.0 33.0 0.0 682.0 
66.01281763723169 2.3125 93.0 127.0 34.0 0.0 712.0 
68.01281763723169 2.3125 94.0 128.0 34.0 0.0 712.0 
70.01281763723169 2.34375 95.0 131.0 35.0 0.0 725.0 
72.01281763723169 2.3529411764705883 97.0 132.0 37.0 0.0 822.0 
74.01281763723169 2.5294117647058822 94.0 133.0 41.0 0.0 887.0 
76.00971074447106 2.5294117647058822 92.0 134.0 41.0 0.0 887.0 
78.01281763723169 2.5714285714285716 93.0 135.0 42.0 0.0 958.0 
80.01281763723169 2.5714285714285716 94.0 136.0 42.0 0.0 958.0 
82.01281763723169 2.5555555555555554 94.0 136.0 43.0 0.0 1025.0 
84.00092727179688 2.5555555555555554 93.0 136.0 43.0 0.0 1025.0 
86.01281763723169 2.5555555555555554 93.0 136.0 43.0 0.0 1025.0 
88.01281763723169 2.5945945945945947 94.0 137.0 44.0 0.0 1090.0 
90.01281763723169 2.675675675675676 93.0 139.0 46.0 0.0 1130.0 
92.01281763723169 2.675675675675676 93.0 139.0 46.0 0.0 1130.0 
94.01281763723169 2.675675675675676 94.0 141.0 46.0 0.0 1130.0 
96.01281763723169 2.675675675675676 98.0 144.0 46.0 0.0 1130.0 
98.01281763723169 2.6578947368421053 99.0 147.0 47.0 0.0 1206.0 
100.01281763723169 2.710526315789474 101.0 148.0 48.0 0.0 1237.0 
102.01281763723169 2.8157894736842106 102.0 150.0 49.0 0.0 1237.0 
104.01281763723169 2.769230769230769 103.0 153.0 50.0 0.0 1251.0 
106.01281763723169 3.6818181818181817 102.0 154.0 51.0 5.0 1668.0 
108.01281763723169 4.886792452830188 92.0 155.0 53.0 14.0 2537.0 
110.00815676151646 6.861111111111111 78.0 157.0 53.0 37.0 4181.0 
112.01281763723169 7.9411764705882355 55.0 158.0 53.0 55.0 5401.0 
114.01281763723169 8.258064516129032 45.0 158.0 53.0 64.0 6152.0 
116.01281763723169 8.718446601941746 36.0 162.0 53.0 77.0 6957.0 
118.01281763723169 9.00925925925926 29.0 164.0 54.0 84.0 7556.0 
120.01281763723169 9.150442477876107 26.0 168.0 55.0 90.0 7908.0 
122.01281763723169 9.157894736842106 25.0 170.0 55.0 91.0 8009.0 
124.01281763723169 9.271929824561404 24.0 174.0 57.0 92.0 8094.0 
126.01281763723169 9.461538461538462 27.0 179.0 57.0 97.0 8415.0 
128.0128176372317 9.666666666666668 25.0 180.0 58.0 99.0 8472.0 
130.0128176372317 9.666666666666668 25.0 184.0 58.0 99.0 8472.0 
132.0128176372317 9.669491525423728 28.0 186.0 58.0 100.0 8573.0 
134.0128176372317 9.923728813559322 29.0 188.0 58.0 103.0 8681.0 
136.0128176372317 10.00840336134454 33.0 195.0 58.0 105.0 8786.0 
138.0128176372317 10.131147540983607 35.0 201.0 60.0 109.0 9042.0 
140.0128176372317 10.213114754098362 35.0 206.0 60.0 110.0 9047.0 
142.0128176372317 10.295081967213115 39.0 210.0 60.0 111.0 9054.0 
144.0128176372317 10.536585365853657 40.0 215.0 60.0 115.0 9187.0 
146.0128176372317 10.634146341463415 38.0 216.0 61.0 116.0 9202.0 
148.00949937994898 10.715447154471544 41.0 218.0 61.0 117.0 9203.0 
150.0128176372317 10.804878048780488 42.0 221.0 62.0 118.0 9220.0 
152.0128176372317 11.065040650406505 42.0 223.0 64.0 121.0 9294.0 
154.0128176372317 11.146341463414634 43.0 228.0 64.0 122.0 9314.0 
156.0128176372317 11.252032520325205 44.0 233.0 65.0 123.0 9369.0 
158.0128176372317 11.284552845528458 45.0 238.0 68.0 123.0 9423.0 
160.0128176372317 11.284552845528458 49.0 241.0 68.0 123.0 9423.0 
162.0128176372317 11.54471544715447 53.0 248.0 69.0 126.0 9474.0 
164.0128176372317 11.788617886178862 51.0 249.0 69.0 129.0 9484.0 
166.0128176372317 11.983739837398375 52.0 253.0 70.0 131.0 9546.0 
168.0128176372317 12.146341463414634 55.0 259.0 70.0 133.0 9564.0 
170.0128176372317 12.146341463414634 60.0 263.0 70.0 133.0 9564.0 
172.0128176372317 12.162601626016261 64.0 270.0 71.0 133.0 9583.0 
174.0128176372317 12.422764227642276 67.0 273.0 72.0 136.0 9644.0 
176.0128176372317 12.645161290322582 64.0 275.0 72.0 140.0 9776.0 
178.00522500009475 12.733870967741936 64.0 277.0 73.0 141.0 9805.0 
180.0076004593629 13.096774193548388 64.0 282.0 75.0 145.0 9937.0 
182.0128176372317 13.104838709677418 66.0 287.0 76.0 145.0 9951.0 
184.0128176372317 13.112903225806454 71.0 292.0 77.0 145.0 9964.0 
186.0128176372317 13.112903225806454 71.0 295.0 77.0 145.0 9964.0 
188.0128176372317 13.112903225806454 77.0 302.0 77.0 145.0 9964.0 
190.0128176372317 13.153225806451612 84.0 308.0 78.0 145.0 10018.0 
192.0128176372317 13.153225806451612 90.0 313.0 78.0 145.0 10018.0 
194.0128176372317 13.153225806451612 93.0 316.0 78.0 145.0 10018.0 
196.0128176372317 13.31451612903226 95.0 318.0 78.0 147.0 10074.0 
198.0128176372317 13.798387096774194 90.0 319.0 78.0 153.0 10280.0 
200.00860303119708 13.90322580645161 90.0 322.0 79.0 154.0 10376.0 
202.0128176372317 14.354838709677418 86.0 326.0 83.0 159.0 10584.0 
204.00032466749346 14.524193548387096 83.0 328.0 84.0 161.0 10631.0 
206.0128176372317 14.604838709677418 84.0 330.0 84.0 162.0 10657.0 
208.0128176372317 14.629032258064518 84.0 331.0 86.0 162.0 10695.0 
210.0128176372317 14.983870967741936 81.0 332.0 87.0 166.0 10942.0 
212.0128176372317 15.008064516129032 80.0 334.0 88.0 166.0 10970.0 
214.0128176372317 15.0 80.0 334.0 90.0 167.0 11120.0 
216.0128176372317 15.080000000000002 78.0 335.0 90.0 168.0 11195.0 
218.01040671819752 15.32 76.0 335.0 90.0 171.0 11418.0 
220.0128176372317 15.815999999999999 71.0 336.0 91.0 177.0 11806.0 
222.0128176372317 15.976 71.0 341.0 91.0 179.0 11889.0 
224.0128176372317 16.272000000000002 74.0 349.0 93.0 182.0 12083.0 
226.0128176372317 16.712 74.0 352.0 95.0 187.0 12315.0 
228.0128176372317 17.08 67.0 354.0 97.0 191.0 12652.0 
230.0128176372317 17.504 64.0 356.0 97.0 196.0 12989.0 
232.0128176372317 17.584 66.0 359.0 97.0 197.0 13040.0 
234.0128176372317 17.856 66.0 365.0 99.0 200.0 13106.0 
236.0128176372317 18.096 65.0 366.0 99.0 203.0 13196.0 
238.0128176372317 18.416 62.0 367.0 99.0 207.0 13475.0 
240.0128176372317 18.656 63.0 371.0 99.0 210.0 13652.0 
242.0128176372317 18.768 64.0 373.0 101.0 211.0 13691.0 
244.0128176372317 19.104 62.0 377.0 102.0 215.0 13822.0 
246.0128176372317 19.184 61.0 380.0 102.0 216.0 13857.0 
248.0128176372317 19.184 63.0 384.0 102.0 216.0 13857.0 
250.00174633616487 19.28 69.0 387.0 103.0 217.0 13974.0 
252.0128176372317 19.488 67.0 390.0 105.0 219.0 14125.0 
254.0128176372317 19.936 67.0 394.0 106.0 224.0 14460.0 
256.0128176372317 20.416 66.0 399.0 106.0 230.0 14796.0 
258.0128176372317 20.816 63.0 403.0 106.0 235.0 15033.0 
260.0128176372317 21.392 59.0 403.0 107.0 242.0 15446.0 
262.00170299143724 21.744 55.0 407.0 109.0 246.0 15627.0 
264.0128176372317 22.576 54.0 414.0 111.0 256.0 16165.0 
266.0128176372317 22.896 45.0 417.0 111.0 260.0 16275.0 
268.0128176372317 22.896 50.0 422.0 111.0 260.0 16275.0 
270.0128176372317 23.384 50.0 426.0 112.0 266.0 16414.0 
272.0128176372317 23.784 46.0 428.0 112.0 271.0 16596.0 
274.0128176372317 24.104 46.0 431.0 112.0 275.0 16756.0 
276.0128176372317 24.624000000000002 41.0 434.0 115.0 281.0 16922.0 
278.0128176372317 24.944 39.0 439.0 115.0 285.0 16985.0 
280.0128176372317 25.024 44.0 445.0 115.0 286.0 17086.0 
282.0128176372317 25.184 46.0 448.0 115.0 288.0 17131.0 
284.0128176372317 25.744 50.0 454.0 115.0 295.0 17255.0 
286.0128176372317 25.904000000000003 47.0 460.0 115.0 297.0 17372.0 
288.0128176372317 26.064 49.0 462.0 115.0 299.0 17468.0 
290.0128176372317 26.392000000000003 47.0 464.0 116.0 303.0 17579.0 
292.0128176372317 26.872 42.0 468.0 116.0 309.0 17828.0 
294.0128176372317 27.088 43.0 473.0 118.0 311.0 18003.0 
296.0128176372317 27.2 43.0 475.0 120.0 312.0 18145.0 
298.0128176372317 27.296 44.0 479.0 122.0 313.0 18177.0 
300.0128176372317 27.384 47.0 485.0 123.0 314.0 18203.0 
302.0128176372317 27.408 51.0 490.0 124.0 314.0 18223.0 
304.0128176372317 27.512 51.0 492.0 125.0 315.0 18244.0 
306.0128176372317 27.512 56.0 496.0 125.0 315.0 18244.0 
308.0128176372317 27.607999999999997 61.0 502.0 126.0 316.0 18286.0 
310.0128176372317 27.688 64.0 506.0 126.0 317.0 18291.0 
312.0128176372317 27.712 64.0 507.0 127.0 317.0 18325.0 
314.0128176372317 27.887999999999998 64.0 513.0 129.0 319.0 18372.0 
316.0128176372317 27.936 67.0 518.0 130.0 319.0 18443.0 
318.0128176372317 27.936 74.0 523.0 130.0 319.0 18443.0 
320.0128176372317 27.968 76.0 527.0 132.0 319.0 18473.0 
322.0128176372317 27.983999999999998 75.0 527.0 133.0 319.0 18495.0 
324.0128176372317 28.08 75.0 527.0 135.0 320.0 18550.0 
326.0128176372317 28.240000000000002 77.0 532.0 135.0 322.0 18589.0 
328.0128176372317 28.816 76.0 535.0 136.0 329.0 18911.0 
330.0128176372317 28.912 71.0 537.0 137.0 330.0 18991.0 
332.0128176372317 29.152 71.0 539.0 137.0 333.0 19036.0 
334.0128176372317 29.672 67.0 540.0 138.0 339.0 19268.0 
336.0128176372317 29.912 64.0 545.0 138.0 342.0 19398.0 
338.0128176372317 30.016000000000002 65.0 548.0 140.0 343.0 19435.0 
340.0128176372317 30.024 66.0 550.0 141.0 343.0 19449.0 
342.0128176372317 30.36 64.0 551.0 142.0 347.0 19684.0 
344.0128176372317 30.863999999999997 63.0 556.0 143.0 353.0 19908.0 
346.0128176372317 31.024 59.0 558.0 143.0 355.0 20056.0 
348.0010175055225 31.024 61.0 560.0 143.0 355.0 20056.0 
350.0128176372317 31.040000000000003 66.0 566.0 144.0 355.0 20076.0 
352.0128176372317 31.471999999999998 70.0 570.0 146.0 360.0 20332.0 
354.0100054758012 31.712 63.0 572.0 146.0 363.0 20453.0 
356.0128176372317 32.272 62.0 576.0 146.0 370.0 20722.0 
358.0128176372317 32.864 62.0 582.0 149.0 377.0 21073.0 
360.0128176372317 33.352 50.0 584.0 150.0 383.0 21427.0 
362.0128176372317 33.592 49.0 584.0 150.0 386.0 21469.0 
364.0128176372317 33.704 53.0 590.0 151.0 387.0 21574.0 
366.01037119527075 34.344 50.0 595.0 151.0 395.0 21869.0 
368.004795979122 34.6 50.0 599.0 152.0 398.0 21889.0 
370.0128176372317 35.016 48.0 602.0 153.0 403.0 22048.0 
372.0128176372317 35.112 47.0 606.0 154.0 404.0 22072.0 
374.00817417971075 35.192 49.0 609.0 154.0 405.0 22138.0 
376.0128176372317 35.2 51.0 611.0 155.0 405.0 22156.0 
378.0128176372317 35.519999999999996 56.0 622.0 155.0 409.0 22229.0 
380.0128176372317 35.656 57.0 623.0 156.0 410.0 22327.0 
382.01139108824674 35.816 56.0 623.0 156.0 412.0 22446.0 
384.0128176372317 35.856 57.0 625.0 157.0 412.0 22473.0 
386.0128176372317 36.464 55.0 627.0 157.0 419.0 22832.0 
388.0128176372317 36.56 53.0 631.0 158.0 420.0 22928.0 
390.0128176372317 36.808 51.0 635.0 159.0 423.0 23047.0 
392.0128176372317 37.144 53.0 639.0 160.0 427.0 23264.0 
394.0128176372317 37.408 54.0 643.0 161.0 430.0 23377.0 
396.0128176372317 37.968 53.0 647.0 161.0 437.0 23643.0 
398.0128176372317 38.528 47.0 652.0 161.0 444.0 23738.0 
400.0128176372317 38.624 46.0 654.0 162.0 445.0 23759.0 
402.0128176372317 38.888 46.0 657.0 163.0 448.0 23824.0 
404.0128176372317 39.144 48.0 663.0 164.0 451.0 23895.0 
406.0128176372317 39.471999999999994 47.0 665.0 165.0 455.0 23994.0 
408.0128176372317 39.872 44.0 668.0 165.0 460.0 24059.0 
410.0128176372317 40.128 45.0 672.0 166.0 463.0 24126.0 
412.0128176372317 40.775999999999996 44.0 677.0 167.0 471.0 24359.0 
414.0128176372317 40.856 44.0 684.0 167.0 472.0 24360.0 
416.0128176372317 41.112 46.0 686.0 167.0 475.0 24478.0 
418.0128176372317 41.432 44.0 690.0 167.0 479.0 24588.0 
420.0128176372317 41.992000000000004 45.0 696.0 167.0 486.0 24796.0 
422.0128176372317 42.464 39.0 698.0 168.0 491.0 24888.0 
424.0128176372317 42.480000000000004 42.0 705.0 169.0 491.0 24907.0 
426.0128176372317 42.480000000000004 50.0 710.0 169.0 491.0 24907.0 
428.0128176372317 42.648 54.0 715.0 170.0 493.0 25027.0 
430.0128176372317 42.736000000000004 51.0 717.0 171.0 494.0 25056.0 
432.0128176372317 42.744 55.0 721.0 172.0 494.0 25075.0 
434.0128176372317 42.824 56.0 723.0 172.0 495.0 25177.0 
436.0128176372317 43.256 58.0 727.0 173.0 500.0 25325.0 
438.0128176372317 43.424 60.0 734.0 174.0 502.0 25441.0 
440.0128176372317 43.744 61.0 740.0 174.0 506.0 25543.0 
442.0128176372317 43.744 62.0 743.0 174.0 506.0 25543.0 
444.0128176372317 43.760000000000005 63.0 745.0 175.0 506.0 25562.0 
446.0128176372317 44.352 65.0 747.0 177.0 513.0 25777.0 
448.0128176372317 44.352 60.0 750.0 177.0 513.0 25777.0 
450.0128176372317 44.528 64.0 757.0 178.0 515.0 25904.0 
452.0128176372317 44.992000000000004 62.0 760.0 179.0 520.0 26095.0 
454.0109875576237 45.416 64.0 767.0 181.0 525.0 26194.0 
456.0128176372317 45.519999999999996 63.0 771.0 182.0 526.0 26235.0 
458.0128176372317 46.007999999999996 66.0 775.0 183.0 532.0 26280.0 
460.0069584621177 46.728 57.0 779.0 183.0 541.0 26484.0 
462.0128176372317 46.808 55.0 782.0 183.0 542.0 26486.0 
464.0128176372317 46.808 60.0 786.0 183.0 542.0 26486.0 
466.0128176372317 47.152 60.0 788.0 184.0 546.0 26745.0 
468.0098093931363 47.232 60.0 792.0 184.0 547.0 26788.0 
470.0128176372317 47.56 62.0 794.0 185.0 551.0 26985.0 
472.0128176372317 47.856 59.0 798.0 186.0 554.0 27196.0 
474.0128176372317 48.184 55.0 798.0 187.0 558.0 27422.0 
476.0128176372317 48.751999999999995 53.0 804.0 188.0 565.0 27657.0 
478.0128176372317 48.912 52.0 807.0 188.0 567.0 27696.0 
480.01005470577536 49.072 54.0 811.0 188.0 569.0 27730.0 
482.0128176372317 49.104 56.0 813.0 190.0 569.0 27773.0 
484.0128176372317 49.104 56.0 815.0 190.0 569.0 27773.0 
486.01101798999656 49.104 59.0 822.0 190.0 569.0 27773.0 
488.0128176372317 49.288 66.0 826.0 192.0 571.0 27848.0 
490.0128176372317 49.528 64.0 828.0 192.0 574.0 28104.0 
492.0128176372317 49.872 63.0 833.0 193.0 578.0 28253.0 
494.0128176372317 50.272 60.0 836.0 193.0 583.0 28285.0 
496.0128176372317 50.751999999999995 60.0 839.0 193.0 589.0 28534.0 
498.0128176372317 50.912 60.0 844.0 193.0 591.0 28568.0 
500.0128176372317 51.016000000000005 62.0 847.0 195.0 592.0 28702.0 
502.0128176372317 51.584 61.0 854.0 196.0 599.0 29000.0 
504.0128176372317 51.872 58.0 857.0 197.0 602.0 29133.0 
506.0128176372317 52.056000000000004 62.0 862.0 198.0 604.0 29233.0 
508.0128176372317 52.616 61.0 867.0 198.0 611.0 29336.0 
510.0121361019165 52.784 58.0 870.0 199.0 613.0 29415.0 
512.0128176372317 53.448 60.0 872.0 200.0 621.0 29713.0 
514.0128176372317 53.768 53.0 875.0 200.0 625.0 29830.0 
516.0128176372317 54.184 53.0 880.0 200.0 630.0 30080.0 
518.0056721994583 54.263999999999996 58.0 890.0 200.0 631.0 30080.0 
520.0128176372317 54.352 58.0 891.0 201.0 632.0 30103.0 
522.0128176372317 54.768 59.0 895.0 202.0 637.0 30317.0 
524.0128176372317 55.007999999999996 62.0 903.0 202.0 640.0 30362.0 
526.0128176372317 55.176 62.0 906.0 203.0 642.0 30481.0 
528.0128176372317 55.495999999999995 63.0 911.0 203.0 646.0 30591.0 
530.0128176372317 56.168 58.0 915.0 203.0 654.0 30832.0 
532.0128176372317 56.344 56.0 916.0 205.0 656.0 30975.0 
534.0128176372317 56.744 56.0 920.0 205.0 661.0 31200.0 
536.0128176372317 56.904 55.0 923.0 205.0 663.0 31308.0 
538.0128176372317 57.544000000000004 54.0 928.0 205.0 671.0 31455.0 
540.0128176372317 58.112 50.0 932.0 206.0 678.0 31677.0 
542.0128176372317 58.696 51.0 941.0 207.0 685.0 31826.0 
544.0128176372317 58.872 51.0 945.0 208.0 687.0 31895.0 
546.0128176372317 59.032000000000004 54.0 950.0 208.0 689.0 31953.0 
548.0015398700489 59.112 57.0 956.0 208.0 690.0 31990.0 
550.0128176372317 59.304 63.0 963.0 209.0 692.0 32012.0 
552.0128176372317 59.472 64.0 968.0 210.0 694.0 32137.0 
554.0071122178805 60.352 59.0 974.0 210.0 705.0 32311.0 
556.0128176372317 60.792 56.0 977.0 211.0 710.0 32398.0 
558.0128176372317 61.0 58.0 984.0 212.0 712.0 32487.0 
560.0128176372317 61.0 62.0 986.0 212.0 712.0 32487.0 
562.0128176372317 61.016000000000005 67.0 992.0 214.0 712.0 32501.0 
564.0128176372317 61.272000000000006 67.0 998.0 215.0 715.0 32644.0 
566.0128176372317 62.072 65.0 1000.0 215.0 725.0 32987.0 
568.0128176372317 62.56 63.0 1005.0 216.0 731.0 33121.0 
570.0128176372317 62.808 61.0 1010.0 217.0 734.0 33151.0 
572.0128176372317 63.0 65.0 1017.0 219.0 736.0 33179.0 
574.0128176372317 63.239999999999995 67.0 1024.0 219.0 739.0 33337.0 
576.0128176372317 63.431999999999995 68.0 1030.0 220.0 741.0 33397.0 
578.0128176372317 63.519999999999996 72.0 1035.0 221.0 742.0 33423.0 
580.0128176372317 63.519999999999996 73.0 1037.0 221.0 742.0 33423.0 
582.0128176372317 63.688 74.0 1041.0 222.0 744.0 33528.0 
584.0128176372317 63.696 78.0 1048.0 223.0 744.0 33529.0 
586.0128176372317 63.775999999999996 84.0 1051.0 223.0 745.0 33541.0 
588.0128176372317 64.52 81.0 1052.0 224.0 754.0 33839.0 
590.0128176372317 65.296 69.0 1053.0 226.0 763.0 34149.0 
592.0128176372317 65.49600000000001 65.0 1055.0 228.0 765.0 34259.0 
594.0128176372317 65.49600000000001 65.0 1058.0 228.0 765.0 34259.0 
596.0128176372317 65.736 66.0 1061.0 228.0 768.0 34354.0 
598.0128176372317 66.16 61.0 1066.0 230.0 773.0 34540.0 
600.0128176372317 66.16 65.0 1068.0 230.0 773.0 34540.0 
602.0128176372317 66.64 63.0 1068.0 230.0 779.0 34677.0 
604.0128176372317 67.52799999999999 57.0 1072.0 231.0 790.0 35065.0 
606.0128176372317 68.336 45.0 1077.0 232.0 800.0 35412.0 
608.0128176372317 68.576 46.0 1080.0 232.0 803.0 35477.0 
610.0128176372317 68.816 46.0 1082.0 232.0 806.0 35534.0 
612.0128176372317 68.84 45.0 1085.0 234.0 806.0 35563.0 
614.0128176372317 68.856 48.0 1090.0 235.0 806.0 35571.0 
616.0128176372317 69.01599999999999 51.0 1096.0 235.0 808.0 35590.0 
618.0128176372317 69.52 55.0 1101.0 235.0 814.0 35934.0 
620.0128176372317 69.936 53.0 1107.0 236.0 819.0 36041.0 
622.0128176372317 70.256 51.0 1110.0 236.0 823.0 36263.0 
624.0128176372317 70.336 54.0 1115.0 236.0 824.0 36263.0 
626.0128176372317 71.08 56.0 1118.0 237.0 833.0 36445.0 
628.0128176372317 71.32 46.0 1121.0 237.0 836.0 36642.0 
630.0128176372317 71.408 50.0 1125.0 238.0 837.0 36656.0 
632.0128176372317 71.728 52.0 1132.0 238.0 841.0 36734.0 
634.0128176372317 71.968 52.0 1136.0 238.0 844.0 36846.0 
636.0128176372317 72.152 58.0 1141.0 240.0 846.0 37009.0 
638.0128176372317 72.392 54.0 1144.0 240.0 849.0 37195.0 
640.0128176372317 72.792 60.0 1152.0 240.0 854.0 37401.0 
642.0128176372317 73.032 59.0 1156.0 240.0 857.0 37524.0 
644.0128176372317 73.72 55.0 1159.0 242.0 865.0 37757.0 
646.0128176372317 74.136 49.0 1163.0 244.0 870.0 37839.0 
648.0128176372317 74.696 51.0 1167.0 244.0 877.0 37918.0 
650.0128176372317 74.968 50.0 1173.0 246.0 880.0 38063.0 
652.0128176372317 75.312 47.0 1180.0 248.0 884.0 38118.0 
654.0128176372317 75.55199999999999 50.0 1185.0 248.0 887.0 38212.0 
656.0128176372317 75.792 52.0 1188.0 248.0 890.0 38238.0 
658.0128176372317 76.52799999999999 45.0 1192.0 249.0 899.0 38418.0 
660.0128176372317 76.872 48.0 1197.0 250.0 903.0 38525.0 
662.0128176372317 77.304 46.0 1201.0 252.0 908.0 38643.0 
664.0128176372317 77.47200000000001 43.0 1204.0 253.0 910.0 38748.0 
666.0128176372317 77.712 45.0 1210.0 253.0 913.0 38867.0 
668.0128176372317 78.208 41.0 1215.0 255.0 919.0 39001.0 
670.0128176372317 78.368 44.0 1220.0 255.0 921.0 39012.0 
672.0128176372317 78.456 47.0 1223.0 255.0 922.0 39113.0 
674.0128176372317 78.776 48.0 1226.0 255.0 926.0 39125.0 
676.0096718795985 79.144 43.0 1230.0 257.0 930.0 39214.0 
678.0128176372317 79.464 47.0 1238.0 257.0 934.0 39251.0 
680.0128176372317 79.632 48.0 1241.0 258.0 936.0 39259.0 
682.0128176372317 79.672 54.0 1249.0 260.0 936.0 39342.0 
684.0128176372317 79.928 51.0 1252.0 261.0 939.0 39490.0 
686.0128176372317 80.408 57.0 1260.0 261.0 945.0 39591.0 
688.0128176372317 80.896 54.0 1262.0 261.0 951.0 39770.0 
690.0128176372317 80.896 50.0 1263.0 261.0 951.0 39770.0 
692.0128176372317 80.896 54.0 1267.0 261.0 951.0 39770.0 
694.0128176372317 81.0 55.0 1269.0 262.0 952.0 39793.0 
696.0128176372317 81.584 53.0 1274.0 263.0 959.0 40065.0 
698.0128176372317 81.672 54.0 1278.0 264.0 960.0 40088.0 
700.0128176372317 81.776 56.0 1280.0 266.0 961.0 40213.0 
702.0128176372317 82.048 52.0 1282.0 268.0 964.0 40431.0 
704.0128176372317 82.128 55.0 1288.0 268.0 965.0 40432.0 
706.0128176372317 82.376 56.0 1291.0 269.0 968.0 40505.0 
708.0128176372317 82.84 59.0 1297.0 271.0 973.0 40571.0 
710.0128176372317 83.608 50.0 1302.0 272.0 982.0 40866.0 
712.0128176372317 83.616 49.0 1305.0 273.0 982.0 40882.0 
714.0128176372317 83.624 51.0 1310.0 274.0 982.0 40897.0 
716.0128176372317 84.128 57.0 1316.0 276.0 988.0 41107.0 
718.0128176372317 84.848 50.0 1321.0 276.0 997.0 41441.0 
720.0128176372317 85.352 49.0 1327.0 277.0 1003.0 41567.0 
722.0128176372317 85.432 49.0 1332.0 277.0 1004.0 41572.0 
724.0128176372317 85.752 52.0 1337.0 277.0 1008.0 41674.0 
726.0128176372317 85.752 57.0 1342.0 277.0 1008.0 41674.0 
728.0128176372317 85.92 62.0 1348.0 278.0 1010.0 41798.0 
730.0128176372317 86.416 59.0 1351.0 279.0 1016.0 42005.0 
732.0111284732999 86.584 54.0 1353.0 280.0 1018.0 42055.0 
734.0128176372317 86.752 55.0 1354.0 281.0 1020.0 42107.0 
736.0128176372317 86.912 54.0 1357.0 281.0 1022.0 42117.0 
738.0128176372317 87.16 57.0 1363.0 282.0 1025.0 42210.0 
740.009861264725 87.16 58.0 1365.0 282.0 1025.0 42210.0 
742.0128176372317 87.272 58.0 1368.0 284.0 1026.0 42265.0 
744.0128176372317 87.28 59.0 1371.0 285.0 1026.0 42279.0 
746.0128176372317 87.488 61.0 1375.0 288.0 1028.0 42388.0 
748.0128176372317 88.208 60.0 1379.0 288.0 1037.0 42747.0 
750.0128176372317 88.288 54.0 1381.0 288.0 1038.0 42753.0 
752.0128176372317 88.696 57.0 1388.0 289.0 1043.0 42942.0 
754.0128176372317 89.256 60.0 1398.0 289.0 1050.0 43212.0 
756.0128176372317 89.336 63.0 1403.0 289.0 1051.0 43240.0 
758.0128176372317 89.656 66.0 1406.0 289.0 1055.0 43257.0 
760.0128176372317 89.832 68.0 1414.0 290.0 1057.0 43326.0 
762.0128176372317 90.28 63.0 1415.0 292.0 1062.0 43567.0 
764.0128176372317 90.528 62.0 1422.0 293.0 1065.0 43684.0 
766.0128176372317 90.624 64.0 1424.0 294.0 1066.0 43742.0 
768.0128176372317 90.704 67.0 1429.0 294.0 1067.0 43746.0 
770.0128176372317 91.192 68.0 1431.0 295.0 1073.0 43893.0 
772.0128176372317 91.752 62.0 1434.0 295.0 1080.0 44059.0 
774.0128176372317 92.152 62.0 1439.0 295.0 1085.0 44129.0 
776.0128176372317 92.232 60.0 1440.0 295.0 1086.0 44185.0 
778.0128176372317 92.24 58.0 1441.0 296.0 1086.0 44203.0 
780.0033534505886 92.6 58.0 1447.0 298.0 1090.0 44404.0 
782.0128176372317 93.176 60.0 1452.0 299.0 1097.0 44517.0 
784.0128176372317 94.136 54.0 1454.0 299.0 1109.0 44936.0 
786.0029638375793 94.136 49.0 1458.0 299.0 1109.0 44936.0 
788.0128176372317 94.536 49.0 1459.0 299.0 1114.0 45066.0 
790.0128176372317 94.936 43.0 1460.0 299.0 1119.0 45135.0 
792.0128176372317 95.096 44.0 1463.0 299.0 1121.0 45165.0 
794.0128176372317 95.256 48.0 1471.0 299.0 1123.0 45178.0 
796.0128176372317 95.264 54.0 1478.0 300.0 1123.0 45206.0 
798.0128176372317 95.448 55.0 1481.0 301.0 1125.0 45397.0 
800.0128176372317 95.864 54.0 1485.0 302.0 1130.0 45647.0 
802.0128176372317 96.344 51.0 1489.0 302.0 1136.0 45878.0 
804.0128176372317 96.592 51.0 1492.0 303.0 1139.0 46090.0 
806.0128176372317 96.832 50.0 1497.0 303.0 1142.0 46226.0 
808.0128176372317 96.992 54.0 1501.0 303.0 1144.0 46299.0 
810.0128176372317 97.328 51.0 1505.0 303.0 1148.0 46387.0 
812.0128176372317 97.488 54.0 1506.0 303.0 1150.0 46507.0 
814.0128176372317 97.92 48.0 1507.0 305.0 1155.0 46696.0 
816.0128176372317 98.16 48.0 1510.0 305.0 1158.0 46732.0 
818.0128176372317 98.16 51.0 1516.0 305.0 1158.0 46732.0 
820.0128176372317 98.344 54.0 1519.0 306.0 1160.0 46807.0 
822.0128176372317 98.944 53.0 1527.0 309.0 1167.0 46997.0 
824.0128176372317 99.424 51.0 1531.0 309.0 1173.0 47169.0 
826.0029831695068 99.984 46.0 1535.0 309.0 1180.0 47281.0 
828.0128176372317 100.624 43.0 1538.0 309.0 1188.0 47468.0 
830.0128176372317 101.2 39.0 1540.0 310.0 1195.0 47737.0 
832.0128176372317 101.52 33.0 1542.0 310.0 1199.0 47800.0 
834.0128176372317 101.52 37.0 1547.0 310.0 1199.0 47800.0 
836.0128176372317 101.6 42.0 1554.0 310.0 1200.0 47809.0 
838.0128176372317 101.96000000000001 46.0 1559.0 312.0 1204.0 48027.0 
840.0128176372317 102.536 44.0 1564.0 313.0 1211.0 48090.0 
842.0128176372317 102.536 43.0 1569.0 313.0 1211.0 48090.0 
844.0128176372317 102.536 48.0 1574.0 313.0 1211.0 48090.0 
846.0128176372317 102.536 50.0 1574.0 313.0 1211.0 48090.0 
848.0128176372317 102.6 55.0 1581.0 316.0 1211.0 48159.0 
850.0128176372317 102.768 55.0 1584.0 317.0 1213.0 48291.0 
852.0128176372317 103.112 49.0 1585.0 318.0 1217.0 48386.0 
854.0128176372317 103.432 51.0 1589.0 318.0 1221.0 48440.0 
856.0128176372317 104.00800000000001 49.0 1593.0 319.0 1228.0 48598.0 
858.0128176372317 104.264 49.0 1596.0 321.0 1231.0 48664.0 
860.0128176372317 104.424 44.0 1599.0 321.0 1233.0 48744.0 
862.0128176372317 104.98400000000001 47.0 1604.0 321.0 1240.0 48959.0 
864.0128176372317 105.144 47.0 1611.0 321.0 1242.0 48991.0 
866.0128176372317 105.632 49.0 1615.0 322.0 1248.0 49183.0 
868.0128176372317 105.72 49.0 1622.0 323.0 1249.0 49200.0 
870.0128176372317 105.88 51.0 1623.0 323.0 1251.0 49275.0 
872.0128176372317 106.28 53.0 1631.0 323.0 1256.0 49376.0 
874.0128176372317 106.456 56.0 1639.0 324.0 1258.0 49468.0 
876.0128176372317 106.968 58.0 1642.0 326.0 1264.0 49627.0 
878.0128176372317 107.048 55.0 1648.0 326.0 1265.0 49669.0 
880.0128176372317 107.208 60.0 1655.0 326.0 1267.0 49727.0 
882.0128176372317 107.528 62.0 1659.0 326.0 1271.0 49767.0 
884.0128176372317 107.688 63.0 1661.0 326.0 1273.0 49804.0 
886.0128176372317 108.08 59.0 1663.0 331.0 1277.0 50009.0 
888.0128176372317 108.248 55.0 1665.0 332.0 1279.0 50048.0 
890.0128176372317 108.328 57.0 1669.0 332.0 1280.0 50053.0 
892.0128176372317 108.52 57.0 1669.0 334.0 1282.0 50100.0 
894.0128176372317 108.68 55.0 1673.0 334.0 1284.0 50156.0 
896.0128176372317 108.944 60.0 1679.0 335.0 1287.0 50398.0 
898.0128176372317 109.664 51.0 1680.0 335.0 1296.0 50763.0 
900.0128176372317 109.984 56.0 1690.0 335.0 1300.0 50838.0 
#####################################################################
# End of data export. Simulation finished at: 2020-02-13T11:19+0000 #
#####################################################################
