#####################################################################
# Alchemist log file - simulation started at: 2020-02-04T11:40+0000 #
#####################################################################
# seed = 55.0, taskFrequency = 0.1, cloudcost = 0.0, algorithm = true
#
# The columns have the following meaning: 
# time taskHops[Mean] hasTask[Sum] tasks[Sum] completedTasks[Sum] giveupTasks[Sum] taskLatency[Sum] 
0.0 NaN 0.0 0.0 0.0 0.0 0.0 
2.001720227148158 NaN 18.0 20.0 0.0 0.0 0.0 
4.001720227148158 NaN 34.0 44.0 0.0 0.0 0.0 
6.001720227148158 NaN 55.0 58.0 0.0 0.0 0.0 
8.001720227148159 NaN 68.0 70.0 0.0 0.0 0.0 
10.001720227148159 NaN 76.0 78.0 0.0 0.0 0.0 
12.001720227148159 NaN 86.0 89.0 0.0 0.0 0.0 
14.001720227148159 1.25 93.0 94.0 4.0 0.0 52.0 
16.00172022714816 1.1666666666666667 88.0 100.0 12.0 0.0 158.0 
18.00172022714816 1.1764705882352942 95.0 108.0 17.0 0.0 227.0 
20.00172022714816 1.2 95.0 114.0 20.0 0.0 277.0 
22.00172022714816 1.2 97.0 118.0 20.0 0.0 277.0 
24.00172022714816 1.1904761904761905 99.0 121.0 21.0 0.0 296.0 
26.00172022714816 1.3043478260869565 102.0 124.0 24.0 0.0 337.0 
28.00172022714816 1.3043478260869565 101.0 125.0 24.0 0.0 337.0 
30.00172022714816 1.3461538461538463 102.0 127.0 27.0 0.0 400.0 
32.001720227148155 1.4074074074074074 100.0 130.0 29.0 0.0 431.0 
34.001720227148155 1.3928571428571428 104.0 134.0 30.0 0.0 452.0 
36.001720227148155 1.3928571428571428 105.0 135.0 30.0 0.0 452.0 
38.001720227148155 1.5 105.0 137.0 33.0 0.0 523.0 
40.001720227148155 1.5 107.0 140.0 33.0 0.0 523.0 
42.001720227148155 1.5 107.0 140.0 33.0 0.0 523.0 
44.001720227148155 1.75 108.0 142.0 36.0 0.0 602.0 
46.001720227148155 1.9090909090909092 107.0 144.0 38.0 0.0 650.0 
48.001720227148155 1.9117647058823528 108.0 147.0 39.0 0.0 687.0 
50.001720227148155 1.9117647058823528 111.0 150.0 39.0 0.0 687.0 
52.001720227148155 1.9117647058823528 111.0 150.0 39.0 0.0 687.0 
54.001720227148155 2.0285714285714285 113.0 154.0 40.0 0.0 723.0 
56.001720227148155 2.0285714285714285 114.0 154.0 40.0 0.0 723.0 
58.001720227148155 2.0285714285714285 116.0 156.0 40.0 0.0 723.0 
60.001720227148155 2.0833333333333335 116.0 156.0 41.0 0.0 779.0 
62.001720227148155 2.2894736842105265 114.0 156.0 43.0 0.0 870.0 
64.00172022714816 2.282051282051282 113.0 157.0 44.0 0.0 931.0 
66.00172022714816 2.358974358974359 112.0 157.0 46.0 0.0 970.0 
68.00172022714816 2.358974358974359 113.0 159.0 46.0 0.0 970.0 
70.00172022714816 2.3846153846153846 115.0 161.0 47.0 0.0 986.0 
72.00172022714816 2.3846153846153846 115.0 162.0 47.0 0.0 986.0 
74.00172022714816 2.4871794871794872 116.0 164.0 48.0 0.0 1040.0 
76.00172022714816 2.6153846153846154 116.0 165.0 49.0 0.0 1078.0 
78.00172022714816 2.6153846153846154 117.0 167.0 49.0 0.0 1078.0 
80.00172022714816 2.6153846153846154 119.0 168.0 49.0 0.0 1078.0 
82.00172022714816 2.6153846153846154 119.0 168.0 49.0 0.0 1078.0 
84.00172022714816 2.6097560975609757 119.0 169.0 51.0 0.0 1132.0 
86.00172022714816 2.707317073170732 119.0 170.0 52.0 0.0 1185.0 
88.00172022714816 2.707317073170732 119.0 171.0 52.0 0.0 1185.0 
90.00172022714816 2.7804878048780486 121.0 174.0 53.0 0.0 1222.0 
92.00172022714816 2.8095238095238093 120.0 175.0 55.0 0.0 1373.0 
94.00172022714816 2.857142857142857 119.0 175.0 56.0 0.0 1399.0 
96.00172022714816 2.857142857142857 120.0 176.0 56.0 0.0 1399.0 
98.00172022714816 2.857142857142857 121.0 177.0 56.0 0.0 1399.0 
100.00172022714816 2.857142857142857 121.0 177.0 56.0 0.0 1399.0 
102.00172022714816 2.813953488372093 122.0 178.0 57.0 1.0 1518.0 
104.00172022714816 2.245614035087719 115.0 179.0 57.0 18.0 2988.0 
106.00172022714816 1.6341463414634145 81.0 180.0 58.0 49.0 5607.0 
108.00071885800372 1.387755102040816 64.0 186.0 58.0 75.0 7426.0 
110.00172022714816 1.2543859649122804 44.0 189.0 59.0 95.0 9093.0 
112.00172022714816 1.2288135593220337 32.0 197.0 59.0 107.0 9689.0 
114.00172022714816 1.1983471074380165 30.0 205.0 59.0 116.0 10142.0 
116.00172022714816 1.1983471074380165 31.0 210.0 59.0 120.0 10231.0 
118.00172022714816 1.1885245901639343 39.0 223.0 59.0 132.0 10442.0 
120.00172022714816 1.2096774193548385 35.0 238.0 60.0 145.0 10846.0 
122.00172022714816 1.2 39.0 250.0 60.0 151.0 10963.0 
124.00172022714816 1.2 44.0 261.0 60.0 163.0 11084.0 
126.00172022714816 1.2 45.0 270.0 60.0 165.0 11085.0 
128.00172022714816 1.2 47.0 278.0 60.0 166.0 11090.0 
130.00172022714816 1.2 63.0 293.0 60.0 167.0 11100.0 
132.00172022714816 1.216 71.0 300.0 61.0 170.0 11221.0 
134.00172022714816 1.216 70.0 302.0 61.0 174.0 11337.0 
136.00172022714816 1.216 73.0 315.0 61.0 180.0 11395.0 
138.00172022714816 1.216 73.0 322.0 61.0 190.0 11484.0 
140.00172022714816 1.2879999999999998 77.0 331.0 63.0 194.0 11646.0 
142.00172022714816 1.2879999999999998 74.0 335.0 63.0 200.0 11710.0 
144.00172022714816 1.2879999999999998 79.0 347.0 63.0 202.0 11716.0 
146.00172022714816 1.2879999999999998 88.0 355.0 63.0 202.0 11716.0 
148.00172022714816 1.2879999999999998 91.0 358.0 63.0 206.0 11784.0 
150.00172022714816 1.3119999999999998 84.0 360.0 65.0 213.0 12044.0 
152.00172022714816 1.3279999999999998 81.0 367.0 66.0 221.0 12211.0 
154.00172022714816 1.3279999999999998 81.0 371.0 66.0 222.0 12222.0 
156.00172022714816 1.3519999999999999 87.0 375.0 68.0 222.0 12252.0 
158.00172022714816 1.3599999999999999 90.0 381.0 69.0 222.0 12266.0 
160.00172022714816 1.3920000000000001 91.0 385.0 70.0 225.0 12328.0 
162.00172022714816 1.3920000000000001 91.0 389.0 70.0 227.0 12357.0 
164.00172022714816 1.4240000000000002 94.0 395.0 71.0 227.0 12383.0 
166.00172022714816 1.4240000000000002 101.0 402.0 71.0 227.0 12383.0 
168.00172022714816 1.4240000000000002 106.0 405.0 71.0 227.0 12383.0 
170.00113517312164 1.4400000000000002 107.0 407.0 72.0 229.0 12416.0 
172.00055340140207 1.48 103.0 410.0 73.0 233.0 12578.0 
174.00172022714816 1.5200000000000002 104.0 413.0 75.0 235.0 12649.0 
176.00172022714816 1.5200000000000002 105.0 417.0 75.0 237.0 12688.0 
178.00172022714816 1.536 105.0 419.0 76.0 237.0 12726.0 
180.00172022714816 1.5439999999999998 107.0 420.0 77.0 237.0 12740.0 
182.00172022714816 1.552 106.0 421.0 78.0 239.0 12806.0 
184.00172022714816 1.552 107.0 424.0 78.0 239.0 12806.0 
186.00172022714816 1.584 107.0 427.0 79.0 239.0 12825.0 
188.00172022714816 1.6 109.0 428.0 80.0 239.0 12860.0 
190.00172022714816 1.6239999999999999 108.0 428.0 81.0 240.0 13005.0 
192.00172022714816 1.6400000000000001 106.0 429.0 83.0 241.0 13082.0 
194.00172022714816 1.6480000000000001 107.0 433.0 83.0 245.0 13158.0 
196.00172022714816 1.6640000000000001 105.0 438.0 84.0 247.0 13284.0 
198.00172022714816 1.6720000000000002 106.0 441.0 85.0 248.0 13300.0 
200.00172022714816 1.6720000000000002 108.0 441.0 85.0 248.0 13300.0 
202.00172022714816 1.736 106.0 442.0 87.0 250.0 13529.0 
204.00172022714816 1.736 108.0 445.0 87.0 250.0 13529.0 
206.0006134558994 1.7600000000000002 107.0 445.0 88.0 250.0 13548.0 
208.00172022714816 1.7600000000000002 107.0 449.0 88.0 254.0 13739.0 
210.00172022714816 1.768 109.0 454.0 89.0 259.0 14129.0 
212.00172022714816 1.768 100.0 455.0 89.0 269.0 14613.0 
214.00172022714816 1.768 92.0 458.0 89.0 283.0 15331.0 
216.00172022714816 1.768 73.0 461.0 89.0 299.0 16175.0 
218.00172022714816 1.768 70.0 468.0 89.0 314.0 16919.0 
220.00172022714816 1.768 57.0 472.0 89.0 330.0 17899.0 
222.00172022714816 1.7760000000000002 53.0 476.0 90.0 340.0 18363.0 
224.00172022714816 1.816 40.0 482.0 91.0 356.0 19012.0 
226.00172022714816 1.832 39.0 491.0 92.0 366.0 19319.0 
228.00172022714816 1.848 31.0 499.0 93.0 377.0 19521.0 
230.00172022714816 1.848 33.0 508.0 93.0 382.0 19528.0 
232.00172022714816 1.856 38.0 522.0 94.0 390.0 19788.0 
234.00172022714816 1.856 35.0 529.0 94.0 399.0 20036.0 
236.00172022714816 1.8800000000000001 41.0 540.0 95.0 404.0 20188.0 
238.00172022714816 1.8800000000000001 51.0 557.0 95.0 411.0 20223.0 
240.00172022714816 1.8800000000000001 50.0 566.0 95.0 422.0 20372.0 
242.00172022714816 1.888 46.0 578.0 95.0 437.0 20526.0 
244.00172022714816 1.888 49.0 587.0 95.0 442.0 20644.0 
246.00172022714816 1.9120000000000001 48.0 592.0 96.0 454.0 20841.0 
248.00125861709648 1.9120000000000001 42.0 603.0 96.0 461.0 20880.0 
250.00172022714816 1.9120000000000001 53.0 613.0 96.0 462.0 20881.0 
252.00172022714816 1.9599999999999997 53.0 622.0 99.0 468.0 20981.0 
254.00172022714816 1.9599999999999997 61.0 635.0 99.0 471.0 21017.0 
256.00172022714816 1.9599999999999997 63.0 639.0 99.0 476.0 21034.0 
258.00172022714816 1.9599999999999997 72.0 649.0 99.0 484.0 21184.0 
260.00172022714816 1.9760000000000002 76.0 661.0 100.0 488.0 21301.0 
262.00172022714816 1.9760000000000002 73.0 667.0 100.0 494.0 21343.0 
264.00172022714816 1.9760000000000002 77.0 673.0 100.0 494.0 21343.0 
266.00172022714816 1.9919999999999998 81.0 680.0 102.0 497.0 21398.0 
268.00172022714816 2.0 78.0 684.0 103.0 507.0 21524.0 
270.00172022714816 2.04 76.0 688.0 105.0 507.0 21571.0 
272.00172022714816 2.08 79.0 691.0 106.0 507.0 21613.0 
274.00172022714816 2.08 82.0 696.0 106.0 508.0 21613.0 
276.00172022714816 2.08 86.0 700.0 106.0 508.0 21613.0 
278.00172022714816 2.112 88.0 705.0 107.0 509.0 21650.0 
280.00172022714816 2.128 89.0 710.0 108.0 513.0 21747.0 
282.00172022714816 2.128 94.0 715.0 108.0 513.0 21747.0 
284.00172022714816 2.128 101.0 722.0 108.0 513.0 21747.0 
286.00172022714816 2.176 100.0 725.0 110.0 516.0 21871.0 
288.00172022714816 2.232 102.0 730.0 112.0 516.0 21901.0 
290.00172022714816 2.232 105.0 734.0 112.0 516.0 21901.0 
292.00172022714816 2.24 108.0 737.0 113.0 516.0 21918.0 
294.00172022714816 2.2479999999999998 107.0 737.0 114.0 516.0 21932.0 
296.00172022714816 2.2960000000000003 106.0 739.0 116.0 518.0 22032.0 
298.00172022714816 2.304 102.0 740.0 117.0 525.0 22220.0 
300.00172022714816 2.336 99.0 744.0 118.0 527.0 22291.0 
302.00172022714816 2.336 99.0 746.0 118.0 528.0 22292.0 
304.00172022714816 2.336 103.0 749.0 118.0 528.0 22292.0 
306.00172022714816 2.4 107.0 753.0 120.0 528.0 22331.0 
308.00172022714816 2.4720000000000004 107.0 757.0 122.0 528.0 22387.0 
310.00172022714816 2.4880000000000004 109.0 760.0 123.0 530.0 22540.0 
312.00172022714816 2.4880000000000004 110.0 763.0 123.0 531.0 22565.0 
314.00172022714816 2.5119999999999996 107.0 765.0 125.0 534.0 22758.0 
316.00172022714816 2.5119999999999996 102.0 768.0 125.0 541.0 23073.0 
318.00172022714816 2.5439999999999996 103.0 773.0 126.0 542.0 23097.0 
320.00172022714816 2.5439999999999996 106.0 776.0 126.0 542.0 23097.0 
322.00172022714816 2.5439999999999996 108.0 778.0 126.0 544.0 23154.0 
324.00172022714816 2.5840000000000005 107.0 782.0 127.0 550.0 23379.0 
326.00172022714816 2.6 102.0 785.0 128.0 553.0 23496.0 
328.00172022714816 2.6239999999999997 97.0 791.0 130.0 564.0 23863.0 
330.00172022714816 2.6239999999999997 95.0 792.0 130.0 576.0 24468.0 
332.00172022714816 2.648 84.0 795.0 132.0 583.0 24816.0 
334.00172022714816 2.664 71.0 795.0 133.0 601.0 25654.0 
336.00172022714816 2.664 61.0 804.0 133.0 610.0 26080.0 
338.00172022714816 2.664 61.0 811.0 133.0 621.0 26664.0 
340.00172022714816 2.664 57.0 817.0 133.0 631.0 26890.0 
342.00172022714816 2.68 55.0 824.0 134.0 638.0 27400.0 
344.00172022714816 2.68 54.0 832.0 134.0 646.0 27800.0 
346.00172022714816 2.68 55.0 844.0 134.0 665.0 28325.0 
348.00172022714816 2.696 49.0 853.0 135.0 669.0 28496.0 
350.00172022714816 2.696 49.0 864.0 135.0 686.0 29026.0 
352.00172022714816 2.7039999999999997 43.0 868.0 136.0 694.0 29165.0 
354.00172022714816 2.7520000000000002 44.0 877.0 137.0 702.0 29323.0 
356.00172022714816 2.7520000000000002 41.0 889.0 137.0 708.0 29367.0 
358.00172022714816 2.7840000000000003 56.0 905.0 138.0 712.0 29389.0 
360.00172022714816 2.7840000000000003 58.0 914.0 138.0 716.0 29512.0 
362.00172022714816 2.808 60.0 925.0 140.0 726.0 29791.0 
364.00172022714816 2.84 60.0 933.0 141.0 730.0 29801.0 
366.00172022714816 2.84 68.0 945.0 141.0 740.0 29972.0 
368.00172022714816 2.84 68.0 952.0 141.0 743.0 30182.0 
370.00098011708735 2.84 72.0 961.0 141.0 748.0 30347.0 
372.00172022714816 2.84 79.0 973.0 141.0 749.0 30361.0 
374.00172022714816 2.84 85.0 976.0 141.0 751.0 30388.0 
376.00172022714816 2.8639999999999994 87.0 981.0 142.0 761.0 30519.0 
378.00172022714816 2.8800000000000003 80.0 989.0 143.0 766.0 30611.0 
380.00172022714816 2.9279999999999995 78.0 995.0 145.0 777.0 30778.0 
382.00172022714816 2.9279999999999995 74.0 997.0 145.0 777.0 30778.0 
384.00172022714816 2.936 82.0 1004.0 146.0 778.0 30804.0 
386.00172022714816 2.936 85.0 1010.0 146.0 784.0 30871.0 
388.00172022714816 2.936 87.0 1018.0 146.0 793.0 31000.0 
390.00172022714816 2.936 85.0 1026.0 146.0 798.0 31092.0 
392.00172022714816 2.9520000000000004 81.0 1027.0 147.0 805.0 31271.0 
394.00172022714816 2.9520000000000004 76.0 1032.0 147.0 811.0 31378.0 
396.00172022714816 2.968 74.0 1034.0 148.0 812.0 31464.0 
398.00172022714816 2.968 78.0 1040.0 148.0 812.0 31464.0 
400.00172022714816 2.968 86.0 1047.0 148.0 813.0 31495.0 
402.00172022714816 2.968 88.0 1051.0 148.0 817.0 31567.0 
404.00172022714816 3.0080000000000005 90.0 1058.0 150.0 817.0 31599.0 
406.00172022714816 3.0080000000000005 94.0 1064.0 150.0 819.0 31737.0 
408.00172022714816 3.0080000000000005 95.0 1068.0 150.0 823.0 31820.0 
410.00172022714816 3.0080000000000005 100.0 1074.0 150.0 823.0 31820.0 
412.00172022714816 3.0080000000000005 107.0 1080.0 150.0 823.0 31820.0 
414.00172022714816 3.0800000000000005 105.0 1081.0 152.0 825.0 31958.0 
416.00172022714816 3.0800000000000005 106.0 1086.0 152.0 831.0 32149.0 
418.00172022714816 3.0800000000000005 102.0 1089.0 152.0 835.0 32296.0 
420.00172022714816 3.0800000000000005 104.0 1091.0 152.0 835.0 32296.0 
422.00172022714816 3.1040000000000005 103.0 1092.0 153.0 837.0 32423.0 
424.00172022714816 3.1360000000000006 104.0 1095.0 155.0 838.0 32516.0 
426.00172022714816 3.1360000000000006 102.0 1098.0 155.0 840.0 32578.0 
428.00172022714816 3.1680000000000006 103.0 1099.0 156.0 841.0 32628.0 
430.00172022714816 3.1759999999999997 100.0 1102.0 157.0 845.0 32759.0 
432.00172022714816 3.224 98.0 1106.0 158.0 856.0 33033.0 
434.00172022714816 3.2479999999999998 92.0 1110.0 159.0 858.0 33090.0 
436.00172022714816 3.256 92.0 1113.0 160.0 860.0 33207.0 
438.00172022714816 3.256 95.0 1115.0 160.0 867.0 33484.0 
440.00172022714816 3.256 84.0 1119.0 160.0 879.0 33964.0 
442.00172022714816 3.256 79.0 1124.0 160.0 888.0 34334.0 
444.0013331338906 3.32 75.0 1129.0 162.0 890.0 34427.0 
446.00172022714816 3.32 80.0 1136.0 162.0 896.0 34807.0 
448.00172022714816 3.3280000000000003 74.0 1140.0 163.0 911.0 35610.0 
450.00172022714816 3.344 62.0 1146.0 164.0 920.0 35836.0 
452.00172022714816 3.344 65.0 1153.0 164.0 926.0 35912.0 
454.00172022714816 3.344 62.0 1158.0 164.0 933.0 36160.0 
456.00172022714816 3.408 65.0 1168.0 165.0 935.0 36333.0 
458.00172022714816 3.432 70.0 1175.0 166.0 942.0 36433.0 
460.00172022714816 3.432 66.0 1184.0 166.0 957.0 36789.0 
462.00172022714816 3.432 59.0 1190.0 166.0 968.0 37136.0 
464.00172022714816 3.4560000000000004 56.0 1195.0 168.0 974.0 37428.0 
466.00172022714816 3.4560000000000004 50.0 1204.0 168.0 989.0 37793.0 
468.00172022714816 3.4560000000000004 51.0 1210.0 168.0 998.0 38054.0 
470.00172022714816 3.4560000000000004 45.0 1219.0 168.0 1008.0 38296.0 
472.00172022714816 3.4560000000000004 48.0 1232.0 168.0 1021.0 38557.0 
474.00172022714816 3.4560000000000004 48.0 1242.0 168.0 1031.0 38765.0 
476.00172022714816 3.4880000000000004 49.0 1257.0 169.0 1041.0 38968.0 
478.00172022714816 3.4880000000000004 54.0 1266.0 169.0 1044.0 38987.0 
480.00172022714816 3.4880000000000004 56.0 1275.0 169.0 1053.0 39040.0 
482.00120147327044 3.5119999999999996 55.0 1286.0 171.0 1062.0 39128.0 
484.00172022714816 3.56 54.0 1295.0 173.0 1066.0 39158.0 
486.00172022714816 3.6079999999999997 59.0 1305.0 175.0 1075.0 39287.0 
488.00172022714816 3.6079999999999997 59.0 1317.0 175.0 1082.0 39313.0 
490.00172022714816 3.6079999999999997 66.0 1329.0 175.0 1091.0 39337.0 
492.00172022714816 3.624 65.0 1337.0 176.0 1098.0 39436.0 
494.00172022714816 3.624 71.0 1348.0 176.0 1101.0 39477.0 
496.00172022714816 3.624 74.0 1353.0 176.0 1102.0 39478.0 
498.00172022714816 3.624 81.0 1361.0 176.0 1105.0 39617.0 
500.00172022714816 3.632 82.0 1367.0 177.0 1111.0 39753.0 
502.00172022714816 3.6639999999999997 81.0 1372.0 180.0 1112.0 39816.0 
504.00172022714816 3.6639999999999997 79.0 1377.0 180.0 1116.0 39945.0 
506.00172022714816 3.6639999999999997 81.0 1383.0 180.0 1124.0 40070.0 
508.00172022714816 3.6639999999999997 76.0 1385.0 180.0 1133.0 40200.0 
510.00172022714816 3.7039999999999997 72.0 1391.0 182.0 1142.0 40401.0 
512.0017202271481 3.7520000000000007 69.0 1398.0 184.0 1150.0 40614.0 
514.0017202271481 3.7919999999999994 68.0 1405.0 185.0 1152.0 40668.0 
516.0017202271481 3.8240000000000003 76.0 1415.0 186.0 1154.0 40742.0 
518.0017202271481 3.8559999999999994 78.0 1423.0 187.0 1156.0 40807.0 
520.0017202271481 3.8559999999999994 80.0 1425.0 187.0 1158.0 40822.0 
522.0017202271481 3.8559999999999994 84.0 1431.0 187.0 1159.0 40826.0 
524.0017202271481 3.8559999999999994 88.0 1436.0 187.0 1160.0 40826.0 
526.0017202271481 3.8559999999999994 93.0 1441.0 187.0 1162.0 40843.0 
528.0017202271481 3.8800000000000003 93.0 1444.0 188.0 1164.0 40947.0 
530.0017202271481 3.8800000000000003 96.0 1448.0 188.0 1164.0 40947.0 
532.0017202271481 3.8880000000000003 100.0 1453.0 189.0 1166.0 41011.0 
534.0017202271481 3.9120000000000004 100.0 1455.0 190.0 1166.0 41024.0 
536.0017202271481 3.9279999999999995 99.0 1458.0 191.0 1168.0 41101.0 
538.0017202271481 3.968 102.0 1462.0 192.0 1168.0 41141.0 
540.0017202271481 3.968 104.0 1464.0 192.0 1168.0 41141.0 
542.0017202271481 3.9839999999999995 105.0 1469.0 193.0 1172.0 41332.0 
544.0017202271481 4.0 103.0 1471.0 194.0 1178.0 41476.0 
546.0017202271481 4.08 100.0 1474.0 196.0 1181.0 41630.0 
548.0017202271481 4.08 96.0 1477.0 196.0 1194.0 42245.0 
550.0017202271481 4.08 80.0 1481.0 196.0 1204.0 42551.0 
552.0017202271481 4.087999999999999 82.0 1484.0 197.0 1205.0 42631.0 
554.0017202271481 4.168 83.0 1487.0 199.0 1207.0 42755.0 
556.0017202271481 4.208 75.0 1494.0 201.0 1221.0 43041.0 
558.0017202271481 4.215999999999999 72.0 1498.0 202.0 1226.0 43229.0 
560.0017202271481 4.215999999999999 69.0 1500.0 202.0 1233.0 43667.0 
562.0017202271481 4.215999999999999 58.0 1504.0 202.0 1241.0 43927.0 
564.0017202271481 4.264 66.0 1513.0 204.0 1246.0 44243.0 
566.0017202271481 4.279999999999999 65.0 1517.0 205.0 1247.0 44257.0 
568.0017202271481 4.36 69.0 1524.0 206.0 1250.0 44486.0 
570.0017202271481 4.36 65.0 1529.0 206.0 1255.0 44690.0 
572.0017202271481 4.384 71.0 1537.0 207.0 1258.0 44889.0 
574.0017202271481 4.384 81.0 1551.0 207.0 1268.0 44995.0 
576.0017202271481 4.4 78.0 1555.0 208.0 1271.0 45109.0 
578.0017202271481 4.4319999999999995 71.0 1558.0 209.0 1285.0 45596.0 
580.0017202271481 4.4319999999999995 50.0 1560.0 209.0 1300.0 45896.0 
582.0017202271481 4.4319999999999995 58.0 1569.0 209.0 1303.0 45999.0 
584.0017202271481 4.464 61.0 1578.0 210.0 1310.0 46099.0 
586.0017202271481 4.4719999999999995 58.0 1583.0 211.0 1316.0 46176.0 
588.0017202271481 4.4959999999999996 56.0 1593.0 213.0 1321.0 46295.0 
590.0017202271481 4.4959999999999996 61.0 1601.0 213.0 1334.0 46666.0 
592.0017202271481 4.4959999999999996 56.0 1613.0 213.0 1342.0 47037.0 
594.0017202271481 4.512 57.0 1619.0 214.0 1350.0 47128.0 
596.0017202271481 4.512 59.0 1631.0 214.0 1358.0 47265.0 
598.0012463159455 4.544 61.0 1641.0 216.0 1367.0 47347.0 
600.0017202271481 4.544 64.0 1651.0 216.0 1368.0 47374.0 
602.0017202271481 4.552 63.0 1655.0 217.0 1377.0 47784.0 
604.0017202271481 4.552 63.0 1662.0 217.0 1383.0 47925.0 
606.0017202271481 4.552 63.0 1670.0 217.0 1392.0 48081.0 
608.0017202271481 4.608 58.0 1675.0 220.0 1398.0 48220.0 
610.0017202271481 4.616 60.0 1685.0 221.0 1403.0 48246.0 
612.0017202271481 4.632000000000001 63.0 1693.0 222.0 1404.0 48259.0 
614.0017202271481 4.664 72.0 1705.0 224.0 1413.0 48428.0 
616.0017202271481 4.696000000000001 69.0 1710.0 226.0 1416.0 48467.0 
618.0017202271481 4.712 73.0 1721.0 227.0 1426.0 48582.0 
620.0017202271481 4.712 67.0 1724.0 227.0 1432.0 48683.0 
622.0017202271481 4.728 69.0 1731.0 228.0 1437.0 48785.0 
624.0017202271481 4.776 69.0 1737.0 231.0 1437.0 48834.0 
626.0017202271481 4.784000000000001 74.0 1747.0 232.0 1441.0 49009.0 
628.0017202271481 4.816000000000001 77.0 1755.0 235.0 1449.0 49249.0 
630.0017202271481 4.832 73.0 1765.0 237.0 1454.0 49360.0 
632.0017202271481 4.832 76.0 1770.0 237.0 1458.0 49411.0 
634.0017202271481 4.832 77.0 1774.0 237.0 1464.0 49529.0 
636.0017202271481 4.880000000000001 78.0 1781.0 239.0 1466.0 49589.0 
638.0017202271481 4.904 77.0 1784.0 240.0 1471.0 49689.0 
640.0017202271481 4.904 80.0 1794.0 240.0 1475.0 49764.0 
642.0017202271481 4.944000000000001 83.0 1799.0 242.0 1475.0 49800.0 
644.0017202271481 4.976000000000001 84.0 1804.0 244.0 1477.0 49937.0 
646.0017202271481 4.992 76.0 1806.0 245.0 1489.0 50278.0 
648.0017202271481 4.992 76.0 1813.0 245.0 1490.0 50278.0 
650.0017202271481 5.064 83.0 1821.0 249.0 1490.0 50362.0 
652.0017202271481 5.08 86.0 1826.0 251.0 1491.0 50415.0 
654.0017202271481 5.096 87.0 1832.0 252.0 1491.0 50431.0 
656.0017202271481 5.104000000000001 99.0 1843.0 253.0 1492.0 50444.0 
658.0017202271481 5.104000000000001 97.0 1843.0 253.0 1495.0 50532.0 
660.0006249565416 5.119999999999999 90.0 1846.0 255.0 1504.0 50790.0 
662.0017202271481 5.128 84.0 1848.0 256.0 1507.0 50894.0 
664.0017202271481 5.144 85.0 1850.0 257.0 1509.0 51021.0 
666.0017202271481 5.192 90.0 1861.0 259.0 1519.0 51209.0 
668.0017202271481 5.215999999999999 79.0 1869.0 261.0 1530.0 51500.0 
670.0017202271481 5.272 77.0 1872.0 265.0 1532.0 51585.0 
672.0017202271481 5.272 77.0 1876.0 265.0 1533.0 51598.0 
674.0017202271481 5.288 78.0 1880.0 265.0 1542.0 51816.0 
676.0017202271481 5.343999999999999 75.0 1888.0 267.0 1556.0 52139.0 
678.0017202271481 5.343999999999999 64.0 1896.0 267.0 1565.0 52458.0 
680.0017202271481 5.343999999999999 67.0 1902.0 267.0 1566.0 52511.0 
682.0017202271481 5.343999999999999 69.0 1904.0 267.0 1568.0 52582.0 
684.0017202271481 5.3759999999999994 75.0 1912.0 268.0 1570.0 52659.0 
686.0017202271481 5.4079999999999995 79.0 1921.0 270.0 1573.0 52791.0 
688.0017202271481 5.416 82.0 1927.0 271.0 1576.0 52987.0 
690.0017202271481 5.416 81.0 1932.0 271.0 1581.0 53090.0 
692.0017202271481 5.416 81.0 1938.0 271.0 1593.0 53396.0 
694.0017202271481 5.4319999999999995 75.0 1945.0 273.0 1601.0 53537.0 
696.0017202271481 5.456 64.0 1950.0 274.0 1613.0 53784.0 
698.0017202271481 5.4719999999999995 63.0 1955.0 276.0 1616.0 53860.0 
700.0017202271481 5.4799999999999995 59.0 1960.0 276.0 1628.0 54244.0 
702.0017202271481 5.536 55.0 1969.0 278.0 1638.0 54618.0 
704.0017202271481 5.5600000000000005 63.0 1983.0 279.0 1640.0 54638.0 
706.0017202271481 5.5600000000000005 69.0 1994.0 279.0 1649.0 54955.0 
708.0017202271481 5.5600000000000005 74.0 2006.0 279.0 1660.0 55152.0 
710.0017202271481 5.5600000000000005 72.0 2014.0 279.0 1660.0 55152.0 
712.0017202271481 5.5600000000000005 78.0 2022.0 279.0 1666.0 55213.0 
714.0017202271481 5.5600000000000005 78.0 2029.0 279.0 1673.0 55376.0 
716.0017202271481 5.5600000000000005 68.0 2036.0 279.0 1691.0 55972.0 
718.0017202271481 5.5600000000000005 67.0 2040.0 279.0 1693.0 55981.0 
720.0017202271481 5.6 68.0 2046.0 281.0 1702.0 56147.0 
722.0017202271481 5.616 63.0 2053.0 283.0 1707.0 56299.0 
724.0017202271481 5.656000000000001 63.0 2059.0 284.0 1709.0 56322.0 
726.0017202271481 5.656000000000001 68.0 2070.0 284.0 1716.0 56453.0 
728.0001513078454 5.656000000000001 73.0 2076.0 284.0 1723.0 56603.0 
730.0017202271481 5.663999999999999 65.0 2083.0 285.0 1737.0 56842.0 
732.0017202271481 5.688000000000001 59.0 2092.0 286.0 1752.0 57077.0 
734.0017202271481 5.720000000000001 58.0 2104.0 288.0 1758.0 57159.0 
736.0017202271481 5.720000000000001 64.0 2113.0 288.0 1759.0 57194.0 
738.0017202271481 5.720000000000001 70.0 2121.0 288.0 1765.0 57265.0 
740.0017202271481 5.736 70.0 2129.0 290.0 1766.0 57291.0 
742.0017202271481 5.760000000000001 75.0 2133.0 291.0 1776.0 57376.0 
744.0017202271481 5.760000000000001 72.0 2140.0 291.0 1779.0 57428.0 
746.0017202271481 5.784000000000001 74.0 2149.0 293.0 1783.0 57556.0 
748.0017202271481 5.816000000000001 79.0 2155.0 295.0 1785.0 57650.0 
750.0017202271481 5.832 78.0 2162.0 296.0 1787.0 57676.0 
752.0017202271481 5.832 79.0 2168.0 296.0 1795.0 57871.0 
754.0017202271481 5.832 76.0 2172.0 296.0 1801.0 57931.0 
756.0017202271481 5.912000000000001 76.0 2176.0 299.0 1802.0 57992.0 
758.0017202271481 5.968 67.0 2179.0 301.0 1813.0 58225.0 
760.0017202271481 6.032 69.0 2184.0 303.0 1814.0 58310.0 
762.0017202271481 6.064 73.0 2190.0 304.0 1815.0 58412.0 
764.0017202271481 6.111999999999999 73.0 2196.0 307.0 1817.0 58601.0 
766.0017202271481 6.151999999999999 72.0 2199.0 308.0 1819.0 58623.0 
768.0017202271481 6.168 75.0 2207.0 309.0 1824.0 58807.0 
770.0017202271481 6.183999999999999 79.0 2217.0 310.0 1828.0 58937.0 
772.0017202271481 6.183999999999999 78.0 2223.0 310.0 1838.0 59125.0 
774.0017202271481 6.239999999999999 76.0 2228.0 313.0 1838.0 59168.0 
776.0017202271481 6.239999999999999 79.0 2231.0 313.0 1840.0 59175.0 
778.0017202271481 6.239999999999999 84.0 2238.0 313.0 1849.0 59438.0 
780.0017202271481 6.288 82.0 2247.0 315.0 1856.0 59653.0 
782.0017202271481 6.303999999999999 78.0 2250.0 316.0 1856.0 59669.0 
784.0017202271481 6.303999999999999 78.0 2255.0 316.0 1861.0 59705.0 
786.0017202271481 6.311999999999999 80.0 2262.0 317.0 1868.0 60020.0 
788.0017202271481 6.343999999999999 78.0 2270.0 319.0 1876.0 60164.0 
790.0017202271481 6.343999999999999 75.0 2273.0 319.0 1883.0 60488.0 
792.0017202271481 6.3759999999999994 71.0 2283.0 321.0 1893.0 60761.0 
794.0017202271481 6.384 70.0 2293.0 322.0 1903.0 60953.0 
796.0017202271481 6.416 69.0 2302.0 323.0 1909.0 61063.0 
798.0017202271481 6.416 69.0 2306.0 323.0 1914.0 61231.0 
800.0017202271481 6.416 72.0 2312.0 323.0 1916.0 61257.0 
802.0017202271481 6.416 79.0 2319.0 323.0 1918.0 61282.0 
804.0017202271481 6.416 82.0 2326.0 323.0 1922.0 61370.0 
806.0017202271481 6.448 83.0 2331.0 325.0 1923.0 61464.0 
808.0017202271481 6.488 81.0 2336.0 327.0 1931.0 61567.0 
810.0017202271481 6.488 80.0 2343.0 327.0 1946.0 62020.0 
812.0017202271481 6.4959999999999996 71.0 2346.0 328.0 1950.0 62087.0 
814.0017202271481 6.512 59.0 2349.0 329.0 1965.0 62587.0 
816.0017202271481 6.512 63.0 2364.0 329.0 1972.0 62716.0 
818.0017202271481 6.512 57.0 2369.0 329.0 1987.0 63053.0 
820.0017202271481 6.552 52.0 2372.0 330.0 1990.0 63091.0 
822.0017202271481 6.5600000000000005 57.0 2382.0 331.0 1993.0 63133.0 
824.0017202271481 6.5600000000000005 67.0 2392.0 331.0 1993.0 63133.0 
826.0017202271481 6.5920000000000005 65.0 2396.0 332.0 1996.0 63176.0 
828.0017202271481 6.5920000000000005 71.0 2403.0 332.0 2001.0 63362.0 
830.0017202271481 6.5920000000000005 73.0 2412.0 332.0 2013.0 63522.0 
832.0017202271481 6.608 64.0 2423.0 333.0 2023.0 63821.0 
834.0017202271481 6.608 72.0 2434.0 333.0 2038.0 64092.0 
836.0017202271481 6.608 63.0 2437.0 333.0 2046.0 64333.0 
838.0017202271481 6.608 62.0 2448.0 333.0 2054.0 64393.0 
840.0017202271481 6.608 64.0 2456.0 333.0 2065.0 64566.0 
842.0017202271481 6.6240000000000006 60.0 2464.0 334.0 2071.0 64637.0 
844.0017202271481 6.6240000000000006 63.0 2471.0 334.0 2077.0 64710.0 
846.0017202271481 6.6240000000000006 64.0 2477.0 334.0 2080.0 64750.0 
848.0017202271481 6.6240000000000006 68.0 2488.0 334.0 2084.0 64770.0 
850.000061566933 6.6240000000000006 69.0 2494.0 334.0 2094.0 64969.0 
852.0017202271481 6.6240000000000006 71.0 2501.0 334.0 2101.0 65028.0 
854.0017202271481 6.64 69.0 2508.0 335.0 2106.0 65105.0 
856.0017202271481 6.64 73.0 2514.0 335.0 2106.0 65105.0 
858.0017202271481 6.64 76.0 2522.0 335.0 2112.0 65212.0 
860.0017202271481 6.688000000000001 75.0 2528.0 336.0 2117.0 65269.0 
862.0017202271481 6.688000000000001 79.0 2533.0 336.0 2119.0 65324.0 
864.0017202271481 6.776000000000001 76.0 2539.0 338.0 2124.0 65477.0 
866.0017202271481 6.776000000000001 81.0 2547.0 338.0 2126.0 65579.0 
868.0017202271481 6.776000000000001 89.0 2555.0 338.0 2127.0 65607.0 
870.0017202271481 6.8 89.0 2564.0 339.0 2137.0 65846.0 
872.0017202271481 6.808 87.0 2570.0 340.0 2145.0 66007.0 
874.0017202271481 6.808 84.0 2576.0 340.0 2152.0 66119.0 
876.0017202271481 6.808 87.0 2579.0 340.0 2154.0 66176.0 
878.0017202271481 6.824000000000001 91.0 2585.0 341.0 2154.0 66195.0 
880.0017202271481 6.88 88.0 2590.0 343.0 2157.0 66281.0 
882.0017202271481 6.88 95.0 2597.0 343.0 2160.0 66353.0 
884.0017202271481 6.904000000000001 91.0 2602.0 344.0 2169.0 66458.0 
886.0017202271481 6.904000000000001 90.0 2609.0 344.0 2174.0 66544.0 
888.0017202271481 6.904000000000001 93.0 2615.0 344.0 2179.0 66654.0 
890.0017202271481 6.912000000000001 91.0 2617.0 345.0 2190.0 67024.0 
892.0017202271481 6.944 82.0 2622.0 346.0 2195.0 67129.0 
894.0017202271481 6.944 85.0 2626.0 346.0 2203.0 67338.0 
896.0017202271481 6.968 77.0 2628.0 347.0 2217.0 67936.0 
898.0017202271481 6.983999999999999 57.0 2629.0 348.0 2224.0 68254.0 
900.0017202271481 7.008 60.0 2636.0 350.0 2225.0 68272.0 
#####################################################################
# End of data export. Simulation finished at: 2020-02-04T15:16+0000 #
#####################################################################
