#####################################################################
# Alchemist log file - simulation started at: 2020-02-22T18:23+0000 #
#####################################################################
# seed = 98.0, taskFrequency = 0.0075, cloudcost = 2.0, algorithm = false
#
# The columns have the following meaning: 
# time taskHops[Mean] hasTask[Sum] tasks[Sum] completedTasks[Sum] giveupTasks[Sum] taskLatency[Sum] 
0.0 NaN 0.0 0.0 0.0 0.0 0.0 
2.0188976680599775 NaN 5.0 6.0 0.0 0.0 0.0 
4.018897668059978 NaN 7.0 8.0 0.0 0.0 0.0 
6.018897668059978 NaN 9.0 10.0 0.0 0.0 0.0 
8.018897668059978 NaN 12.0 12.0 0.0 0.0 0.0 
10.018897668059978 NaN 12.0 12.0 0.0 0.0 0.0 
12.018897668059978 NaN 13.0 14.0 0.0 0.0 0.0 
14.018897668059978 NaN 15.0 16.0 0.0 0.0 0.0 
16.018897668059978 NaN 18.0 21.0 0.0 0.0 0.0 
18.018897668059978 NaN 24.0 24.0 0.0 0.0 0.0 
20.018897668059978 NaN 25.0 26.0 0.0 0.0 0.0 
22.018897668059978 NaN 27.0 27.0 0.0 0.0 0.0 
24.018897668059978 NaN 29.0 29.0 0.0 0.0 0.0 
26.018897668059978 NaN 31.0 31.0 0.0 0.0 0.0 
28.018897668059978 NaN 33.0 33.0 0.0 0.0 0.0 
30.018897668059978 NaN 33.0 34.0 0.0 0.0 0.0 
32.01889766805998 NaN 35.0 35.0 0.0 0.0 0.0 
34.01889766805998 NaN 38.0 38.0 0.0 0.0 0.0 
36.01889766805998 NaN 39.0 39.0 0.0 0.0 0.0 
38.01889766805998 NaN 39.0 40.0 0.0 0.0 0.0 
40.01889766805998 NaN 42.0 42.0 0.0 0.0 0.0 
42.01889766805998 NaN 43.0 44.0 0.0 0.0 0.0 
44.01889766805998 NaN 45.0 46.0 0.0 0.0 0.0 
46.01889766805998 NaN 46.0 47.0 0.0 0.0 0.0 
48.01889766805998 NaN 49.0 49.0 0.0 0.0 0.0 
50.01889766805998 NaN 51.0 51.0 0.0 0.0 0.0 
52.01889766805998 NaN 52.0 52.0 0.0 0.0 0.0 
54.01889766805998 NaN 53.0 53.0 0.0 0.0 0.0 
56.01889766805998 NaN 53.0 53.0 0.0 0.0 0.0 
58.01889766805998 NaN 53.0 53.0 0.0 0.0 0.0 
60.01889766805998 NaN 53.0 53.0 0.0 0.0 0.0 
62.01889766805998 NaN 53.0 53.0 0.0 0.0 0.0 
64.01889766805998 NaN 53.0 53.0 0.0 0.0 0.0 
66.01889766805998 NaN 54.0 54.0 0.0 0.0 0.0 
68.01889766805998 NaN 55.0 55.0 0.0 0.0 0.0 
70.01889766805998 NaN 57.0 57.0 0.0 0.0 0.0 
72.01889766805998 NaN 59.0 60.0 0.0 0.0 0.0 
74.01889766805998 NaN 60.0 60.0 0.0 0.0 0.0 
76.01889766805998 NaN 61.0 61.0 0.0 0.0 0.0 
78.01889766805998 NaN 61.0 62.0 0.0 0.0 0.0 
80.01889766805998 NaN 62.0 62.0 0.0 0.0 0.0 
82.01889766805998 NaN 62.0 62.0 0.0 0.0 0.0 
84.01889766805998 NaN 62.0 62.0 0.0 0.0 0.0 
86.01889766805998 NaN 64.0 64.0 0.0 0.0 0.0 
88.01889766805998 NaN 65.0 65.0 0.0 0.0 0.0 
90.01889766805998 NaN 65.0 65.0 0.0 0.0 0.0 
92.01889766805998 NaN 66.0 67.0 0.0 0.0 0.0 
94.01889766805998 NaN 69.0 69.0 0.0 0.0 0.0 
96.01889766805998 NaN 69.0 69.0 0.0 0.0 0.0 
98.01889766805998 NaN 69.0 69.0 0.0 0.0 0.0 
100.01889766805998 NaN 69.0 69.0 0.0 0.0 0.0 
102.01889766805998 NaN 69.0 69.0 0.0 0.0 0.0 
104.01889766805998 2.0 69.0 69.0 0.0 1.0 102.0 
106.01889766805998 2.0 68.0 69.0 0.0 1.0 102.0 
108.01889766805998 2.0 66.0 69.0 0.0 4.0 418.0 
110.01889766805998 2.0 64.0 69.0 0.0 5.0 521.0 
112.01889766805998 2.0 64.0 70.0 0.0 6.0 631.0 
114.01514493732063 2.0 65.0 72.0 0.0 8.0 840.0 
116.01889766805998 2.0 64.0 73.0 0.0 10.0 1046.0 
118.0088798419327 2.0 62.0 74.0 0.0 12.0 1264.0 
120.01889766805998 2.0 60.0 75.0 0.0 17.0 1779.0 
122.01889766805998 2.0 58.0 76.0 0.0 19.0 1996.0 
124.01889766805998 2.0 54.0 76.0 0.0 23.0 2427.0 
126.01889766805998 2.0 52.0 76.0 0.0 25.0 2632.0 
128.00694041348322 2.0 51.0 77.0 0.0 27.0 2847.0 
130.01889766806 2.0 52.0 79.0 0.0 28.0 2950.0 
132.00472893371952 2.0 52.0 81.0 0.0 30.0 3210.0 
134.01889766806 2.0 52.0 82.0 0.0 31.0 3313.0 
136.01889766806 2.0 52.0 83.0 0.0 33.0 3518.0 
138.01889766806 2.0 50.0 84.0 0.0 34.0 3620.0 
140.01889766806 2.0 50.0 85.0 0.0 34.0 3620.0 
142.01889766806 2.0 52.0 87.0 0.0 36.0 3825.0 
144.01889766806 2.0 51.0 87.0 0.0 37.0 3928.0 
146.01889766806 2.0 49.0 87.0 0.0 39.0 4133.0 
148.01889766806 2.0 48.0 89.0 0.0 40.0 4236.0 
150.01889766806 2.0 47.0 89.0 0.0 43.0 4544.0 
152.01889766806 2.0 46.0 89.0 0.0 45.0 4749.0 
154.01889766806 2.0 46.0 91.0 0.0 46.0 4851.0 
156.01889766806 2.0 46.0 92.0 0.0 47.0 4954.0 
158.01889766806 2.0 47.0 94.0 0.0 47.0 4954.0 
160.01889766806 2.0 47.0 95.0 0.0 48.0 5079.0 
162.01889766806 2.0 47.0 95.0 0.0 48.0 5079.0 
164.01889766806 2.0 47.0 95.0 0.0 48.0 5079.0 
166.01889766806 2.0 47.0 95.0 0.0 48.0 5079.0 
168.01889766806 2.0 47.0 96.0 0.0 49.0 5181.0 
170.01889766806 2.0 48.0 98.0 0.0 50.0 5284.0 
172.01889766806 2.0 47.0 98.0 0.0 51.0 5386.0 
174.01889766806 2.0 45.0 98.0 0.0 53.0 5590.0 
176.01889766806 2.0 44.0 98.0 0.0 54.0 5693.0 
178.01889766806 2.0 47.0 101.0 0.0 55.0 5795.0 
180.01889766806 2.0 47.0 102.0 0.0 55.0 5795.0 
182.01889766806 2.0 49.0 105.0 0.0 56.0 5898.0 
184.01889766806 2.0 49.0 105.0 0.0 56.0 5898.0 
186.01889766806 2.0 49.0 105.0 0.0 56.0 5898.0 
188.01889766806 2.0 49.0 106.0 0.0 58.0 6103.0 
190.01889766806 2.0 49.0 109.0 0.0 59.0 6206.0 
192.01889766806 2.0 51.0 111.0 0.0 59.0 6206.0 
194.01889766806 2.0 52.0 112.0 0.0 60.0 6308.0 
196.01889766806 2.0 53.0 113.0 0.0 61.0 6410.0 
198.01889766806 2.0 54.0 115.0 0.0 61.0 6410.0 
200.01889766806 2.0 55.0 116.0 0.0 61.0 6410.0 
202.01889766806 2.0 55.0 116.0 0.0 61.0 6410.0 
204.01889766806 2.0 55.0 116.0 0.0 61.0 6410.0 
206.01889766806 2.0 55.0 116.0 0.0 61.0 6410.0 
208.01889766806 2.0 55.0 116.0 0.0 61.0 6410.0 
210.01889766806 2.0 56.0 117.0 0.0 61.0 6410.0 
212.01889766806 2.0 56.0 117.0 0.0 61.0 6410.0 
214.01889766806 2.0 55.0 117.0 0.0 62.0 6512.0 
216.01889766806 2.0 55.0 118.0 0.0 64.0 6716.0 
218.01889766806 2.0 54.0 119.0 0.0 65.0 6905.0 
220.01889766806 2.0 54.0 119.0 0.0 65.0 6905.0 
222.01889766806 2.0307692307692307 55.0 121.0 0.0 66.0 7007.0 
224.01889766806 2.029850746268657 54.0 122.0 0.0 68.0 7212.0 
226.01889766806 2.029850746268657 54.0 122.0 0.0 68.0 7212.0 
228.01889766806 2.0294117647058822 54.0 123.0 0.0 69.0 7399.0 
230.01889766806 2.0294117647058822 54.0 123.0 0.0 69.0 7399.0 
232.01889766806 2.028169014084507 54.0 124.0 0.0 72.0 7707.0 
234.01889766806 2.0273972602739727 51.0 124.0 0.0 74.0 7911.0 
236.01889766806 2.027027027027027 50.0 124.0 0.0 75.0 8013.0 
238.01889766806 2.054054054054054 49.0 125.0 0.0 76.0 8115.0 
240.01889766806 2.054054054054054 50.0 126.0 0.0 76.0 8115.0 
242.01889766806 2.0533333333333332 49.0 126.0 0.0 77.0 8218.0 
244.01889766806 2.051282051282051 47.0 127.0 0.0 80.0 8526.0 
246.01889766806 2.051282051282051 47.0 128.0 0.0 80.0 8526.0 
248.01889766806 2.050632911392405 47.0 128.0 0.0 81.0 8681.0 
250.01889766806 2.05 47.0 129.0 0.0 82.0 8783.0 
252.01889766806 2.049382716049383 46.0 129.0 0.0 83.0 8886.0 
254.01889766806 2.049382716049383 48.0 131.0 0.0 83.0 8886.0 
256.01889766806 2.073170731707317 48.0 132.0 0.0 85.0 9091.0 
258.01889766806 2.097560975609756 47.0 132.0 0.0 86.0 9194.0 
260.01889766806 2.1463414634146343 47.0 133.0 0.0 88.0 9400.0 
262.01889766806 2.144578313253012 45.0 133.0 0.0 89.0 9502.0 
264.01889766806 2.144578313253012 45.0 134.0 0.0 89.0 9502.0 
266.01889766806 2.144578313253012 46.0 135.0 0.0 89.0 9502.0 
268.01889766806 2.144578313253012 47.0 136.0 0.0 89.0 9502.0 
270.01889766806 2.1686746987951806 46.0 136.0 0.0 90.0 9604.0 
272.01889766806 2.1927710843373496 45.0 137.0 0.0 91.0 9707.0 
274.01889766806 2.216867469879518 45.0 137.0 0.0 92.0 9810.0 
276.01889766806 2.216867469879518 45.0 137.0 0.0 92.0 9810.0 
278.01889766806 2.216867469879518 46.0 138.0 0.0 92.0 9810.0 
280.01889766806 2.2325581395348837 46.0 139.0 0.0 96.0 10366.0 
282.01889766806 2.255813953488372 42.0 139.0 0.0 97.0 10468.0 
284.01889766806 2.2954545454545454 42.0 140.0 0.0 101.0 10964.0 
286.01889766806 2.2954545454545454 39.0 142.0 0.0 101.0 10964.0 
288.01889766806 2.2954545454545454 41.0 143.0 0.0 101.0 10964.0 
290.01889766806 2.2954545454545454 44.0 145.0 0.0 101.0 10964.0 
292.01889766806 2.2888888888888888 43.0 145.0 0.0 103.0 11170.0 
294.01889766806 2.3043478260869565 40.0 145.0 0.0 106.0 11479.0 
296.01889766806 2.3043478260869565 39.0 145.0 0.0 106.0 11479.0 
298.01889766806 2.3260869565217392 38.0 145.0 0.0 107.0 11582.0 
300.01889766806 2.3157894736842106 37.0 145.0 0.0 110.0 12070.0 
302.01889766806 2.3125 36.0 146.0 0.0 111.0 12172.0 
304.01889766806 2.3125 35.0 146.0 0.0 111.0 12172.0 
306.01889766806 2.3125 35.0 148.0 0.0 111.0 12172.0 
308.01889766806 2.3125 37.0 148.0 0.0 111.0 12172.0 
310.01889766806 2.3125 38.0 149.0 0.0 111.0 12172.0 
312.01889766806 2.333333333333333 38.0 149.0 0.0 112.0 12274.0 
314.0142934865337 2.333333333333333 38.0 151.0 0.0 112.0 12274.0 
316.01889766806 2.333333333333333 41.0 153.0 0.0 112.0 12274.0 
318.01889766806 2.3298969072164946 41.0 153.0 0.0 113.0 12377.0 
320.01889766806 2.350515463917526 39.0 154.0 0.0 114.0 12479.0 
322.01889766806 2.350515463917526 41.0 156.0 0.0 114.0 12479.0 
324.01889766806 2.3434343434343434 43.0 160.0 0.0 116.0 12684.0 
326.01889766806 2.3636363636363638 45.0 162.0 0.0 117.0 12786.0 
328.01889766806 2.3636363636363638 46.0 163.0 0.0 117.0 12786.0 
330.01889766806 2.3600000000000003 46.0 163.0 0.0 118.0 12889.0 
332.01889766806 2.3600000000000003 45.0 163.0 0.0 118.0 12889.0 
334.01889766806 2.38 45.0 163.0 0.0 119.0 12991.0 
336.01889766806 2.38 44.0 163.0 0.0 119.0 12991.0 
338.01889766806 2.38 44.0 164.0 0.0 119.0 12991.0 
340.01889766806 2.38 45.0 165.0 0.0 119.0 12991.0 
342.01889766806 2.38 46.0 165.0 0.0 119.0 12991.0 
344.01889766806 2.38 46.0 165.0 0.0 119.0 12991.0 
346.01889766806 2.38 48.0 167.0 0.0 119.0 12991.0 
348.01889766806 2.4 48.0 168.0 0.0 120.0 13094.0 
350.01889766806 2.42 48.0 169.0 0.0 121.0 13197.0 
352.01889766806 2.42 48.0 169.0 0.0 121.0 13197.0 
354.01889766806 2.44 48.0 170.0 0.0 122.0 13300.0 
356.01889766806 2.4799999999999995 48.0 170.0 0.0 124.0 13566.0 
358.01889766806 2.4799999999999995 48.0 172.0 0.0 124.0 13566.0 
360.01889766806 2.4799999999999995 48.0 172.0 0.0 124.0 13566.0 
362.01889766806 2.4799999999999995 48.0 173.0 0.0 124.0 13566.0 
364.01889766806 2.4799999999999995 49.0 174.0 0.0 124.0 13566.0 
366.01889766806 2.5 51.0 175.0 0.0 125.0 13669.0 
368.01889766806 2.5 50.0 175.0 0.0 125.0 13669.0 
370.01889766806 2.4950495049504946 49.0 175.0 0.0 126.0 13771.0 
372.01889766806 2.4950495049504946 49.0 175.0 0.0 126.0 13771.0 
374.01889766806 2.4950495049504946 50.0 176.0 0.0 126.0 13771.0 
376.01889766806 2.4901960784313726 50.0 177.0 0.0 127.0 13908.0 
378.01889766806 2.4901960784313726 50.0 177.0 0.0 127.0 13908.0 
380.01889766806 2.5098039215686274 51.0 179.0 0.0 128.0 14010.0 
382.0017273027845 2.504854368932039 51.0 182.0 0.0 129.0 14112.0 
384.01889766806 2.504854368932039 53.0 182.0 0.0 129.0 14112.0 
386.01889766806 2.5436893203883497 53.0 183.0 0.0 131.0 14363.0 
388.01889766806 2.5436893203883497 54.0 185.0 0.0 131.0 14363.0 
390.01889766806 2.5825242718446604 54.0 188.0 0.0 133.0 14569.0 
392.01889766806 2.6153846153846154 55.0 189.0 0.0 136.0 14877.0 
394.01889766806 2.6153846153846154 53.0 189.0 0.0 136.0 14877.0 
396.01889766806 2.6153846153846154 53.0 190.0 0.0 136.0 14877.0 
398.01889766806 2.6153846153846154 54.0 191.0 0.0 136.0 14877.0 
400.01889766806 2.6538461538461537 56.0 192.0 0.0 138.0 15209.0 
402.01889766806 2.6538461538461537 55.0 193.0 0.0 138.0 15209.0 
404.01889766806 2.673076923076923 57.0 195.0 0.0 139.0 15312.0 
406.01889766806 2.6923076923076925 55.0 195.0 0.0 140.0 15463.0 
408.01889766806 2.6923076923076925 56.0 197.0 0.0 140.0 15463.0 
410.01889766806 2.7115384615384617 56.0 197.0 0.0 141.0 15566.0 
412.01889766806 2.730769230769231 57.0 199.0 0.0 142.0 15668.0 
414.01889766806 2.730769230769231 58.0 200.0 0.0 142.0 15668.0 
416.01889766806 2.75 59.0 202.0 0.0 143.0 15770.0 
418.01889766806 2.7547169811320753 58.0 202.0 0.0 146.0 16078.0 
420.01889766806 2.7547169811320753 56.0 202.0 0.0 146.0 16078.0 
422.01889766806 2.7547169811320753 57.0 203.0 0.0 146.0 16078.0 
424.01889766806 2.766355140186916 55.0 204.0 0.0 148.0 16283.0 
426.01889766806 2.7962962962962963 56.0 205.0 0.0 151.0 16591.0 
428.01889766806 2.8181818181818183 52.0 205.0 0.0 155.0 17062.0 
430.01889766806 2.8545454545454545 49.0 205.0 0.0 157.0 17268.0 
432.01889766806 2.8545454545454545 48.0 205.0 0.0 157.0 17268.0 
434.01889766806 2.8545454545454545 48.0 205.0 0.0 157.0 17268.0 
436.01889766806 2.8545454545454545 49.0 207.0 0.0 157.0 17268.0 
438.0094029011118 2.8545454545454545 51.0 208.0 0.0 157.0 17268.0 
440.01889766806 2.8545454545454545 53.0 210.0 0.0 157.0 17268.0 
442.01889766806 2.8727272727272726 52.0 210.0 0.0 158.0 17371.0 
444.01889766806 2.890909090909091 52.0 214.0 0.0 159.0 17474.0 
446.01889766806 2.890909090909091 55.0 215.0 0.0 159.0 17474.0 
448.01889766806 2.927272727272727 56.0 215.0 0.0 161.0 17678.0 
450.01889766806 2.9454545454545453 54.0 216.0 0.0 162.0 17780.0 
452.01889766806 2.9636363636363634 53.0 216.0 0.0 163.0 17882.0 
454.01889766806 2.9636363636363634 53.0 216.0 0.0 163.0 17882.0 
456.01889766806 2.9818181818181815 53.0 216.0 0.0 164.0 17984.0 
458.01889766806 2.9818181818181815 52.0 216.0 0.0 164.0 17984.0 
460.01889766806 2.990990990990991 52.0 216.0 0.0 166.0 18189.0 
462.01889766806 2.990990990990991 50.0 217.0 0.0 166.0 18189.0 
464.01889766806 3.009009009009009 51.0 219.0 0.0 167.0 18393.0 
466.01889766806 3.0270270270270268 51.0 219.0 0.0 168.0 18496.0 
468.01889766806 3.0630630630630633 49.0 219.0 0.0 170.0 18701.0 
470.01889766806 3.0630630630630633 49.0 220.0 0.0 170.0 18701.0 
472.01889766806 3.0630630630630633 50.0 220.0 0.0 170.0 18701.0 
474.01889766806 3.0535714285714284 51.0 221.0 0.0 171.0 19106.0 
476.01889766806 3.0535714285714284 50.0 221.0 0.0 171.0 19106.0 
478.01889766806 3.0535714285714284 50.0 221.0 0.0 171.0 19106.0 
480.01889766806 3.0535714285714284 50.0 221.0 0.0 171.0 19106.0 
482.01889766806 3.0714285714285716 51.0 222.0 0.0 172.0 19209.0 
484.01889766806 3.089285714285714 51.0 225.0 0.0 173.0 19312.0 
486.01889766806 3.1428571428571432 49.0 225.0 0.0 176.0 19620.0 
488.01889766806 3.160714285714286 50.0 227.0 0.0 177.0 19722.0 
490.01889766806 3.1964285714285716 49.0 228.0 0.0 179.0 19927.0 
492.01889766806 3.2035398230088497 51.0 230.0 0.0 181.0 20132.0 
494.01889766806 3.221238938053097 50.0 231.0 0.0 182.0 20235.0 
496.01889766806 3.221238938053097 50.0 232.0 0.0 182.0 20235.0 
498.01889766806 3.2105263157894735 49.0 233.0 0.0 183.0 20426.0 
500.01889766806 3.236842105263158 50.0 234.0 0.0 184.0 20529.0 
502.01889766806 3.2719298245614032 50.0 235.0 0.0 186.0 20735.0 
504.01889766806 3.2894736842105265 48.0 235.0 0.0 187.0 20837.0 
506.01889766806 3.324561403508772 49.0 238.0 0.0 189.0 21042.0 
508.01889766806 3.324561403508772 50.0 239.0 0.0 189.0 21042.0 
510.01889766806 3.342105263157895 50.0 240.0 0.0 190.0 21145.0 
512.0188976680599 3.359649122807018 51.0 242.0 0.0 191.0 21248.0 
514.0188976680599 3.394736842105263 51.0 242.0 0.0 193.0 21454.0 
516.0188976680599 3.4122807017543857 48.0 242.0 0.0 194.0 21556.0 
518.0188976680599 3.4173913043478263 47.0 242.0 0.0 196.0 21761.0 
520.0188976680599 3.4173913043478263 46.0 242.0 0.0 196.0 21761.0 
522.0188976680599 3.4173913043478263 46.0 242.0 0.0 196.0 21761.0 
524.0188976680599 3.4347826086956523 46.0 242.0 0.0 197.0 21863.0 
526.0188976680599 3.4347826086956523 46.0 243.0 0.0 197.0 21863.0 
528.0188976680599 3.4695652173913043 44.0 243.0 0.0 199.0 22068.0 
530.0188976680599 3.4695652173913043 45.0 244.0 0.0 199.0 22068.0 
532.0188976680599 3.4695652173913043 45.0 245.0 0.0 199.0 22068.0 
534.0188976680599 3.4695652173913043 48.0 247.0 0.0 199.0 22068.0 
536.0188976680599 3.4695652173913043 49.0 248.0 0.0 199.0 22068.0 
538.0188976680599 3.48695652173913 48.0 248.0 0.0 200.0 22170.0 
540.0188976680599 3.5217391304347823 47.0 249.0 0.0 202.0 22376.0 
542.0188976680599 3.539130434782609 46.0 249.0 0.0 203.0 22478.0 
544.0188976680599 3.539130434782609 46.0 249.0 0.0 203.0 22478.0 
546.0188976680599 3.539130434782609 46.0 249.0 0.0 203.0 22478.0 
548.0188976680599 3.591304347826087 43.0 249.0 0.0 206.0 22787.0 
550.0145378995234 3.626086956521739 42.0 249.0 0.0 208.0 23064.0 
552.0188976680599 3.643478260869566 41.0 250.0 0.0 209.0 23166.0 
554.0188976680599 3.643478260869566 41.0 250.0 0.0 209.0 23166.0 
556.0188976680599 3.643478260869566 43.0 252.0 0.0 209.0 23166.0 
558.0188976680599 3.643478260869566 44.0 253.0 0.0 209.0 23166.0 
560.0188976680599 3.643478260869566 44.0 256.0 0.0 209.0 23166.0 
562.0188976680599 3.643478260869566 47.0 258.0 0.0 209.0 23166.0 
564.0188976680599 3.643478260869566 49.0 258.0 0.0 209.0 23166.0 
566.0188976680599 3.6608695652173915 48.0 258.0 0.0 210.0 23269.0 
568.0188976680599 3.678260869565217 48.0 259.0 0.0 211.0 23372.0 
570.0188976680599 3.678260869565217 48.0 259.0 0.0 211.0 23372.0 
572.0188976680599 3.678260869565217 48.0 259.0 0.0 211.0 23372.0 
574.0188976680599 3.663793103448276 47.0 259.0 0.0 212.0 23475.0 
576.0188976680599 3.6810344827586206 47.0 259.0 0.0 213.0 23577.0 
578.0188976680599 3.6810344827586206 46.0 259.0 0.0 213.0 23577.0 
580.0188976680599 3.6810344827586206 48.0 261.0 0.0 213.0 23577.0 
582.0188976680599 3.6810344827586206 49.0 262.0 0.0 213.0 23577.0 
584.0188976680599 3.698275862068966 49.0 263.0 0.0 214.0 23679.0 
586.0188976680599 3.7327586206896557 49.0 263.0 0.0 216.0 23884.0 
588.0188976680599 3.75 47.0 264.0 0.0 217.0 23987.0 
590.0188976680599 3.75 47.0 264.0 0.0 217.0 23987.0 
592.0188976680599 3.7672413793103443 46.0 264.0 0.0 218.0 24090.0 
594.0188976680599 3.7863247863247858 44.0 264.0 0.0 221.0 24397.0 
596.0188976680599 3.7863247863247858 44.0 266.0 0.0 221.0 24397.0 
598.0188976680599 3.7711864406779667 45.0 266.0 0.0 222.0 24500.0 
600.0188976680599 3.7711864406779667 44.0 268.0 0.0 222.0 24500.0 
602.0188976680599 3.7731092436974785 44.0 269.0 0.0 224.0 24705.0 
604.0188976680599 3.789915966386554 45.0 269.0 0.0 225.0 24807.0 
606.0188976680599 3.789915966386554 44.0 269.0 0.0 225.0 24807.0 
608.0188976680599 3.8067226890756296 43.0 269.0 0.0 226.0 24909.0 
610.0188976680599 3.8571428571428568 43.0 271.0 0.0 229.0 25218.0 
612.0188976680599 3.8571428571428568 42.0 272.0 0.0 229.0 25218.0 
614.0188976680599 3.8739495798319323 44.0 273.0 0.0 230.0 25320.0 
616.0188976680599 3.8739495798319323 44.0 274.0 0.0 230.0 25320.0 
618.0188976680599 3.8739495798319323 45.0 275.0 0.0 230.0 25320.0 
620.0188976680599 3.8739495798319323 46.0 276.0 0.0 230.0 25320.0 
622.0188976680599 3.8739495798319323 47.0 278.0 0.0 230.0 25320.0 
624.0188976680599 3.8739495798319323 48.0 278.0 0.0 230.0 25320.0 
626.0188976680599 3.8739495798319323 50.0 280.0 0.0 230.0 25320.0 
628.0188976680599 3.890756302521008 53.0 283.0 0.0 231.0 25422.0 
630.0188976680599 3.890756302521008 53.0 284.0 0.0 231.0 25422.0 
632.0188976680599 3.9075630252100835 54.0 285.0 0.0 232.0 25524.0 
634.0188976680599 3.9075630252100835 54.0 287.0 0.0 232.0 25524.0 
636.0188976680599 3.957983193277311 55.0 288.0 0.0 235.0 25870.0 
638.0188976680599 3.9747899159663866 52.0 288.0 0.0 236.0 25972.0 
640.0188976680599 3.991596638655462 52.0 289.0 0.0 237.0 26173.0 
642.0188976680599 3.991596638655462 52.0 289.0 0.0 237.0 26173.0 
644.0188976680599 4.008403361344538 52.0 290.0 0.0 238.0 26276.0 
646.0188976680599 4.008403361344538 53.0 291.0 0.0 238.0 26276.0 
648.0188976680599 4.008403361344538 53.0 291.0 0.0 238.0 26276.0 
650.0188976680599 4.008403361344538 53.0 291.0 0.0 238.0 26276.0 
652.0188976680599 4.008403361344538 53.0 292.0 0.0 238.0 26276.0 
654.0188976680599 4.008403361344538 55.0 293.0 0.0 238.0 26276.0 
656.0188976680599 4.025210084033613 56.0 295.0 0.0 239.0 26379.0 
658.0188976680599 4.0588235294117645 55.0 295.0 0.0 241.0 26583.0 
660.0188976680599 4.092436974789916 55.0 296.0 0.0 243.0 26857.0 
662.0188976680599 4.092436974789916 53.0 296.0 0.0 243.0 26857.0 
664.0188976680599 4.142857142857143 50.0 296.0 0.0 246.0 27166.0 
666.0188976680599 4.1416666666666675 49.0 297.0 0.0 248.0 27372.0 
668.0188976680599 4.1416666666666675 51.0 299.0 0.0 248.0 27372.0 
670.0188976680599 4.158333333333334 54.0 302.0 0.0 249.0 27475.0 
672.0188976680599 4.158333333333334 53.0 302.0 0.0 249.0 27475.0 
674.0188976680599 4.158333333333334 54.0 303.0 0.0 249.0 27475.0 
676.0188976680599 4.158333333333334 54.0 303.0 0.0 249.0 27475.0 
678.0188976680599 4.158333333333334 56.0 305.0 0.0 249.0 27475.0 
680.0188976680599 4.158333333333334 57.0 306.0 0.0 249.0 27475.0 
682.0188976680599 4.191666666666666 57.0 306.0 0.0 251.0 27680.0 
684.0005440403846 4.208333333333334 56.0 308.0 0.0 252.0 27783.0 
686.0188976680599 4.224999999999999 55.0 309.0 0.0 253.0 27885.0 
688.0188976680599 4.224999999999999 58.0 311.0 0.0 253.0 27885.0 
690.0188976680599 4.241666666666666 59.0 312.0 0.0 254.0 27987.0 
692.0188976680599 4.241666666666666 58.0 312.0 0.0 254.0 27987.0 
694.0188976680599 4.241666666666666 58.0 312.0 0.0 254.0 27987.0 
696.0188976680599 4.241666666666666 58.0 312.0 0.0 254.0 27987.0 
698.0188976680599 4.258333333333334 58.0 313.0 0.0 255.0 28089.0 
700.0188976680599 4.275000000000001 57.0 314.0 0.0 256.0 28192.0 
702.0188976680599 4.275000000000001 59.0 315.0 0.0 256.0 28192.0 
704.0188976680599 4.308333333333334 57.0 315.0 0.0 258.0 28398.0 
706.0188976680599 4.325000000000001 56.0 315.0 0.0 259.0 28501.0 
708.0188976680599 4.325000000000001 57.0 316.0 0.0 259.0 28501.0 
710.0188976680599 4.325000000000001 57.0 317.0 0.0 259.0 28501.0 
712.0188976680599 4.3583333333333325 58.0 319.0 0.0 261.0 28705.0 
714.0188976680599 4.3583333333333325 58.0 319.0 0.0 261.0 28705.0 
716.0188976680599 4.3916666666666675 57.0 320.0 0.0 263.0 28910.0 
718.0188976680599 4.408333333333334 57.0 320.0 0.0 264.0 29012.0 
720.0188976680599 4.441666666666666 56.0 321.0 0.0 266.0 29443.0 
722.0188976680599 4.458333333333334 54.0 321.0 0.0 267.0 29545.0 
724.0188976680599 4.474999999999999 54.0 321.0 0.0 268.0 29647.0 
726.0188976680599 4.454545454545455 52.0 321.0 0.0 269.0 29750.0 
728.0188976680599 4.4876033057851235 51.0 321.0 0.0 271.0 29955.0 
730.0188976680599 4.537190082644628 49.0 321.0 0.0 274.0 30262.0 
732.0188976680599 4.553719008264464 46.0 321.0 0.0 275.0 30364.0 
734.0188976680599 4.570247933884298 46.0 321.0 0.0 276.0 30466.0 
736.0113471141995 4.570247933884298 45.0 322.0 0.0 276.0 30466.0 
738.0188976680599 4.6033057851239665 44.0 322.0 0.0 278.0 30671.0 
740.0188976680599 4.6033057851239665 44.0 322.0 0.0 278.0 30671.0 
742.0188976680599 4.619834710743801 44.0 324.0 0.0 279.0 30901.0 
744.0188976680599 4.636363636363637 47.0 327.0 0.0 280.0 31004.0 
746.0188976680599 4.636363636363637 47.0 327.0 0.0 280.0 31004.0 
748.0188976680599 4.652892561983471 48.0 328.0 0.0 281.0 31106.0 
750.0188976680599 4.669421487603307 47.0 328.0 0.0 282.0 31483.0 
752.0188976680599 4.669421487603307 46.0 328.0 0.0 282.0 31483.0 
754.0188976680599 4.669421487603307 47.0 329.0 0.0 282.0 31483.0 
756.0188976680599 4.702479338842974 46.0 329.0 0.0 284.0 31689.0 
758.0188976680599 4.735537190082644 45.0 329.0 0.0 286.0 31894.0 
760.0188976680599 4.735537190082644 44.0 330.0 0.0 286.0 31894.0 
762.0188976680599 4.72950819672131 43.0 330.0 0.0 288.0 32294.0 
764.0188976680599 4.72950819672131 43.0 331.0 0.0 288.0 32294.0 
766.0188976680599 4.72950819672131 43.0 331.0 0.0 288.0 32294.0 
768.0188976680599 4.745901639344263 43.0 331.0 0.0 289.0 32396.0 
770.0188976680599 4.778688524590163 41.0 331.0 0.0 291.0 32600.0 
772.0188976680599 4.8442622950819665 39.0 332.0 0.0 295.0 33167.0 
774.0188976680599 4.8442622950819665 38.0 333.0 0.0 295.0 33167.0 
776.0188976680599 4.83739837398374 38.0 334.0 0.0 297.0 33930.0 
778.0188976680599 4.83739837398374 37.0 334.0 0.0 297.0 33930.0 
780.0188976680599 4.869918699186991 37.0 335.0 0.0 299.0 34135.0 
782.0188976680599 4.8861788617886175 36.0 335.0 0.0 300.0 34237.0 
784.0188976680599 4.8861788617886175 37.0 338.0 0.0 300.0 34237.0 
786.0188976680599 4.902439024390244 39.0 339.0 0.0 301.0 34339.0 
788.0188976680599 4.918699186991871 37.0 339.0 0.0 302.0 34441.0 
790.0188976680599 4.951219512195121 38.0 341.0 0.0 304.0 34645.0 
792.0188976680599 4.967479674796747 37.0 341.0 0.0 305.0 34748.0 
794.0188976680599 4.943548387096773 35.0 341.0 0.0 306.0 35516.0 
796.0188976680599 4.943548387096773 35.0 341.0 0.0 306.0 35516.0 
798.0188976680599 4.943548387096773 36.0 342.0 0.0 306.0 35516.0 
800.0188976680599 4.959677419354838 36.0 342.0 0.0 307.0 35618.0 
802.0188976680599 4.959677419354838 36.0 343.0 0.0 307.0 35618.0 
804.0188976680599 4.991935483870968 34.0 344.0 0.0 309.0 35823.0 
806.0188976680599 4.991935483870968 35.0 344.0 0.0 309.0 35823.0 
808.0188976680599 4.991935483870968 35.0 344.0 0.0 309.0 35823.0 
810.0188976680599 5.008064516129032 35.0 344.0 0.0 310.0 35926.0 
812.0188976680599 5.008064516129032 35.0 345.0 0.0 310.0 35926.0 
814.0188976680599 5.040322580645162 36.0 347.0 0.0 312.0 36132.0 
816.0188976680599 5.056451612903227 35.0 348.0 0.0 313.0 36235.0 
818.0188976680599 5.072580645161291 35.0 349.0 0.0 314.0 36337.0 
820.0188976680599 5.072580645161291 35.0 350.0 0.0 314.0 36337.0 
822.0188976680599 5.088709677419354 37.0 351.0 0.0 315.0 36440.0 
824.0188976680599 5.088709677419354 36.0 351.0 0.0 315.0 36440.0 
826.0188976680599 5.088709677419354 36.0 351.0 0.0 315.0 36440.0 
828.0188976680599 5.088709677419354 36.0 353.0 0.0 315.0 36440.0 
830.0188976680599 5.088709677419354 38.0 353.0 0.0 315.0 36440.0 
832.0188976680599 5.088709677419354 40.0 355.0 0.0 315.0 36440.0 
834.0188976680599 5.088709677419354 40.0 355.0 0.0 315.0 36440.0 
836.0188976680599 5.088709677419354 40.0 355.0 0.0 315.0 36440.0 
838.0188976680599 5.088709677419354 40.0 355.0 0.0 315.0 36440.0 
840.0188976680599 5.088709677419354 41.0 356.0 0.0 315.0 36440.0 
842.0188976680599 5.088709677419354 41.0 356.0 0.0 315.0 36440.0 
844.0188976680599 5.104838709677419 42.0 357.0 0.0 316.0 36542.0 
846.0188976680599 5.169354838709678 39.0 359.0 0.0 320.0 36952.0 
848.0188976680599 5.169354838709678 39.0 360.0 0.0 320.0 36952.0 
850.0188976680599 5.169354838709678 41.0 361.0 0.0 320.0 36952.0 
852.0188976680599 5.169354838709678 41.0 361.0 0.0 320.0 36952.0 
854.0188976680599 5.169354838709678 42.0 362.0 0.0 320.0 36952.0 
856.0188976680599 5.185483870967741 42.0 362.0 0.0 321.0 37054.0 
858.0188976680599 5.185483870967741 41.0 362.0 0.0 321.0 37054.0 
860.0188976680599 5.185483870967741 42.0 363.0 0.0 321.0 37054.0 
862.0188976680599 5.201612903225806 44.0 365.0 0.0 322.0 37157.0 
864.0078162217069 5.201612903225806 43.0 365.0 0.0 322.0 37157.0 
866.0188976680599 5.21774193548387 44.0 366.0 0.0 323.0 37259.0 
868.0188976680599 5.21774193548387 43.0 366.0 0.0 323.0 37259.0 
870.0188976680599 5.21774193548387 43.0 366.0 0.0 323.0 37259.0 
872.0188976680599 5.21774193548387 43.0 368.0 0.0 323.0 37259.0 
874.0188976680599 5.233870967741935 45.0 368.0 0.0 324.0 37362.0 
876.0188976680599 5.25 46.0 370.0 0.0 325.0 37465.0 
878.0188976680599 5.266129032258065 44.0 370.0 0.0 326.0 37567.0 
880.0188976680599 5.266129032258065 44.0 370.0 0.0 326.0 37567.0 
882.0188976680599 5.28225806451613 45.0 371.0 0.0 327.0 37669.0 
884.0188976680599 5.28225806451613 44.0 371.0 0.0 327.0 37669.0 
886.0188976680599 5.314516129032259 43.0 371.0 0.0 329.0 37873.0 
888.0188976680599 5.346774193548386 42.0 372.0 0.0 331.0 38079.0 
890.0188976680599 5.387096774193548 42.0 373.0 0.0 333.0 38529.0 
892.0188976680599 5.403225806451614 41.0 375.0 0.0 334.0 38631.0 
894.0188976680599 5.419354838709678 41.0 376.0 0.0 335.0 38734.0 
896.0188976680599 5.419354838709678 41.0 376.0 0.0 335.0 38734.0 
898.0188976680599 5.435483870967741 41.0 378.0 0.0 336.0 38883.0 
900.0188976680599 5.451612903225806 41.0 378.0 0.0 337.0 38985.0 
#####################################################################
# End of data export. Simulation finished at: 2020-02-22T18:28+0000 #
#####################################################################
