#####################################################################
# Alchemist log file - simulation started at: 2020-01-14T22:10+0000 #
#####################################################################
# seed = 1.0, taskFrequency = 0.04217, cloudcost = 0.0, algorithm = false
#
# The columns have the following meaning: 
# time taskHops[Mean] hasTask[Sum] tasks[Sum] completedTasks[Sum] giveupTasks[Sum] taskLatency[Sum] 
0.0 NaN 0.0 0.0 0.0 0.0 0.0 
2.0048855897957667 NaN 7.0 9.0 0.0 0.0 0.0 
4.004885589795767 NaN 17.0 18.0 0.0 0.0 0.0 
6.004885589795767 NaN 23.0 26.0 0.0 0.0 0.0 
8.004885589795766 NaN 35.0 35.0 0.0 0.0 0.0 
10.004885589795766 NaN 41.0 43.0 0.0 0.0 0.0 
12.004885589795766 NaN 48.0 49.0 0.0 0.0 0.0 
14.004885589795766 NaN 52.0 53.0 0.0 0.0 0.0 
16.004885589795766 NaN 61.0 61.0 0.0 0.0 0.0 
18.004885589795766 NaN 63.0 65.0 0.0 0.0 0.0 
20.004885589795766 NaN 70.0 71.0 0.0 0.0 0.0 
22.004885589795766 NaN 71.0 71.0 0.0 0.0 0.0 
24.004885589795766 NaN 75.0 76.0 0.0 0.0 0.0 
26.004885589795766 NaN 80.0 83.0 0.0 0.0 0.0 
28.004885589795766 NaN 88.0 89.0 0.0 0.0 0.0 
30.004885589795766 NaN 92.0 92.0 0.0 0.0 0.0 
32.00488558979576 NaN 95.0 95.0 0.0 0.0 0.0 
34.00488558979576 NaN 99.0 99.0 0.0 0.0 0.0 
36.00488558979576 NaN 100.0 100.0 0.0 0.0 0.0 
38.00488558979576 NaN 103.0 103.0 0.0 0.0 0.0 
40.00488558979576 NaN 104.0 106.0 0.0 0.0 0.0 
42.00488558979576 NaN 108.0 109.0 0.0 0.0 0.0 
44.00488558979576 NaN 109.0 110.0 0.0 0.0 0.0 
46.00488558979576 NaN 111.0 112.0 0.0 0.0 0.0 
48.00488558979576 NaN 112.0 112.0 0.0 0.0 0.0 
50.00488558979576 NaN 114.0 114.0 0.0 0.0 0.0 
52.00040121253311 NaN 115.0 116.0 0.0 0.0 0.0 
54.00488558979576 NaN 117.0 117.0 0.0 0.0 0.0 
56.00488558979576 NaN 117.0 117.0 0.0 0.0 0.0 
58.00488558979576 NaN 117.0 117.0 0.0 0.0 0.0 
60.00488558979576 NaN 117.0 117.0 0.0 0.0 0.0 
62.00488558979576 NaN 117.0 117.0 0.0 0.0 0.0 
64.00488558979576 NaN 117.0 118.0 0.0 0.0 0.0 
66.00488558979576 NaN 118.0 118.0 0.0 0.0 0.0 
68.00488558979576 NaN 118.0 118.0 0.0 0.0 0.0 
70.00488558979576 NaN 118.0 119.0 0.0 0.0 0.0 
72.00488558979576 NaN 119.0 119.0 0.0 0.0 0.0 
74.00488558979576 NaN 121.0 121.0 0.0 0.0 0.0 
76.00488558979576 NaN 121.0 121.0 0.0 0.0 0.0 
78.00488558979576 NaN 122.0 122.0 0.0 0.0 0.0 
80.00488558979576 NaN 122.0 123.0 0.0 0.0 0.0 
82.00488558979576 NaN 123.0 123.0 0.0 0.0 0.0 
84.00488558979576 NaN 123.0 123.0 0.0 0.0 0.0 
86.00488558979576 NaN 124.0 124.0 0.0 0.0 0.0 
88.00488558979576 NaN 125.0 125.0 0.0 0.0 0.0 
90.00488558979576 NaN 125.0 125.0 0.0 0.0 0.0 
92.00488558979576 NaN 125.0 125.0 0.0 0.0 0.0 
94.00488558979576 NaN 125.0 125.0 0.0 0.0 0.0 
96.00488558979576 NaN 125.0 125.0 0.0 0.0 0.0 
98.00488558979576 NaN 125.0 125.0 0.0 0.0 0.0 
100.00488558979576 NaN 125.0 125.0 0.0 0.0 0.0 
102.00488558979576 NaN 125.0 125.0 0.0 0.0 0.0 
104.00488558979576 0.0 125.0 125.0 0.0 3.0 309.0 
106.00488558979576 0.0 117.0 125.0 0.0 13.0 1338.0 
108.00488558979576 0.0 108.0 125.0 0.0 21.0 2161.0 
110.00488558979576 0.0 99.0 126.0 0.0 31.0 3187.0 
112.00488558979576 0.0 91.0 127.0 0.0 37.0 3803.0 
114.00488558979576 0.0 87.0 127.0 0.0 43.0 4421.0 
116.00488558979576 0.0 80.0 127.0 0.0 47.0 4830.0 
118.00488558979576 0.018181818181818174 76.0 127.0 0.0 55.0 5654.0 
120.00488558979576 0.01754385964912278 73.0 129.0 0.0 57.0 5859.0 
122.00488558979576 0.015873015873015896 70.0 130.0 0.0 63.0 6473.0 
124.00488558979576 0.015625 66.0 131.0 0.0 64.0 6576.0 
126.00488558979576 0.014492753623188425 67.0 134.0 0.0 69.0 7109.0 
128.00488558979578 0.013513513513513533 63.0 134.0 0.0 74.0 7622.0 
130.00488558979578 0.012195121951219504 57.0 135.0 0.0 82.0 8453.0 
132.00488558979578 0.011627906976744174 52.0 137.0 0.0 86.0 8862.0 
134.00488558979578 0.011235955056179756 53.0 139.0 0.0 89.0 9170.0 
136.00488558979578 0.02150537634408604 51.0 141.0 0.0 93.0 9580.0 
138.00488558979578 0.02127659574468088 48.0 142.0 0.0 94.0 9682.0 
140.00488558979578 0.020618556701030945 51.0 146.0 0.0 97.0 9989.0 
142.00488558979578 0.020408163265306103 50.0 147.0 0.0 98.0 10092.0 
144.00488558979578 0.019417475728155345 45.0 150.0 0.0 103.0 10642.0 
146.00488558979578 0.019230769230769246 49.0 153.0 0.0 104.0 10745.0 
148.00488558979578 0.028301886792452824 48.0 154.0 0.0 106.0 10950.0 
150.00488558979578 0.028037383177570152 53.0 160.0 0.0 107.0 11053.0 
152.00488558979578 0.027777777777777825 55.0 166.0 0.0 108.0 11156.0 
154.00488558979578 0.027522935779816467 59.0 167.0 0.0 109.0 11258.0 
156.00488558979578 0.027027027027027025 57.0 167.0 0.0 111.0 11463.0 
158.00488558979578 0.027027027027027025 58.0 171.0 0.0 111.0 11463.0 
160.00488558979578 0.027027027027027025 60.0 172.0 0.0 111.0 11463.0 
162.00488558979578 0.027027027027027025 67.0 179.0 0.0 111.0 11463.0 
164.00488558979578 0.027027027027027025 71.0 183.0 0.0 111.0 11463.0 
166.00488558979578 0.027027027027027025 75.0 186.0 0.0 111.0 11463.0 
168.00488558979578 0.027027027027027025 80.0 192.0 0.0 111.0 11463.0 
170.00488558979578 0.027027027027027025 84.0 195.0 0.0 111.0 11463.0 
172.00488558979578 0.027027027027027025 86.0 197.0 0.0 111.0 11463.0 
174.00488558979578 0.02678571428571428 87.0 199.0 0.0 112.0 11566.0 
176.00488558979578 0.026315789473684223 86.0 200.0 0.0 114.0 11770.0 
178.00488558979578 0.026315789473684223 86.0 201.0 0.0 114.0 11770.0 
180.0040138654068 0.02608695652173915 87.0 201.0 0.0 115.0 11872.0 
182.00488558979578 0.02608695652173915 88.0 204.0 0.0 115.0 11872.0 
184.00488558979578 0.02608695652173915 91.0 207.0 0.0 115.0 11872.0 
186.00488558979578 0.02608695652173915 93.0 208.0 0.0 115.0 11872.0 
188.00488558979578 0.025862068965517182 93.0 208.0 0.0 116.0 11974.0 
190.00488558979578 0.025641025641025685 92.0 210.0 0.0 117.0 12076.0 
192.00488558979578 0.025641025641025685 96.0 213.0 0.0 117.0 12076.0 
194.00488558979578 0.025641025641025685 97.0 214.0 0.0 117.0 12076.0 
196.00488558979578 0.025641025641025685 97.0 214.0 0.0 117.0 12076.0 
198.00488558979578 0.025641025641025685 98.0 217.0 0.0 117.0 12076.0 
200.00488558979578 0.025641025641025685 100.0 218.0 0.0 117.0 12076.0 
202.00488558979578 0.025641025641025685 102.0 220.0 0.0 117.0 12076.0 
204.00488558979578 0.025641025641025685 106.0 223.0 0.0 117.0 12076.0 
206.00488558979578 0.025641025641025685 106.0 223.0 0.0 117.0 12076.0 
208.00488558979578 0.025641025641025685 106.0 223.0 0.0 117.0 12076.0 
210.00488558979578 0.025641025641025685 107.0 224.0 0.0 117.0 12076.0 
212.00488558979578 0.025641025641025685 107.0 226.0 0.0 118.0 12179.0 
214.00488558979578 0.025641025641025685 108.0 226.0 0.0 118.0 12179.0 
216.00488558979578 0.025641025641025685 107.0 226.0 0.0 119.0 12282.0 
218.00488558979578 0.025641025641025685 110.0 229.0 0.0 119.0 12282.0 
220.00488558979578 0.025641025641025685 110.0 229.0 0.0 119.0 12282.0 
222.00488558979578 0.025641025641025685 111.0 230.0 0.0 121.0 12487.0 
224.00488558979578 0.025641025641025685 109.0 230.0 0.0 121.0 12487.0 
226.00488558979578 0.025641025641025685 109.0 231.0 0.0 122.0 12590.0 
228.00488558979578 0.025641025641025685 107.0 233.0 0.0 126.0 13001.0 
230.00488558979578 0.025641025641025685 108.0 234.0 0.0 126.0 13001.0 
232.00488558979578 0.025641025641025685 108.0 235.0 0.0 127.0 13103.0 
234.00488558979578 0.025641025641025685 109.0 237.0 0.0 129.0 13307.0 
236.00488558979578 0.025641025641025685 108.0 237.0 0.0 130.0 13409.0 
238.00488558979578 0.025641025641025685 107.0 237.0 0.0 131.0 13512.0 
240.00488558979578 0.025641025641025685 105.0 239.0 0.0 132.0 13615.0 
242.00488558979578 0.025641025641025685 106.0 240.0 0.0 137.0 14128.0 
244.00488558979578 0.025641025641025685 102.0 240.0 0.0 138.0 14230.0 
246.00488558979578 0.025641025641025685 102.0 240.0 0.0 139.0 14332.0 
248.00488558979578 0.025641025641025685 100.0 242.0 0.0 144.0 14846.0 
250.00488558979578 0.025641025641025685 97.0 242.0 0.0 145.0 14948.0 
252.00488558979578 0.025641025641025685 95.0 244.0 0.0 152.0 15679.0 
254.00488558979578 0.02542372881355935 92.0 247.0 0.0 155.0 16136.0 
256.0048855897958 0.025210084033613488 86.0 248.0 0.0 161.0 16882.0 
258.0048855897958 0.02500000000000004 88.0 249.0 0.0 162.0 17114.0 
260.0048855897958 0.02500000000000004 88.0 253.0 0.0 164.0 17318.0 
262.0048855897958 0.02500000000000004 88.0 255.0 0.0 166.0 17524.0 
264.0048855897958 0.024793388429752056 88.0 257.0 0.0 173.0 18338.0 
266.0048855897958 0.024793388429752056 82.0 257.0 0.0 177.0 18747.0 
268.0048855897958 0.024793388429752056 80.0 258.0 0.0 181.0 19157.0 
270.0048855897958 0.024793388429752056 76.0 260.0 0.0 186.0 19668.0 
272.0048855897958 0.024793388429752056 72.0 260.0 0.0 190.0 20079.0 
274.0048855897958 0.024793388429752056 71.0 261.0 0.0 192.0 20283.0 
276.0048855897958 0.024793388429752056 69.0 262.0 1.0 193.0 20398.0 
278.0048855897958 0.024793388429752056 68.0 263.0 1.0 193.0 20398.0 
280.0048855897958 0.024793388429752056 69.0 264.0 1.0 194.0 20501.0 
282.0048855897958 0.02459016393442622 72.0 267.0 1.0 195.0 20768.0 
284.0048855897958 0.02459016393442622 73.0 271.0 1.0 197.0 20972.0 
286.0048855897958 0.02459016393442622 74.0 273.0 1.0 200.0 21280.0 
288.0048855897958 0.02459016393442622 71.0 273.0 1.0 202.0 21486.0 
290.0048855897958 0.02459016393442622 73.0 276.0 1.0 202.0 21486.0 
292.0048855897958 0.02459016393442622 77.0 281.0 1.0 202.0 21486.0 
294.0048855897958 0.02459016393442622 77.0 283.0 1.0 206.0 21896.0 
296.0048855897958 0.02459016393442622 78.0 287.0 1.0 207.0 21998.0 
298.0048855897958 0.02459016393442622 79.0 287.0 1.0 207.0 21998.0 
300.0048855897958 0.02459016393442622 79.0 287.0 1.0 208.0 22101.0 
302.0048855897958 0.02459016393442622 78.0 289.0 1.0 210.0 22307.0 
304.0048855897958 0.02459016393442622 79.0 291.0 1.0 212.0 22512.0 
306.0048855897958 0.02459016393442622 79.0 294.0 1.0 216.0 22922.0 
308.0048855897958 0.02459016393442622 80.0 298.0 1.0 216.0 22922.0 
310.0048855897958 0.02459016393442622 83.0 301.0 1.0 216.0 22922.0 
312.0048855897958 0.02459016393442622 86.0 304.0 1.0 217.0 23025.0 
314.0048855897958 0.02459016393442622 86.0 304.0 1.0 217.0 23025.0 
316.00385119639003 0.02459016393442622 86.0 309.0 2.0 219.0 23243.0 
318.0016540567445 0.02459016393442622 88.0 310.0 2.0 219.0 23243.0 
320.0048855897958 0.02459016393442622 89.0 313.0 2.0 222.0 23550.0 
322.0048855897958 0.02459016393442622 92.0 316.0 2.0 222.0 23550.0 
324.0048855897958 0.02459016393442622 92.0 316.0 2.0 223.0 23652.0 
326.0048855897958 0.02459016393442622 93.0 319.0 2.0 223.0 23652.0 
328.0048855897958 0.02459016393442622 95.0 322.0 2.0 224.0 23754.0 
330.0048855897958 0.02459016393442622 99.0 326.0 2.0 224.0 23754.0 
332.0048855897958 0.02459016393442622 97.0 326.0 2.0 227.0 24062.0 
334.0048855897958 0.02459016393442622 97.0 326.0 2.0 227.0 24062.0 
336.0048855897958 0.02459016393442622 96.0 327.0 2.0 229.0 24267.0 
338.0048855897958 0.02459016393442622 95.0 327.0 2.0 230.0 24370.0 
340.0048855897958 0.02459016393442622 97.0 330.0 2.0 230.0 24370.0 
342.0048855897958 0.02459016393442622 99.0 332.0 2.0 230.0 24370.0 
344.0048855897958 0.02459016393442622 99.0 333.0 2.0 232.0 24576.0 
346.0048855897958 0.02459016393442622 99.0 334.0 2.0 233.0 24679.0 
348.0048855897958 0.02459016393442622 101.0 336.0 2.0 233.0 24679.0 
350.0048855897958 0.02459016393442622 102.0 338.0 2.0 234.0 24782.0 
352.0048855897958 0.02459016393442622 103.0 341.0 2.0 235.0 24885.0 
354.0048855897958 0.024390243902439004 103.0 342.0 2.0 237.0 25261.0 
356.0048855897958 0.024390243902439004 102.0 343.0 2.0 239.0 25467.0 
358.0048855897958 0.024390243902439004 100.0 343.0 2.0 241.0 25673.0 
360.0048855897958 0.024390243902439004 100.0 344.0 2.0 242.0 25776.0 
362.0048855897958 0.024390243902439004 98.0 344.0 3.0 245.0 26094.0 
364.0048855897958 0.024390243902439004 94.0 345.0 3.0 247.0 26299.0 
366.0048855897958 0.024390243902439004 95.0 346.0 3.0 249.0 26504.0 
368.0048855897958 0.024390243902439004 96.0 349.0 3.0 249.0 26504.0 
370.0048855897958 0.024390243902439004 98.0 350.0 3.0 250.0 26607.0 
372.0048855897958 0.024390243902439004 97.0 351.0 3.0 252.0 26811.0 
374.0048855897958 0.024390243902439004 100.0 355.0 3.0 254.0 27208.0 
376.0048855897958 0.024390243902439004 99.0 356.0 3.0 255.0 27310.0 
378.0048855897958 0.024390243902439004 98.0 358.0 3.0 256.0 27412.0 
380.0048855897958 0.024390243902439004 99.0 359.0 3.0 257.0 27534.0 
382.0048855897958 0.024390243902439004 98.0 359.0 3.0 259.0 27740.0 
384.0048855897958 0.024390243902439004 100.0 362.0 3.0 262.0 28048.0 
386.0048855897958 0.024390243902439004 98.0 364.0 3.0 264.0 28252.0 
388.0048855897958 0.024390243902439004 96.0 365.0 3.0 267.0 28560.0 
390.0048855897958 0.024390243902439004 96.0 366.0 3.0 267.0 28560.0 
392.0048855897958 0.024390243902439004 96.0 368.0 3.0 270.0 28867.0 
394.0048855897958 0.024390243902439004 94.0 369.0 3.0 273.0 29175.0 
396.0048855897958 0.024390243902439004 91.0 369.0 3.0 276.0 29483.0 
398.0048855897958 0.024390243902439004 89.0 370.0 3.0 279.0 29790.0 
400.0048855897958 0.024390243902439004 87.0 370.0 3.0 280.0 29893.0 
402.0048855897958 0.024390243902439004 88.0 372.0 3.0 280.0 29893.0 
404.0048855897958 0.024390243902439004 90.0 374.0 3.0 282.0 30098.0 
406.0048855897958 0.024390243902439004 89.0 374.0 3.0 283.0 30200.0 
408.0048855897958 0.024390243902439004 87.0 374.0 3.0 285.0 30404.0 
410.0048855897958 0.024390243902439004 84.0 374.0 3.0 289.0 30813.0 
412.0048855897958 0.024390243902439004 82.0 376.0 3.0 291.0 31018.0 
414.0048855897958 0.024390243902439004 83.0 380.0 3.0 294.0 31325.0 
416.0048855897958 0.024390243902439004 83.0 381.0 3.0 295.0 31428.0 
418.0048855897958 0.024390243902439004 84.0 382.0 3.0 297.0 31633.0 
420.0048855897958 0.024390243902439004 81.0 383.0 3.0 299.0 31839.0 
422.0048855897958 0.024390243902439004 81.0 386.0 3.0 301.0 32044.0 
424.0024756727631 0.024390243902439004 83.0 389.0 3.0 305.0 32454.0 
426.0048855897958 0.024390243902439004 81.0 389.0 3.0 305.0 32454.0 
428.00266544673195 0.024390243902439004 83.0 392.0 3.0 307.0 32658.0 
430.0048855897958 0.02419354838709675 80.0 394.0 3.0 311.0 33345.0 
432.0048855897958 0.02419354838709675 81.0 398.0 3.0 315.0 33754.0 
434.0048855897958 0.02419354838709675 80.0 399.0 3.0 317.0 33972.0 
436.0048855897958 0.02419354838709675 80.0 401.0 3.0 317.0 33972.0 
438.0048855897958 0.02419354838709675 82.0 404.0 3.0 318.0 34074.0 
440.0048855897958 0.02419354838709675 83.0 404.0 3.0 318.0 34074.0 
442.0048855897958 0.02419354838709675 83.0 404.0 3.0 320.0 34279.0 
444.0048855897958 0.02419354838709675 80.0 405.0 3.0 322.0 34484.0 
446.0048855897958 0.02419354838709675 82.0 409.0 3.0 324.0 34689.0 
448.0048855897958 0.02419354838709675 81.0 409.0 3.0 325.0 34791.0 
450.0048855897958 0.02419354838709675 82.0 410.0 3.0 326.0 34894.0 
452.0048855897958 0.02419354838709675 84.0 413.0 3.0 327.0 34997.0 
454.0048855897958 0.02419354838709675 83.0 415.0 3.0 329.0 35201.0 
456.0048855897958 0.02419354838709675 82.0 416.0 3.0 330.0 35304.0 
458.0048855897958 0.02419354838709675 85.0 420.0 3.0 331.0 35407.0 
460.0048855897958 0.02419354838709675 85.0 421.0 3.0 332.0 35510.0 
462.0048855897958 0.02419354838709675 89.0 425.0 3.0 333.0 35612.0 
464.0048855897958 0.02419354838709675 91.0 427.0 3.0 333.0 35612.0 
466.0048855897958 0.02419354838709675 91.0 427.0 3.0 333.0 35612.0 
468.0011544312466 0.02419354838709675 90.0 429.0 3.0 336.0 36123.0 
470.0048855897958 0.02419354838709675 92.0 431.0 3.0 338.0 36329.0 
472.0048855897958 0.02419354838709675 92.0 434.0 3.0 340.0 36535.0 
474.0048855897958 0.02419354838709675 91.0 436.0 3.0 341.0 36637.0 
476.0048855897958 0.02419354838709675 93.0 438.0 3.0 345.0 37046.0 
478.0048855897958 0.02419354838709675 89.0 438.0 3.0 346.0 37148.0 
480.0048855897958 0.02419354838709675 89.0 438.0 3.0 347.0 37251.0 
482.0048855897958 0.02419354838709675 87.0 440.0 3.0 349.0 37456.0 
484.0048855897958 0.02419354838709675 89.0 441.0 3.0 349.0 37456.0 
486.00153439446325 0.02419354838709675 90.0 444.0 3.0 351.0 37660.0 
488.0048855897958 0.02419354838709675 93.0 448.0 3.0 352.0 37762.0 
490.0048855897958 0.02419354838709675 92.0 449.0 3.0 354.0 37967.0 
492.0048855897958 0.02419354838709675 95.0 453.0 3.0 355.0 38070.0 
494.0048855897958 0.02419354838709675 96.0 455.0 3.0 356.0 38173.0 
496.0048855897958 0.02419354838709675 97.0 456.0 3.0 357.0 38378.0 
498.0048855897958 0.02419354838709675 96.0 457.0 3.0 358.0 38481.0 
500.0048855897958 0.02419354838709675 97.0 458.0 3.0 358.0 38481.0 
502.0048855897958 0.02419354838709675 97.0 459.0 3.0 359.0 38584.0 
504.0048855897958 0.02419354838709675 97.0 460.0 3.0 360.0 38686.0 
506.0048855897958 0.02419354838709675 98.0 462.0 3.0 361.0 38788.0 
508.0048855897958 0.02419354838709675 99.0 464.0 3.0 362.0 38891.0 
510.0048855897958 0.02419354838709675 101.0 466.0 3.0 362.0 38891.0 
512.0048855897958 0.02419354838709675 102.0 468.0 3.0 362.0 38891.0 
514.0048855897958 0.02419354838709675 103.0 469.0 3.0 363.0 38994.0 
516.0048855897958 0.02419354838709675 101.0 470.0 3.0 368.0 39604.0 
518.0021720292843 0.02419354838709675 99.0 471.0 3.0 370.0 39810.0 
520.0048855897958 0.02419354838709675 98.0 471.0 3.0 371.0 39912.0 
522.0048855897958 0.02419354838709675 97.0 472.0 3.0 372.0 40014.0 
524.0048855897958 0.02419354838709675 97.0 473.0 3.0 374.0 40218.0 
526.0048855897958 0.02419354838709675 95.0 475.0 3.0 378.0 40628.0 
528.0048855897958 0.02419354838709675 95.0 476.0 3.0 378.0 40628.0 
530.0048855897958 0.02419354838709675 96.0 477.0 3.0 381.0 40935.0 
532.0048855897958 0.02419354838709675 94.0 478.0 3.0 382.0 41038.0 
534.0048855897958 0.02419354838709675 92.0 480.0 3.0 387.0 41552.0 
536.0048855897958 0.02419354838709675 92.0 482.0 3.0 388.0 41655.0 
538.0048855897958 0.02419354838709675 89.0 483.0 3.0 391.0 42356.0 
540.0048855897958 0.02419354838709675 89.0 484.0 3.0 394.0 42663.0 
542.0048855897958 0.02419354838709675 86.0 484.0 3.0 395.0 42766.0 
544.0048855897958 0.02419354838709675 88.0 486.0 3.0 395.0 42766.0 
546.0048855897958 0.02419354838709675 88.0 487.0 3.0 396.0 42868.0 
548.0048855897958 0.02419354838709675 89.0 490.0 3.0 399.0 43175.0 
550.0048855897958 0.02419354838709675 87.0 490.0 3.0 400.0 43278.0 
552.0048855897958 0.02419354838709675 88.0 493.0 3.0 401.0 43380.0 
554.0048855897958 0.02419354838709675 88.0 495.0 3.0 404.0 43688.0 
556.0048855897958 0.02419354838709675 89.0 497.0 3.0 405.0 43790.0 
558.0048855897958 0.02419354838709675 90.0 498.0 3.0 405.0 43790.0 
560.0048855897958 0.02419354838709675 90.0 499.0 3.0 409.0 44200.0 
562.0001064523664 0.02419354838709675 87.0 500.0 3.0 410.0 44303.0 
564.0048855897958 0.02419354838709675 84.0 501.0 3.0 415.0 44815.0 
566.0048855897958 0.02419354838709675 84.0 503.0 3.0 417.0 45100.0 
568.0048855897958 0.02419354838709675 88.0 508.0 3.0 417.0 45100.0 
570.0048855897958 0.02419354838709675 88.0 509.0 3.0 419.0 45319.0 
572.0048855897958 0.02419354838709675 86.0 509.0 3.0 421.0 45524.0 
574.0048855897958 0.02419354838709675 85.0 509.0 3.0 424.0 45832.0 
576.0048855897958 0.02419354838709675 84.0 511.0 3.0 425.0 45934.0 
578.0048855897958 0.02419354838709675 83.0 512.0 3.0 427.0 46139.0 
580.0048855897958 0.02419354838709675 80.0 512.0 3.0 429.0 46353.0 
582.0048855897958 0.02419354838709675 80.0 512.0 3.0 429.0 46353.0 
584.0048855897958 0.02419354838709675 82.0 515.0 3.0 430.0 46456.0 
586.0048855897958 0.02419354838709675 81.0 516.0 3.0 433.0 46845.0 
588.0048855897958 0.03225806451612906 82.0 519.0 3.0 436.0 47153.0 
590.0048855897958 0.03225806451612906 78.0 519.0 3.0 439.0 47459.0 
592.0048855897958 0.03225806451612906 77.0 521.0 3.0 440.0 47562.0 
594.0048855897958 0.03225806451612906 79.0 526.0 3.0 444.0 47972.0 
596.0048855897958 0.03225806451612906 78.0 526.0 3.0 446.0 48177.0 
598.0048855897958 0.03225806451612906 77.0 528.0 3.0 448.0 48382.0 
600.0048855897958 0.03225806451612906 82.0 533.0 3.0 449.0 48485.0 
602.0048855897958 0.03225806451612906 82.0 535.0 3.0 450.0 48587.0 
604.0048855897958 0.03225806451612906 85.0 538.0 3.0 451.0 48689.0 
606.0048855897958 0.03225806451612906 85.0 539.0 3.0 451.0 48689.0 
608.0048855897958 0.03225806451612906 86.0 541.0 3.0 453.0 48895.0 
610.0048855897958 0.03225806451612906 85.0 544.0 3.0 456.0 49203.0 
612.0048855897958 0.03225806451612906 85.0 546.0 3.0 458.0 49408.0 
614.0048855897958 0.03225806451612906 86.0 548.0 3.0 459.0 49511.0 
616.0048855897958 0.03225806451612906 86.0 549.0 3.0 460.0 49614.0 
618.0048855897958 0.03225806451612906 87.0 552.0 3.0 462.0 49819.0 
620.0048855897958 0.03225806451612906 86.0 552.0 3.0 463.0 49921.0 
622.0048855897958 0.03225806451612906 87.0 553.0 3.0 463.0 49921.0 
624.0048855897958 0.03225806451612906 88.0 555.0 3.0 463.0 49921.0 
626.0048855897958 0.03225806451612906 91.0 558.0 3.0 465.0 50126.0 
628.0048855897958 0.03225806451612906 91.0 560.0 3.0 467.0 50330.0 
630.0048855897958 0.03225806451612906 90.0 561.0 3.0 468.0 50432.0 
632.0048855897958 0.03225806451612906 91.0 564.0 3.0 469.0 50534.0 
634.0048855897958 0.03225806451612906 92.0 565.0 3.0 470.0 50636.0 
636.0048855897958 0.03225806451612906 94.0 567.0 3.0 471.0 50738.0 
638.0048855897958 0.03225806451612906 91.0 567.0 3.0 474.0 51045.0 
640.0048855897958 0.03225806451612906 90.0 568.0 3.0 475.0 51147.0 
642.0048855897958 0.03225806451612906 90.0 568.0 3.0 476.0 51249.0 
644.0048855897958 0.03225806451612906 89.0 569.0 3.0 476.0 51249.0 
646.0048855897958 0.03225806451612906 89.0 569.0 3.0 478.0 51453.0 
648.0048855897958 0.03225806451612906 89.0 571.0 3.0 479.0 51555.0 
650.0048855897958 0.03225806451612906 90.0 572.0 3.0 482.0 51862.0 
652.0048855897958 0.03225806451612906 87.0 573.0 3.0 482.0 51862.0 
654.0048855897958 0.03225806451612906 87.0 573.0 3.0 484.0 52066.0 
656.0048855897958 0.03225806451612906 85.0 574.0 3.0 485.0 52169.0 
658.0048855897958 0.03225806451612906 83.0 574.0 3.0 489.0 52579.0 
660.0048855897958 0.03225806451612906 83.0 575.0 3.0 490.0 52681.0 
662.0048855897958 0.03225806451612906 82.0 576.0 3.0 491.0 52784.0 
664.0048855897958 0.03225806451612906 86.0 580.0 3.0 492.0 52887.0 
666.0045816666044 0.03225806451612906 85.0 580.0 3.0 492.0 52887.0 
668.0048855897958 0.03225806451612906 85.0 580.0 3.0 493.0 52990.0 
670.0048855897958 0.03225806451612906 83.0 581.0 3.0 498.0 53502.0 
672.0048855897958 0.03225806451612906 80.0 581.0 3.0 499.0 53604.0 
674.0048855897958 0.03225806451612906 79.0 582.0 3.0 499.0 53604.0 
676.0048855897958 0.03225806451612906 82.0 584.0 3.0 499.0 53604.0 
678.0048855897958 0.03225806451612906 84.0 586.0 3.0 501.0 53808.0 
680.0048855897958 0.03225806451612906 83.0 587.0 3.0 502.0 53910.0 
682.0048855897958 0.03225806451612906 85.0 590.0 3.0 502.0 53910.0 
684.0048855897958 0.03225806451612906 88.0 593.0 3.0 502.0 53910.0 
686.0048855897958 0.03225806451612906 89.0 595.0 3.0 504.0 54114.0 
688.0048855897958 0.03225806451612906 87.0 595.0 3.0 506.0 54320.0 
690.0048855897958 0.03225806451612906 86.0 595.0 3.0 509.0 54628.0 
692.0048855897958 0.03225806451612906 86.0 600.0 3.0 509.0 54628.0 
694.0048855897958 0.03225806451612906 88.0 601.0 3.0 510.0 54730.0 
696.0048855897958 0.03225806451612906 89.0 605.0 3.0 515.0 55242.0 
698.0048855897958 0.03225806451612906 89.0 608.0 3.0 516.0 55345.0 
700.0048855897958 0.03225806451612906 89.0 609.0 3.0 518.0 55550.0 
702.0048855897958 0.03225806451612906 88.0 612.0 3.0 524.0 56200.0 
704.0048855897958 0.03225806451612906 85.0 613.0 3.0 525.0 56302.0 
706.0048855897958 0.03225806451612906 87.0 616.0 3.0 526.0 56405.0 
708.0048855897958 0.03225806451612906 87.0 618.0 3.0 527.0 56508.0 
710.0048855897958 0.03225806451612906 89.0 619.0 3.0 529.0 56714.0 
712.0048855897958 0.03225806451612906 87.0 620.0 3.0 531.0 56918.0 
714.0048855897958 0.03225806451612906 87.0 623.0 3.0 533.0 57124.0 
716.0048855897958 0.03225806451612906 87.0 624.0 3.0 535.0 57330.0 
718.0048855897958 0.03225806451612906 86.0 626.0 4.0 538.0 57662.0 
720.0048855897958 0.03225806451612906 85.0 628.0 4.0 539.0 57764.0 
722.0048855897958 0.03225806451612906 85.0 629.0 4.0 540.0 57867.0 
724.0048855897958 0.03225806451612906 85.0 630.0 4.0 541.0 57969.0 
726.0048855897958 0.03225806451612906 86.0 632.0 4.0 542.0 58071.0 
728.0048855897958 0.03225806451612906 85.0 633.0 4.0 546.0 58481.0 
730.0048855897958 0.03225806451612906 86.0 637.0 4.0 548.0 58687.0 
732.0048855897958 0.03225806451612906 86.0 639.0 4.0 549.0 58789.0 
734.0048855897958 0.03225806451612906 85.0 640.0 4.0 551.0 58994.0 
736.0048855897958 0.03225806451612906 85.0 641.0 4.0 552.0 59097.0 
738.0048855897958 0.03225806451612906 82.0 641.0 4.0 555.0 59404.0 
740.0048855897958 0.03199999999999997 83.0 642.0 4.0 556.0 60134.0 
742.0048855897958 0.03199999999999997 81.0 642.0 4.0 557.0 60236.0 
744.0048855897958 0.03199999999999997 81.0 644.0 4.0 557.0 60236.0 
746.0048855897958 0.03199999999999997 85.0 646.0 4.0 557.0 60236.0 
748.0048855897958 0.03199999999999997 88.0 650.0 4.0 558.0 60339.0 
750.0048855897958 0.03199999999999997 92.0 655.0 4.0 560.0 60544.0 
752.0048855897958 0.03199999999999997 90.0 656.0 4.0 561.0 60646.0 
754.0048855897958 0.03199999999999997 92.0 658.0 4.0 561.0 60646.0 
756.0048855897958 0.03199999999999997 94.0 660.0 4.0 562.0 60749.0 
758.0048855897958 0.03199999999999997 95.0 661.0 4.0 562.0 60749.0 
760.0048855897958 0.03199999999999997 95.0 663.0 4.0 563.0 60852.0 
762.0048855897958 0.03199999999999997 98.0 666.0 4.0 564.0 60954.0 
764.0048855897958 0.03199999999999997 99.0 669.0 4.0 565.0 61056.0 
766.0048855897958 0.03199999999999997 99.0 671.0 4.0 568.0 61363.0 
768.0048855897958 0.03199999999999997 98.0 672.0 4.0 569.0 61782.0 
770.0048855897958 0.03199999999999997 102.0 675.0 4.0 569.0 61782.0 
772.0048855897958 0.03199999999999997 101.0 676.0 4.0 570.0 61885.0 
774.0048855897958 0.03199999999999997 102.0 676.0 4.0 571.0 62042.0 
776.0048855897958 0.03199999999999997 101.0 677.0 4.0 571.0 62042.0 
778.0048855897958 0.03199999999999997 101.0 678.0 4.0 574.0 62349.0 
780.0048855897958 0.03199999999999997 100.0 678.0 4.0 576.0 62553.0 
782.0048855897958 0.03199999999999997 98.0 680.0 4.0 577.0 62655.0 
784.0048855897958 0.03199999999999997 97.0 680.0 4.0 580.0 62961.0 
786.0048855897958 0.03199999999999997 95.0 681.0 4.0 583.0 63268.0 
788.0048855897958 0.03199999999999997 93.0 681.0 4.0 585.0 63473.0 
790.0048855897958 0.03199999999999997 95.0 684.0 4.0 585.0 63473.0 
792.0048855897958 0.03199999999999997 95.0 684.0 4.0 585.0 63473.0 
794.0048855897958 0.03199999999999997 96.0 685.0 4.0 588.0 63781.0 
796.0048855897958 0.03199999999999997 91.0 685.0 4.0 591.0 64089.0 
798.0048855897958 0.03199999999999997 88.0 686.0 4.0 595.0 64497.0 
800.0048855897958 0.03199999999999997 86.0 688.0 4.0 598.0 64803.0 
802.0048855897958 0.03199999999999997 87.0 689.0 4.0 599.0 64906.0 
804.0048855897958 0.03199999999999997 86.0 690.0 4.0 600.0 65009.0 
806.0048855897958 0.03199999999999997 85.0 690.0 4.0 602.0 65214.0 
808.0048855897958 0.03199999999999997 87.0 693.0 4.0 604.0 65418.0 
810.0048855897958 0.03199999999999997 86.0 694.0 4.0 604.0 65418.0 
812.0048855897958 0.03199999999999997 84.0 696.0 4.0 607.0 65726.0 
814.0048855897958 0.03199999999999997 85.0 697.0 4.0 608.0 65828.0 
816.0048855897958 0.03199999999999997 86.0 699.0 4.0 610.0 66032.0 
818.0048855897958 0.03199999999999997 85.0 701.0 4.0 612.0 66237.0 
820.0048855897958 0.03199999999999997 84.0 701.0 4.0 614.0 66442.0 
822.0048855897958 0.03199999999999997 83.0 702.0 4.0 615.0 66544.0 
824.0048855897958 0.03199999999999997 82.0 703.0 4.0 617.0 66749.0 
826.0048855897958 0.03199999999999997 84.0 705.0 4.0 618.0 66852.0 
828.0048855897958 0.03199999999999997 84.0 707.0 4.0 620.0 67056.0 
830.0048855897958 0.03199999999999997 86.0 711.0 4.0 621.0 67158.0 
832.0048855897958 0.03199999999999997 85.0 712.0 4.0 624.0 67465.0 
834.0048855897958 0.03199999999999997 83.0 714.0 4.0 627.0 67773.0 
836.0048855897958 0.03199999999999997 83.0 715.0 4.0 627.0 67773.0 
838.0048855897958 0.03199999999999997 84.0 716.0 4.0 628.0 67875.0 
840.0048855897958 0.03199999999999997 84.0 716.0 4.0 628.0 67875.0 
842.0048855897958 0.03199999999999997 84.0 716.0 4.0 629.0 67978.0 
844.0048855897958 0.03199999999999997 83.0 716.0 4.0 629.0 67978.0 
846.0048855897958 0.03199999999999997 86.0 719.0 4.0 629.0 67978.0 
848.0048855897958 0.03199999999999997 83.0 720.0 4.0 633.0 68388.0 
850.0048855897958 0.03199999999999997 85.0 724.0 4.0 637.0 68797.0 
852.0048855897958 0.03199999999999997 80.0 724.0 4.0 641.0 69206.0 
854.0048855897958 0.03199999999999997 80.0 727.0 4.0 642.0 69309.0 
856.0048855897958 0.03199999999999997 80.0 728.0 4.0 644.0 69514.0 
858.0048855897958 0.03199999999999997 80.0 732.0 5.0 647.0 69833.0 
860.0048855897958 0.03199999999999997 80.0 733.0 5.0 648.0 69935.0 
862.0048855897958 0.03199999999999997 84.0 740.0 5.0 649.0 70037.0 
864.0048855897958 0.03199999999999997 85.0 740.0 5.0 652.0 70345.0 
866.0048855897958 0.03199999999999997 85.0 743.0 5.0 654.0 70551.0 
868.0048855897958 0.03199999999999997 83.0 743.0 5.0 657.0 70961.0 
870.0048855897958 0.03199999999999997 80.0 743.0 5.0 658.0 71064.0 
872.0048855897958 0.03199999999999997 79.0 744.0 5.0 662.0 71475.0 
874.0048855897958 0.03199999999999997 79.0 747.0 5.0 662.0 71475.0 
876.0048855897958 0.03199999999999997 82.0 750.0 5.0 663.0 71578.0 
878.0048855897958 0.03199999999999997 84.0 753.0 5.0 663.0 71578.0 
880.0048855897958 0.03199999999999997 86.0 756.0 5.0 665.0 71784.0 
882.0048855897958 0.03199999999999997 88.0 760.0 5.0 665.0 71784.0 
884.0048855897958 0.03199999999999997 92.0 762.0 5.0 665.0 71784.0 
886.0048855897958 0.03199999999999997 91.0 763.0 5.0 667.0 71990.0 
888.0048855897958 0.03199999999999997 94.0 766.0 5.0 667.0 71990.0 
890.0048855897958 0.03199999999999997 94.0 767.0 5.0 668.0 72093.0 
892.0048855897958 0.03199999999999997 93.0 769.0 5.0 671.0 72401.0 
894.0048855897958 0.03199999999999997 95.0 771.0 5.0 671.0 72401.0 
896.0048855897958 0.03199999999999997 95.0 772.0 5.0 672.0 72504.0 
898.0048855897958 0.03199999999999997 95.0 772.0 5.0 672.0 72504.0 
900.0048855897958 0.03199999999999997 95.0 773.0 5.0 672.0 72504.0 
#####################################################################
# End of data export. Simulation finished at: 2020-01-14T22:11+0000 #
#####################################################################
