#####################################################################
# Alchemist log file - simulation started at: 2020-02-18T19:41+0000 #
#####################################################################
# seed = 74.0, taskFrequency = 0.1, cloudcost = 2.0, algorithm = false
#
# The columns have the following meaning: 
# time taskHops[Mean] hasTask[Sum] tasks[Sum] completedTasks[Sum] giveupTasks[Sum] taskLatency[Sum] 
0.0 NaN 0.0 0.0 0.0 0.0 0.0 
2.0120315528542485 NaN 18.0 25.0 0.0 0.0 0.0 
4.012031552854248 NaN 34.0 36.0 0.0 0.0 0.0 
6.012031552854248 NaN 46.0 46.0 0.0 0.0 0.0 
8.0033863490752 NaN 60.0 67.0 0.0 0.0 0.0 
10.012031552854248 NaN 79.0 83.0 0.0 0.0 0.0 
12.012031552854248 NaN 90.0 92.0 0.0 0.0 0.0 
14.012031552854248 NaN 97.0 99.0 0.0 0.0 0.0 
16.012031552854246 NaN 103.0 106.0 0.0 0.0 0.0 
18.012031552854246 NaN 110.0 111.0 0.0 0.0 0.0 
20.012031552854246 NaN 114.0 114.0 0.0 0.0 0.0 
22.012031552854246 NaN 116.0 116.0 0.0 0.0 0.0 
24.012031552854246 NaN 119.0 119.0 0.0 0.0 0.0 
26.012031552854246 NaN 121.0 121.0 0.0 0.0 0.0 
28.012031552854246 NaN 123.0 123.0 0.0 0.0 0.0 
30.012031552854246 NaN 123.0 123.0 0.0 0.0 0.0 
32.012031552854246 NaN 123.0 123.0 0.0 0.0 0.0 
34.012031552854246 NaN 123.0 123.0 0.0 0.0 0.0 
36.012031552854246 NaN 123.0 123.0 0.0 0.0 0.0 
38.012031552854246 NaN 123.0 123.0 0.0 0.0 0.0 
40.012031552854246 NaN 124.0 124.0 0.0 0.0 0.0 
42.012031552854246 NaN 125.0 125.0 0.0 0.0 0.0 
44.012031552854246 NaN 125.0 125.0 0.0 0.0 0.0 
46.012031552854246 NaN 125.0 125.0 0.0 0.0 0.0 
48.012031552854246 NaN 125.0 125.0 0.0 0.0 0.0 
50.012031552854246 NaN 125.0 125.0 0.0 0.0 0.0 
52.012031552854246 NaN 125.0 125.0 0.0 0.0 0.0 
54.006296479397875 NaN 125.0 125.0 0.0 0.0 0.0 
56.012031552854246 NaN 125.0 125.0 0.0 0.0 0.0 
58.012031552854246 NaN 125.0 125.0 0.0 0.0 0.0 
60.012031552854246 NaN 125.0 125.0 0.0 0.0 0.0 
62.012031552854246 NaN 125.0 125.0 0.0 0.0 0.0 
64.01203155285424 NaN 125.0 125.0 0.0 0.0 0.0 
66.01203155285424 NaN 125.0 125.0 0.0 0.0 0.0 
68.01203155285424 NaN 125.0 125.0 0.0 0.0 0.0 
70.01203155285424 NaN 125.0 125.0 0.0 0.0 0.0 
72.01203155285424 NaN 125.0 125.0 0.0 0.0 0.0 
74.01203155285424 NaN 125.0 125.0 0.0 0.0 0.0 
76.01203155285424 NaN 125.0 125.0 0.0 0.0 0.0 
78.01203155285424 NaN 125.0 125.0 0.0 0.0 0.0 
80.01203155285424 NaN 125.0 125.0 0.0 0.0 0.0 
82.01203155285424 NaN 125.0 125.0 0.0 0.0 0.0 
84.01203155285424 NaN 125.0 125.0 0.0 0.0 0.0 
86.01203155285424 NaN 125.0 125.0 0.0 0.0 0.0 
88.00413974404 NaN 125.0 125.0 0.0 0.0 0.0 
90.01203155285424 NaN 125.0 125.0 0.0 0.0 0.0 
92.01203155285424 NaN 125.0 125.0 0.0 0.0 0.0 
94.00448940449597 NaN 125.0 125.0 0.0 0.0 0.0 
96.01203155285424 NaN 125.0 125.0 0.0 0.0 0.0 
98.01203155285424 NaN 125.0 125.0 0.0 0.0 0.0 
100.01203155285424 NaN 125.0 125.0 0.0 0.0 0.0 
102.01203155285424 NaN 125.0 125.0 0.0 0.0 0.0 
104.00165828786278 2.0 122.0 125.0 0.0 12.0 1230.0 
106.01203155285424 2.0 103.0 125.0 0.0 28.0 2874.0 
108.0106384319177 2.024390243902439 92.0 125.0 0.0 41.0 4209.0 
110.01203155285424 2.017543859649123 82.0 129.0 0.0 57.0 5866.0 
112.01203155285424 2.0526315789473686 60.0 131.0 0.0 77.0 7821.0 
114.01203155285424 2.058139534883721 52.0 136.0 0.0 87.0 8855.0 
116.01203155285424 2.0543478260869565 54.0 144.0 0.0 93.0 9471.0 
118.0095433011812 2.0510204081632653 52.0 150.0 0.0 99.0 10087.0 
120.01203155285424 2.048076923076923 57.0 158.0 0.0 105.0 10702.0 
122.01203155285424 2.0462962962962963 59.0 167.0 0.0 109.0 11113.0 
124.01203155285424 2.0454545454545454 62.0 175.0 0.0 111.0 11317.0 
126.01203155285424 2.044642857142857 70.0 184.0 0.0 113.0 11521.0 
128.01203155285424 2.043859649122807 74.0 187.0 0.0 115.0 11726.0 
130.01203155285424 2.043103448275862 74.0 192.0 0.0 117.0 11932.0 
132.01203155285424 2.043103448275862 76.0 193.0 0.0 117.0 11932.0 
134.01203155285424 2.043103448275862 79.0 198.0 0.0 117.0 11932.0 
136.01203155285424 2.043103448275862 86.0 203.0 0.0 117.0 11932.0 
138.01203155285424 2.043103448275862 88.0 205.0 0.0 117.0 11932.0 
140.01203155285424 2.043103448275862 92.0 210.0 0.0 117.0 11932.0 
142.01203155285424 2.0427350427350426 99.0 216.0 0.0 118.0 12035.0 
144.01203155285424 2.042372881355932 100.0 220.0 0.0 119.0 12137.0 
146.01203155285424 2.042372881355932 104.0 225.0 0.0 119.0 12137.0 
148.01203155285424 2.042372881355932 109.0 229.0 0.0 119.0 12137.0 
150.01203155285424 2.042372881355932 112.0 232.0 0.0 119.0 12137.0 
152.01203155285424 2.042372881355932 114.0 234.0 0.0 119.0 12137.0 
154.01203155285424 2.042372881355932 115.0 234.0 0.0 119.0 12137.0 
156.01203155285424 2.042372881355932 116.0 235.0 0.0 119.0 12137.0 
158.01203155285424 2.042372881355932 117.0 236.0 0.0 119.0 12137.0 
160.01203155285424 2.042372881355932 117.0 236.0 0.0 119.0 12137.0 
162.01203155285424 2.042372881355932 117.0 237.0 0.0 119.0 12137.0 
164.01203155285424 2.042372881355932 118.0 238.0 0.0 119.0 12137.0 
166.01203155285424 2.042372881355932 119.0 238.0 0.0 119.0 12137.0 
168.01203155285424 2.042372881355932 121.0 241.0 0.0 119.0 12137.0 
170.01203155285424 2.042372881355932 123.0 242.0 0.0 119.0 12137.0 
172.01052336237888 2.042372881355932 124.0 244.0 0.0 119.0 12137.0 
174.01203155285424 2.042372881355932 125.0 244.0 0.0 119.0 12137.0 
176.01203155285424 2.042372881355932 125.0 244.0 0.0 119.0 12137.0 
178.01203155285424 2.042372881355932 125.0 244.0 0.0 119.0 12137.0 
180.01203155285424 2.042372881355932 125.0 244.0 0.0 119.0 12137.0 
182.01203155285424 2.042372881355932 125.0 244.0 0.0 119.0 12137.0 
184.01203155285424 2.042372881355932 125.0 244.0 0.0 119.0 12137.0 
186.01203155285424 2.042372881355932 125.0 244.0 0.0 119.0 12137.0 
188.01203155285424 2.042372881355932 125.0 244.0 0.0 119.0 12137.0 
190.01203155285424 2.042372881355932 125.0 244.0 0.0 119.0 12137.0 
192.0076769850312 2.042372881355932 125.0 244.0 0.0 119.0 12137.0 
194.01203155285424 2.042372881355932 125.0 244.0 0.0 119.0 12137.0 
196.01203155285424 2.042372881355932 125.0 244.0 0.0 119.0 12137.0 
198.01203155285424 2.042372881355932 125.0 244.0 0.0 119.0 12137.0 
200.01203155285424 2.042372881355932 125.0 244.0 0.0 119.0 12137.0 
202.0075142585001 2.042372881355932 125.0 244.0 0.0 119.0 12137.0 
204.01203155285424 2.042372881355932 125.0 244.0 0.0 119.0 12137.0 
206.00706686557814 2.042372881355932 125.0 244.0 0.0 119.0 12137.0 
208.01203155285424 2.042372881355932 125.0 244.0 0.0 119.0 12137.0 
210.01203155285424 2.042372881355932 125.0 244.0 0.0 119.0 12137.0 
212.01203155285424 2.093220338983051 125.0 244.0 0.0 122.0 12443.0 
214.01203155285424 2.1271186440677967 122.0 244.0 0.0 124.0 12647.0 
216.01203155285424 2.1779661016949152 119.0 244.0 0.0 127.0 12955.0 
218.01203155285424 2.2916666666666665 110.0 245.0 0.0 136.0 14086.0 
220.01169343171043 2.3388429752066116 110.0 246.0 0.0 140.0 14597.0 
222.01203155285424 2.487603305785124 106.0 250.0 0.0 149.0 15520.0 
224.01203155285424 2.598360655737705 98.0 251.0 0.0 157.0 16437.0 
226.01203155285424 2.707317073170732 93.0 254.0 0.0 165.0 17375.0 
228.01203155285424 2.902439024390244 85.0 258.0 0.0 177.0 18612.0 
230.01203155285424 2.9674796747967482 81.0 260.0 0.0 181.0 19021.0 
232.01203155285424 3.0 81.0 262.0 0.0 183.0 19225.0 
234.01203155285424 3.048780487804878 80.0 267.0 0.0 186.0 19533.0 
236.01203155285424 3.097560975609756 84.0 270.0 0.0 189.0 19842.0 
238.01203155285424 3.1951219512195124 83.0 277.0 0.0 195.0 20457.0 
240.01203155285424 3.227642276422764 87.0 285.0 0.0 197.0 20661.0 
242.01203155285424 3.292682926829268 88.0 286.0 0.0 201.0 21070.0 
244.01203155285424 3.4146341463414633 85.0 291.0 0.0 208.0 21791.0 
246.01203155285424 3.4634146341463414 83.0 294.0 0.0 211.0 22099.0 
248.01203155285424 3.5284552845528454 83.0 297.0 0.0 215.0 22509.0 
250.01203155285424 3.6097560975609757 81.0 302.0 0.0 220.0 23022.0 
252.01203155285424 3.658536585365854 81.0 302.0 0.0 223.0 23329.0 
254.01203155285424 3.6910569105691056 79.0 306.0 0.0 225.0 23534.0 
256.01203155285424 3.707317073170732 85.0 314.0 0.0 226.0 23637.0 
258.01203155285424 3.7235772357723578 89.0 317.0 0.0 227.0 23739.0 
260.01203155285424 3.739837398373983 96.0 325.0 0.0 228.0 23842.0 
262.01203155285424 3.739837398373983 100.0 330.0 0.0 228.0 23842.0 
264.01203155285424 3.739837398373983 103.0 332.0 0.0 228.0 23842.0 
266.01203155285424 3.7560975609756095 105.0 334.0 0.0 229.0 23945.0 
268.01203155285424 3.7723577235772354 110.0 341.0 0.0 230.0 24048.0 
270.01203155285424 3.8048780487804876 112.0 343.0 0.0 232.0 24252.0 
272.01203155285424 3.8373983739837394 109.0 343.0 0.0 234.0 24457.0 
274.01203155285424 3.8536585365853657 110.0 344.0 0.0 235.0 24560.0 
276.01203155285424 3.8699186991869916 109.0 345.0 0.0 236.0 24662.0 
278.01203155285424 3.8699186991869916 110.0 347.0 0.0 236.0 24662.0 
280.0028132780008 3.8699186991869916 113.0 349.0 0.0 236.0 24662.0 
282.01203155285424 3.8699186991869916 113.0 352.0 0.0 236.0 24662.0 
284.01203155285424 3.8699186991869916 117.0 353.0 0.0 236.0 24662.0 
286.01203155285424 3.8699186991869916 118.0 354.0 0.0 236.0 24662.0 
288.01203155285424 3.8699186991869916 119.0 355.0 0.0 236.0 24662.0 
290.01203155285424 3.8699186991869916 120.0 356.0 0.0 236.0 24662.0 
292.01203155285424 3.8699186991869916 120.0 356.0 0.0 236.0 24662.0 
294.01203155285424 3.8699186991869916 120.0 357.0 0.0 236.0 24662.0 
296.01203155285424 3.8699186991869916 121.0 357.0 0.0 236.0 24662.0 
298.0090537933716 3.8699186991869916 122.0 358.0 0.0 236.0 24662.0 
300.01203155285424 3.8699186991869916 123.0 359.0 0.0 236.0 24662.0 
302.01203155285424 3.8699186991869916 123.0 359.0 0.0 236.0 24662.0 
304.01203155285424 3.8699186991869916 123.0 359.0 0.0 236.0 24662.0 
306.0060548993845 3.8699186991869916 124.0 360.0 0.0 236.0 24662.0 
308.01203155285424 3.8699186991869916 124.0 360.0 0.0 236.0 24662.0 
310.01203155285424 3.8699186991869916 124.0 360.0 0.0 236.0 24662.0 
312.01203155285424 3.8699186991869916 124.0 361.0 0.0 236.0 24662.0 
314.01203155285424 3.8699186991869916 125.0 361.0 0.0 236.0 24662.0 
316.01203155285424 3.8699186991869916 125.0 361.0 0.0 236.0 24662.0 
318.01203155285424 3.8699186991869916 125.0 361.0 0.0 236.0 24662.0 
320.01203155285424 3.8699186991869916 125.0 361.0 0.0 236.0 24662.0 
322.01203155285424 3.902439024390244 124.0 361.0 0.0 238.0 24868.0 
324.01203155285424 3.951219512195122 122.0 361.0 0.0 241.0 25255.0 
326.01203155285424 4.0 118.0 361.0 0.0 244.0 25564.0 
328.01203155285424 4.032258064516129 116.0 361.0 0.0 248.0 26192.0 
330.01203155285424 4.080645161290322 112.0 361.0 0.0 251.0 26602.0 
332.01203155285424 4.161290322580646 109.0 362.0 0.0 256.0 27214.0 
334.01203155285424 4.193548387096774 105.0 363.0 0.0 258.0 27418.0 
336.01203155285424 4.258064516129032 109.0 367.0 0.0 262.0 27829.0 
338.01203155285424 4.32258064516129 102.0 368.0 0.0 266.0 28238.0 
340.01203155285424 4.419354838709678 101.0 370.0 0.0 272.0 28850.0 
342.01203155285424 4.532258064516129 99.0 372.0 0.0 279.0 29565.0 
344.01203155285424 4.564516129032258 94.0 375.0 0.0 281.0 29770.0 
346.01203155285424 4.629032258064516 92.0 376.0 0.0 285.0 30179.0 
348.01203155285424 4.645161290322581 89.0 377.0 1.0 286.0 30293.0 
350.01203155285424 4.709677419354838 89.0 378.0 1.0 290.0 30704.0 
352.01203155285424 4.741935483870968 88.0 380.0 1.0 292.0 30909.0 
354.01203155285424 4.806451612903226 88.0 386.0 1.0 296.0 31321.0 
356.01203155285424 4.816000000000001 91.0 390.0 1.0 299.0 31871.0 
358.01203155285424 4.936 89.0 396.0 1.0 306.0 32590.0 
360.01203155285424 5.016 90.0 400.0 1.0 311.0 33104.0 
362.01203155285424 5.144 87.0 402.0 1.0 319.0 33939.0 
364.01203155285424 5.224 81.0 409.0 1.0 324.0 34451.0 
366.01203155285424 5.272 85.0 413.0 1.0 327.0 34760.0 
368.01203155285424 5.32 84.0 414.0 1.0 330.0 35068.0 
370.01203155285424 5.416 85.0 418.0 1.0 336.0 35682.0 
372.01203155285424 5.48 83.0 422.0 1.0 340.0 36249.0 
374.01203155285424 5.48 87.0 428.0 1.0 340.0 36249.0 
376.0107783044944 5.4959999999999996 91.0 434.0 1.0 341.0 36351.0 
378.01203155285424 5.512 93.0 435.0 1.0 342.0 36453.0 
380.01203155285424 5.544 95.0 439.0 1.0 344.0 36697.0 
382.01203155285424 5.5920000000000005 97.0 444.0 1.0 347.0 37006.0 
384.01203155285424 5.5920000000000005 100.0 449.0 1.0 347.0 37006.0 
386.01203155285424 5.672 103.0 454.0 1.0 352.0 37418.0 
388.01203155285424 5.688000000000001 103.0 459.0 1.0 353.0 37520.0 
390.01203155285424 5.704 105.0 459.0 1.0 354.0 37622.0 
392.01203155285424 5.720000000000001 104.0 459.0 1.0 355.0 37725.0 
394.00379552440467 5.720000000000001 104.0 461.0 1.0 355.0 37725.0 
396.00910294706955 5.720000000000001 110.0 467.0 1.0 355.0 37725.0 
398.01203155285424 5.736 110.0 467.0 1.0 356.0 37828.0 
400.01203155285424 5.752000000000001 111.0 469.0 1.0 357.0 37930.0 
402.01203155285424 5.768 113.0 471.0 1.0 358.0 38032.0 
404.01203155285424 5.768 112.0 472.0 1.0 358.0 38032.0 
406.01203155285424 5.768 114.0 474.0 1.0 358.0 38032.0 
408.0001483511619 5.784000000000001 116.0 476.0 1.0 359.0 38134.0 
410.01203155285424 5.784000000000001 116.0 477.0 1.0 359.0 38134.0 
412.01203155285424 5.784000000000001 118.0 478.0 1.0 359.0 38134.0 
414.01203155285424 5.784000000000001 118.0 478.0 1.0 359.0 38134.0 
416.01203155285424 5.8 118.0 479.0 1.0 360.0 38237.0 
418.01203155285424 5.8 118.0 479.0 1.0 360.0 38237.0 
420.01203155285424 5.8 120.0 481.0 1.0 360.0 38237.0 
422.01203155285424 5.8 120.0 481.0 1.0 360.0 38237.0 
424.01203155285424 5.8 120.0 481.0 1.0 360.0 38237.0 
426.01203155285424 5.8 120.0 481.0 1.0 360.0 38237.0 
428.01203155285424 5.8 120.0 482.0 1.0 360.0 38237.0 
430.01203155285424 5.8 122.0 483.0 1.0 360.0 38237.0 
432.01203155285424 5.8 122.0 483.0 1.0 360.0 38237.0 
434.01203155285424 5.816000000000001 122.0 484.0 1.0 361.0 38339.0 
436.01203155285424 5.816000000000001 122.0 484.0 1.0 361.0 38339.0 
438.01203155285424 5.880000000000001 120.0 484.0 1.0 365.0 38750.0 
440.01203155285424 5.880000000000001 118.0 485.0 1.0 365.0 38750.0 
442.01203155285424 5.927999999999999 117.0 485.0 1.0 368.0 39057.0 
444.01203155285424 5.959999999999999 116.0 485.0 1.0 370.0 39261.0 
446.01203155285424 6.008000000000001 114.0 487.0 1.0 373.0 39569.0 
448.01203155285424 6.008000000000001 114.0 488.0 1.0 373.0 39569.0 
450.01203155285424 6.023999999999999 113.0 488.0 1.0 374.0 39672.0 
452.0081830434212 6.040000000000001 112.0 488.0 1.0 375.0 39774.0 
454.01203155285424 6.072000000000001 113.0 489.0 1.0 377.0 39979.0 
456.01203155285424 6.136000000000001 108.0 489.0 1.0 381.0 40388.0 
458.01203155285424 6.215999999999999 104.0 490.0 1.0 386.0 40900.0 
460.01203155285424 6.264 105.0 493.0 1.0 389.0 41208.0 
462.01203155285424 6.36 98.0 493.0 1.0 395.0 41823.0 
464.01203155285424 6.392 98.0 495.0 1.0 397.0 42029.0 
466.0076832603313 6.4719999999999995 100.0 500.0 1.0 402.0 42440.0 
468.01203155285424 6.5680000000000005 95.0 505.0 1.0 408.0 43056.0 
470.01203155285424 6.616 97.0 509.0 1.0 411.0 43377.0 
472.01203155285424 6.696000000000001 97.0 512.0 1.0 416.0 43909.0 
474.01203155285424 6.776 94.0 514.0 1.0 421.0 44675.0 
476.01203155285424 6.872 93.0 519.0 1.0 427.0 45289.0 
478.00373332075714 6.952000000000001 91.0 521.0 1.0 432.0 45801.0 
480.01203155285424 6.983999999999999 90.0 526.0 1.0 434.0 46006.0 
482.01203155285424 7.032 95.0 530.0 1.0 437.0 46314.0 
484.01203155285424 7.096 91.0 532.0 1.0 441.0 46723.0 
486.01203155285424 7.175999999999999 90.0 536.0 1.0 446.0 47234.0 
488.0010083999491 7.264 86.0 540.0 1.0 451.0 47746.0 
490.01203155285424 7.311999999999999 92.0 545.0 1.0 454.0 48054.0 
492.01203155285424 7.343999999999999 90.0 547.0 1.0 456.0 48260.0 
494.01203155285424 7.343999999999999 96.0 553.0 1.0 456.0 48260.0 
496.01203155285424 7.36 95.0 554.0 1.0 457.0 48362.0 
498.01203155285424 7.4399999999999995 94.0 555.0 1.0 462.0 48873.0 
500.01203155285424 7.4399999999999995 93.0 560.0 1.0 462.0 48873.0 
502.01203155285424 7.4719999999999995 97.0 562.0 1.0 464.0 49078.0 
504.0029557826032 7.5040000000000004 99.0 566.0 1.0 466.0 49282.0 
506.01203155285424 7.52 101.0 568.0 1.0 467.0 49673.0 
508.01203155285424 7.552 100.0 569.0 1.0 469.0 49879.0 
510.01203155285424 7.6 98.0 571.0 1.0 472.0 50186.0 
512.0120315528543 7.6 100.0 574.0 1.0 472.0 50186.0 
514.0120315528543 7.632000000000001 101.0 578.0 1.0 474.0 50391.0 
516.0120315528543 7.632000000000001 107.0 582.0 1.0 474.0 50391.0 
518.0120315528543 7.648 107.0 584.0 1.0 475.0 50493.0 
520.0019701534245 7.648 112.0 589.0 1.0 475.0 50493.0 
522.0087218251701 7.68 113.0 590.0 1.0 477.0 50697.0 
524.0120315528543 7.68 114.0 592.0 1.0 477.0 50697.0 
526.0120315528543 7.68 117.0 595.0 1.0 477.0 50697.0 
528.0120315528543 7.68 118.0 598.0 1.0 477.0 50697.0 
530.0120315528543 7.68 120.0 598.0 1.0 477.0 50697.0 
532.0120315528543 7.712 119.0 598.0 1.0 479.0 50903.0 
534.0120315528543 7.712 118.0 598.0 1.0 479.0 50903.0 
536.0120315528543 7.712 119.0 599.0 1.0 479.0 50903.0 
538.0120315528543 7.728 119.0 600.0 1.0 480.0 51006.0 
540.0004039738449 7.728 119.0 601.0 1.0 480.0 51006.0 
542.0120315528543 7.728 120.0 601.0 1.0 480.0 51006.0 
544.0120315528543 7.744 120.0 602.0 1.0 481.0 51109.0 
546.0120315528543 7.744 120.0 602.0 1.0 481.0 51109.0 
548.0105326780152 7.744 120.0 602.0 1.0 481.0 51109.0 
550.0120315528543 7.776 118.0 602.0 1.0 483.0 51314.0 
552.0081009115372 7.776 118.0 602.0 1.0 483.0 51314.0 
554.0120315528543 7.776 120.0 604.0 1.0 483.0 51314.0 
556.0109665453181 7.791999999999999 119.0 604.0 2.0 484.0 51429.0 
558.0120315528543 7.791999999999999 118.0 604.0 2.0 484.0 51429.0 
560.0120315528543 7.808 120.0 606.0 2.0 485.0 51532.0 
562.0076114475386 7.84 119.0 606.0 2.0 487.0 51737.0 
564.0120315528543 7.872 116.0 607.0 2.0 489.0 52043.0 
566.0120315528543 7.888000000000001 118.0 609.0 2.0 490.0 52146.0 
568.0120315528543 7.936 118.0 611.0 2.0 493.0 52453.0 
570.0120315528543 8.0 114.0 611.0 2.0 497.0 52863.0 
572.0120315528543 8.096 108.0 611.0 2.0 503.0 53477.0 
574.0120315528543 8.144 107.0 615.0 2.0 506.0 53783.0 
576.0027186406836 8.16 107.0 616.0 2.0 507.0 53885.0 
578.0104523378541 8.239999999999998 106.0 618.0 2.0 512.0 54428.0 
580.0120315528543 8.288 104.0 621.0 2.0 515.0 54736.0 
582.0120315528543 8.336 105.0 624.0 2.0 518.0 55043.0 
584.0120315528543 8.431999999999999 102.0 625.0 2.0 524.0 55658.0 
586.0120315528543 8.448 101.0 628.0 2.0 525.0 55760.0 
588.0120315528543 8.495999999999999 101.0 633.0 2.0 528.0 56067.0 
590.0120315528543 8.528 105.0 636.0 2.0 530.0 56273.0 
592.0120315528543 8.672 98.0 636.0 2.0 539.0 57288.0 
594.0120315528543 8.72 97.0 638.0 2.0 542.0 57621.0 
596.0120315528543 8.8 93.0 640.0 2.0 547.0 58133.0 
598.0120315528543 8.8 93.0 642.0 2.0 547.0 58133.0 
600.0120315528543 8.832 94.0 645.0 2.0 549.0 58343.0 
602.0120315528543 8.864 97.0 651.0 2.0 551.0 58549.0 
604.0120315528543 8.943999999999999 96.0 655.0 2.0 556.0 59064.0 
606.0120315528543 9.04 94.0 656.0 2.0 562.0 59787.0 
608.0120315528543 9.072 94.0 659.0 2.0 564.0 59993.0 
610.0120315528543 9.088 96.0 662.0 3.0 565.0 60108.0 
612.0120315528543 9.088 95.0 663.0 3.0 565.0 60108.0 
614.0120315528543 9.120000000000001 94.0 664.0 3.0 567.0 60313.0 
616.0120315528543 9.168 93.0 668.0 3.0 570.0 60621.0 
618.0120315528543 9.264 96.0 673.0 3.0 576.0 61237.0 
620.0120315528543 9.28 97.0 677.0 3.0 577.0 61339.0 
622.0120315528543 9.36 97.0 678.0 3.0 582.0 61851.0 
624.0120315528543 9.392 94.0 681.0 3.0 584.0 62056.0 
626.0120315528543 9.424 94.0 683.0 3.0 586.0 62261.0 
628.0120315528543 9.456 95.0 686.0 3.0 588.0 62466.0 
630.0120315528543 9.472 96.0 688.0 4.0 589.0 62581.0 
632.0094459302284 9.504000000000001 96.0 692.0 4.0 591.0 62787.0 
634.0120315528543 9.504000000000001 98.0 694.0 4.0 591.0 62787.0 
636.0013895737791 9.504000000000001 101.0 696.0 4.0 591.0 62787.0 
638.0120315528543 9.52 104.0 701.0 4.0 592.0 62889.0 
640.0120315528543 9.536 105.0 702.0 4.0 593.0 62991.0 
642.002485996555 9.536 106.0 704.0 4.0 593.0 62991.0 
644.0120315528543 9.552 107.0 705.0 4.0 594.0 63094.0 
646.0120315528543 9.552 108.0 707.0 4.0 594.0 63094.0 
648.0120315528543 9.552 111.0 710.0 4.0 594.0 63094.0 
650.0006142363749 9.552 113.0 711.0 4.0 594.0 63094.0 
652.0120315528543 9.552 113.0 714.0 5.0 594.0 63105.0 
654.0120315528543 9.552 116.0 715.0 5.0 594.0 63105.0 
656.0120315528543 9.584 115.0 716.0 5.0 596.0 63309.0 
658.0120315528543 9.584 116.0 718.0 5.0 596.0 63309.0 
660.0120315528543 9.584 117.0 719.0 5.0 596.0 63309.0 
662.0120315528543 9.616 117.0 719.0 5.0 598.0 63513.0 
664.0120315528543 9.616 118.0 721.0 5.0 598.0 63513.0 
666.0120315528543 9.632000000000001 118.0 721.0 5.0 599.0 63615.0 
668.0120315528543 9.664 116.0 721.0 5.0 601.0 63820.0 
670.0120315528543 9.696000000000002 116.0 723.0 5.0 603.0 64025.0 
672.0077079291601 9.696000000000002 116.0 725.0 5.0 603.0 64025.0 
674.0120315528543 9.696000000000002 118.0 726.0 5.0 603.0 64025.0 
676.0120315528543 9.744 116.0 726.0 5.0 606.0 64331.0 
678.0120315528543 9.776 113.0 727.0 5.0 608.0 64536.0 
680.0120315528543 9.824000000000002 112.0 727.0 5.0 611.0 64941.0 
682.0120315528543 9.872 110.0 728.0 5.0 614.0 65248.0 
684.0120315528543 9.919999999999998 108.0 728.0 5.0 617.0 65554.0 
686.0120315528543 9.936 108.0 730.0 5.0 618.0 65656.0 
688.0120315528543 9.983999999999998 107.0 733.0 5.0 621.0 65963.0 
690.0120315528543 10.016000000000002 109.0 735.0 5.0 623.0 66168.0 
692.0120315528543 10.096 105.0 736.0 5.0 628.0 66681.0 
694.0119014080649 10.096 106.0 739.0 5.0 628.0 66681.0 
696.0120315528543 10.144000000000002 104.0 739.0 5.0 631.0 66992.0 
698.0120315528543 10.175999999999998 104.0 742.0 5.0 633.0 67197.0 
700.0120315528543 10.208 105.0 744.0 5.0 635.0 67621.0 
702.0120315528543 10.239999999999998 105.0 746.0 5.0 637.0 67826.0 
704.0120315528543 10.32 103.0 747.0 5.0 642.0 68339.0 
706.0120315528543 10.4 99.0 750.0 5.0 647.0 68929.0 
708.0120315528543 10.448 97.0 751.0 5.0 650.0 69238.0 
710.0120315528543 10.48 98.0 754.0 5.0 652.0 69443.0 
712.0120315528543 10.544 98.0 757.0 5.0 656.0 69854.0 
714.0120315528543 10.544 97.0 759.0 5.0 656.0 69854.0 
716.0120315528543 10.576 101.0 764.0 5.0 658.0 70185.0 
718.0051916990691 10.576 102.0 766.0 5.0 658.0 70185.0 
720.0120315528543 10.64 104.0 769.0 5.0 662.0 70596.0 
722.0120315528543 10.704 101.0 773.0 5.0 666.0 71005.0 
724.0120315528543 10.735999999999999 102.0 774.0 5.0 668.0 71211.0 
726.0120315528543 10.768 101.0 776.0 5.0 670.0 71416.0 
728.0120315528543 10.8 99.0 776.0 5.0 672.0 71621.0 
730.0120315528543 10.848 101.0 779.0 5.0 675.0 71942.0 
732.0120315528543 10.896 101.0 784.0 5.0 678.0 72250.0 
734.0120315528543 10.96 101.0 786.0 5.0 682.0 72661.0 
736.0120315528543 10.991999999999999 100.0 789.0 5.0 684.0 72866.0 
738.0120315528543 11.04 99.0 793.0 5.0 687.0 73174.0 
740.0120315528543 11.104 102.0 796.0 5.0 691.0 73585.0 
742.0120315528543 11.120000000000001 100.0 797.0 5.0 692.0 73688.0 
744.0046761542603 11.152 99.0 797.0 5.0 694.0 74023.0 
746.0120315528543 11.184000000000001 99.0 799.0 5.0 696.0 74228.0 
748.0120315528543 11.2 100.0 801.0 5.0 697.0 74331.0 
750.0120315528543 11.248000000000001 101.0 804.0 5.0 700.0 74639.0 
752.0120315528543 11.28 100.0 809.0 5.0 702.0 74844.0 
754.0120315528543 11.296 104.0 813.0 5.0 703.0 74947.0 
756.0058925893629 11.36 105.0 817.0 5.0 707.0 75395.0 
758.0120315528543 11.36 108.0 820.0 5.0 707.0 75395.0 
760.008766484211 11.392000000000001 109.0 822.0 5.0 709.0 75601.0 
762.0120315528543 11.408 107.0 822.0 5.0 710.0 75704.0 
764.0120315528543 11.424 107.0 825.0 5.0 711.0 75807.0 
766.0120315528543 11.456 110.0 827.0 5.0 713.0 76011.0 
768.0120315528543 11.472 110.0 830.0 5.0 714.0 76011.0 
770.0120315528543 11.472 113.0 833.0 5.0 714.0 76011.0 
772.0120315528543 11.488 114.0 834.0 5.0 715.0 76113.0 
774.0081406721795 11.520000000000001 113.0 834.0 5.0 717.0 76318.0 
776.0120315528543 11.536 113.0 835.0 5.0 718.0 76420.0 
778.0047462446449 11.536 112.0 836.0 5.0 718.0 76420.0 
780.0120315528543 11.536 116.0 839.0 5.0 718.0 76420.0 
782.0120315528543 11.568000000000001 114.0 839.0 5.0 720.0 76687.0 
784.0120315528543 11.584 115.0 840.0 5.0 721.0 76790.0 
786.0120315528543 11.584 114.0 840.0 5.0 721.0 76790.0 
788.0120315528543 11.616 114.0 841.0 5.0 723.0 76995.0 
790.0120315528543 11.632000000000001 115.0 845.0 5.0 724.0 77097.0 
792.0120315528543 11.696000000000002 114.0 845.0 5.0 728.0 77508.0 
794.0120315528543 11.696000000000002 115.0 849.0 5.0 728.0 77508.0 
796.0120315528543 11.744 113.0 850.0 5.0 731.0 77814.0 
798.0107826320941 11.744 114.0 850.0 5.0 731.0 77814.0 
800.0120315528543 11.776000000000002 113.0 850.0 5.0 733.0 78019.0 
802.0120315528543 11.808 113.0 852.0 5.0 735.0 78224.0 
804.0120315528543 11.84 115.0 856.0 5.0 737.0 78429.0 
806.0120315528543 11.855999999999998 115.0 857.0 5.0 738.0 78531.0 
808.0090465198605 11.872 115.0 859.0 5.0 739.0 78633.0 
810.010176288922 11.904 115.0 860.0 5.0 741.0 78838.0 
812.0120315528543 11.968 112.0 860.0 5.0 745.0 79345.0 
814.0120315528543 12.016000000000002 110.0 860.0 5.0 748.0 79652.0 
816.0120315528543 12.032 106.0 860.0 5.0 749.0 79754.0 
818.0120315528543 12.128 103.0 862.0 5.0 755.0 80368.0 
820.0120315528543 12.16 102.0 864.0 5.0 757.0 80616.0 
822.0120315528543 12.223999999999998 101.0 866.0 5.0 761.0 81027.0 
824.0120315528543 12.256 100.0 866.0 5.0 763.0 81232.0 
826.0120315528543 12.303999999999998 96.0 867.0 5.0 766.0 81540.0 
828.0120315528543 12.303999999999998 97.0 869.0 5.0 766.0 81540.0 
830.0120315528543 12.336 97.0 873.0 5.0 768.0 81746.0 
832.0120315528543 12.384 98.0 873.0 5.0 771.0 82052.0 
834.0120315528543 12.448 99.0 875.0 6.0 775.0 82475.0 
836.0120315528543 12.495999999999999 94.0 877.0 6.0 778.0 82784.0 
838.0027871083396 12.544 94.0 880.0 6.0 781.0 83092.0 
840.0120315528543 12.559999999999999 94.0 884.0 6.0 782.0 83194.0 
842.002111463532 12.64 95.0 887.0 6.0 787.0 83708.0 
844.0120315528543 12.672 95.0 891.0 6.0 789.0 83913.0 
846.0120315528543 12.672 99.0 894.0 6.0 789.0 83913.0 
848.0120315528543 12.704 101.0 898.0 6.0 791.0 84119.0 
850.0033661020525 12.751999999999999 99.0 898.0 6.0 794.0 84467.0 
852.0120315528543 12.8 102.0 902.0 6.0 797.0 84773.0 
854.0069902620392 12.848 99.0 904.0 6.0 800.0 85079.0 
856.0120315528543 12.912 96.0 907.0 6.0 804.0 85490.0 
858.0067614926753 12.976 96.0 909.0 6.0 808.0 85900.0 
860.0120315528543 13.024 97.0 913.0 6.0 811.0 86208.0 
862.0119950585143 13.056000000000001 98.0 916.0 6.0 813.0 86414.0 
864.0080377410784 13.056000000000001 98.0 917.0 6.0 813.0 86414.0 
866.0061009962961 13.072 100.0 920.0 6.0 814.0 86516.0 
868.0055359601652 13.136000000000001 100.0 925.0 6.0 818.0 86927.0 
870.0120315528543 13.152 102.0 928.0 6.0 819.0 87030.0 
872.0120315528543 13.2 101.0 931.0 6.0 822.0 87405.0 
874.0120315528543 13.232 103.0 934.0 6.0 824.0 87610.0 
876.0018242049019 13.232 105.0 936.0 6.0 824.0 87610.0 
878.0120315528543 13.248000000000001 109.0 940.0 6.0 825.0 87713.0 
880.0120315528543 13.248000000000001 111.0 942.0 6.0 825.0 87713.0 
882.0120315528543 13.312000000000001 110.0 944.0 6.0 829.0 88124.0 
884.0120315528543 13.312000000000001 110.0 945.0 6.0 829.0 88124.0 
886.0120315528543 13.328 111.0 949.0 6.0 830.0 88227.0 
888.0120315528543 13.328 113.0 949.0 6.0 830.0 88227.0 
890.0120315528543 13.344 115.0 951.0 6.0 831.0 88329.0 
892.0120315528543 13.376000000000001 115.0 952.0 6.0 833.0 88535.0 
894.0120315528543 13.392000000000001 112.0 952.0 6.0 834.0 88638.0 
896.0120315528543 13.440000000000001 113.0 954.0 6.0 837.0 88945.0 
898.0120315528543 13.472 109.0 954.0 6.0 839.0 89155.0 
900.0120315528543 13.488 110.0 956.0 6.0 840.0 89258.0 
#####################################################################
# End of data export. Simulation finished at: 2020-02-18T19:42+0000 #
#####################################################################
