#####################################################################
# Alchemist log file - simulation started at: 2020-02-13T07:01+0000 #
#####################################################################
# seed = 67.0, taskFrequency = 0.01778, cloudcost = 2.0, algorithm = false
#
# The columns have the following meaning: 
# time taskHops[Mean] hasTask[Sum] tasks[Sum] completedTasks[Sum] giveupTasks[Sum] taskLatency[Sum] 
0.0 NaN 0.0 0.0 0.0 0.0 0.0 
2.0012965763048935 NaN 6.0 6.0 0.0 0.0 0.0 
4.0012965763048935 NaN 7.0 8.0 0.0 0.0 0.0 
6.0012965763048935 NaN 11.0 12.0 0.0 0.0 0.0 
8.001296576304894 NaN 14.0 14.0 0.0 0.0 0.0 
10.001296576304894 NaN 17.0 17.0 0.0 0.0 0.0 
12.001296576304894 NaN 25.0 26.0 0.0 0.0 0.0 
14.001296576304894 NaN 28.0 29.0 0.0 0.0 0.0 
16.001296576304895 NaN 31.0 34.0 0.0 0.0 0.0 
18.001296576304895 NaN 36.0 36.0 0.0 0.0 0.0 
20.001296576304895 NaN 38.0 38.0 0.0 0.0 0.0 
22.001296576304895 NaN 41.0 41.0 0.0 0.0 0.0 
24.001296576304895 NaN 43.0 44.0 0.0 0.0 0.0 
26.001296576304895 NaN 46.0 47.0 0.0 0.0 0.0 
28.001296576304895 NaN 49.0 49.0 0.0 0.0 0.0 
30.001296576304895 NaN 52.0 52.0 0.0 0.0 0.0 
32.001296576304895 NaN 54.0 56.0 0.0 0.0 0.0 
34.001296576304895 NaN 59.0 59.0 0.0 0.0 0.0 
36.001296576304895 NaN 62.0 62.0 0.0 0.0 0.0 
38.001296576304895 NaN 64.0 64.0 0.0 0.0 0.0 
40.001296576304895 NaN 65.0 65.0 0.0 0.0 0.0 
42.001296576304895 NaN 66.0 66.0 0.0 0.0 0.0 
44.001296576304895 NaN 67.0 67.0 0.0 0.0 0.0 
46.001296576304895 NaN 69.0 69.0 0.0 0.0 0.0 
48.001296576304895 NaN 70.0 71.0 0.0 0.0 0.0 
50.001296576304895 NaN 71.0 71.0 0.0 0.0 0.0 
52.001296576304895 NaN 71.0 71.0 0.0 0.0 0.0 
54.001296576304895 NaN 72.0 72.0 0.0 0.0 0.0 
56.001296576304895 NaN 73.0 73.0 0.0 0.0 0.0 
58.001296576304895 NaN 76.0 76.0 0.0 0.0 0.0 
60.001296576304895 NaN 77.0 78.0 0.0 0.0 0.0 
62.001296576304895 NaN 80.0 82.0 0.0 0.0 0.0 
64.0012965763049 NaN 83.0 83.0 0.0 0.0 0.0 
66.0012965763049 NaN 84.0 84.0 0.0 0.0 0.0 
68.0012965763049 NaN 86.0 87.0 0.0 0.0 0.0 
70.0012965763049 NaN 87.0 87.0 0.0 0.0 0.0 
72.0012965763049 NaN 87.0 87.0 0.0 0.0 0.0 
74.0012965763049 NaN 88.0 89.0 0.0 0.0 0.0 
76.0012965763049 NaN 89.0 89.0 0.0 0.0 0.0 
78.0012965763049 NaN 92.0 92.0 0.0 0.0 0.0 
80.0012965763049 NaN 94.0 94.0 0.0 0.0 0.0 
82.0012965763049 NaN 95.0 95.0 0.0 0.0 0.0 
84.0012965763049 NaN 95.0 95.0 0.0 0.0 0.0 
86.0012965763049 NaN 95.0 96.0 0.0 0.0 0.0 
88.0012965763049 NaN 97.0 97.0 0.0 0.0 0.0 
90.0012965763049 NaN 97.0 97.0 0.0 0.0 0.0 
92.0012965763049 NaN 99.0 99.0 0.0 0.0 0.0 
94.0012965763049 NaN 101.0 101.0 0.0 0.0 0.0 
96.0012965763049 NaN 101.0 101.0 0.0 0.0 0.0 
98.0012965763049 NaN 101.0 102.0 0.0 0.0 0.0 
100.0012965763049 NaN 103.0 103.0 0.0 0.0 0.0 
102.0012965763049 NaN 104.0 104.0 0.0 0.0 0.0 
104.0012965763049 2.0 105.0 105.0 0.0 3.0 307.0 
106.0012965763049 2.0 102.0 105.0 0.0 3.0 307.0 
108.0012965763049 2.0 99.0 105.0 0.0 6.0 617.0 
110.0012965763049 2.0 99.0 106.0 0.0 7.0 719.0 
112.0012965763049 2.0 101.0 108.0 0.0 9.0 931.0 
114.0012965763049 2.142857142857143 98.0 111.0 0.0 15.0 1448.0 
116.0012965763049 2.0952380952380953 93.0 112.0 0.0 22.0 2190.0 
118.0012965763049 2.074074074074074 87.0 112.0 0.0 28.0 2815.0 
120.0012965763049 2.0625 81.0 114.0 0.0 33.0 3328.0 
122.0012965763049 2.0588235294117645 83.0 116.0 0.0 35.0 3533.0 
124.0012965763049 2.051282051282051 80.0 118.0 0.0 40.0 4065.0 
126.0012965763049 2.048780487804878 78.0 118.0 0.0 42.0 4293.0 
128.0012965763049 2.046511627906977 77.0 121.0 0.0 44.0 4498.0 
130.0012965763049 2.0444444444444443 78.0 122.0 0.0 46.0 4703.0 
132.0012965763049 2.0416666666666665 76.0 123.0 0.0 49.0 5012.0 
134.0012965763049 2.04 73.0 123.0 0.0 51.0 5217.0 
136.0012965763049 2.036363636363636 69.0 123.0 0.0 56.0 5730.0 
138.0012965763049 2.0350877192982457 66.0 123.0 0.0 58.0 5934.0 
140.0012965763049 2.033333333333333 64.0 125.0 0.0 61.0 6254.0 
142.0012965763049 2.0327868852459017 64.0 125.0 0.0 62.0 6357.0 
144.0012965763049 2.032258064516129 66.0 129.0 0.0 63.0 6459.0 
146.0012965763049 2.0317460317460316 67.0 130.0 0.0 64.0 6562.0 
148.0012965763049 2.0307692307692307 66.0 130.0 0.0 66.0 6768.0 
150.0012965763049 2.0303030303030303 64.0 130.0 0.0 67.0 6871.0 
152.0012965763049 2.029850746268657 63.0 131.0 0.0 68.0 6974.0 
154.0012965763049 2.029850746268657 63.0 131.0 0.0 68.0 6974.0 
156.0012965763049 2.0294117647058822 65.0 134.0 0.0 69.0 7076.0 
158.0012965763049 2.028985507246377 69.0 139.0 0.0 70.0 7178.0 
160.0012965763049 2.0277777777777777 68.0 139.0 0.0 73.0 7484.0 
162.0012965763049 2.0273972602739727 65.0 139.0 0.0 74.0 7586.0 
164.0012965763049 2.0259740259740258 63.0 139.0 0.0 78.0 8032.0 
166.0012965763049 2.025 59.0 139.0 0.0 81.0 8341.0 
168.0012965763049 2.0246913580246915 59.0 141.0 0.0 82.0 8443.0 
170.0012965763049 2.0240963855421685 57.0 141.0 0.0 84.0 8647.0 
172.0012965763049 2.0238095238095237 58.0 144.0 0.0 85.0 8750.0 
174.0012965763049 2.0238095238095237 61.0 146.0 0.0 85.0 8750.0 
176.0012965763049 2.023529411764706 60.0 146.0 0.0 86.0 8922.0 
178.0012965763049 2.0232558139534884 59.0 146.0 0.0 87.0 9025.0 
180.0012965763049 2.0224719101123596 60.0 147.0 0.0 90.0 9333.0 
182.0012965763049 2.021978021978022 58.0 148.0 0.0 92.0 9539.0 
184.0012965763049 2.0217391304347827 58.0 151.0 0.0 93.0 9641.0 
186.0012965763049 2.0217391304347827 58.0 152.0 0.0 93.0 9641.0 
188.0012965763049 2.0217391304347827 59.0 152.0 0.0 93.0 9641.0 
190.0012965763049 2.021276595744681 58.0 152.0 0.0 95.0 9846.0 
192.0012965763049 2.021276595744681 58.0 153.0 0.0 95.0 9846.0 
194.0012965763049 2.0208333333333335 59.0 156.0 0.0 97.0 10050.0 
196.0012965763049 2.020408163265306 58.0 157.0 0.0 99.0 10254.0 
198.0012965763049 2.020408163265306 60.0 159.0 0.0 99.0 10254.0 
200.0012965763049 2.020408163265306 61.0 160.0 0.0 99.0 10254.0 
202.0012965763049 2.0202020202020203 61.0 161.0 0.0 100.0 10356.0 
204.0012965763049 2.0202020202020203 63.0 164.0 0.0 100.0 10356.0 
206.0012965763049 2.02 65.0 166.0 0.0 101.0 10458.0 
208.0012965763049 2.02 67.0 168.0 0.0 101.0 10458.0 
210.0012965763049 2.02 69.0 170.0 0.0 101.0 10458.0 
212.0012965763049 2.02 69.0 170.0 0.0 101.0 10458.0 
214.0012965763049 2.0194174757281553 68.0 171.0 0.0 104.0 10765.0 
216.0012965763049 2.019047619047619 66.0 171.0 0.0 106.0 10970.0 
218.0012965763049 2.019047619047619 66.0 172.0 0.0 106.0 10970.0 
220.0012965763049 2.019047619047619 66.0 172.0 0.0 106.0 10970.0 
222.0012965763049 2.038095238095238 67.0 173.0 0.0 107.0 11073.0 
224.0012965763049 2.056603773584906 66.0 174.0 0.0 109.0 11278.0 
226.0012965763049 2.0754716981132075 69.0 179.0 0.0 110.0 11380.0 
228.0012965763049 2.074766355140187 68.0 179.0 0.0 111.0 11483.0 
230.0012965763049 2.090909090909091 68.0 183.0 0.0 115.0 11945.0 
232.0012965763049 2.109090909090909 69.0 184.0 0.0 116.0 12047.0 
234.0012965763049 2.1272727272727274 69.0 186.0 0.0 117.0 12149.0 
236.0012965763049 2.1272727272727274 70.0 187.0 0.0 117.0 12149.0 
238.0012965763049 2.1272727272727274 71.0 188.0 0.0 117.0 12149.0 
240.0012965763049 2.1272727272727274 71.0 188.0 0.0 117.0 12149.0 
242.0012965763049 2.1454545454545455 71.0 189.0 0.0 118.0 12251.0 
244.0012965763049 2.144144144144144 70.0 189.0 0.0 119.0 12354.0 
246.0012965763049 2.1946902654867255 68.0 190.0 0.0 124.0 12911.0 
248.0012965763049 2.2123893805309733 65.0 190.0 0.0 125.0 13013.0 
250.0012965763049 2.2123893805309733 66.0 191.0 0.0 125.0 13013.0 
252.0012965763049 2.2123893805309733 66.0 191.0 0.0 125.0 13013.0 
254.0012965763049 2.2123893805309733 70.0 196.0 0.0 125.0 13013.0 
256.00129657630487 2.2123893805309733 73.0 198.0 0.0 125.0 13013.0 
258.00129657630487 2.265486725663717 75.0 202.0 0.0 128.0 13320.0 
260.00129657630487 2.3157894736842106 75.0 203.0 0.0 132.0 13728.0 
262.00129657630487 2.3157894736842106 72.0 204.0 0.0 132.0 13728.0 
264.00129657630487 2.3157894736842106 72.0 204.0 0.0 132.0 13728.0 
266.00129657630487 2.3157894736842106 73.0 206.0 0.0 132.0 13728.0 
268.00129657630487 2.3157894736842106 75.0 207.0 0.0 132.0 13728.0 
270.00129657630487 2.3304347826086955 77.0 210.0 0.0 134.0 13933.0 
272.00129657630487 2.3304347826086955 76.0 210.0 0.0 134.0 13933.0 
274.00129657630487 2.365217391304348 76.0 212.0 0.0 136.0 14137.0 
276.00129657630487 2.4173913043478263 77.0 214.0 0.0 139.0 14446.0 
278.00129657630487 2.4173913043478263 77.0 216.0 0.0 139.0 14446.0 
280.00129657630487 2.4173913043478263 78.0 217.0 0.0 139.0 14446.0 
282.00129657630487 2.4347826086956523 79.0 218.0 0.0 140.0 14549.0 
284.00129657630487 2.4521739130434783 78.0 219.0 0.0 141.0 14651.0 
286.00129657630487 2.4869565217391303 77.0 219.0 0.0 143.0 14855.0 
288.00129657630487 2.5043478260869567 76.0 220.0 0.0 144.0 14958.0 
290.00129657630487 2.5217391304347827 77.0 222.0 0.0 145.0 15061.0 
292.00129657630487 2.5217391304347827 78.0 223.0 0.0 145.0 15061.0 
294.00129657630487 2.5391304347826087 77.0 223.0 0.0 146.0 15163.0 
296.00129657630487 2.573913043478261 77.0 223.0 0.0 148.0 15368.0 
298.00129657630487 2.591304347826087 76.0 225.0 0.0 149.0 15471.0 
300.00129657630487 2.626086956521739 75.0 225.0 0.0 151.0 15676.0 
302.00129657630487 2.637931034482759 73.0 225.0 0.0 153.0 15960.0 
304.00129657630487 2.6724137931034484 75.0 229.0 0.0 155.0 16170.0 
306.00129657630487 2.683760683760684 76.0 232.0 0.0 157.0 16375.0 
308.00129657630487 2.717948717948718 76.0 233.0 0.0 159.0 16580.0 
310.00129657630487 2.7288135593220337 74.0 234.0 0.0 161.0 16785.0 
312.00129657630487 2.7478991596638656 73.0 234.0 0.0 163.0 16990.0 
314.00129657630487 2.7478991596638656 71.0 234.0 0.0 163.0 16990.0 
316.00129657630487 2.764705882352941 72.0 235.0 0.0 164.0 17093.0 
318.00129657630487 2.764705882352941 71.0 235.0 0.0 164.0 17093.0 
320.00129657630487 2.7815126050420167 71.0 236.0 0.0 165.0 17195.0 
322.00129657630487 2.7815126050420167 71.0 238.0 0.0 165.0 17195.0 
324.00129657630487 2.7983193277310923 74.0 241.0 0.0 166.0 17297.0 
326.00129657630487 2.815126050420168 75.0 241.0 0.0 167.0 17400.0 
328.00129657630487 2.8823529411764706 72.0 241.0 0.0 171.0 17810.0 
330.00129657630487 2.899159663865546 70.0 242.0 0.0 172.0 17913.0 
332.00129657630487 2.958333333333333 71.0 244.0 0.0 177.0 18538.0 
334.00129657630487 2.975 67.0 245.0 0.0 178.0 18640.0 
336.00129657630487 2.9916666666666663 68.0 246.0 0.0 179.0 18742.0 
338.00129657630487 3.016528925619835 66.0 247.0 0.0 182.0 19183.0 
340.00129657630487 3.0330578512396693 66.0 248.0 0.0 183.0 19285.0 
342.00129657630487 3.0330578512396693 66.0 249.0 0.0 183.0 19285.0 
344.00129657630487 3.0330578512396693 68.0 251.0 0.0 183.0 19285.0 
346.00129657630487 3.049586776859504 67.0 252.0 0.0 184.0 19388.0 
348.00129657630487 3.049586776859504 69.0 253.0 0.0 184.0 19388.0 
350.00129657630487 3.0661157024793386 68.0 253.0 0.0 185.0 19491.0 
352.00129657630487 3.0826446280991733 68.0 254.0 0.0 186.0 19593.0 
354.00129657630487 3.0826446280991733 71.0 257.0 0.0 186.0 19593.0 
356.00129657630487 3.1229508196721314 71.0 259.0 0.0 190.0 20002.0 
358.00129657630487 3.1721311475409832 70.0 261.0 0.0 193.0 20310.0 
360.00129657630487 3.221311475409836 66.0 261.0 0.0 196.0 20617.0 
362.00129657630487 3.254098360655738 65.0 262.0 0.0 198.0 20823.0 
364.00129657630487 3.254098360655738 64.0 262.0 0.0 198.0 20823.0 
366.00129657630487 3.254098360655738 65.0 263.0 0.0 198.0 20823.0 
368.00129657630487 3.2704918032786887 65.0 264.0 0.0 199.0 20925.0 
370.00129657630487 3.303278688524591 64.0 267.0 0.0 201.0 21130.0 
372.00129657630487 3.3360655737704916 66.0 267.0 0.0 203.0 21334.0 
374.00129657630487 3.3360655737704916 65.0 268.0 0.0 203.0 21334.0 
376.00129657630487 3.3524590163934427 66.0 269.0 0.0 204.0 21437.0 
378.00129657630487 3.4016393442622954 63.0 269.0 0.0 207.0 21744.0 
380.00129657630487 3.434426229508196 63.0 271.0 0.0 209.0 21949.0 
382.00129657630487 3.4508196721311473 64.0 273.0 0.0 210.0 22052.0 
384.00129657630487 3.467213114754098 64.0 274.0 0.0 211.0 22155.0 
386.00129657630487 3.483606557377049 63.0 275.0 0.0 212.0 22257.0 
388.00129657630487 3.483606557377049 65.0 277.0 0.0 212.0 22257.0 
390.00129657630487 3.5 64.0 277.0 1.0 213.0 22370.0 
392.00129657630487 3.5491803278688527 61.0 279.0 1.0 216.0 22705.0 
394.00129657630487 3.5655737704918034 62.0 280.0 1.0 217.0 22807.0 
396.00129657630487 3.5655737704918034 64.0 284.0 1.0 217.0 22807.0 
398.00129657630487 3.5655737704918034 66.0 284.0 1.0 217.0 22807.0 
400.00129657630487 3.5983606557377046 65.0 284.0 1.0 219.0 23012.0 
402.00129657630487 3.5983606557377046 64.0 284.0 1.0 219.0 23012.0 
404.00129657630487 3.5983606557377046 65.0 286.0 1.0 219.0 23012.0 
406.00129657630487 3.617886178861789 65.0 286.0 1.0 222.0 23319.0 
408.00129657630487 3.666666666666667 65.0 289.0 1.0 225.0 23626.0 
410.00129657630487 3.6829268292682924 63.0 289.0 1.0 226.0 23729.0 
412.00129657630487 3.6854838709677415 62.0 290.0 1.0 228.0 24215.0 
414.00129657630487 3.6854838709677415 61.0 291.0 1.0 228.0 24215.0 
416.00129657630487 3.6854838709677415 63.0 292.0 1.0 228.0 24215.0 
418.00129657630487 3.7016129032258065 63.0 295.0 1.0 229.0 24317.0 
420.00129657630487 3.7016129032258065 66.0 297.0 1.0 229.0 24317.0 
422.00129657630487 3.7177419354838706 66.0 297.0 1.0 230.0 24419.0 
424.00129657630487 3.7177419354838706 68.0 300.0 1.0 230.0 24419.0 
426.00129657630487 3.7822580645161294 66.0 300.0 1.0 234.0 24830.0 
428.00129657630487 3.7983870967741935 65.0 301.0 1.0 235.0 24933.0 
430.00129657630487 3.7983870967741935 67.0 303.0 1.0 235.0 24933.0 
432.00129657630487 3.8145161290322585 67.0 304.0 1.0 236.0 25035.0 
434.00129657630487 3.8467741935483866 68.0 306.0 1.0 238.0 25239.0 
436.00129657630487 3.8467741935483866 68.0 308.0 1.0 238.0 25239.0 
438.00129657630487 3.895161290322581 69.0 308.0 1.0 241.0 25710.0 
440.00129657630487 3.895161290322581 66.0 308.0 1.0 241.0 25710.0 
442.00129657630487 3.9274193548387095 66.0 309.0 1.0 243.0 25915.0 
444.00129657630487 3.943548387096774 65.0 310.0 1.0 244.0 26017.0 
446.00129657630487 3.9758064516129026 66.0 311.0 1.0 246.0 26222.0 
448.00129657630487 3.9758064516129026 65.0 312.0 1.0 246.0 26222.0 
450.00129657630487 4.008064516129032 64.0 313.0 1.0 248.0 26428.0 
452.00129657630487 4.008064516129032 66.0 315.0 1.0 248.0 26428.0 
454.00129657630487 4.040322580645162 66.0 316.0 1.0 250.0 26650.0 
456.00129657630487 4.088709677419354 66.0 318.0 1.0 253.0 26956.0 
458.00129657630487 4.088709677419354 65.0 319.0 1.0 253.0 26956.0 
460.00129657630487 4.137096774193548 63.0 320.0 1.0 256.0 27263.0 
462.00129657630487 4.137096774193548 63.0 320.0 1.0 256.0 27263.0 
464.00129657630487 4.137096774193548 64.0 321.0 1.0 256.0 27263.0 
466.00129657630487 4.137096774193548 64.0 323.0 1.0 256.0 27263.0 
468.00129657630487 4.153225806451613 67.0 324.0 1.0 257.0 27365.0 
470.00129657630487 4.153225806451613 67.0 326.0 1.0 257.0 27365.0 
472.00129657630487 4.185483870967741 67.0 326.0 1.0 259.0 27570.0 
474.00129657630487 4.201612903225806 65.0 327.0 1.0 260.0 27673.0 
476.00129657630487 4.21774193548387 66.0 327.0 1.0 261.0 27776.0 
478.00129657630487 4.233870967741935 67.0 329.0 1.0 262.0 27879.0 
480.00129657630487 4.233870967741935 67.0 330.0 1.0 262.0 27879.0 
482.00129657630487 4.233870967741935 68.0 331.0 1.0 262.0 27879.0 
484.00129657630487 4.28225806451613 68.0 332.0 1.0 265.0 28188.0 
486.00129657630487 4.298387096774194 67.0 333.0 1.0 266.0 28291.0 
488.00129657630487 4.314516129032259 69.0 336.0 1.0 267.0 28394.0 
490.00129657630487 4.362903225806452 67.0 337.0 1.0 270.0 28936.0 
492.00129657630487 4.362903225806452 66.0 337.0 1.0 270.0 28936.0 
494.00129657630487 4.362903225806452 67.0 338.0 1.0 270.0 28936.0 
496.00129657630487 4.379032258064516 67.0 339.0 1.0 271.0 29039.0 
498.00129657630487 4.411290322580646 67.0 340.0 1.0 273.0 29244.0 
500.00129657630487 4.443548387096774 67.0 343.0 1.0 275.0 29450.0 
502.00129657630487 4.443548387096774 68.0 345.0 1.0 275.0 29450.0 
504.00129657630487 4.443548387096774 69.0 346.0 1.0 275.0 29450.0 
506.00129657630487 4.459677419354838 71.0 347.0 1.0 276.0 29553.0 
508.00129657630487 4.475806451612903 72.0 350.0 1.0 277.0 29656.0 
510.00129657630487 4.524193548387097 71.0 351.0 1.0 280.0 29963.0 
512.0012965763049 4.540322580645162 71.0 352.0 1.0 281.0 30120.0 
514.0012965763049 4.540322580645162 70.0 352.0 1.0 281.0 30120.0 
516.0012965763049 4.556451612903226 70.0 353.0 1.0 282.0 30223.0 
518.0012965763049 4.588709677419354 70.0 354.0 1.0 284.0 30428.0 
520.0012965763049 4.604838709677419 69.0 355.0 1.0 285.0 30530.0 
522.0012965763049 4.653225806451613 68.0 356.0 1.0 288.0 30839.0 
524.0012965763049 4.669354838709678 68.0 358.0 1.0 289.0 30942.0 
526.0012965763049 4.701612903225806 68.0 359.0 1.0 291.0 31146.0 
528.0012965763049 4.717741935483871 68.0 362.0 1.0 292.0 31249.0 
530.0012965763049 4.733870967741935 68.0 362.0 1.0 293.0 31351.0 
532.0012965763049 4.766129032258065 68.0 363.0 1.0 295.0 31556.0 
534.0012965763049 4.78225806451613 67.0 364.0 1.0 296.0 31658.0 
536.0012965763049 4.814516129032259 68.0 366.0 1.0 298.0 31862.0 
538.0012965763049 4.830645161290322 68.0 367.0 1.0 299.0 31964.0 
540.0012965763049 4.846774193548386 66.0 368.0 1.0 300.0 32067.0 
542.0012965763049 4.846774193548386 67.0 368.0 1.0 300.0 32067.0 
544.0012965763049 4.862903225806452 67.0 368.0 1.0 301.0 32169.0 
546.0012965763049 4.879032258064516 66.0 370.0 1.0 302.0 32271.0 
548.0012965763049 4.895161290322581 67.0 370.0 1.0 303.0 32373.0 
550.0012965763049 4.911290322580646 67.0 371.0 1.0 304.0 32475.0 
552.0012965763049 4.911290322580646 66.0 371.0 1.0 304.0 32475.0 
554.0012965763049 4.959677419354838 65.0 372.0 1.0 307.0 32783.0 
556.0012965763049 4.975806451612903 65.0 374.0 1.0 308.0 32885.0 
558.0012965763049 5.008064516129032 64.0 374.0 1.0 310.0 33090.0 
560.0012965763049 5.024193548387097 65.0 376.0 1.0 311.0 33192.0 
562.0012965763049 5.040322580645162 65.0 379.0 1.0 312.0 33384.0 
564.0012965763049 5.056451612903226 66.0 380.0 1.0 313.0 33487.0 
566.0012965763049 5.072580645161291 67.0 381.0 1.0 314.0 33589.0 
568.0012965763049 5.072580645161291 67.0 382.0 1.0 314.0 33589.0 
570.0012965763049 5.120967741935484 66.0 383.0 1.0 317.0 33897.0 
572.0012965763049 5.137096774193548 66.0 384.0 1.0 318.0 34000.0 
574.0012965763049 5.153225806451613 65.0 385.0 1.0 319.0 34103.0 
576.0012965763049 5.153225806451613 66.0 386.0 1.0 319.0 34103.0 
578.0012965763049 5.169354838709678 68.0 389.0 1.0 320.0 34206.0 
580.0012965763049 5.185483870967741 70.0 393.0 1.0 321.0 34308.0 
582.0012965763049 5.201612903225806 72.0 395.0 1.0 322.0 34410.0 
584.0012965763049 5.21774193548387 72.0 395.0 1.0 323.0 34513.0 
586.0012965763049 5.233870967741935 70.0 396.0 1.0 324.0 34615.0 
588.0012965763049 5.25 70.0 397.0 1.0 325.0 34717.0 
590.0012965763049 5.298387096774194 70.0 398.0 1.0 328.0 35024.0 
592.0012965763049 5.314516129032259 68.0 399.0 1.0 329.0 35126.0 
594.0012965763049 5.314516129032259 70.0 402.0 1.0 329.0 35126.0 
596.0012965763049 5.330645161290322 73.0 403.0 1.0 330.0 35228.0 
598.0012965763049 5.346774193548386 72.0 403.0 1.0 331.0 35331.0 
600.0012965763049 5.362903225806452 72.0 406.0 1.0 332.0 35434.0 
602.0012965763049 5.411290322580646 77.0 410.0 1.0 335.0 35740.0 
604.0012965763049 5.443548387096774 74.0 412.0 1.0 337.0 36054.0 
606.0012965763049 5.475806451612903 73.0 414.0 1.0 339.0 36494.0 
608.0012965763049 5.508064516129032 74.0 415.0 1.0 341.0 36699.0 
610.0012965763049 5.556451612903226 70.0 416.0 1.0 344.0 37005.0 
612.0012965763049 5.572580645161291 73.0 418.0 1.0 345.0 37108.0 
614.0012965763049 5.588709677419354 72.0 419.0 1.0 346.0 37210.0 
616.0012965763049 5.588709677419354 72.0 420.0 1.0 346.0 37210.0 
618.0012965763049 5.604838709677419 73.0 420.0 1.0 347.0 37312.0 
620.0012965763049 5.620967741935484 74.0 422.0 1.0 348.0 37414.0 
622.0012965763049 5.620967741935484 74.0 423.0 1.0 348.0 37414.0 
624.0012965763049 5.653225806451614 73.0 423.0 1.0 350.0 37620.0 
626.0012965763049 5.685483870967741 73.0 424.0 1.0 352.0 37824.0 
628.0012965763049 5.701612903225806 70.0 424.0 1.0 353.0 37926.0 
630.0012965763049 5.71774193548387 71.0 425.0 1.0 354.0 38029.0 
632.0012965763049 5.733870967741935 70.0 426.0 1.0 355.0 38132.0 
634.0012965763049 5.75 70.0 427.0 1.0 356.0 38234.0 
636.0012965763049 5.766129032258065 70.0 428.0 1.0 357.0 38337.0 
638.0012965763049 5.798387096774194 71.0 432.0 1.0 359.0 38541.0 
640.0012965763049 5.814516129032259 71.0 432.0 1.0 360.0 38643.0 
642.0012965763049 5.814516129032259 72.0 433.0 1.0 360.0 38643.0 
644.0012965763049 5.830645161290322 73.0 437.0 1.0 361.0 38746.0 
646.0012965763049 5.830645161290322 76.0 438.0 1.0 361.0 38746.0 
648.0012965763049 5.846774193548387 76.0 438.0 1.0 362.0 38849.0 
650.0012965763049 5.862903225806452 74.0 438.0 1.0 363.0 38952.0 
652.0012965763049 5.879032258064516 76.0 440.0 1.0 364.0 39054.0 
654.0012965763049 5.879032258064516 75.0 440.0 1.0 364.0 39054.0 
656.0012965763049 5.895161290322581 76.0 442.0 1.0 365.0 39157.0 
658.0012965763049 5.943548387096773 74.0 442.0 1.0 368.0 39541.0 
660.0012965763049 5.943548387096773 74.0 443.0 1.0 368.0 39541.0 
662.0012965763049 5.959677419354838 74.0 443.0 1.0 369.0 39644.0 
664.000412964984 5.975806451612903 76.0 448.0 1.0 370.0 39746.0 
666.0012965763049 6.040322580645162 77.0 451.0 1.0 374.0 40323.0 
668.0012965763049 6.056451612903226 75.0 452.0 1.0 375.0 40425.0 
670.0012965763049 6.072580645161291 76.0 452.0 1.0 376.0 40527.0 
672.0012965763049 6.088709677419354 75.0 452.0 1.0 377.0 40630.0 
674.0012965763049 6.104838709677419 75.0 453.0 1.0 378.0 40733.0 
676.0012965763049 6.120967741935484 74.0 454.0 1.0 379.0 40835.0 
678.0012965763049 6.137096774193548 75.0 455.0 1.0 380.0 40937.0 
680.0012965763049 6.185483870967741 73.0 455.0 1.0 383.0 41243.0 
682.0012965763049 6.233870967741935 70.0 455.0 1.0 386.0 41550.0 
684.0012965763049 6.266129032258065 67.0 455.0 1.0 388.0 41755.0 
686.0012965763049 6.28225806451613 67.0 457.0 1.0 389.0 41858.0 
688.0012965763049 6.28225806451613 67.0 457.0 1.0 389.0 41858.0 
690.0012965763049 6.298387096774194 67.0 458.0 1.0 390.0 41961.0 
692.0012965763049 6.330645161290322 66.0 459.0 1.0 392.0 42166.0 
694.0012965763049 6.330645161290322 66.0 459.0 1.0 392.0 42166.0 
696.0012965763049 6.362903225806452 65.0 460.0 1.0 394.0 42371.0 
698.0012965763049 6.411290322580646 62.0 460.0 1.0 397.0 42679.0 
700.0012965763049 6.411290322580646 63.0 461.0 1.0 397.0 42679.0 
702.0012965763049 6.427419354838709 62.0 462.0 1.0 398.0 42781.0 
704.0012965763049 6.508064516129032 61.0 464.0 1.0 403.0 43294.0 
706.0012965763049 6.524193548387097 61.0 465.0 1.0 404.0 43396.0 
708.0012965763049 6.540322580645162 59.0 465.0 1.0 405.0 43499.0 
710.0012965763049 6.612903225806452 60.0 469.0 1.0 408.0 43807.0 
712.0012965763049 6.629032258064516 63.0 472.0 1.0 409.0 43992.0 
714.0012965763049 6.677419354838709 62.0 475.0 1.0 412.0 44299.0 
716.0012965763049 6.693548387096774 63.0 478.0 1.0 413.0 44401.0 
718.0012965763049 6.693548387096774 64.0 478.0 1.0 413.0 44401.0 
720.0012965763049 6.709677419354838 64.0 479.0 1.0 414.0 44504.0 
722.0012965763049 6.741935483870968 64.0 479.0 1.0 416.0 44709.0 
724.0012965763049 6.758064516129032 64.0 481.0 1.0 417.0 44811.0 
726.0012965763049 6.758064516129032 63.0 482.0 1.0 417.0 44811.0 
728.0012965763049 6.774193548387097 64.0 482.0 1.0 418.0 44913.0 
730.0012965763049 6.736 63.0 482.0 1.0 419.0 45607.0 
732.0012965763049 6.752 62.0 482.0 1.0 420.0 45709.0 
734.0012965763049 6.768 61.0 482.0 1.0 421.0 45812.0 
736.0012965763049 6.784000000000001 60.0 482.0 1.0 422.0 45915.0 
738.0012965763049 6.784000000000001 59.0 482.0 1.0 422.0 45915.0 
740.0012965763049 6.848000000000001 57.0 485.0 1.0 426.0 46324.0 
742.0012965763049 6.864 58.0 487.0 1.0 427.0 46427.0 
744.0008133059894 6.88 59.0 488.0 1.0 428.0 46530.0 
746.0012965763049 6.912000000000001 61.0 491.0 1.0 430.0 46734.0 
748.0012965763049 6.959999999999999 60.0 495.0 1.0 433.0 47042.0 
750.0012965763049 6.959999999999999 61.0 495.0 1.0 433.0 47042.0 
752.0012965763049 6.959999999999999 61.0 495.0 1.0 433.0 47042.0 
754.0012965763049 6.992 63.0 497.0 1.0 435.0 47247.0 
756.0012965763049 6.992 65.0 501.0 1.0 435.0 47247.0 
758.0012965763049 7.008 66.0 502.0 1.0 436.0 47349.0 
760.0012965763049 7.023999999999999 64.0 502.0 1.0 437.0 47452.0 
762.0012965763049 7.040000000000001 65.0 503.0 1.0 438.0 47555.0 
764.0012965763049 7.056 64.0 504.0 1.0 439.0 47759.0 
766.0012965763049 7.104000000000001 65.0 506.0 1.0 442.0 48067.0 
768.0012965763049 7.16 62.0 506.0 1.0 445.0 48374.0 
770.0012965763049 7.16 60.0 507.0 1.0 445.0 48374.0 
772.0012965763049 7.175999999999999 60.0 507.0 1.0 446.0 48477.0 
774.0012965763049 7.175999999999999 62.0 509.0 1.0 446.0 48477.0 
776.0012965763049 7.192 62.0 509.0 1.0 447.0 48579.0 
778.0012965763049 7.192 64.0 512.0 1.0 447.0 48579.0 
780.0012965763049 7.208000000000001 63.0 512.0 1.0 448.0 48682.0 
782.0012965763049 7.208000000000001 63.0 512.0 1.0 448.0 48682.0 
784.0012965763049 7.208000000000001 64.0 513.0 1.0 448.0 48682.0 
786.0012965763049 7.208000000000001 65.0 514.0 1.0 448.0 48682.0 
788.0012965763049 7.239999999999999 67.0 518.0 1.0 450.0 48886.0 
790.0012965763049 7.239999999999999 68.0 519.0 1.0 450.0 48886.0 
792.0012965763049 7.256 67.0 519.0 1.0 451.0 48988.0 
794.0012965763049 7.256 67.0 519.0 1.0 451.0 48988.0 
796.0012965763049 7.272000000000001 66.0 519.0 1.0 452.0 49091.0 
798.0012965763049 7.272000000000001 67.0 520.0 1.0 452.0 49091.0 
800.0012965763049 7.32 68.0 522.0 1.0 455.0 49528.0 
802.0012965763049 7.336000000000001 66.0 523.0 1.0 456.0 49630.0 
804.0012965763049 7.336000000000001 67.0 524.0 1.0 456.0 49630.0 
806.0012965763049 7.351999999999999 67.0 526.0 1.0 457.0 49733.0 
808.0012965763049 7.400000000000001 65.0 526.0 1.0 460.0 50041.0 
810.0012965763049 7.400000000000001 66.0 527.0 1.0 460.0 50041.0 
812.0012965763049 7.448 67.0 529.0 1.0 463.0 50348.0 
814.0012965763049 7.544 64.0 531.0 1.0 469.0 51212.0 
816.0012965763049 7.576 62.0 532.0 1.0 471.0 51416.0 
818.0012965763049 7.624 61.0 534.0 1.0 474.0 51723.0 
820.0012965763049 7.624 62.0 537.0 1.0 474.0 51723.0 
822.0012965763049 7.64 62.0 538.0 1.0 475.0 51826.0 
824.0012965763049 7.64 63.0 539.0 1.0 475.0 51826.0 
826.0012965763049 7.672000000000001 65.0 541.0 1.0 477.0 52031.0 
828.0012965763049 7.672000000000001 64.0 543.0 1.0 477.0 52031.0 
830.0012965763049 7.688 66.0 547.0 1.0 478.0 52134.0 
832.0012965763049 7.688 69.0 548.0 1.0 478.0 52134.0 
834.0012965763049 7.688 69.0 548.0 1.0 478.0 52134.0 
836.0012965763049 7.688 70.0 549.0 1.0 478.0 52134.0 
838.0012965763049 7.688 71.0 550.0 1.0 478.0 52134.0 
840.0012965763049 7.688 73.0 552.0 1.0 478.0 52134.0 
842.0012965763049 7.704 74.0 553.0 1.0 479.0 52236.0 
844.0012965763049 7.752 72.0 556.0 1.0 482.0 52544.0 
846.0012965763049 7.768 72.0 556.0 1.0 483.0 52647.0 
848.0012965763049 7.816 72.0 557.0 1.0 486.0 52954.0 
850.0001840786082 7.864000000000001 67.0 558.0 1.0 489.0 53260.0 
852.0012965763049 7.879999999999999 67.0 558.0 1.0 490.0 53363.0 
854.0012965763049 7.895999999999999 67.0 559.0 1.0 491.0 53500.0 
856.0012965763049 7.928 66.0 560.0 1.0 493.0 53704.0 
858.0012965763049 7.976000000000001 67.0 562.0 1.0 496.0 54011.0 
860.0012965763049 7.992000000000001 66.0 563.0 1.0 497.0 54113.0 
862.0012965763049 7.992000000000001 66.0 564.0 1.0 497.0 54113.0 
864.0012965763049 8.008000000000001 65.0 564.0 1.0 498.0 54215.0 
866.0012965763049 8.024 66.0 567.0 1.0 499.0 54317.0 
868.0012965763049 8.04 67.0 568.0 1.0 500.0 54419.0 
870.0012965763049 8.056000000000001 66.0 569.0 1.0 501.0 54522.0 
872.0012965763049 8.056000000000001 69.0 571.0 1.0 501.0 54522.0 
874.0012965763049 8.072 68.0 571.0 1.0 502.0 54625.0 
876.0012965763049 8.104 67.0 572.0 1.0 504.0 54829.0 
878.0012965763049 8.104 67.0 574.0 1.0 504.0 54829.0 
880.0012965763049 8.152 68.0 575.0 1.0 507.0 55137.0 
882.0012965763049 8.152 69.0 578.0 1.0 507.0 55137.0 
884.0012965763049 8.152 71.0 580.0 1.0 507.0 55137.0 
886.0012965763049 8.168 72.0 581.0 1.0 508.0 55239.0 
888.0012965763049 8.184000000000001 73.0 583.0 1.0 509.0 55342.0 
890.0012965763049 8.232 74.0 584.0 1.0 512.0 55651.0 
892.0012965763049 8.264000000000001 70.0 584.0 1.0 514.0 55857.0 
894.0012965763049 8.264000000000001 70.0 585.0 1.0 514.0 55857.0 
896.0012965763049 8.264000000000001 72.0 587.0 1.0 514.0 55857.0 
898.0012965763049 8.264000000000001 73.0 589.0 1.0 514.0 55857.0 
900.0012965763049 8.28 73.0 589.0 1.0 515.0 55959.0 
#####################################################################
# End of data export. Simulation finished at: 2020-02-13T07:03+0000 #
#####################################################################
