#####################################################################
# Alchemist log file - simulation started at: 2020-01-17T00:22+0000 #
#####################################################################
# seed = 9.0, taskFrequency = 0.1, cloudcost = 2.0, algorithm = false
#
# The columns have the following meaning: 
# time taskHops[Mean] hasTask[Sum] tasks[Sum] completedTasks[Sum] giveupTasks[Sum] taskLatency[Sum] 
0.0 NaN 0.0 0.0 0.0 0.0 0.0 
2.007825810686062 NaN 19.0 21.0 0.0 0.0 0.0 
4.0023349647540485 NaN 44.0 48.0 0.0 0.0 0.0 
6.007825810686062 NaN 63.0 65.0 0.0 0.0 0.0 
8.007825810686061 NaN 73.0 73.0 0.0 0.0 0.0 
10.007825810686061 NaN 80.0 82.0 0.0 0.0 0.0 
12.007825810686061 0.0 88.0 90.0 1.0 0.0 11.0 
14.005129176369095 0.0 90.0 94.0 1.0 0.0 11.0 
16.00782581068606 0.0 96.0 98.0 1.0 0.0 11.0 
18.00782581068606 0.0 101.0 102.0 1.0 0.0 11.0 
20.00782581068606 0.0 105.0 106.0 1.0 0.0 11.0 
22.00782581068606 0.0 106.0 107.0 1.0 0.0 11.0 
24.00782581068606 0.0 108.0 109.0 1.0 0.0 11.0 
26.00782581068606 0.0 111.0 112.0 1.0 0.0 11.0 
28.00782581068606 0.0 115.0 116.0 1.0 0.0 11.0 
30.00782581068606 0.0 116.0 118.0 1.0 0.0 11.0 
32.00782581068606 0.0 119.0 121.0 1.0 0.0 11.0 
34.00782581068606 0.0 122.0 123.0 1.0 0.0 11.0 
36.00782581068606 0.0 123.0 124.0 1.0 0.0 11.0 
38.00782581068606 0.0 122.0 124.0 2.0 0.0 22.0 
40.0063794340185 0.0 123.0 125.0 2.0 0.0 22.0 
42.00782581068606 0.0 123.0 125.0 2.0 0.0 22.0 
44.00782581068606 0.0 123.0 125.0 2.0 0.0 22.0 
46.00782581068606 0.0 123.0 125.0 2.0 0.0 22.0 
48.00782581068606 0.0 123.0 125.0 2.0 0.0 22.0 
50.00782581068606 0.0 123.0 125.0 2.0 0.0 22.0 
52.00782581068606 0.0 124.0 126.0 2.0 0.0 22.0 
54.00782581068606 0.0 124.0 126.0 2.0 0.0 22.0 
56.00782581068606 0.0 124.0 126.0 2.0 0.0 22.0 
58.00782581068606 0.0 124.0 126.0 2.0 0.0 22.0 
60.00782581068606 0.0 124.0 126.0 2.0 0.0 22.0 
62.00782581068606 0.0 124.0 126.0 2.0 0.0 22.0 
64.00782581068606 0.0 124.0 126.0 2.0 0.0 22.0 
66.00782581068606 0.0 124.0 126.0 2.0 0.0 22.0 
68.00782581068606 0.0 124.0 126.0 2.0 0.0 22.0 
70.00267798978024 0.0 124.0 126.0 2.0 0.0 22.0 
72.00782581068606 0.0 124.0 126.0 2.0 0.0 22.0 
74.00782581068606 0.0 124.0 126.0 2.0 0.0 22.0 
76.00782581068606 0.0 124.0 126.0 2.0 0.0 22.0 
78.00782581068606 0.0 124.0 126.0 2.0 0.0 22.0 
80.00782581068606 0.0 124.0 126.0 2.0 0.0 22.0 
82.00782581068606 0.0 124.0 126.0 2.0 0.0 22.0 
84.00070069560746 0.0 124.0 126.0 2.0 0.0 22.0 
86.00782581068606 0.0 124.0 126.0 2.0 0.0 22.0 
88.00782581068606 0.0 125.0 127.0 2.0 0.0 22.0 
90.00782581068606 0.0 125.0 127.0 2.0 0.0 22.0 
92.00782581068606 0.0 125.0 127.0 2.0 0.0 22.0 
94.00782581068606 0.0 125.0 127.0 2.0 0.0 22.0 
96.00782581068606 0.0 125.0 127.0 2.0 0.0 22.0 
98.00782581068606 0.0 125.0 127.0 2.0 0.0 22.0 
100.00782581068606 0.0 125.0 127.0 2.0 0.0 22.0 
102.00782581068606 0.0 125.0 127.0 2.0 0.0 22.0 
104.00782581068606 1.8823529411764706 122.0 127.0 2.0 16.0 1661.0 
106.00782581068606 1.95 100.0 128.0 2.0 39.0 4015.0 
108.00782581068606 1.9649122807017543 83.0 130.0 2.0 56.0 5759.0 
110.00782581068606 1.9714285714285715 69.0 132.0 2.0 69.0 7103.0 
112.00782581068606 1.9746835443037976 60.0 134.0 2.0 78.0 8039.0 
114.00782581068606 1.9880952380952381 57.0 141.0 2.0 83.0 8551.0 
116.00033623085906 1.9885057471264367 62.0 152.0 2.0 86.0 8859.0 
118.00782581068606 1.989247311827957 63.0 155.0 2.0 92.0 9476.0 
120.00782581068606 1.9896907216494846 67.0 164.0 2.0 96.0 9886.0 
122.00782581068606 1.99009900990099 68.0 166.0 2.0 100.0 10296.0 
124.00782581068606 1.9901960784313726 73.0 177.0 2.0 101.0 10399.0 
126.00782581068606 1.9903846153846154 77.0 181.0 2.0 103.0 10603.0 
128.00782581068606 1.9904761904761905 78.0 185.0 2.0 104.0 10705.0 
130.00782581068606 1.9908256880733946 82.0 192.0 2.0 108.0 11115.0 
132.00782581068606 1.990909090909091 88.0 198.0 2.0 109.0 11217.0 
134.00782581068606 1.991150442477876 90.0 204.0 2.0 112.0 11525.0 
136.00782581068606 1.9913793103448276 89.0 207.0 2.0 115.0 11832.0 
138.00782581068606 1.9914529914529915 93.0 212.0 2.0 116.0 11934.0 
140.00782581068606 1.9914529914529915 98.0 217.0 2.0 116.0 11934.0 
142.00782581068606 1.9915254237288136 101.0 219.0 2.0 117.0 12037.0 
144.00782581068606 1.9915254237288136 101.0 222.0 2.0 117.0 12037.0 
146.00782581068606 1.9915254237288136 106.0 225.0 2.0 117.0 12037.0 
148.00782581068606 1.9915254237288136 109.0 228.0 2.0 117.0 12037.0 
150.00782581068606 1.9915254237288136 111.0 231.0 2.0 117.0 12037.0 
152.00782581068606 1.9915254237288136 113.0 233.0 2.0 117.0 12037.0 
154.00782581068606 1.9915254237288136 114.0 233.0 2.0 117.0 12037.0 
156.00782581068606 1.9915254237288136 116.0 236.0 2.0 117.0 12037.0 
158.00782581068606 1.9915254237288136 117.0 236.0 2.0 117.0 12037.0 
160.00782581068606 1.9915254237288136 120.0 239.0 2.0 117.0 12037.0 
162.00782581068606 1.9915254237288136 120.0 239.0 2.0 117.0 12037.0 
164.00782581068606 1.9915254237288136 120.0 239.0 2.0 117.0 12037.0 
166.00782581068606 1.9915254237288136 120.0 239.0 2.0 117.0 12037.0 
168.00782581068606 1.9915254237288136 121.0 241.0 2.0 117.0 12037.0 
170.00782581068606 1.9915254237288136 122.0 241.0 2.0 117.0 12037.0 
172.0057134483393 1.9915254237288136 123.0 242.0 2.0 117.0 12037.0 
174.00782581068606 1.9915254237288136 123.0 242.0 2.0 117.0 12037.0 
176.00506793202766 1.9915254237288136 123.0 242.0 2.0 117.0 12037.0 
178.00782581068606 1.9915254237288136 123.0 242.0 2.0 117.0 12037.0 
180.00782581068606 1.9915254237288136 123.0 242.0 2.0 117.0 12037.0 
182.00782581068606 1.9915254237288136 124.0 243.0 2.0 117.0 12037.0 
184.00782581068606 1.9915254237288136 125.0 244.0 2.0 117.0 12037.0 
186.00782581068606 1.9915254237288136 125.0 244.0 2.0 117.0 12037.0 
188.00782581068606 1.9915254237288136 125.0 244.0 2.0 117.0 12037.0 
190.00782581068606 2.0084745762711864 124.0 244.0 2.0 118.0 12139.0 
192.00782581068606 2.0084745762711864 124.0 244.0 2.0 118.0 12139.0 
194.00782581068606 2.0084745762711864 124.0 244.0 2.0 118.0 12139.0 
196.00782581068606 2.0084745762711864 124.0 244.0 2.0 118.0 12139.0 
198.00782581068606 2.0084745762711864 124.0 244.0 2.0 118.0 12139.0 
200.00782581068606 2.0084745762711864 124.0 244.0 2.0 118.0 12139.0 
202.00139843350067 2.0084745762711864 124.0 244.0 2.0 118.0 12139.0 
204.00782581068606 2.0084745762711864 125.0 245.0 2.0 118.0 12139.0 
206.00782581068606 2.0084745762711864 125.0 245.0 2.0 118.0 12139.0 
208.00428467964906 2.0254237288135593 125.0 245.0 2.0 119.0 12241.0 
210.00782581068606 2.0588235294117645 123.0 245.0 2.0 122.0 12652.0 
212.00782581068606 2.0756302521008405 120.0 245.0 2.0 123.0 12754.0 
214.00106748026818 2.1083333333333334 118.0 245.0 2.0 126.0 13121.0 
216.00782581068606 2.2231404958677685 114.0 246.0 2.0 134.0 14041.0 
218.00782581068606 2.3688524590163933 106.0 246.0 2.0 144.0 15162.0 
220.00782581068606 2.4508196721311473 99.0 249.0 2.0 149.0 15674.0 
222.00782581068606 2.5491803278688527 97.0 251.0 2.0 155.0 16287.0 
224.00782581068606 2.5934959349593494 93.0 252.0 2.0 159.0 16795.0 
226.00782581068606 2.7560975609756095 91.0 255.0 2.0 169.0 17831.0 
228.00782581068606 2.8536585365853657 84.0 259.0 2.0 175.0 18446.0 
230.00782581068606 2.902439024390244 87.0 267.0 2.0 178.0 18753.0 
232.00782581068606 3.0 85.0 271.0 2.0 184.0 19366.0 
234.00782581068606 3.1138211382113825 83.0 274.0 2.0 191.0 20084.0 
236.00782581068606 3.178861788617886 84.0 279.0 2.0 195.0 20494.0 
238.00782581068606 3.2439024390243905 82.0 281.0 2.0 199.0 20906.0 
240.00782581068606 3.341463414634146 76.0 281.0 2.0 205.0 21539.0 
242.00782581068606 3.4065040650406506 78.0 288.0 2.0 209.0 21950.0 
244.00782581068606 3.4552845528455283 77.0 291.0 2.0 212.0 22257.0 
246.00782581068606 3.4878048780487805 79.0 294.0 2.0 214.0 22484.0 
248.00782581068606 3.5772357723577235 77.0 301.0 2.0 219.0 22996.0 
250.00782581068606 3.6260162601626016 80.0 303.0 2.0 222.0 23303.0 
252.00782581068606 3.658536585365854 84.0 310.0 2.0 224.0 23507.0 
254.00782581068606 3.6910569105691056 87.0 314.0 2.0 226.0 23712.0 
256.0078258106861 3.707317073170732 88.0 318.0 2.0 227.0 23815.0 
258.0078258106861 3.747967479674797 91.0 321.0 2.0 229.0 24020.0 
260.0078258106861 3.7642276422764227 89.0 322.0 2.0 230.0 24123.0 
262.0003761931282 3.813008130081301 92.0 324.0 2.0 233.0 24432.0 
264.0078258106861 3.813008130081301 90.0 326.0 2.0 233.0 24432.0 
266.0078258106861 3.813008130081301 92.0 327.0 2.0 233.0 24432.0 
268.0078258106861 3.813008130081301 95.0 331.0 2.0 233.0 24432.0 
270.0078258106861 3.8292682926829267 96.0 332.0 2.0 234.0 24534.0 
272.0078258106861 3.845528455284553 97.0 336.0 2.0 235.0 24637.0 
274.0078258106861 3.861788617886179 101.0 341.0 2.0 236.0 24739.0 
276.0078258106861 3.861788617886179 107.0 345.0 2.0 236.0 24739.0 
278.00736006763884 3.861788617886179 108.0 346.0 2.0 236.0 24739.0 
280.0078258106861 3.861788617886179 114.0 352.0 2.0 236.0 24739.0 
282.0078258106861 3.861788617886179 117.0 356.0 2.0 236.0 24739.0 
284.0078258106861 3.8780487804878048 119.0 357.0 2.0 237.0 24841.0 
286.0078258106861 3.894308943089431 119.0 358.0 2.0 238.0 24944.0 
288.0078258106861 3.894308943089431 118.0 360.0 2.0 238.0 24944.0 
290.0078258106861 3.894308943089431 120.0 360.0 2.0 238.0 24944.0 
292.0078258106861 3.894308943089431 120.0 360.0 2.0 238.0 24944.0 
294.0078258106861 3.894308943089431 120.0 360.0 2.0 238.0 24944.0 
296.0078258106861 3.894308943089431 122.0 362.0 2.0 238.0 24944.0 
298.0078258106861 3.894308943089431 123.0 363.0 2.0 238.0 24944.0 
300.0078258106861 3.894308943089431 124.0 364.0 2.0 238.0 24944.0 
302.0078258106861 3.894308943089431 124.0 364.0 2.0 238.0 24944.0 
304.0078258106861 3.894308943089431 124.0 364.0 2.0 238.0 24944.0 
306.0078258106861 3.910569105691057 124.0 364.0 2.0 239.0 25046.0 
308.0078258106861 3.910569105691057 123.0 364.0 2.0 239.0 25046.0 
310.0078258106861 3.910569105691057 123.0 364.0 2.0 239.0 25046.0 
312.0078258106861 3.910569105691057 123.0 364.0 2.0 239.0 25046.0 
314.0078258106861 3.910569105691057 124.0 365.0 2.0 239.0 25046.0 
316.0078258106861 3.910569105691057 124.0 365.0 2.0 239.0 25046.0 
318.0078258106861 3.910569105691057 124.0 365.0 2.0 239.0 25046.0 
320.0078258106861 3.910569105691057 124.0 365.0 2.0 239.0 25046.0 
322.0078258106861 3.911290322580645 123.0 365.0 2.0 241.0 25458.0 
324.00409852508454 3.959677419354839 120.0 365.0 2.0 244.0 25848.0 
326.0078258106861 3.975806451612903 118.0 365.0 2.0 245.0 25950.0 
328.0078258106861 4.008064516129032 116.0 365.0 2.0 247.0 26154.0 
330.0078258106861 4.07258064516129 115.0 365.0 2.0 251.0 26566.0 
332.0078258106861 4.185483870967742 111.0 367.0 2.0 258.0 27283.0 
334.0078258106861 4.28225806451613 106.0 369.0 2.0 264.0 27898.0 
336.0078258106861 4.346774193548387 101.0 369.0 2.0 268.0 28409.0 
338.0078258106861 4.411290322580646 102.0 372.0 2.0 272.0 28818.0 
340.0078258106861 4.443548387096774 100.0 375.0 2.0 274.0 29023.0 
342.0078258106861 4.443548387096774 100.0 376.0 2.0 274.0 29023.0 
344.0078258106861 4.524193548387097 101.0 381.0 2.0 279.0 29553.0 
346.0078258106861 4.588709677419355 99.0 385.0 3.0 283.0 29976.0 
348.0078258106861 4.669354838709678 97.0 386.0 3.0 288.0 30489.0 
350.0078258106861 4.733870967741935 97.0 388.0 3.0 292.0 30898.0 
352.0078258106861 4.798387096774194 91.0 390.0 3.0 296.0 31309.0 
354.0078258106861 4.911290322580645 92.0 393.0 3.0 303.0 32027.0 
356.0078258106861 4.991935483870968 90.0 398.0 3.0 308.0 32540.0 
358.0078258106861 5.056451612903226 91.0 402.0 3.0 312.0 32969.0 
360.0078258106861 5.120967741935484 86.0 404.0 3.0 316.0 33380.0 
362.0078258106861 5.120967741935484 85.0 406.0 3.0 316.0 33380.0 
364.0078258106861 5.169354838709678 88.0 410.0 4.0 319.0 33699.0 
366.0078258106861 5.185483870967742 89.0 412.0 4.0 320.0 33802.0 
368.0078258106861 5.217741935483871 91.0 418.0 4.0 322.0 34008.0 
370.0078258106861 5.266129032258065 94.0 421.0 4.0 325.0 34315.0 
372.0078258106861 5.298387096774194 93.0 424.0 4.0 327.0 34520.0 
374.0018904481955 5.330645161290322 96.0 428.0 4.0 329.0 34725.0 
376.0078258106861 5.411290322580645 94.0 432.0 4.0 334.0 35238.0 
378.0078258106861 5.508064516129032 93.0 435.0 4.0 340.0 35853.0 
380.0078258106861 5.524193548387097 92.0 436.0 4.0 341.0 35956.0 
382.0078258106861 5.620967741935484 95.0 440.0 4.0 347.0 36571.0 
384.0078258106861 5.669354838709678 91.0 444.0 4.0 350.0 36877.0 
386.0078258106861 5.717741935483871 92.0 448.0 4.0 353.0 37084.0 
388.0078258106861 5.733870967741935 93.0 450.0 4.0 354.0 37186.0 
390.0078258106861 5.733870967741935 94.0 452.0 4.0 354.0 37186.0 
392.0078258106861 5.766129032258065 92.0 455.0 4.0 356.0 37392.0 
394.0078258106861 5.766129032258065 95.0 456.0 4.0 356.0 37392.0 
396.0078258106861 5.766129032258065 98.0 459.0 4.0 356.0 37392.0 
398.0078258106861 5.798387096774194 101.0 463.0 4.0 358.0 37597.0 
400.0078258106861 5.814516129032258 103.0 466.0 4.0 359.0 37699.0 
402.0078258106861 5.830645161290322 105.0 468.0 4.0 360.0 37801.0 
404.0078258106861 5.830645161290322 105.0 469.0 4.0 360.0 37801.0 
406.0078258106861 5.830645161290322 108.0 472.0 4.0 360.0 37801.0 
408.0078258106861 5.830645161290322 108.0 472.0 4.0 360.0 37801.0 
410.0078258106861 5.830645161290322 110.0 475.0 4.0 360.0 37801.0 
412.0078258106861 5.830645161290322 115.0 481.0 4.0 360.0 37801.0 
414.0078258106861 5.830645161290322 119.0 483.0 4.0 360.0 37801.0 
416.0078258106861 5.846774193548387 120.0 484.0 4.0 361.0 37903.0 
418.0078258106861 5.846774193548387 119.0 484.0 4.0 361.0 37903.0 
420.0078258106861 5.846774193548387 119.0 484.0 4.0 361.0 37903.0 
422.0078258106861 5.846774193548387 120.0 485.0 4.0 361.0 37903.0 
424.0078258106861 5.846774193548387 120.0 485.0 4.0 361.0 37903.0 
426.0078258106861 5.846774193548387 122.0 487.0 4.0 361.0 37903.0 
428.0078258106861 5.846774193548387 123.0 488.0 4.0 361.0 37903.0 
430.0078258106861 5.846774193548387 123.0 488.0 4.0 361.0 37903.0 
432.0078258106861 5.846774193548387 123.0 488.0 4.0 361.0 37903.0 
434.0067133411234 5.846774193548387 123.0 488.0 4.0 361.0 37903.0 
436.0078258106861 5.895161290322581 121.0 488.0 4.0 364.0 38211.0 
438.0078258106861 5.895161290322581 120.0 488.0 4.0 364.0 38211.0 
440.0078258106861 5.943548387096774 121.0 489.0 4.0 367.0 38519.0 
442.0078258106861 5.975806451612903 118.0 489.0 4.0 369.0 38723.0 
444.00420094628447 6.008064516129032 116.0 490.0 4.0 371.0 38929.0 
446.0078258106861 6.07258064516129 113.0 491.0 4.0 375.0 39337.0 
448.0078258106861 6.137096774193548 109.0 491.0 4.0 379.0 39747.0 
450.0078258106861 6.169354838709678 107.0 491.0 4.0 381.0 39952.0 
452.0078258106861 6.201612903225806 107.0 492.0 4.0 383.0 40157.0 
454.0014639788477 6.25 105.0 494.0 4.0 386.0 40600.0 
456.0078258106861 6.266129032258065 104.0 495.0 4.0 387.0 40702.0 
458.0078258106861 6.346774193548387 102.0 496.0 4.0 392.0 41213.0 
460.0078258106861 6.427419354838709 100.0 499.0 4.0 397.0 41725.0 
462.0025065173968 6.443548387096774 100.0 503.0 4.0 398.0 41967.0 
464.0078258106861 6.475806451612903 101.0 505.0 4.0 400.0 42173.0 
466.0078258106861 6.540322580645162 104.0 510.0 4.0 404.0 42583.0 
468.0078258106861 6.604838709677419 100.0 511.0 4.0 408.0 42993.0 
470.0078258106861 6.669354838709678 99.0 513.0 4.0 412.0 43401.0 
472.0078258106861 6.733870967741935 97.0 515.0 4.0 416.0 43812.0 
474.0078258106861 6.782258064516129 96.0 518.0 4.0 419.0 44119.0 
476.0078258106861 6.830645161290323 94.0 522.0 4.0 422.0 44426.0 
478.0078258106861 6.879032258064516 95.0 522.0 4.0 425.0 44733.0 
480.0078258106861 6.943548387096774 92.0 525.0 4.0 429.0 45144.0 
482.0078258106861 6.975806451612903 93.0 528.0 4.0 431.0 45350.0 
484.0078258106861 7.040322580645161 92.0 528.0 4.0 435.0 45759.0 
486.0078258106861 7.104838709677419 89.0 529.0 4.0 439.0 46169.0 
488.0078258106861 7.137096774193548 87.0 533.0 4.0 441.0 46374.0 
490.0078258106861 7.169354838709678 89.0 537.0 4.0 443.0 46580.0 
492.0078258106861 7.201612903225806 90.0 539.0 4.0 445.0 46785.0 
494.0078258106861 7.201612903225806 93.0 543.0 4.0 445.0 46785.0 
496.0078258106861 7.266129032258065 96.0 550.0 4.0 449.0 47202.0 
498.00686679311934 7.314516129032258 98.0 553.0 4.0 452.0 47510.0 
500.0042830120016 7.379032258064516 94.0 554.0 4.0 456.0 47919.0 
502.00602470680093 7.443548387096774 98.0 560.0 4.0 460.0 48329.0 
504.0078258106861 7.459677419354838 102.0 566.0 4.0 461.0 48431.0 
506.0078258106861 7.475806451612903 104.0 571.0 4.0 462.0 48533.0 
508.0078258106861 7.524193548387097 106.0 574.0 4.0 465.0 48840.0 
510.0078258106861 7.524193548387097 107.0 576.0 4.0 465.0 48840.0 
512.0078258106861 7.556451612903226 108.0 579.0 4.0 467.0 49045.0 
514.0078258106861 7.637096774193548 107.0 580.0 4.0 472.0 49557.0 
516.0078258106861 7.701612903225806 103.0 581.0 4.0 476.0 49967.0 
518.0078258106861 7.71774193548387 102.0 582.0 4.0 477.0 50069.0 
520.0078258106861 7.71774193548387 102.0 583.0 4.0 477.0 50069.0 
522.0078090853734 7.71774193548387 106.0 588.0 4.0 477.0 50069.0 
524.0078258106861 7.71774193548387 107.0 588.0 4.0 477.0 50069.0 
526.0078258106861 7.71774193548387 109.0 591.0 4.0 477.0 50069.0 
528.0010736829297 7.75 108.0 591.0 4.0 479.0 50273.0 
530.0078258106861 7.766129032258065 110.0 595.0 4.0 480.0 50375.0 
532.0078258106861 7.766129032258065 112.0 596.0 4.0 480.0 50375.0 
534.0078258106861 7.766129032258065 114.0 598.0 4.0 480.0 50375.0 
536.0078258106861 7.766129032258065 115.0 601.0 4.0 480.0 50375.0 
538.0078258106861 7.766129032258065 118.0 602.0 4.0 480.0 50375.0 
540.0078258106861 7.766129032258065 120.0 604.0 4.0 480.0 50375.0 
542.0078258106861 7.766129032258065 121.0 605.0 4.0 480.0 50375.0 
544.0078258106861 7.766129032258065 121.0 605.0 4.0 480.0 50375.0 
546.0078258106861 7.78225806451613 121.0 606.0 4.0 481.0 50477.0 
548.0078258106861 7.798387096774194 122.0 607.0 4.0 482.0 50580.0 
550.0078258106861 7.798387096774194 121.0 607.0 4.0 482.0 50580.0 
552.0078258106861 7.798387096774194 121.0 607.0 4.0 482.0 50580.0 
554.0078258106861 7.814516129032258 120.0 607.0 4.0 483.0 50682.0 
556.0078258106861 7.830645161290322 119.0 607.0 4.0 484.0 50784.0 
558.0035618472665 7.862903225806452 119.0 609.0 4.0 486.0 50989.0 
560.0078258106861 7.879032258064516 118.0 609.0 4.0 487.0 51091.0 
562.0078258106861 7.927419354838709 117.0 610.0 4.0 490.0 51399.0 
564.0078258106861 7.959677419354838 116.0 612.0 4.0 492.0 51603.0 
566.0078258106861 8.024193548387096 115.0 614.0 4.0 496.0 52014.0 
568.0078258106861 8.120967741935484 112.0 615.0 4.0 502.0 52525.0 
570.0078258106861 8.137096774193548 110.0 616.0 4.0 503.0 52627.0 
572.0078258106861 8.201612903225806 108.0 618.0 4.0 507.0 53114.0 
574.0078258106861 8.21774193548387 107.0 620.0 4.0 508.0 53216.0 
576.0078258106861 8.266129032258064 107.0 621.0 4.0 511.0 53525.0 
578.0078258106861 8.298387096774194 104.0 621.0 4.0 513.0 53730.0 
580.0078258106861 8.330645161290322 103.0 622.0 4.0 515.0 53936.0 
582.0078258106861 8.362903225806452 104.0 624.0 4.0 517.0 54140.0 
584.0078258106861 8.42741935483871 101.0 624.0 4.0 521.0 54664.0 
586.0078258106861 8.443548387096774 99.0 626.0 4.0 522.0 54767.0 
588.0078258106861 8.459677419354838 100.0 627.0 4.0 523.0 54870.0 
590.0078258106861 8.475806451612904 100.0 627.0 4.0 524.0 54972.0 
592.0078258106861 8.540322580645162 96.0 628.0 4.0 528.0 55382.0 
594.0078258106861 8.596774193548388 97.0 631.0 4.0 531.0 55690.0 
596.0078258106861 8.67741935483871 95.0 634.0 4.0 536.0 56220.0 
598.0078258106861 8.790322580645162 95.0 636.0 4.0 543.0 56936.0 
600.0078258106861 8.85483870967742 86.0 639.0 4.0 547.0 57345.0 
602.0078258106861 8.870967741935484 92.0 643.0 4.0 548.0 57448.0 
604.0022285039029 8.896 93.0 649.0 4.0 554.0 58553.0 
606.0078258106861 8.992 93.0 653.0 4.0 560.0 59167.0 
608.0078258106861 9.04 88.0 653.0 4.0 563.0 59475.0 
610.0078258106861 9.104 85.0 654.0 4.0 567.0 59885.0 
612.0011755125998 9.136 89.0 663.0 4.0 569.0 60090.0 
614.0078258106861 9.184000000000001 92.0 668.0 4.0 572.0 60508.0 
616.0078258106861 9.232 93.0 673.0 4.0 575.0 60821.0 
618.0078258106861 9.248000000000001 93.0 673.0 4.0 576.0 60923.0 
620.0078258106861 9.264 97.0 677.0 4.0 577.0 61026.0 
622.0078258106861 9.28 97.0 678.0 4.0 578.0 61128.0 
624.0078258106861 9.344 95.0 680.0 4.0 582.0 61537.0 
626.0078258106861 9.36 98.0 686.0 4.0 583.0 61640.0 
628.0078258106861 9.392 103.0 691.0 4.0 585.0 61845.0 
630.0054970154995 9.408 104.0 697.0 4.0 586.0 61948.0 
632.0078258106861 9.456 111.0 702.0 4.0 589.0 62256.0 
634.0078258106861 9.472 113.0 706.0 4.0 590.0 62359.0 
636.0078258106861 9.504000000000001 111.0 706.0 4.0 592.0 62563.0 
638.0078258106861 9.52 109.0 706.0 4.0 593.0 62665.0 
640.0078258106861 9.568000000000001 107.0 708.0 4.0 596.0 62973.0 
642.0078258106861 9.584 109.0 709.0 4.0 597.0 63075.0 
644.0078258106861 9.6 109.0 710.0 4.0 598.0 63177.0 
646.0078258106861 9.6 111.0 713.0 4.0 598.0 63177.0 
648.0078258106861 9.6 113.0 716.0 4.0 598.0 63177.0 
650.0078258106861 9.616 115.0 717.0 4.0 599.0 63279.0 
652.003323691487 9.616 115.0 718.0 4.0 599.0 63279.0 
654.0078258106861 9.616 115.0 718.0 4.0 599.0 63279.0 
656.0078258106861 9.616 116.0 719.0 4.0 599.0 63279.0 
658.0078258106861 9.616 118.0 722.0 4.0 599.0 63279.0 
660.0078258106861 9.632000000000001 119.0 722.0 4.0 600.0 63381.0 
662.0078258106861 9.648 117.0 722.0 4.0 601.0 63484.0 
664.0078258106861 9.648 119.0 724.0 4.0 601.0 63484.0 
666.0078258106861 9.696000000000002 118.0 724.0 4.0 604.0 63793.0 
668.0078258106861 9.728 116.0 725.0 4.0 606.0 63997.0 
670.0057057064323 9.728 116.0 726.0 4.0 606.0 63997.0 
672.0078258106861 9.744 118.0 729.0 4.0 607.0 64100.0 
674.0078258106861 9.776 118.0 730.0 4.0 609.0 64304.0 
676.0078258106861 9.792 118.0 732.0 4.0 610.0 64406.0 
678.0078258106861 9.808 118.0 734.0 4.0 611.0 64509.0 
680.0078258106861 9.824000000000002 119.0 736.0 4.0 612.0 64612.0 
682.0078258106861 9.84 121.0 737.0 4.0 613.0 64715.0 
684.0078258106861 9.872 119.0 737.0 4.0 615.0 64919.0 
686.0042787279807 9.872 119.0 738.0 4.0 615.0 64919.0 
688.0078258106861 9.888000000000002 120.0 739.0 4.0 616.0 65021.0 
690.0078258106861 9.904 120.0 741.0 4.0 617.0 65124.0 
692.0078258106861 9.919999999999998 120.0 742.0 4.0 618.0 65227.0 
694.0078258106861 9.936 121.0 743.0 4.0 619.0 65329.0 
696.0078258106861 9.983999999999998 120.0 744.0 4.0 622.0 65637.0 
698.0078258106861 10.0 118.0 744.0 4.0 623.0 65740.0 
700.0078258106861 10.064 114.0 744.0 4.0 627.0 66151.0 
702.0078258106861 10.080000000000002 113.0 745.0 4.0 628.0 66253.0 
704.0078258106861 10.175999999999998 110.0 745.0 4.0 634.0 66870.0 
706.0078258106861 10.256 106.0 745.0 4.0 639.0 67382.0 
708.0078258106861 10.336 100.0 747.0 4.0 644.0 67952.0 
710.0078258106861 10.352 100.0 748.0 4.0 645.0 68132.0 
712.0078258106861 10.367999999999999 100.0 750.0 4.0 646.0 68235.0 
714.0078258106861 10.48 101.0 755.0 4.0 653.0 68951.0 
716.0078258106861 10.544 99.0 761.0 4.0 657.0 69361.0 
718.0078258106861 10.64 98.0 764.0 4.0 663.0 69985.0 
720.0078258106861 10.672 99.0 768.0 4.0 665.0 70191.0 
722.0078258106861 10.72 98.0 771.0 4.0 668.0 70497.0 
724.0078258106861 10.736 99.0 774.0 4.0 669.0 70599.0 
726.0078258106861 10.751999999999999 101.0 774.0 4.0 670.0 70702.0 
728.0078258106861 10.848 101.0 777.0 4.0 676.0 71317.0 
730.0078258106861 10.943999999999999 93.0 778.0 5.0 682.0 71943.0 
732.0078258106861 10.991999999999999 95.0 782.0 5.0 685.0 72249.0 
734.0078258106861 11.104 86.0 783.0 5.0 692.0 72966.0 
736.0078258106861 11.192 87.0 787.0 5.0 697.0 73477.0 
738.0078258106861 11.192 87.0 790.0 5.0 697.0 73477.0 
740.0078258106861 11.208000000000002 88.0 791.0 5.0 698.0 73716.0 
742.0078258106861 11.224 90.0 793.0 5.0 699.0 73819.0 
744.0078258106861 11.256 93.0 800.0 5.0 701.0 74024.0 
746.0078258106861 11.272 96.0 802.0 5.0 702.0 74126.0 
748.0078258106861 11.32 97.0 804.0 5.0 705.0 74434.0 
750.0078258106861 11.352 97.0 807.0 5.0 707.0 74639.0 
752.0078258106861 11.384 95.0 809.0 5.0 709.0 74844.0 
754.0078258106861 11.4 99.0 815.0 5.0 710.0 74946.0 
756.0078258106861 11.4 101.0 816.0 5.0 710.0 74946.0 
758.0078258106861 11.416 104.0 820.0 5.0 711.0 75049.0 
760.0078258106861 11.448 106.0 823.0 5.0 713.0 75255.0 
762.0078258106861 11.464 105.0 828.0 6.0 714.0 75370.0 
764.0078258106861 11.464 108.0 828.0 6.0 714.0 75370.0 
766.0000315884092 11.495999999999999 108.0 830.0 6.0 716.0 75575.0 
768.0078258106861 11.495999999999999 110.0 833.0 6.0 716.0 75575.0 
770.0078258106861 11.512 112.0 835.0 6.0 717.0 75677.0 
772.0078258106861 11.528 113.0 836.0 6.0 718.0 75780.0 
774.0078258106861 11.559999999999999 113.0 838.0 6.0 720.0 75985.0 
776.0054804879898 11.592 112.0 839.0 6.0 722.0 76190.0 
778.0078258106861 11.623999999999999 110.0 839.0 6.0 724.0 76394.0 
780.0078258106861 11.64 109.0 841.0 6.0 725.0 76497.0 
782.0078258106861 11.672 109.0 843.0 6.0 727.0 76703.0 
784.0078258106861 11.704 111.0 846.0 6.0 729.0 76909.0 
786.0078258106861 11.704 112.0 847.0 6.0 729.0 76909.0 
788.0078258106861 11.72 115.0 850.0 6.0 730.0 77012.0 
790.0078258106861 11.735999999999999 114.0 850.0 6.0 731.0 77114.0 
792.0078258106861 11.768 113.0 851.0 6.0 733.0 77318.0 
794.0078258106861 11.784 111.0 851.0 6.0 734.0 77420.0 
796.0078258106861 11.8 114.0 854.0 6.0 735.0 77522.0 
798.0078258106861 11.815999999999999 117.0 858.0 6.0 736.0 77624.0 
800.0078258106861 11.815999999999999 117.0 859.0 6.0 736.0 77624.0 
802.0078258106861 11.815999999999999 117.0 859.0 6.0 736.0 77624.0 
804.0078258106861 11.832 117.0 859.0 6.0 737.0 77727.0 
806.0078258106861 11.848 117.0 861.0 6.0 738.0 77918.0 
808.0078258106861 11.848 117.0 861.0 6.0 738.0 77918.0 
810.0078258106861 11.863999999999999 115.0 861.0 7.0 739.0 78032.0 
812.0078258106861 11.896 115.0 862.0 7.0 741.0 78238.0 
814.0078258106861 11.896 115.0 863.0 7.0 741.0 78238.0 
816.0078258106861 11.96 115.0 864.0 7.0 745.0 78647.0 
818.0078258106861 12.04 110.0 864.0 7.0 750.0 79160.0 
820.0078258106861 12.104 106.0 866.0 7.0 754.0 79577.0 
822.0078258106861 12.184000000000001 106.0 868.0 7.0 759.0 80096.0 
824.0010009887063 12.216 101.0 869.0 7.0 761.0 80300.0 
826.0078258106861 12.248000000000001 103.0 873.0 7.0 763.0 80505.0 
828.0078258106861 12.28 103.0 875.0 7.0 765.0 80711.0 
830.0078258106861 12.312000000000001 102.0 876.0 7.0 767.0 80915.0 
832.0078258106861 12.328 104.0 879.0 7.0 768.0 81018.0 
834.0025812884319 12.392000000000001 103.0 881.0 7.0 772.0 81428.0 
836.0078258106861 12.424 103.0 883.0 7.0 774.0 81827.0 
838.0078258106861 12.472 101.0 884.0 7.0 777.0 82134.0 
840.0078258106861 12.536 99.0 886.0 7.0 781.0 82562.0 
842.0078258106861 12.552 102.0 891.0 7.0 782.0 82665.0 
844.0078258106861 12.6 100.0 892.0 7.0 785.0 82973.0 
846.0078258106861 12.696000000000002 99.0 894.0 7.0 791.0 83587.0 
848.0017282049464 12.744 96.0 896.0 7.0 794.0 83894.0 
850.0078258106861 12.776 100.0 904.0 7.0 796.0 84099.0 
852.0078258106861 12.808 103.0 906.0 7.0 798.0 84305.0 
854.0078258106861 12.824000000000002 104.0 909.0 7.0 799.0 84407.0 
856.0078258106861 12.904 105.0 911.0 7.0 804.0 84920.0 
858.0078258106861 12.936 98.0 911.0 7.0 806.0 85125.0 
860.0078258106861 12.983999999999998 99.0 913.0 7.0 809.0 85433.0 
862.0078258106861 13.032 95.0 914.0 7.0 812.0 85740.0 
864.0078258106861 13.080000000000002 97.0 919.0 7.0 815.0 86047.0 
866.0078258106861 13.128 97.0 922.0 7.0 818.0 86356.0 
868.0072900190705 13.144000000000002 99.0 925.0 7.0 819.0 86459.0 
870.0078258106861 13.192 99.0 927.0 7.0 822.0 86767.0 
872.0078258106861 13.239999999999998 99.0 929.0 7.0 825.0 87076.0 
874.0078258106861 13.256 100.0 934.0 7.0 826.0 87178.0 
876.0078258106861 13.272000000000002 102.0 936.0 7.0 827.0 87280.0 
878.0078258106861 13.303999999999998 102.0 939.0 7.0 829.0 87485.0 
880.0078258106861 13.303999999999998 104.0 940.0 7.0 829.0 87485.0 
882.0078258106861 13.303999999999998 105.0 941.0 7.0 829.0 87485.0 
884.0078258106861 13.351999999999999 107.0 945.0 7.0 832.0 87793.0 
886.0078258106861 13.400000000000002 104.0 946.0 7.0 835.0 88100.0 
888.0030337432759 13.431999999999999 104.0 948.0 7.0 837.0 88305.0 
890.0078258106861 13.479999999999999 103.0 949.0 7.0 840.0 88612.0 
892.0078258106861 13.479999999999999 103.0 950.0 7.0 840.0 88612.0 
894.0078258106861 13.495999999999999 103.0 951.0 7.0 841.0 88714.0 
896.0078258106861 13.495999999999999 104.0 954.0 7.0 841.0 88714.0 
898.0020139454892 13.544 108.0 956.0 7.0 844.0 89022.0 
900.0032574753593 13.607999999999999 105.0 958.0 7.0 848.0 89478.0 
#####################################################################
# End of data export. Simulation finished at: 2020-01-17T00:23+0000 #
#####################################################################
