#####################################################################
# Alchemist log file - simulation started at: 2020-02-12T07:47+0000 #
#####################################################################
# seed = 38.0, taskFrequency = 0.0075, cloudcost = 3.0, algorithm = false
#
# The columns have the following meaning: 
# time taskHops[Mean] hasTask[Sum] tasks[Sum] completedTasks[Sum] giveupTasks[Sum] taskLatency[Sum] 
0.0 NaN 0.0 0.0 0.0 0.0 0.0 
2.012817637231688 NaN 0.0 0.0 0.0 0.0 0.0 
4.012817637231688 NaN 1.0 1.0 0.0 0.0 0.0 
6.012817637231688 NaN 3.0 3.0 0.0 0.0 0.0 
8.012817637231688 NaN 4.0 5.0 0.0 0.0 0.0 
10.012817637231688 NaN 5.0 5.0 0.0 0.0 0.0 
12.012817637231688 NaN 5.0 5.0 0.0 0.0 0.0 
14.012817637231688 NaN 7.0 7.0 0.0 0.0 0.0 
16.012817637231688 NaN 7.0 7.0 0.0 0.0 0.0 
18.012817637231688 NaN 8.0 10.0 0.0 0.0 0.0 
20.012817637231688 NaN 12.0 12.0 0.0 0.0 0.0 
22.012817637231688 NaN 13.0 13.0 0.0 0.0 0.0 
24.012817637231688 NaN 13.0 13.0 0.0 0.0 0.0 
26.012817637231688 NaN 13.0 14.0 0.0 0.0 0.0 
28.012817637231688 NaN 14.0 14.0 0.0 0.0 0.0 
30.012817637231688 NaN 14.0 14.0 0.0 0.0 0.0 
32.01281763723169 NaN 15.0 16.0 0.0 0.0 0.0 
34.01281763723169 NaN 19.0 19.0 0.0 0.0 0.0 
36.01281763723169 NaN 20.0 22.0 0.0 0.0 0.0 
38.01281763723169 NaN 23.0 23.0 0.0 0.0 0.0 
40.01281763723169 NaN 24.0 25.0 0.0 0.0 0.0 
42.01281763723169 NaN 26.0 26.0 0.0 0.0 0.0 
44.01281763723169 NaN 28.0 30.0 0.0 0.0 0.0 
46.01281763723169 NaN 30.0 31.0 0.0 0.0 0.0 
48.01281763723169 NaN 33.0 33.0 0.0 0.0 0.0 
50.01281763723169 NaN 34.0 35.0 0.0 0.0 0.0 
52.01281763723169 NaN 36.0 36.0 0.0 0.0 0.0 
54.01281763723169 NaN 37.0 37.0 0.0 0.0 0.0 
56.01281763723169 NaN 37.0 37.0 0.0 0.0 0.0 
58.01281763723169 NaN 37.0 37.0 0.0 0.0 0.0 
60.01281763723169 NaN 39.0 40.0 0.0 0.0 0.0 
62.01281763723169 NaN 42.0 42.0 0.0 0.0 0.0 
64.01281763723169 NaN 43.0 45.0 0.0 0.0 0.0 
66.00805629493043 NaN 45.0 46.0 0.0 0.0 0.0 
68.01281763723169 NaN 48.0 48.0 0.0 0.0 0.0 
70.01281763723169 NaN 50.0 51.0 0.0 0.0 0.0 
72.01281763723169 NaN 51.0 51.0 0.0 0.0 0.0 
74.01281763723169 NaN 53.0 53.0 0.0 0.0 0.0 
76.01281763723169 NaN 53.0 54.0 0.0 0.0 0.0 
78.01281763723169 NaN 55.0 55.0 0.0 0.0 0.0 
80.01281763723169 NaN 56.0 56.0 0.0 0.0 0.0 
82.01281763723169 NaN 60.0 60.0 0.0 0.0 0.0 
84.01281763723169 NaN 60.0 60.0 0.0 0.0 0.0 
86.01281763723169 NaN 61.0 61.0 0.0 0.0 0.0 
88.01281763723169 NaN 62.0 62.0 0.0 0.0 0.0 
90.01281763723169 NaN 64.0 64.0 0.0 0.0 0.0 
92.01281763723169 NaN 65.0 65.0 0.0 0.0 0.0 
94.01281763723169 NaN 65.0 65.0 0.0 0.0 0.0 
96.01281763723169 NaN 65.0 66.0 0.0 0.0 0.0 
98.01281763723169 NaN 67.0 67.0 0.0 0.0 0.0 
100.01281763723169 NaN 67.0 67.0 0.0 0.0 0.0 
102.01281763723169 NaN 67.0 67.0 0.0 0.0 0.0 
104.01281763723169 NaN 68.0 68.0 0.0 0.0 0.0 
106.01281763723169 NaN 68.0 68.0 0.0 0.0 0.0 
108.01281763723169 NaN 68.0 68.0 0.0 0.0 0.0 
110.01281763723169 NaN 68.0 68.0 0.0 0.0 0.0 
112.01281763723169 NaN 68.0 68.0 0.0 0.0 0.0 
114.01281763723169 NaN 68.0 69.0 0.0 0.0 0.0 
116.01281763723169 NaN 69.0 70.0 0.0 0.0 0.0 
118.01281763723169 NaN 71.0 71.0 0.0 0.0 0.0 
120.01281763723169 3.0 70.0 71.0 0.0 1.0 111.0 
122.01281763723169 3.0 68.0 71.0 0.0 4.0 419.0 
124.01281763723169 3.0 68.0 72.0 0.0 5.0 530.0 
126.01281763723169 3.0 67.0 74.0 0.0 6.0 647.0 
128.0128176372317 3.0 69.0 75.0 0.0 6.0 647.0 
130.0128176372317 3.0 69.0 75.0 0.0 7.0 751.0 
132.0128176372317 3.0 68.0 75.0 0.0 8.0 879.0 
134.0128176372317 3.0 68.0 76.0 0.0 8.0 879.0 
136.0128176372317 3.0 68.0 76.0 0.0 12.0 1317.0 
138.0128176372317 3.0 63.0 77.0 0.0 15.0 1649.0 
140.0128176372317 3.0 60.0 78.0 0.0 19.0 2092.0 
142.0128176372317 3.0 59.0 78.0 0.0 20.0 2194.0 
144.0128176372317 3.0 57.0 78.0 0.0 21.0 2297.0 
146.0128176372317 3.0 57.0 79.0 0.0 23.0 2503.0 
148.0128176372317 3.0 54.0 80.0 0.0 26.0 2838.0 
150.0128176372317 3.0 53.0 82.0 0.0 30.0 3292.0 
152.0128176372317 3.0 51.0 82.0 0.0 31.0 3394.0 
154.0128176372317 3.0 50.0 83.0 0.0 33.0 3599.0 
156.0128176372317 3.0 50.0 83.0 0.0 34.0 3701.0 
158.0128176372317 3.0 49.0 83.0 0.0 34.0 3701.0 
160.0128176372317 3.0 49.0 83.0 0.0 34.0 3701.0 
162.0128176372317 3.0 48.0 83.0 0.0 36.0 3905.0 
164.0128176372317 3.0 44.0 83.0 0.0 39.0 4212.0 
166.0128176372317 3.0 43.0 83.0 0.0 40.0 4314.0 
168.0128176372317 3.0 41.0 83.0 0.0 42.0 4520.0 
170.0128176372317 3.022727272727273 42.0 86.0 0.0 44.0 4725.0 
172.0128176372317 3.0217391304347827 42.0 86.0 0.0 46.0 4930.0 
174.0128176372317 3.021276595744681 40.0 87.0 0.0 47.0 5033.0 
176.0128176372317 3.020408163265306 39.0 87.0 0.0 49.0 5238.0 
178.0128176372317 3.020408163265306 39.0 88.0 0.0 49.0 5238.0 
180.0128176372317 3.0384615384615383 37.0 88.0 0.0 52.0 5576.0 
182.0128176372317 3.0377358490566038 37.0 89.0 0.0 53.0 5678.0 
184.0128176372317 3.0350877192982457 34.0 91.0 0.0 57.0 6087.0 
186.0128176372317 3.0350877192982457 35.0 92.0 0.0 57.0 6087.0 
188.0128176372317 3.0344827586206895 35.0 93.0 0.0 58.0 6189.0 
190.0128176372317 3.0338983050847457 37.0 96.0 0.0 59.0 6291.0 
192.0128176372317 3.0327868852459017 36.0 96.0 0.0 61.0 6495.0 
194.0128176372317 3.032258064516129 34.0 97.0 0.0 62.0 6597.0 
196.0128176372317 3.032258064516129 37.0 99.0 0.0 62.0 6597.0 
198.0128176372317 3.032258064516129 38.0 100.0 0.0 62.0 6597.0 
200.0128176372317 3.03125 37.0 100.0 0.0 64.0 6802.0 
202.0128176372317 3.03125 36.0 100.0 0.0 64.0 6802.0 
204.0128176372317 3.03125 36.0 100.0 0.0 64.0 6802.0 
206.0128176372317 3.0307692307692307 36.0 101.0 0.0 65.0 6905.0 
208.0128176372317 3.0307692307692307 37.0 102.0 0.0 65.0 6905.0 
210.0128176372317 3.0307692307692307 39.0 104.0 0.0 65.0 6905.0 
212.0128176372317 3.0307692307692307 40.0 105.0 0.0 65.0 6905.0 
214.0128176372317 3.0307692307692307 42.0 107.0 0.0 65.0 6905.0 
216.0128176372317 3.0307692307692307 43.0 108.0 0.0 65.0 6905.0 
218.0128176372317 3.0454545454545454 43.0 109.0 0.0 66.0 7008.0 
220.0128176372317 3.0454545454545454 45.0 111.0 0.0 66.0 7008.0 
222.0128176372317 3.0454545454545454 46.0 112.0 0.0 66.0 7008.0 
224.0128176372317 3.0454545454545454 46.0 112.0 0.0 66.0 7008.0 
226.0128176372317 3.044776119402985 46.0 112.0 0.0 67.0 7110.0 
228.0128176372317 3.0441176470588234 45.0 113.0 0.0 68.0 7213.0 
230.0128176372317 3.0434782608695654 45.0 114.0 0.0 69.0 7316.0 
232.0128176372317 3.0434782608695654 46.0 115.0 0.0 69.0 7316.0 
234.0128176372317 3.0434782608695654 46.0 115.0 0.0 69.0 7316.0 
236.0128176372317 3.0428571428571427 47.0 116.0 0.0 70.0 7419.0 
238.0128176372317 3.0428571428571427 47.0 117.0 0.0 70.0 7419.0 
240.0128176372317 3.0422535211267605 47.0 117.0 0.0 71.0 7521.0 
242.0128176372317 3.0416666666666665 49.0 120.0 0.0 72.0 7624.0 
244.0128176372317 3.0416666666666665 49.0 121.0 0.0 72.0 7624.0 
246.0128176372317 3.0416666666666665 49.0 122.0 0.0 72.0 7624.0 
248.0128176372317 3.0416666666666665 50.0 123.0 0.0 72.0 7624.0 
250.0128176372317 3.0405405405405403 50.0 124.0 0.0 74.0 7829.0 
252.0128176372317 3.04 50.0 124.0 0.0 75.0 7931.0 
254.0128176372317 3.039473684210526 48.0 124.0 0.0 76.0 8034.0 
256.0128176372317 3.038961038961039 48.0 125.0 0.0 77.0 8136.0 
258.0128176372317 3.038961038961039 48.0 125.0 0.0 77.0 8136.0 
260.0128176372317 3.038961038961039 48.0 125.0 0.0 77.0 8136.0 
262.0128176372317 3.038961038961039 49.0 126.0 0.0 77.0 8136.0 
264.0128176372317 3.038961038961039 50.0 127.0 0.0 77.0 8136.0 
266.0128176372317 3.038961038961039 50.0 127.0 0.0 77.0 8136.0 
268.0128176372317 3.0384615384615383 50.0 128.0 0.0 78.0 8287.0 
270.0128176372317 3.0384615384615383 51.0 129.0 0.0 78.0 8287.0 
272.0128176372317 3.037974683544304 51.0 129.0 0.0 79.0 8390.0 
274.0128176372317 3.1139240506329116 48.0 129.0 0.0 81.0 8596.0 
276.0128176372317 3.1125 48.0 129.0 0.0 82.0 8698.0 
278.0128176372317 3.1125 47.0 129.0 0.0 82.0 8698.0 
280.0128176372317 3.111111111111111 46.0 129.0 0.0 83.0 8800.0 
282.0128176372317 3.111111111111111 46.0 129.0 0.0 83.0 8800.0 
284.0128176372317 3.148148148148148 46.0 129.0 0.0 84.0 8903.0 
286.0128176372317 3.185185185185185 45.0 129.0 0.0 85.0 9005.0 
288.0128176372317 3.180722891566265 44.0 130.0 0.0 87.0 9210.0 
290.0128176372317 3.180722891566265 43.0 130.0 0.0 87.0 9210.0 
292.0128176372317 3.174418604651163 42.0 132.0 0.0 90.0 9517.0 
294.0128176372317 3.1724137931034484 41.0 132.0 0.0 91.0 9620.0 
296.0128176372317 3.1724137931034484 41.0 132.0 0.0 91.0 9620.0 
298.0128176372317 3.2045454545454546 41.0 133.0 0.0 93.0 9825.0 
300.0128176372317 3.2386363636363638 41.0 135.0 0.0 94.0 9928.0 
302.0128176372317 3.2386363636363638 42.0 136.0 0.0 94.0 9928.0 
304.0128176372317 3.2386363636363638 43.0 137.0 0.0 94.0 9928.0 
306.0128176372317 3.2386363636363638 43.0 137.0 0.0 94.0 9928.0 
308.0128176372317 3.2386363636363638 43.0 137.0 0.0 94.0 9928.0 
310.0128176372317 3.230769230769231 42.0 138.0 0.0 97.0 10326.0 
312.0128176372317 3.225806451612903 41.0 138.0 0.0 99.0 10547.0 
314.0128176372317 3.2580645161290325 39.0 139.0 0.0 100.0 10649.0 
316.0128176372317 3.2526315789473683 37.0 139.0 0.0 102.0 10853.0 
318.0128176372317 3.2842105263157895 38.0 140.0 0.0 103.0 10955.0 
320.0128176372317 3.2842105263157895 38.0 141.0 0.0 103.0 10955.0 
322.0128176372317 3.3473684210526313 37.0 141.0 0.0 105.0 11159.0 
324.0128176372317 3.3789473684210525 37.0 142.0 0.0 106.0 11261.0 
326.0128176372317 3.3789473684210525 37.0 143.0 0.0 106.0 11261.0 
328.0128176372317 3.3789473684210525 37.0 143.0 0.0 106.0 11261.0 
330.0128176372317 3.3789473684210525 38.0 145.0 0.0 106.0 11261.0 
332.0128176372317 3.442105263157895 37.0 145.0 0.0 108.0 11467.0 
334.0128176372317 3.4375 37.0 145.0 0.0 109.0 11570.0 
336.0128176372317 3.4375 38.0 147.0 0.0 109.0 11570.0 
338.0128176372317 3.46875 38.0 147.0 0.0 110.0 11672.0 
340.0128176372317 3.5 37.0 148.0 0.0 111.0 11774.0 
342.0128176372317 3.4948453608247423 36.0 148.0 0.0 112.0 12048.0 
344.0128176372317 3.5876288659793816 35.0 149.0 0.0 115.0 12354.0 
346.0128176372317 3.618556701030928 34.0 150.0 0.0 116.0 12456.0 
348.0128176372317 3.618556701030928 34.0 150.0 0.0 116.0 12456.0 
350.0128176372317 3.612244897959184 33.0 150.0 0.0 117.0 12559.0 
352.0128176372317 3.673469387755102 32.0 150.0 0.0 119.0 12765.0 
354.0128176372317 3.673469387755102 31.0 150.0 0.0 119.0 12765.0 
356.0128176372317 3.673469387755102 31.0 150.0 0.0 119.0 12765.0 
358.0128176372317 3.666666666666667 31.0 151.0 0.0 120.0 12868.0 
360.0128176372317 3.666666666666667 31.0 151.0 0.0 120.0 12868.0 
362.0128176372317 3.666666666666667 32.0 152.0 0.0 120.0 12868.0 
364.0128176372317 3.696969696969697 32.0 152.0 0.0 121.0 12971.0 
366.0128176372317 3.7272727272727275 34.0 155.0 0.0 122.0 13073.0 
368.0128176372317 3.7272727272727275 33.0 155.0 0.0 122.0 13073.0 
370.0128176372317 3.7272727272727275 37.0 159.0 0.0 122.0 13073.0 
372.0128176372317 3.757575757575758 37.0 159.0 0.0 123.0 13175.0 
374.0128176372317 3.757575757575758 37.0 160.0 0.0 123.0 13175.0 
376.0128176372317 3.757575757575758 37.0 160.0 0.0 123.0 13175.0 
378.0128176372317 3.757575757575758 37.0 160.0 0.0 123.0 13175.0 
380.0128176372317 3.757575757575758 38.0 162.0 0.0 123.0 13175.0 
382.0128176372317 3.757575757575758 41.0 164.0 0.0 123.0 13175.0 
384.0128176372317 3.757575757575758 41.0 164.0 0.0 123.0 13175.0 
386.0128176372317 3.757575757575758 41.0 165.0 0.0 123.0 13175.0 
388.0128176372317 3.757575757575758 42.0 165.0 0.0 123.0 13175.0 
390.0128176372317 3.7878787878787876 42.0 167.0 0.0 124.0 13278.0 
392.0128176372317 3.7878787878787876 44.0 168.0 0.0 124.0 13278.0 
394.0128176372317 3.7800000000000002 43.0 168.0 0.0 125.0 13380.0 
396.0128176372317 3.801980198019802 41.0 169.0 0.0 127.0 13661.0 
398.0128176372317 3.801980198019802 42.0 169.0 0.0 127.0 13661.0 
400.0128176372317 3.8316831683168315 41.0 169.0 0.0 128.0 13763.0 
402.0128176372317 3.8529411764705883 40.0 169.0 0.0 130.0 13999.0 
404.0128176372317 3.911764705882353 37.0 169.0 0.0 132.0 14204.0 
406.0128176372317 3.9411764705882355 37.0 169.0 0.0 133.0 14306.0 
408.0128176372317 3.9411764705882355 36.0 169.0 0.0 133.0 14306.0 
410.0128176372317 3.9411764705882355 37.0 170.0 0.0 133.0 14306.0 
412.0128176372317 3.9705882352941178 37.0 170.0 0.0 134.0 14409.0 
414.0128176372317 3.9705882352941178 36.0 170.0 0.0 134.0 14409.0 
416.0128176372317 4.0 35.0 170.0 0.0 135.0 14511.0 
418.0128176372317 4.0 36.0 171.0 0.0 135.0 14511.0 
420.0128176372317 4.029411764705882 37.0 172.0 0.0 136.0 14614.0 
422.0128176372317 4.029411764705882 37.0 173.0 0.0 136.0 14614.0 
424.0128176372317 4.029411764705882 37.0 173.0 0.0 136.0 14614.0 
426.0128176372317 4.0588235294117645 39.0 176.0 0.0 137.0 14717.0 
428.0128176372317 4.048543689320388 39.0 176.0 0.0 138.0 14819.0 
430.0128176372317 4.048543689320388 38.0 177.0 0.0 138.0 14819.0 
432.0128176372317 4.038461538461538 38.0 177.0 0.0 139.0 14921.0 
434.0128176372317 4.0673076923076925 37.0 177.0 0.0 140.0 15024.0 
436.0128176372317 4.0673076923076925 37.0 177.0 0.0 140.0 15024.0 
438.0128176372317 4.125 37.0 177.0 0.0 142.0 15229.0 
440.0128176372317 4.125 35.0 178.0 0.0 142.0 15229.0 
442.0128176372317 4.125 38.0 180.0 0.0 142.0 15229.0 
444.0128176372317 4.125 39.0 181.0 0.0 142.0 15229.0 
446.0128176372317 4.114285714285714 40.0 182.0 0.0 143.0 15331.0 
448.0128176372317 4.132075471698113 39.0 182.0 0.0 145.0 15541.0 
450.0128176372317 4.132075471698113 37.0 182.0 0.0 145.0 15541.0 
452.0128176372317 4.121495327102804 36.0 182.0 0.0 146.0 15948.0 
454.0128176372317 4.121495327102804 36.0 182.0 0.0 146.0 15948.0 
456.0128176372317 4.121495327102804 37.0 183.0 0.0 146.0 15948.0 
458.0128176372317 4.121495327102804 37.0 184.0 0.0 146.0 15948.0 
460.0128176372317 4.121495327102804 39.0 185.0 0.0 146.0 15948.0 
462.0128176372317 4.149532710280374 38.0 186.0 0.0 147.0 16051.0 
464.0128176372317 4.177570093457944 41.0 188.0 0.0 148.0 16153.0 
466.0128176372317 4.177570093457944 41.0 189.0 0.0 148.0 16153.0 
468.0128176372317 4.222222222222222 40.0 190.0 0.0 151.0 16459.0 
470.0128176372317 4.222222222222222 39.0 190.0 0.0 151.0 16459.0 
472.0128176372317 4.302752293577981 38.0 190.0 0.0 155.0 16868.0 
474.0128176372317 4.302752293577981 36.0 191.0 0.0 155.0 16868.0 
476.0128176372317 4.302752293577981 38.0 193.0 0.0 155.0 16868.0 
478.0128176372317 4.302752293577981 39.0 194.0 0.0 155.0 16868.0 
480.0128176372317 4.302752293577981 42.0 197.0 0.0 155.0 16868.0 
482.0128176372317 4.330275229357798 41.0 197.0 0.0 156.0 16970.0 
484.0128176372317 4.412844036697248 40.0 197.0 0.0 159.0 17279.0 
486.0128176372317 4.412844036697248 38.0 198.0 0.0 159.0 17279.0 
488.0128176372317 4.412844036697248 39.0 198.0 0.0 159.0 17279.0 
490.0128176372317 4.440366972477064 39.0 199.0 0.0 160.0 17382.0 
492.0128176372317 4.440366972477064 39.0 199.0 0.0 160.0 17382.0 
494.0128176372317 4.481818181818182 37.0 199.0 0.0 163.0 17691.0 
496.0128176372317 4.481818181818182 37.0 200.0 0.0 163.0 17691.0 
498.0128176372317 4.481818181818182 37.0 200.0 0.0 163.0 17691.0 
500.0128176372317 4.509090909090909 36.0 201.0 0.0 164.0 17794.0 
502.0128176372317 4.509090909090909 37.0 202.0 0.0 164.0 17794.0 
504.0128176372317 4.509090909090909 38.0 202.0 0.0 164.0 17794.0 
506.0128176372317 4.509090909090909 38.0 202.0 0.0 164.0 17794.0 
508.0128176372317 4.509090909090909 38.0 203.0 0.0 164.0 17794.0 
510.0128176372317 4.509090909090909 40.0 204.0 0.0 164.0 17794.0 
512.0128176372317 4.495495495495495 39.0 204.0 0.0 165.0 17896.0 
514.0128176372317 4.495495495495495 39.0 204.0 0.0 165.0 17896.0 
516.0128176372317 4.495495495495495 39.0 204.0 0.0 165.0 17896.0 
518.0128176372317 4.495495495495495 39.0 204.0 0.0 165.0 17896.0 
520.0128176372317 4.5225225225225225 40.0 207.0 0.0 166.0 17998.0 
522.0128176372317 4.5225225225225225 41.0 207.0 0.0 166.0 17998.0 
524.0128176372317 4.54954954954955 41.0 208.0 0.0 167.0 18100.0 
526.0128176372317 4.54954954954955 41.0 209.0 0.0 167.0 18100.0 
528.0128176372317 4.5625 40.0 210.0 0.0 169.0 18304.0 
530.0128176372317 4.589285714285714 40.0 210.0 0.0 170.0 18407.0 
532.0128176372317 4.589285714285714 41.0 211.0 0.0 170.0 18407.0 
534.0128176372317 4.616071428571429 40.0 211.0 0.0 171.0 18510.0 
536.0128176372317 4.616071428571429 40.0 212.0 0.0 171.0 18510.0 
538.0128176372317 4.616071428571429 42.0 213.0 0.0 171.0 18510.0 
540.0128176372317 4.616071428571429 42.0 213.0 0.0 171.0 18510.0 
542.0128176372317 4.616071428571429 42.0 213.0 0.0 171.0 18510.0 
544.0128176372317 4.696428571428571 42.0 214.0 0.0 174.0 18818.0 
546.0128176372317 4.68141592920354 40.0 214.0 0.0 175.0 18920.0 
548.0128176372317 4.707964601769912 39.0 215.0 0.0 176.0 19022.0 
550.0128176372317 4.707964601769912 41.0 218.0 0.0 176.0 19022.0 
552.0128176372317 4.707964601769912 43.0 220.0 0.0 176.0 19022.0 
554.0128176372317 4.707964601769912 46.0 222.0 0.0 176.0 19022.0 
556.0128176372317 4.707964601769912 46.0 223.0 0.0 176.0 19022.0 
558.0128176372317 4.734513274336283 46.0 223.0 0.0 177.0 19124.0 
560.0128176372317 4.734513274336283 46.0 223.0 0.0 177.0 19124.0 
562.0128176372317 4.814159292035399 44.0 223.0 0.0 180.0 19518.0 
564.0128176372317 4.814159292035399 44.0 224.0 0.0 180.0 19518.0 
566.0128176372317 4.893805309734513 43.0 224.0 0.0 183.0 19825.0 
568.0128176372317 4.920353982300885 40.0 224.0 0.0 184.0 19927.0 
570.0128176372317 4.95575221238938 39.0 224.0 0.0 185.0 20029.0 
572.0128176372317 4.95575221238938 40.0 226.0 0.0 185.0 20029.0 
574.0128176372317 4.95575221238938 41.0 226.0 0.0 185.0 20029.0 
576.0128176372317 4.982300884955753 41.0 227.0 0.0 186.0 20132.0 
578.0128176372317 5.035398230088496 41.0 228.0 0.0 188.0 20336.0 
580.0128176372317 5.061946902654867 39.0 228.0 0.0 189.0 20438.0 
582.0128176372317 5.0884955752212395 39.0 228.0 0.0 190.0 20540.0 
584.0128176372317 5.0884955752212395 38.0 228.0 0.0 190.0 20540.0 
586.0128176372317 5.0884955752212395 38.0 228.0 0.0 190.0 20540.0 
588.0128176372317 5.0884955752212395 38.0 229.0 0.0 190.0 20540.0 
590.0128176372317 5.11504424778761 38.0 229.0 0.0 191.0 20643.0 
592.0128176372317 5.0964912280701755 37.0 229.0 0.0 192.0 20745.0 
594.0128176372317 5.0964912280701755 38.0 230.0 0.0 192.0 20745.0 
596.0128176372317 5.0964912280701755 38.0 230.0 0.0 192.0 20745.0 
598.0128176372317 5.12280701754386 38.0 230.0 0.0 193.0 20848.0 
600.0128176372317 5.12280701754386 37.0 230.0 0.0 193.0 20848.0 
602.0128176372317 5.12280701754386 38.0 231.0 0.0 193.0 20848.0 
604.0128176372317 5.104347826086957 39.0 233.0 0.0 194.0 20951.0 
606.0128176372317 5.130434782608695 40.0 235.0 0.0 195.0 21054.0 
608.0128176372317 5.130434782608695 40.0 235.0 0.0 195.0 21054.0 
610.0128176372317 5.156521739130435 40.0 235.0 0.0 196.0 21245.0 
612.0128176372317 5.182608695652174 39.0 236.0 0.0 197.0 21347.0 
614.0128176372317 5.182608695652174 41.0 239.0 0.0 197.0 21347.0 
616.0128176372317 5.182608695652174 42.0 240.0 0.0 197.0 21347.0 
618.0128176372317 5.182608695652174 43.0 240.0 0.0 197.0 21347.0 
620.0128176372317 5.182608695652174 43.0 240.0 0.0 197.0 21347.0 
622.0128176372317 5.234782608695652 43.0 241.0 0.0 199.0 21553.0 
624.0128176372317 5.260869565217392 41.0 241.0 0.0 200.0 21656.0 
626.0128176372317 5.241379310344827 41.0 241.0 0.0 201.0 21759.0 
628.0128176372317 5.241379310344827 41.0 242.0 0.0 201.0 21759.0 
630.0128176372317 5.222222222222222 42.0 244.0 0.0 202.0 21862.0 
632.0128176372317 5.247863247863249 43.0 246.0 0.0 203.0 21965.0 
634.0128176372317 5.273504273504274 43.0 246.0 0.0 204.0 22067.0 
636.0128176372317 5.273504273504274 42.0 246.0 0.0 204.0 22067.0 
638.0128176372317 5.273504273504274 43.0 247.0 0.0 204.0 22067.0 
640.0128176372317 5.273504273504274 44.0 249.0 0.0 204.0 22067.0 
642.0128176372317 5.273504273504274 45.0 249.0 0.0 204.0 22067.0 
644.0128176372317 5.273504273504274 46.0 250.0 0.0 204.0 22067.0 
646.0128176372317 5.2991452991453 47.0 252.0 0.0 205.0 22169.0 
648.0128176372317 5.2991452991453 49.0 254.0 0.0 205.0 22169.0 
650.0128176372317 5.324786324786325 49.0 254.0 0.0 206.0 22271.0 
652.0128176372317 5.330508474576272 48.0 255.0 0.0 208.0 22476.0 
654.0128176372317 5.3613445378151265 46.0 255.0 0.0 211.0 23029.0 
656.0128176372317 5.436974789915967 42.0 256.0 0.0 214.0 23336.0 
658.0128176372317 5.436974789915967 42.0 257.0 0.0 214.0 23336.0 
660.0128176372317 5.416666666666666 43.0 258.0 0.0 215.0 23439.0 
662.0128176372317 5.416666666666666 44.0 259.0 0.0 215.0 23439.0 
664.0128176372317 5.416666666666666 45.0 260.0 0.0 215.0 23439.0 
666.0128176372317 5.441666666666666 44.0 260.0 0.0 216.0 23541.0 
668.0128176372317 5.466666666666667 45.0 261.0 0.0 217.0 23730.0 
670.0128176372317 5.466666666666667 45.0 262.0 0.0 217.0 23730.0 
672.0128176372317 5.446280991735537 45.0 262.0 0.0 218.0 24385.0 
674.0128176372317 5.471074380165289 45.0 263.0 0.0 219.0 24487.0 
676.0128176372317 5.4958677685950414 43.0 263.0 0.0 220.0 24590.0 
678.0128176372317 5.4958677685950414 44.0 264.0 0.0 220.0 24590.0 
680.0128176372317 5.5 44.0 265.0 0.0 222.0 24796.0 
682.0128176372317 5.524590163934426 45.0 267.0 0.0 223.0 24970.0 
684.0128176372317 5.524590163934426 45.0 268.0 0.0 223.0 24970.0 
686.0128176372317 5.524590163934426 46.0 269.0 0.0 223.0 24970.0 
688.0128176372317 5.524590163934426 47.0 270.0 0.0 223.0 24970.0 
690.0128176372317 5.524590163934426 47.0 270.0 0.0 223.0 24970.0 
692.0128176372317 5.549180327868852 46.0 270.0 0.0 224.0 25073.0 
694.0128176372317 5.549180327868852 48.0 272.0 0.0 224.0 25073.0 
696.0128176372317 5.573770491803279 49.0 273.0 0.0 225.0 25175.0 
698.0128176372317 5.573770491803279 48.0 274.0 0.0 225.0 25175.0 
700.0128176372317 5.573770491803279 49.0 274.0 0.0 225.0 25175.0 
702.0128176372317 5.573770491803279 49.0 275.0 0.0 225.0 25175.0 
704.0128176372317 5.573770491803279 52.0 277.0 0.0 225.0 25175.0 
706.0128176372317 5.647540983606557 50.0 277.0 0.0 228.0 25605.0 
708.0128176372317 5.696721311475409 49.0 278.0 0.0 230.0 25810.0 
710.0128176372317 5.696721311475409 48.0 278.0 0.0 230.0 25810.0 
712.0128176372317 5.696721311475409 48.0 278.0 0.0 230.0 25810.0 
714.0128176372317 5.721311475409836 48.0 279.0 0.0 231.0 25913.0 
716.0128176372317 5.770491803278689 48.0 280.0 0.0 233.0 26118.0 
718.0128176372317 5.795081967213115 47.0 281.0 0.0 234.0 26221.0 
720.0128176372317 5.819672131147541 46.0 281.0 0.0 235.0 26324.0 
722.0128176372317 5.819672131147541 46.0 281.0 0.0 235.0 26324.0 
724.0128176372317 5.819672131147541 46.0 282.0 0.0 235.0 26324.0 
726.0128176372317 5.844262295081967 47.0 283.0 0.0 236.0 26427.0 
728.0128176372317 5.844262295081967 48.0 284.0 0.0 236.0 26427.0 
730.0128176372317 5.868852459016393 48.0 284.0 0.0 237.0 26530.0 
732.0128176372317 5.845528455284553 47.0 285.0 0.0 238.0 26632.0 
734.0128176372317 5.894308943089431 46.0 287.0 0.0 240.0 26836.0 
736.0128176372317 5.91869918699187 47.0 287.0 0.0 241.0 26971.0 
738.0128176372317 5.91869918699187 46.0 287.0 0.0 241.0 26971.0 
740.0128176372317 5.943089430894308 48.0 289.0 0.0 242.0 27074.0 
742.0128176372317 5.943089430894308 49.0 292.0 0.0 242.0 27074.0 
744.0128176372317 5.967479674796747 50.0 293.0 0.0 243.0 27177.0 
746.0128176372317 5.991869918699187 51.0 294.0 0.0 244.0 27280.0 
748.0128176372317 6.040650406504065 49.0 295.0 0.0 246.0 27484.0 
750.0128176372317 6.0894308943089435 49.0 296.0 0.0 248.0 27689.0 
752.0128176372317 6.0894308943089435 48.0 297.0 0.0 248.0 27689.0 
754.0128176372317 6.1138211382113825 48.0 297.0 0.0 249.0 27791.0 
756.0128176372317 6.1138211382113825 49.0 298.0 0.0 249.0 27791.0 
758.0128176372317 6.138211382113821 48.0 299.0 0.0 250.0 27893.0 
760.0128176372317 6.138211382113821 49.0 299.0 0.0 250.0 27893.0 
762.0128176372317 6.186991869918699 48.0 299.0 0.0 252.0 28099.0 
764.0128176372317 6.211382113821138 47.0 299.0 0.0 253.0 28201.0 
766.0128176372317 6.209677419354838 45.0 300.0 0.0 255.0 28940.0 
768.0128176372317 6.209677419354838 45.0 300.0 0.0 255.0 28940.0 
770.0128176372317 6.233870967741935 44.0 300.0 0.0 256.0 29042.0 
772.0128176372317 6.258064516129032 44.0 301.0 0.0 257.0 29144.0 
774.0128176372317 6.258064516129032 45.0 302.0 0.0 257.0 29144.0 
776.0128176372317 6.282258064516129 45.0 302.0 0.0 258.0 29246.0 
778.0128176372317 6.282258064516129 45.0 304.0 0.0 258.0 29246.0 
780.0128176372317 6.282258064516129 47.0 305.0 0.0 258.0 29246.0 
782.0128176372317 6.306451612903226 50.0 309.0 0.0 259.0 29348.0 
784.0128176372317 6.379032258064516 50.0 309.0 0.0 262.0 29660.0 
786.0128176372317 6.403225806451613 47.0 309.0 0.0 263.0 29763.0 
788.0128176372317 6.427419354838709 46.0 309.0 0.0 264.0 29865.0 
790.0128176372317 6.451612903225806 47.0 312.0 0.0 265.0 29968.0 
792.0128176372317 6.451612903225806 47.0 312.0 0.0 265.0 29968.0 
794.0128176372317 6.451612903225806 47.0 312.0 0.0 265.0 29968.0 
796.0128176372317 6.448 47.0 312.0 0.0 267.0 30172.0 
798.0128176372317 6.4719999999999995 45.0 313.0 0.0 268.0 30274.0 
800.0128176372317 6.4719999999999995 45.0 313.0 0.0 268.0 30274.0 
802.0128176372317 6.4959999999999996 44.0 313.0 0.0 269.0 30377.0 
804.0128176372317 6.4959999999999996 44.0 313.0 0.0 269.0 30377.0 
806.0128176372317 6.5680000000000005 43.0 315.0 0.0 272.0 31177.0 
808.0128176372317 6.5680000000000005 44.0 318.0 0.0 272.0 31177.0 
810.0128176372317 6.5920000000000005 48.0 320.0 0.0 273.0 31280.0 
812.0128176372317 6.5920000000000005 47.0 320.0 0.0 273.0 31280.0 
814.0128176372317 6.5920000000000005 47.0 320.0 0.0 273.0 31280.0 
816.0128176372317 6.5920000000000005 47.0 320.0 0.0 273.0 31280.0 
818.0128176372317 6.64 47.0 321.0 0.0 275.0 31486.0 
820.0128176372317 6.68 46.0 321.0 0.0 276.0 31589.0 
822.0128176372317 6.704 45.0 322.0 0.0 277.0 31771.0 
824.0128176372317 6.704 45.0 322.0 0.0 277.0 31771.0 
826.0128176372317 6.704 45.0 322.0 0.0 277.0 31771.0 
828.0128176372317 6.752 45.0 323.0 0.0 279.0 31977.0 
830.0128176372317 6.776 44.0 323.0 0.0 280.0 32080.0 
832.0128176372317 6.776 44.0 325.0 0.0 280.0 32080.0 
834.0128176372317 6.776 45.0 325.0 0.0 280.0 32080.0 
836.0128176372317 6.8 44.0 325.0 0.0 281.0 32183.0 
838.0128176372317 6.848 42.0 325.0 0.0 283.0 32389.0 
840.0128176372317 6.848 42.0 325.0 0.0 283.0 32389.0 
842.0128176372317 6.896 42.0 326.0 0.0 285.0 32593.0 
844.0128176372317 6.944 42.0 327.0 0.0 287.0 32798.0 
846.0128176372317 6.992 41.0 329.0 0.0 289.0 33004.0 
848.0128176372317 7.016 39.0 329.0 0.0 290.0 33106.0 
850.0128176372317 7.016 39.0 330.0 0.0 290.0 33106.0 
852.0128176372317 7.04 39.0 330.0 0.0 291.0 33209.0 
854.0128176372317 7.064 38.0 330.0 0.0 292.0 33312.0 
856.0128176372317 7.088 37.0 330.0 0.0 293.0 33415.0 
858.0128176372317 7.112 37.0 330.0 0.0 294.0 33518.0 
860.0128176372317 7.112 36.0 331.0 0.0 294.0 33518.0 
862.0128176372317 7.136 36.0 332.0 0.0 295.0 33621.0 
864.0128176372317 7.136 37.0 332.0 0.0 295.0 33621.0 
866.0128176372317 7.136 38.0 333.0 0.0 295.0 33621.0 
868.0128176372317 7.136 38.0 335.0 0.0 295.0 33621.0 
870.0128176372317 7.16 40.0 336.0 0.0 296.0 33724.0 
872.0128176372317 7.16 40.0 336.0 0.0 296.0 33724.0 
874.0128176372317 7.184 41.0 338.0 0.0 297.0 33826.0 
876.0128176372317 7.208 42.0 339.0 0.0 298.0 33928.0 
878.0128176372317 7.208 41.0 339.0 0.0 298.0 33928.0 
880.0128176372317 7.232 41.0 339.0 0.0 299.0 34031.0 
882.0128176372317 7.279999999999999 40.0 341.0 0.0 301.0 34237.0 
884.0128176372317 7.352 39.0 341.0 0.0 304.0 34544.0 
886.0128176372317 7.3759999999999994 36.0 341.0 0.0 305.0 34647.0 
888.0128176372317 7.3759999999999994 37.0 342.0 0.0 305.0 34647.0 
890.0099533268851 7.3759999999999994 37.0 342.0 0.0 305.0 34647.0 
892.0128176372317 7.424 37.0 343.0 0.0 307.0 34851.0 
894.0128176372317 7.448 37.0 345.0 0.0 308.0 34954.0 
896.0128176372317 7.448 38.0 346.0 0.0 308.0 34954.0 
898.0128176372317 7.448 38.0 346.0 0.0 308.0 34954.0 
900.0128176372317 7.4719999999999995 38.0 347.0 0.0 309.0 35056.0 
#####################################################################
# End of data export. Simulation finished at: 2020-02-12T07:52+0000 #
#####################################################################
