#####################################################################
# Alchemist log file - simulation started at: 2020-02-22T18:28+0000 #
#####################################################################
# seed = 98.0, taskFrequency = 0.0075, cloudcost = 3.0, algorithm = false
#
# The columns have the following meaning: 
# time taskHops[Mean] hasTask[Sum] tasks[Sum] completedTasks[Sum] giveupTasks[Sum] taskLatency[Sum] 
0.0 NaN 0.0 0.0 0.0 0.0 0.0 
2.0188976680599775 NaN 5.0 6.0 0.0 0.0 0.0 
4.018897668059978 NaN 7.0 8.0 0.0 0.0 0.0 
6.018897668059978 NaN 9.0 10.0 0.0 0.0 0.0 
8.018897668059978 NaN 12.0 12.0 0.0 0.0 0.0 
10.018897668059978 NaN 12.0 12.0 0.0 0.0 0.0 
12.018897668059978 NaN 13.0 14.0 0.0 0.0 0.0 
14.018897668059978 NaN 15.0 16.0 0.0 0.0 0.0 
16.018897668059978 NaN 18.0 21.0 0.0 0.0 0.0 
18.018897668059978 NaN 24.0 24.0 0.0 0.0 0.0 
20.018897668059978 NaN 25.0 26.0 0.0 0.0 0.0 
22.018897668059978 NaN 27.0 27.0 0.0 0.0 0.0 
24.018897668059978 NaN 29.0 29.0 0.0 0.0 0.0 
26.018897668059978 NaN 31.0 31.0 0.0 0.0 0.0 
28.018897668059978 NaN 33.0 33.0 0.0 0.0 0.0 
30.018897668059978 NaN 33.0 34.0 0.0 0.0 0.0 
32.01889766805998 NaN 35.0 35.0 0.0 0.0 0.0 
34.01889766805998 NaN 38.0 38.0 0.0 0.0 0.0 
36.01889766805998 NaN 39.0 39.0 0.0 0.0 0.0 
38.01889766805998 NaN 39.0 40.0 0.0 0.0 0.0 
40.01889766805998 NaN 42.0 42.0 0.0 0.0 0.0 
42.01889766805998 NaN 43.0 44.0 0.0 0.0 0.0 
44.01889766805998 NaN 45.0 46.0 0.0 0.0 0.0 
46.01889766805998 NaN 46.0 47.0 0.0 0.0 0.0 
48.01889766805998 NaN 49.0 49.0 0.0 0.0 0.0 
50.01889766805998 NaN 51.0 51.0 0.0 0.0 0.0 
52.01889766805998 NaN 52.0 52.0 0.0 0.0 0.0 
54.01889766805998 NaN 53.0 53.0 0.0 0.0 0.0 
56.01889766805998 NaN 53.0 53.0 0.0 0.0 0.0 
58.01889766805998 NaN 53.0 53.0 0.0 0.0 0.0 
60.01889766805998 NaN 53.0 53.0 0.0 0.0 0.0 
62.01889766805998 NaN 53.0 53.0 0.0 0.0 0.0 
64.01889766805998 NaN 53.0 53.0 0.0 0.0 0.0 
66.01889766805998 NaN 54.0 54.0 0.0 0.0 0.0 
68.01889766805998 NaN 55.0 55.0 0.0 0.0 0.0 
70.01889766805998 NaN 57.0 57.0 0.0 0.0 0.0 
72.01889766805998 NaN 59.0 60.0 0.0 0.0 0.0 
74.01889766805998 NaN 60.0 60.0 0.0 0.0 0.0 
76.01889766805998 NaN 61.0 61.0 0.0 0.0 0.0 
78.01889766805998 NaN 61.0 62.0 0.0 0.0 0.0 
80.01889766805998 NaN 62.0 62.0 0.0 0.0 0.0 
82.01889766805998 NaN 62.0 62.0 0.0 0.0 0.0 
84.01889766805998 NaN 62.0 62.0 0.0 0.0 0.0 
86.01889766805998 NaN 64.0 64.0 0.0 0.0 0.0 
88.01889766805998 NaN 65.0 65.0 0.0 0.0 0.0 
90.01889766805998 NaN 65.0 65.0 0.0 0.0 0.0 
92.01889766805998 NaN 66.0 67.0 0.0 0.0 0.0 
94.01889766805998 NaN 69.0 69.0 0.0 0.0 0.0 
96.01889766805998 NaN 69.0 69.0 0.0 0.0 0.0 
98.01889766805998 NaN 69.0 69.0 0.0 0.0 0.0 
100.01889766805998 NaN 69.0 69.0 0.0 0.0 0.0 
102.01889766805998 NaN 69.0 69.0 0.0 0.0 0.0 
104.01889766805998 3.0 69.0 69.0 0.0 1.0 102.0 
106.01889766805998 3.0 68.0 69.0 0.0 1.0 102.0 
108.01889766805998 3.0 66.0 69.0 0.0 4.0 418.0 
110.01889766805998 3.0 64.0 69.0 0.0 5.0 521.0 
112.01889766805998 3.0 64.0 70.0 0.0 6.0 631.0 
114.01514493732063 3.0 65.0 72.0 0.0 8.0 840.0 
116.01889766805998 3.0 64.0 73.0 0.0 10.0 1046.0 
118.0088798419327 3.0 62.0 74.0 0.0 12.0 1264.0 
120.01889766805998 3.0 60.0 75.0 0.0 17.0 1779.0 
122.01889766805998 3.0 58.0 76.0 0.0 19.0 1996.0 
124.01889766805998 3.0 54.0 76.0 0.0 23.0 2427.0 
126.01889766805998 3.0 52.0 76.0 0.0 25.0 2632.0 
128.00694041348322 3.0 51.0 77.0 0.0 27.0 2847.0 
130.01889766806 3.0 52.0 79.0 0.0 28.0 2950.0 
132.00472893371952 3.0 52.0 81.0 0.0 30.0 3210.0 
134.01889766806 3.0 52.0 82.0 0.0 31.0 3313.0 
136.01889766806 3.0 52.0 83.0 0.0 33.0 3518.0 
138.01889766806 3.0 50.0 84.0 0.0 34.0 3620.0 
140.01889766806 3.0 50.0 85.0 0.0 34.0 3620.0 
142.01889766806 3.0 52.0 87.0 0.0 36.0 3825.0 
144.01889766806 3.0 51.0 87.0 0.0 37.0 3928.0 
146.01889766806 3.0 49.0 87.0 0.0 39.0 4133.0 
148.01889766806 3.0 48.0 89.0 0.0 40.0 4236.0 
150.01889766806 3.0 47.0 89.0 0.0 43.0 4544.0 
152.01889766806 3.0 46.0 89.0 0.0 45.0 4749.0 
154.01889766806 3.0 46.0 91.0 0.0 46.0 4851.0 
156.01889766806 3.0 46.0 92.0 0.0 47.0 4954.0 
158.01889766806 3.0 47.0 94.0 0.0 47.0 4954.0 
160.01889766806 3.0 47.0 95.0 0.0 48.0 5079.0 
162.01889766806 3.0 47.0 95.0 0.0 48.0 5079.0 
164.01889766806 3.0 47.0 95.0 0.0 48.0 5079.0 
166.01889766806 3.0 47.0 95.0 0.0 48.0 5079.0 
168.01889766806 3.0 47.0 96.0 0.0 49.0 5181.0 
170.01889766806 3.0 48.0 98.0 0.0 50.0 5284.0 
172.01889766806 3.0 47.0 98.0 0.0 51.0 5386.0 
174.01889766806 3.0 45.0 98.0 0.0 53.0 5590.0 
176.01889766806 3.0 44.0 98.0 0.0 54.0 5693.0 
178.01889766806 3.0 47.0 101.0 0.0 55.0 5795.0 
180.01889766806 3.0 47.0 102.0 0.0 55.0 5795.0 
182.01889766806 3.0 49.0 105.0 0.0 56.0 5898.0 
184.01889766806 3.0 49.0 105.0 0.0 56.0 5898.0 
186.01889766806 3.0 49.0 105.0 0.0 56.0 5898.0 
188.01889766806 3.0 49.0 106.0 0.0 58.0 6103.0 
190.01889766806 3.0 49.0 109.0 0.0 59.0 6206.0 
192.01889766806 3.0 51.0 111.0 0.0 59.0 6206.0 
194.01889766806 3.0 52.0 112.0 0.0 60.0 6308.0 
196.01889766806 3.0 53.0 113.0 0.0 61.0 6410.0 
198.01889766806 3.0 54.0 115.0 0.0 61.0 6410.0 
200.01889766806 3.0 55.0 116.0 0.0 61.0 6410.0 
202.01889766806 3.0 55.0 116.0 0.0 61.0 6410.0 
204.01889766806 3.0 55.0 116.0 0.0 61.0 6410.0 
206.01889766806 3.0 55.0 116.0 0.0 61.0 6410.0 
208.01889766806 3.0 55.0 116.0 0.0 61.0 6410.0 
210.01889766806 3.0 56.0 117.0 0.0 61.0 6410.0 
212.01889766806 3.0 56.0 117.0 0.0 61.0 6410.0 
214.01889766806 3.0 55.0 117.0 0.0 62.0 6512.0 
216.01889766806 3.0 55.0 118.0 0.0 64.0 6716.0 
218.01889766806 3.0 54.0 119.0 0.0 65.0 6905.0 
220.01889766806 3.0 54.0 119.0 0.0 65.0 6905.0 
222.01889766806 3.046153846153846 55.0 121.0 0.0 66.0 7007.0 
224.01889766806 3.044776119402985 54.0 122.0 0.0 68.0 7212.0 
226.01889766806 3.044776119402985 54.0 122.0 0.0 68.0 7212.0 
228.01889766806 3.0441176470588234 54.0 123.0 0.0 69.0 7399.0 
230.01889766806 3.0441176470588234 54.0 123.0 0.0 69.0 7399.0 
232.01889766806 3.0422535211267605 54.0 124.0 0.0 72.0 7707.0 
234.01889766806 3.041095890410959 51.0 124.0 0.0 74.0 7911.0 
236.01889766806 3.0405405405405403 50.0 124.0 0.0 75.0 8013.0 
238.01889766806 3.081081081081081 49.0 125.0 0.0 76.0 8115.0 
240.01889766806 3.081081081081081 50.0 126.0 0.0 76.0 8115.0 
242.01889766806 3.08 49.0 126.0 0.0 77.0 8218.0 
244.01889766806 3.076923076923077 47.0 127.0 0.0 80.0 8526.0 
246.01889766806 3.076923076923077 47.0 128.0 0.0 80.0 8526.0 
248.01889766806 3.0759493670886076 47.0 128.0 0.0 81.0 8681.0 
250.01889766806 3.075 47.0 129.0 0.0 82.0 8783.0 
252.01889766806 3.074074074074074 46.0 129.0 0.0 83.0 8886.0 
254.01889766806 3.074074074074074 48.0 131.0 0.0 83.0 8886.0 
256.01889766806 3.1097560975609757 48.0 132.0 0.0 85.0 9091.0 
258.01889766806 3.1463414634146343 47.0 132.0 0.0 86.0 9194.0 
260.01889766806 3.2195121951219514 47.0 133.0 0.0 88.0 9400.0 
262.01889766806 3.216867469879518 45.0 133.0 0.0 89.0 9502.0 
264.01889766806 3.216867469879518 45.0 134.0 0.0 89.0 9502.0 
266.01889766806 3.216867469879518 46.0 135.0 0.0 89.0 9502.0 
268.01889766806 3.216867469879518 47.0 136.0 0.0 89.0 9502.0 
270.01889766806 3.253012048192771 46.0 136.0 0.0 90.0 9604.0 
272.01889766806 3.289156626506024 45.0 137.0 0.0 91.0 9707.0 
274.01889766806 3.3253012048192767 45.0 137.0 0.0 92.0 9810.0 
276.01889766806 3.3253012048192767 45.0 137.0 0.0 92.0 9810.0 
278.01889766806 3.3253012048192767 46.0 138.0 0.0 92.0 9810.0 
280.01889766806 3.3488372093023253 46.0 139.0 0.0 96.0 10366.0 
282.01889766806 3.383720930232558 42.0 139.0 0.0 97.0 10468.0 
284.01889766806 3.4431818181818183 42.0 140.0 0.0 101.0 10964.0 
286.01889766806 3.4431818181818183 39.0 142.0 0.0 101.0 10964.0 
288.01889766806 3.4431818181818183 41.0 143.0 0.0 101.0 10964.0 
290.01889766806 3.4431818181818183 44.0 145.0 0.0 101.0 10964.0 
292.01889766806 3.433333333333333 43.0 145.0 0.0 103.0 11170.0 
294.01889766806 3.4565217391304346 40.0 145.0 0.0 106.0 11479.0 
296.01889766806 3.4565217391304346 39.0 145.0 0.0 106.0 11479.0 
298.01889766806 3.4891304347826084 38.0 145.0 0.0 107.0 11582.0 
300.01889766806 3.473684210526316 37.0 145.0 0.0 110.0 12070.0 
302.01889766806 3.46875 36.0 146.0 0.0 111.0 12172.0 
304.01889766806 3.46875 35.0 146.0 0.0 111.0 12172.0 
306.01889766806 3.46875 35.0 148.0 0.0 111.0 12172.0 
308.01889766806 3.46875 37.0 148.0 0.0 111.0 12172.0 
310.01889766806 3.46875 38.0 149.0 0.0 111.0 12172.0 
312.01889766806 3.5 38.0 149.0 0.0 112.0 12274.0 
314.0142934865337 3.5 38.0 151.0 0.0 112.0 12274.0 
316.01889766806 3.5 41.0 153.0 0.0 112.0 12274.0 
318.01889766806 3.4948453608247423 41.0 153.0 0.0 113.0 12377.0 
320.01889766806 3.5257731958762886 39.0 154.0 0.0 114.0 12479.0 
322.01889766806 3.5257731958762886 41.0 156.0 0.0 114.0 12479.0 
324.01889766806 3.515151515151515 43.0 160.0 0.0 116.0 12684.0 
326.01889766806 3.545454545454546 45.0 162.0 0.0 117.0 12786.0 
328.01889766806 3.545454545454546 46.0 163.0 0.0 117.0 12786.0 
330.01889766806 3.54 46.0 163.0 0.0 118.0 12889.0 
332.01889766806 3.54 45.0 163.0 0.0 118.0 12889.0 
334.01889766806 3.57 45.0 163.0 0.0 119.0 12991.0 
336.01889766806 3.57 44.0 163.0 0.0 119.0 12991.0 
338.01889766806 3.57 44.0 164.0 0.0 119.0 12991.0 
340.01889766806 3.57 45.0 165.0 0.0 119.0 12991.0 
342.01889766806 3.57 46.0 165.0 0.0 119.0 12991.0 
344.01889766806 3.57 46.0 165.0 0.0 119.0 12991.0 
346.01889766806 3.57 48.0 167.0 0.0 119.0 12991.0 
348.01889766806 3.6 48.0 168.0 0.0 120.0 13094.0 
350.01889766806 3.6300000000000003 48.0 169.0 0.0 121.0 13197.0 
352.01889766806 3.6300000000000003 48.0 169.0 0.0 121.0 13197.0 
354.01889766806 3.66 48.0 170.0 0.0 122.0 13300.0 
356.01889766806 3.7199999999999998 48.0 170.0 0.0 124.0 13566.0 
358.01889766806 3.7199999999999998 48.0 172.0 0.0 124.0 13566.0 
360.01889766806 3.7199999999999998 48.0 172.0 0.0 124.0 13566.0 
362.01889766806 3.7199999999999998 48.0 173.0 0.0 124.0 13566.0 
364.01889766806 3.7199999999999998 49.0 174.0 0.0 124.0 13566.0 
366.01889766806 3.75 51.0 175.0 0.0 125.0 13669.0 
368.01889766806 3.75 50.0 175.0 0.0 125.0 13669.0 
370.01889766806 3.742574257425743 49.0 175.0 0.0 126.0 13771.0 
372.01889766806 3.742574257425743 49.0 175.0 0.0 126.0 13771.0 
374.01889766806 3.742574257425743 50.0 176.0 0.0 126.0 13771.0 
376.01889766806 3.7352941176470593 50.0 177.0 0.0 127.0 13908.0 
378.01889766806 3.7352941176470593 50.0 177.0 0.0 127.0 13908.0 
380.01889766806 3.7647058823529407 51.0 179.0 0.0 128.0 14010.0 
382.0017273027845 3.757281553398058 51.0 182.0 0.0 129.0 14112.0 
384.01889766806 3.757281553398058 53.0 182.0 0.0 129.0 14112.0 
386.01889766806 3.8155339805825244 53.0 183.0 0.0 131.0 14363.0 
388.01889766806 3.8155339805825244 54.0 185.0 0.0 131.0 14363.0 
390.01889766806 3.87378640776699 54.0 188.0 0.0 133.0 14569.0 
392.01889766806 3.923076923076923 55.0 189.0 0.0 136.0 14877.0 
394.01889766806 3.923076923076923 53.0 189.0 0.0 136.0 14877.0 
396.01889766806 3.923076923076923 53.0 190.0 0.0 136.0 14877.0 
398.01889766806 3.923076923076923 54.0 191.0 0.0 136.0 14877.0 
400.01889766806 3.980769230769231 56.0 192.0 0.0 138.0 15209.0 
402.01889766806 3.980769230769231 55.0 193.0 0.0 138.0 15209.0 
404.01889766806 4.009615384615385 57.0 195.0 0.0 139.0 15312.0 
406.01889766806 4.038461538461538 55.0 195.0 0.0 140.0 15463.0 
408.01889766806 4.038461538461538 56.0 197.0 0.0 140.0 15463.0 
410.01889766806 4.0673076923076925 56.0 197.0 0.0 141.0 15566.0 
412.01889766806 4.096153846153846 57.0 199.0 0.0 142.0 15668.0 
414.01889766806 4.096153846153846 58.0 200.0 0.0 142.0 15668.0 
416.01889766806 4.125 59.0 202.0 0.0 143.0 15770.0 
418.01889766806 4.132075471698113 58.0 202.0 0.0 146.0 16078.0 
420.01889766806 4.132075471698113 56.0 202.0 0.0 146.0 16078.0 
422.01889766806 4.132075471698113 57.0 203.0 0.0 146.0 16078.0 
424.01889766806 4.149532710280374 55.0 204.0 0.0 148.0 16283.0 
426.01889766806 4.194444444444445 56.0 205.0 0.0 151.0 16591.0 
428.01889766806 4.2272727272727275 52.0 205.0 0.0 155.0 17062.0 
430.01889766806 4.281818181818182 49.0 205.0 0.0 157.0 17268.0 
432.01889766806 4.281818181818182 48.0 205.0 0.0 157.0 17268.0 
434.01889766806 4.281818181818182 48.0 205.0 0.0 157.0 17268.0 
436.01889766806 4.281818181818182 49.0 207.0 0.0 157.0 17268.0 
438.0094029011118 4.281818181818182 51.0 208.0 0.0 157.0 17268.0 
440.01889766806 4.281818181818182 53.0 210.0 0.0 157.0 17268.0 
442.01889766806 4.3090909090909095 52.0 210.0 0.0 158.0 17371.0 
444.01889766806 4.336363636363636 52.0 214.0 0.0 159.0 17474.0 
446.01889766806 4.336363636363636 55.0 215.0 0.0 159.0 17474.0 
448.01889766806 4.390909090909091 56.0 215.0 0.0 161.0 17678.0 
450.01889766806 4.418181818181818 54.0 216.0 0.0 162.0 17780.0 
452.01889766806 4.445454545454545 53.0 216.0 0.0 163.0 17882.0 
454.01889766806 4.445454545454545 53.0 216.0 0.0 163.0 17882.0 
456.01889766806 4.472727272727273 53.0 216.0 0.0 164.0 17984.0 
458.01889766806 4.472727272727273 52.0 216.0 0.0 164.0 17984.0 
460.01889766806 4.486486486486486 52.0 216.0 0.0 166.0 18189.0 
462.01889766806 4.486486486486486 50.0 217.0 0.0 166.0 18189.0 
464.01889766806 4.513513513513514 51.0 219.0 0.0 167.0 18393.0 
466.01889766806 4.54054054054054 51.0 219.0 0.0 168.0 18496.0 
468.01889766806 4.594594594594595 49.0 219.0 0.0 170.0 18701.0 
470.01889766806 4.594594594594595 49.0 220.0 0.0 170.0 18701.0 
472.01889766806 4.594594594594595 50.0 220.0 0.0 170.0 18701.0 
474.01889766806 4.580357142857143 51.0 221.0 0.0 171.0 19106.0 
476.01889766806 4.580357142857143 50.0 221.0 0.0 171.0 19106.0 
478.01889766806 4.580357142857143 50.0 221.0 0.0 171.0 19106.0 
480.01889766806 4.580357142857143 50.0 221.0 0.0 171.0 19106.0 
482.01889766806 4.607142857142857 51.0 222.0 0.0 172.0 19209.0 
484.01889766806 4.633928571428571 51.0 225.0 0.0 173.0 19312.0 
486.01889766806 4.7142857142857135 49.0 225.0 0.0 176.0 19620.0 
488.01889766806 4.741071428571429 50.0 227.0 0.0 177.0 19722.0 
490.01889766806 4.794642857142857 49.0 228.0 0.0 179.0 19927.0 
492.01889766806 4.8053097345132745 51.0 230.0 0.0 181.0 20132.0 
494.01889766806 4.831858407079646 50.0 231.0 0.0 182.0 20235.0 
496.01889766806 4.831858407079646 50.0 232.0 0.0 182.0 20235.0 
498.01889766806 4.815789473684211 49.0 233.0 0.0 183.0 20426.0 
500.01889766806 4.850877192982456 50.0 234.0 0.0 184.0 20529.0 
502.01889766806 4.9035087719298245 50.0 235.0 0.0 186.0 20735.0 
504.01889766806 4.9298245614035086 48.0 235.0 0.0 187.0 20837.0 
506.01889766806 4.982456140350878 49.0 238.0 0.0 189.0 21042.0 
508.01889766806 4.982456140350878 50.0 239.0 0.0 189.0 21042.0 
510.01889766806 5.008771929824562 50.0 240.0 0.0 190.0 21145.0 
512.0188976680599 5.035087719298245 51.0 242.0 0.0 191.0 21248.0 
514.0188976680599 5.087719298245615 51.0 242.0 0.0 193.0 21454.0 
516.0188976680599 5.114035087719298 48.0 242.0 0.0 194.0 21556.0 
518.0188976680599 5.121739130434783 47.0 242.0 0.0 196.0 21761.0 
520.0188976680599 5.121739130434783 46.0 242.0 0.0 196.0 21761.0 
522.0188976680599 5.121739130434783 46.0 242.0 0.0 196.0 21761.0 
524.0188976680599 5.147826086956522 46.0 242.0 0.0 197.0 21863.0 
526.0188976680599 5.147826086956522 46.0 243.0 0.0 197.0 21863.0 
528.0188976680599 5.200000000000001 44.0 243.0 0.0 199.0 22068.0 
530.0188976680599 5.200000000000001 45.0 244.0 0.0 199.0 22068.0 
532.0188976680599 5.200000000000001 45.0 245.0 0.0 199.0 22068.0 
534.0188976680599 5.200000000000001 48.0 247.0 0.0 199.0 22068.0 
536.0188976680599 5.200000000000001 49.0 248.0 0.0 199.0 22068.0 
538.0188976680599 5.226086956521739 48.0 248.0 0.0 200.0 22170.0 
540.0188976680599 5.2782608695652184 47.0 249.0 0.0 202.0 22376.0 
542.0188976680599 5.304347826086956 46.0 249.0 0.0 203.0 22478.0 
544.0188976680599 5.304347826086956 46.0 249.0 0.0 203.0 22478.0 
546.0188976680599 5.304347826086956 46.0 249.0 0.0 203.0 22478.0 
548.0188976680599 5.3826086956521735 43.0 249.0 0.0 206.0 22787.0 
550.0145378995234 5.434782608695652 42.0 249.0 0.0 208.0 23064.0 
552.0188976680599 5.460869565217392 41.0 250.0 0.0 209.0 23166.0 
554.0188976680599 5.460869565217392 41.0 250.0 0.0 209.0 23166.0 
556.0188976680599 5.460869565217392 43.0 252.0 0.0 209.0 23166.0 
558.0188976680599 5.460869565217392 44.0 253.0 0.0 209.0 23166.0 
560.0188976680599 5.460869565217392 44.0 256.0 0.0 209.0 23166.0 
562.0188976680599 5.460869565217392 47.0 258.0 0.0 209.0 23166.0 
564.0188976680599 5.460869565217392 49.0 258.0 0.0 209.0 23166.0 
566.0188976680599 5.486956521739129 48.0 258.0 0.0 210.0 23269.0 
568.0188976680599 5.513043478260871 48.0 259.0 0.0 211.0 23372.0 
570.0188976680599 5.513043478260871 48.0 259.0 0.0 211.0 23372.0 
572.0188976680599 5.513043478260871 48.0 259.0 0.0 211.0 23372.0 
574.0188976680599 5.491379310344828 47.0 259.0 0.0 212.0 23475.0 
576.0188976680599 5.517241379310345 47.0 259.0 0.0 213.0 23577.0 
578.0188976680599 5.517241379310345 46.0 259.0 0.0 213.0 23577.0 
580.0188976680599 5.517241379310345 48.0 261.0 0.0 213.0 23577.0 
582.0188976680599 5.517241379310345 49.0 262.0 0.0 213.0 23577.0 
584.0188976680599 5.543103448275863 49.0 263.0 0.0 214.0 23679.0 
586.0188976680599 5.594827586206897 49.0 263.0 0.0 216.0 23884.0 
588.0188976680599 5.620689655172415 47.0 264.0 0.0 217.0 23987.0 
590.0188976680599 5.620689655172415 47.0 264.0 0.0 217.0 23987.0 
592.0188976680599 5.646551724137932 46.0 264.0 0.0 218.0 24090.0 
594.0188976680599 5.675213675213675 44.0 264.0 0.0 221.0 24397.0 
596.0188976680599 5.675213675213675 44.0 266.0 0.0 221.0 24397.0 
598.0188976680599 5.6525423728813555 45.0 266.0 0.0 222.0 24500.0 
600.0188976680599 5.6525423728813555 44.0 268.0 0.0 222.0 24500.0 
602.0188976680599 5.655462184873949 44.0 269.0 0.0 224.0 24705.0 
604.0188976680599 5.680672268907562 45.0 269.0 0.0 225.0 24807.0 
606.0188976680599 5.680672268907562 44.0 269.0 0.0 225.0 24807.0 
608.0188976680599 5.705882352941177 43.0 269.0 0.0 226.0 24909.0 
610.0188976680599 5.781512605042016 43.0 271.0 0.0 229.0 25218.0 
612.0188976680599 5.781512605042016 42.0 272.0 0.0 229.0 25218.0 
614.0188976680599 5.80672268907563 44.0 273.0 0.0 230.0 25320.0 
616.0188976680599 5.80672268907563 44.0 274.0 0.0 230.0 25320.0 
618.0188976680599 5.80672268907563 45.0 275.0 0.0 230.0 25320.0 
620.0188976680599 5.80672268907563 46.0 276.0 0.0 230.0 25320.0 
622.0188976680599 5.80672268907563 47.0 278.0 0.0 230.0 25320.0 
624.0188976680599 5.80672268907563 48.0 278.0 0.0 230.0 25320.0 
626.0188976680599 5.80672268907563 50.0 280.0 0.0 230.0 25320.0 
628.0188976680599 5.8319327731092425 53.0 283.0 0.0 231.0 25422.0 
630.0188976680599 5.8319327731092425 53.0 284.0 0.0 231.0 25422.0 
632.0188976680599 5.857142857142857 54.0 285.0 0.0 232.0 25524.0 
634.0188976680599 5.857142857142857 54.0 287.0 0.0 232.0 25524.0 
636.0188976680599 5.932773109243698 55.0 288.0 0.0 235.0 25870.0 
638.0188976680599 5.957983193277311 52.0 288.0 0.0 236.0 25972.0 
640.0188976680599 5.983193277310924 52.0 289.0 0.0 237.0 26173.0 
642.0188976680599 5.983193277310924 52.0 289.0 0.0 237.0 26173.0 
644.0188976680599 6.008403361344538 52.0 290.0 0.0 238.0 26276.0 
646.0188976680599 6.008403361344538 53.0 291.0 0.0 238.0 26276.0 
648.0188976680599 6.008403361344538 53.0 291.0 0.0 238.0 26276.0 
650.0188976680599 6.008403361344538 53.0 291.0 0.0 238.0 26276.0 
652.0188976680599 6.008403361344538 53.0 292.0 0.0 238.0 26276.0 
654.0188976680599 6.008403361344538 55.0 293.0 0.0 238.0 26276.0 
656.0188976680599 6.033613445378151 56.0 295.0 0.0 239.0 26379.0 
658.0188976680599 6.084033613445378 55.0 295.0 0.0 241.0 26583.0 
660.0188976680599 6.1344537815126055 55.0 296.0 0.0 243.0 26857.0 
662.0188976680599 6.1344537815126055 53.0 296.0 0.0 243.0 26857.0 
664.0188976680599 6.2100840336134455 50.0 296.0 0.0 246.0 27166.0 
666.0188976680599 6.208333333333334 49.0 297.0 0.0 248.0 27372.0 
668.0188976680599 6.208333333333334 51.0 299.0 0.0 248.0 27372.0 
670.0188976680599 6.2333333333333325 54.0 302.0 0.0 249.0 27475.0 
672.0188976680599 6.2333333333333325 53.0 302.0 0.0 249.0 27475.0 
674.0188976680599 6.2333333333333325 54.0 303.0 0.0 249.0 27475.0 
676.0188976680599 6.2333333333333325 54.0 303.0 0.0 249.0 27475.0 
678.0188976680599 6.2333333333333325 56.0 305.0 0.0 249.0 27475.0 
680.0188976680599 6.2333333333333325 57.0 306.0 0.0 249.0 27475.0 
682.0188976680599 6.283333333333335 57.0 306.0 0.0 251.0 27680.0 
684.0005440403846 6.308333333333333 56.0 308.0 0.0 252.0 27783.0 
686.0188976680599 6.333333333333333 55.0 309.0 0.0 253.0 27885.0 
688.0188976680599 6.333333333333333 58.0 311.0 0.0 253.0 27885.0 
690.0188976680599 6.3583333333333325 59.0 312.0 0.0 254.0 27987.0 
692.0188976680599 6.3583333333333325 58.0 312.0 0.0 254.0 27987.0 
694.0188976680599 6.3583333333333325 58.0 312.0 0.0 254.0 27987.0 
696.0188976680599 6.3583333333333325 58.0 312.0 0.0 254.0 27987.0 
698.0188976680599 6.383333333333334 58.0 313.0 0.0 255.0 28089.0 
700.0188976680599 6.408333333333335 57.0 314.0 0.0 256.0 28192.0 
702.0188976680599 6.408333333333335 59.0 315.0 0.0 256.0 28192.0 
704.0188976680599 6.458333333333333 57.0 315.0 0.0 258.0 28398.0 
706.0188976680599 6.4833333333333325 56.0 315.0 0.0 259.0 28501.0 
708.0188976680599 6.4833333333333325 57.0 316.0 0.0 259.0 28501.0 
710.0188976680599 6.4833333333333325 57.0 317.0 0.0 259.0 28501.0 
712.0188976680599 6.533333333333335 58.0 319.0 0.0 261.0 28705.0 
714.0188976680599 6.533333333333335 58.0 319.0 0.0 261.0 28705.0 
716.0188976680599 6.583333333333333 57.0 320.0 0.0 263.0 28910.0 
718.0188976680599 6.6083333333333325 57.0 320.0 0.0 264.0 29012.0 
720.0188976680599 6.658333333333335 56.0 321.0 0.0 266.0 29443.0 
722.0188976680599 6.683333333333333 54.0 321.0 0.0 267.0 29545.0 
724.0188976680599 6.708333333333333 54.0 321.0 0.0 268.0 29647.0 
726.0188976680599 6.677685950413223 52.0 321.0 0.0 269.0 29750.0 
728.0188976680599 6.727272727272728 51.0 321.0 0.0 271.0 29955.0 
730.0188976680599 6.801652892561984 49.0 321.0 0.0 274.0 30262.0 
732.0188976680599 6.826446280991736 46.0 321.0 0.0 275.0 30364.0 
734.0188976680599 6.851239669421487 46.0 321.0 0.0 276.0 30466.0 
736.0113471141995 6.851239669421487 45.0 322.0 0.0 276.0 30466.0 
738.0188976680599 6.900826446280991 44.0 322.0 0.0 278.0 30671.0 
740.0188976680599 6.900826446280991 44.0 322.0 0.0 278.0 30671.0 
742.0188976680599 6.925619834710743 44.0 324.0 0.0 279.0 30901.0 
744.0188976680599 6.950413223140497 47.0 327.0 0.0 280.0 31004.0 
746.0188976680599 6.950413223140497 47.0 327.0 0.0 280.0 31004.0 
748.0188976680599 6.975206611570248 48.0 328.0 0.0 281.0 31106.0 
750.0188976680599 7.0 47.0 328.0 0.0 282.0 31483.0 
752.0188976680599 7.0 46.0 328.0 0.0 282.0 31483.0 
754.0188976680599 7.0 47.0 329.0 0.0 282.0 31483.0 
756.0188976680599 7.049586776859503 46.0 329.0 0.0 284.0 31689.0 
758.0188976680599 7.099173553719008 45.0 329.0 0.0 286.0 31894.0 
760.0188976680599 7.099173553719008 44.0 330.0 0.0 286.0 31894.0 
762.0188976680599 7.090163934426229 43.0 330.0 0.0 288.0 32294.0 
764.0188976680599 7.090163934426229 43.0 331.0 0.0 288.0 32294.0 
766.0188976680599 7.090163934426229 43.0 331.0 0.0 288.0 32294.0 
768.0188976680599 7.114754098360656 43.0 331.0 0.0 289.0 32396.0 
770.0188976680599 7.163934426229507 41.0 331.0 0.0 291.0 32600.0 
772.0188976680599 7.262295081967213 39.0 332.0 0.0 295.0 33167.0 
774.0188976680599 7.262295081967213 38.0 333.0 0.0 295.0 33167.0 
776.0188976680599 7.252032520325204 38.0 334.0 0.0 297.0 33930.0 
778.0188976680599 7.252032520325204 37.0 334.0 0.0 297.0 33930.0 
780.0188976680599 7.300813008130082 37.0 335.0 0.0 299.0 34135.0 
782.0188976680599 7.32520325203252 36.0 335.0 0.0 300.0 34237.0 
784.0188976680599 7.32520325203252 37.0 338.0 0.0 300.0 34237.0 
786.0188976680599 7.3495934959349585 39.0 339.0 0.0 301.0 34339.0 
788.0188976680599 7.3739837398373975 37.0 339.0 0.0 302.0 34441.0 
790.0188976680599 7.422764227642277 38.0 341.0 0.0 304.0 34645.0 
792.0188976680599 7.447154471544716 37.0 341.0 0.0 305.0 34748.0 
794.0188976680599 7.411290322580645 35.0 341.0 0.0 306.0 35516.0 
796.0188976680599 7.411290322580645 35.0 341.0 0.0 306.0 35516.0 
798.0188976680599 7.411290322580645 36.0 342.0 0.0 306.0 35516.0 
800.0188976680599 7.435483870967741 36.0 342.0 0.0 307.0 35618.0 
802.0188976680599 7.435483870967741 36.0 343.0 0.0 307.0 35618.0 
804.0188976680599 7.483870967741935 34.0 344.0 0.0 309.0 35823.0 
806.0188976680599 7.483870967741935 35.0 344.0 0.0 309.0 35823.0 
808.0188976680599 7.483870967741935 35.0 344.0 0.0 309.0 35823.0 
810.0188976680599 7.508064516129032 35.0 344.0 0.0 310.0 35926.0 
812.0188976680599 7.508064516129032 35.0 345.0 0.0 310.0 35926.0 
814.0188976680599 7.556451612903227 36.0 347.0 0.0 312.0 36132.0 
816.0188976680599 7.580645161290323 35.0 348.0 0.0 313.0 36235.0 
818.0188976680599 7.60483870967742 35.0 349.0 0.0 314.0 36337.0 
820.0188976680599 7.60483870967742 35.0 350.0 0.0 314.0 36337.0 
822.0188976680599 7.629032258064517 37.0 351.0 0.0 315.0 36440.0 
824.0188976680599 7.629032258064517 36.0 351.0 0.0 315.0 36440.0 
826.0188976680599 7.629032258064517 36.0 351.0 0.0 315.0 36440.0 
828.0188976680599 7.629032258064517 36.0 353.0 0.0 315.0 36440.0 
830.0188976680599 7.629032258064517 38.0 353.0 0.0 315.0 36440.0 
832.0188976680599 7.629032258064517 40.0 355.0 0.0 315.0 36440.0 
834.0188976680599 7.629032258064517 40.0 355.0 0.0 315.0 36440.0 
836.0188976680599 7.629032258064517 40.0 355.0 0.0 315.0 36440.0 
838.0188976680599 7.629032258064517 40.0 355.0 0.0 315.0 36440.0 
840.0188976680599 7.629032258064517 41.0 356.0 0.0 315.0 36440.0 
842.0188976680599 7.629032258064517 41.0 356.0 0.0 315.0 36440.0 
844.0188976680599 7.653225806451613 42.0 357.0 0.0 316.0 36542.0 
846.0188976680599 7.75 39.0 359.0 0.0 320.0 36952.0 
848.0188976680599 7.75 39.0 360.0 0.0 320.0 36952.0 
850.0188976680599 7.75 41.0 361.0 0.0 320.0 36952.0 
852.0188976680599 7.75 41.0 361.0 0.0 320.0 36952.0 
854.0188976680599 7.75 42.0 362.0 0.0 320.0 36952.0 
856.0188976680599 7.774193548387098 42.0 362.0 0.0 321.0 37054.0 
858.0188976680599 7.774193548387098 41.0 362.0 0.0 321.0 37054.0 
860.0188976680599 7.774193548387098 42.0 363.0 0.0 321.0 37054.0 
862.0188976680599 7.798387096774195 44.0 365.0 0.0 322.0 37157.0 
864.0078162217069 7.798387096774195 43.0 365.0 0.0 322.0 37157.0 
866.0188976680599 7.822580645161292 44.0 366.0 0.0 323.0 37259.0 
868.0188976680599 7.822580645161292 43.0 366.0 0.0 323.0 37259.0 
870.0188976680599 7.822580645161292 43.0 366.0 0.0 323.0 37259.0 
872.0188976680599 7.822580645161292 43.0 368.0 0.0 323.0 37259.0 
874.0188976680599 7.846774193548387 45.0 368.0 0.0 324.0 37362.0 
876.0188976680599 7.870967741935483 46.0 370.0 0.0 325.0 37465.0 
878.0188976680599 7.895161290322581 44.0 370.0 0.0 326.0 37567.0 
880.0188976680599 7.895161290322581 44.0 370.0 0.0 326.0 37567.0 
882.0188976680599 7.919354838709678 45.0 371.0 0.0 327.0 37669.0 
884.0188976680599 7.919354838709678 44.0 371.0 0.0 327.0 37669.0 
886.0188976680599 7.96774193548387 43.0 371.0 0.0 329.0 37873.0 
888.0188976680599 8.016129032258064 42.0 372.0 0.0 331.0 38079.0 
890.0188976680599 8.072580645161292 42.0 373.0 0.0 333.0 38529.0 
892.0188976680599 8.096774193548388 41.0 375.0 0.0 334.0 38631.0 
894.0188976680599 8.120967741935484 41.0 376.0 0.0 335.0 38734.0 
896.0188976680599 8.120967741935484 41.0 376.0 0.0 335.0 38734.0 
898.0188976680599 8.14516129032258 41.0 378.0 0.0 336.0 38883.0 
900.0188976680599 8.169354838709676 41.0 378.0 0.0 337.0 38985.0 
#####################################################################
# End of data export. Simulation finished at: 2020-02-22T18:34+0000 #
#####################################################################
