#####################################################################
# Alchemist log file - simulation started at: 2020-01-23T17:27+0000 #
#####################################################################
# seed = 40.0, taskFrequency = 0.0075, cloudcost = 10.0, algorithm = false
#
# The columns have the following meaning: 
# time taskHops[Mean] hasTask[Sum] tasks[Sum] completedTasks[Sum] giveupTasks[Sum] taskLatency[Sum] 
0.0 NaN 0.0 0.0 0.0 0.0 0.0 
2.022386516901067 NaN 1.0 2.0 0.0 0.0 0.0 
4.018577521432421 NaN 5.0 7.0 0.0 0.0 0.0 
6.022386516901067 NaN 10.0 11.0 0.0 0.0 0.0 
8.022386516901067 NaN 13.0 13.0 0.0 0.0 0.0 
10.022386516901067 NaN 14.0 16.0 0.0 0.0 0.0 
12.022386516901067 NaN 16.0 16.0 0.0 0.0 0.0 
14.022386516901067 NaN 18.0 19.0 0.0 0.0 0.0 
16.006690548543975 NaN 19.0 20.0 0.0 0.0 0.0 
18.022386516901065 NaN 22.0 23.0 0.0 0.0 0.0 
20.018563171254442 NaN 24.0 24.0 0.0 0.0 0.0 
22.022386516901065 NaN 25.0 25.0 0.0 0.0 0.0 
24.022386516901065 NaN 29.0 30.0 0.0 0.0 0.0 
26.022386516901065 NaN 31.0 31.0 0.0 0.0 0.0 
28.022386516901065 NaN 32.0 32.0 0.0 0.0 0.0 
30.022386516901065 NaN 32.0 32.0 0.0 0.0 0.0 
32.022386516901065 NaN 32.0 32.0 0.0 0.0 0.0 
34.022386516901065 NaN 34.0 34.0 0.0 0.0 0.0 
36.022386516901065 NaN 34.0 35.0 0.0 0.0 0.0 
38.022386516901065 NaN 37.0 38.0 0.0 0.0 0.0 
40.022386516901065 NaN 39.0 39.0 0.0 0.0 0.0 
42.022386516901065 NaN 39.0 39.0 0.0 0.0 0.0 
44.022386516901065 NaN 40.0 42.0 0.0 0.0 0.0 
46.022386516901065 NaN 43.0 43.0 0.0 0.0 0.0 
48.022386516901065 NaN 44.0 45.0 0.0 0.0 0.0 
50.022386516901065 NaN 49.0 50.0 0.0 0.0 0.0 
52.022386516901065 NaN 51.0 51.0 0.0 0.0 0.0 
54.022386516901065 NaN 51.0 51.0 0.0 0.0 0.0 
56.022386516901065 NaN 53.0 53.0 0.0 0.0 0.0 
58.022386516901065 NaN 54.0 55.0 0.0 0.0 0.0 
60.022386516901065 NaN 57.0 57.0 0.0 0.0 0.0 
62.022386516901065 NaN 59.0 59.0 0.0 0.0 0.0 
64.02238651690107 NaN 59.0 59.0 0.0 0.0 0.0 
66.02238651690107 NaN 59.0 59.0 0.0 0.0 0.0 
68.02238651690107 NaN 59.0 59.0 0.0 0.0 0.0 
70.02238651690107 NaN 60.0 60.0 0.0 0.0 0.0 
72.02238651690107 NaN 61.0 61.0 0.0 0.0 0.0 
74.02238651690107 NaN 61.0 61.0 0.0 0.0 0.0 
76.02238651690107 NaN 61.0 62.0 0.0 0.0 0.0 
78.02238651690107 NaN 63.0 65.0 0.0 0.0 0.0 
80.02238651690107 NaN 65.0 66.0 0.0 0.0 0.0 
82.02238651690107 NaN 67.0 67.0 0.0 0.0 0.0 
84.02238651690107 NaN 67.0 68.0 0.0 0.0 0.0 
86.02238651690107 NaN 68.0 68.0 0.0 0.0 0.0 
88.02238651690107 NaN 68.0 68.0 0.0 0.0 0.0 
90.02238651690107 NaN 68.0 68.0 0.0 0.0 0.0 
92.02238651690107 NaN 68.0 68.0 0.0 0.0 0.0 
94.02238651690107 NaN 69.0 69.0 0.0 0.0 0.0 
96.02238651690107 NaN 69.0 70.0 0.0 0.0 0.0 
98.02238651690107 NaN 70.0 70.0 0.0 0.0 0.0 
100.02238651690107 NaN 71.0 72.0 0.0 0.0 0.0 
102.02238651690107 NaN 73.0 74.0 0.0 0.0 0.0 
104.02238651690107 NaN 74.0 75.0 0.0 0.0 0.0 
106.02238651690107 NaN 76.0 76.0 0.0 0.0 0.0 
108.02238651690107 10.0 73.0 76.0 0.0 5.0 518.0 
110.02238651690107 10.11111111111111 70.0 77.0 0.0 9.0 931.0 
112.02238651690107 10.11111111111111 69.0 78.0 0.0 9.0 931.0 
114.02238651690107 10.1 70.0 80.0 0.0 10.0 1039.0 
116.02238651690107 10.076923076923077 70.0 80.0 0.0 13.0 1358.0 
118.02238651690107 10.071428571428571 67.0 81.0 0.0 14.0 1461.0 
120.02238651690107 10.0625 66.0 81.0 0.0 16.0 1666.0 
122.02238651690107 10.052631578947368 63.0 81.0 0.0 19.0 1979.0 
124.02238651690107 10.047619047619047 61.0 81.0 0.0 21.0 2201.0 
126.02238651690107 10.043478260869565 58.0 81.0 0.0 23.0 2405.0 
128.02238651690107 10.04 58.0 83.0 0.0 25.0 2611.0 
130.02238651690107 10.038461538461538 58.0 83.0 0.0 26.0 2714.0 
132.02238651690107 10.038461538461538 57.0 83.0 0.0 26.0 2714.0 
134.02238651690107 10.038461538461538 58.0 84.0 0.0 26.0 2714.0 
136.02238651690107 10.035714285714286 59.0 85.0 0.0 28.0 2919.0 
138.02238651690107 10.035714285714286 58.0 86.0 0.0 28.0 2919.0 
140.02238651690107 10.03225806451613 58.0 88.0 0.0 31.0 3227.0 
142.02238651690107 10.030303030303031 56.0 88.0 0.0 33.0 3432.0 
144.02238651690107 10.029411764705882 56.0 90.0 0.0 34.0 3558.0 
146.02238651690107 10.027777777777779 55.0 90.0 0.0 36.0 3804.0 
148.02238651690107 10.025641025641026 52.0 92.0 0.0 39.0 4112.0 
150.02238651690107 10.024390243902438 53.0 94.0 0.0 41.0 4353.0 
152.02238651690107 10.021739130434783 52.0 95.0 0.0 46.0 4865.0 
154.02238651690107 10.020833333333334 48.0 95.0 0.0 48.0 5071.0 
156.02238651690107 10.020833333333334 47.0 95.0 0.0 48.0 5071.0 
158.02238651690107 10.02 49.0 98.0 0.0 50.0 5276.0 
160.02238651690107 10.019607843137255 49.0 99.0 0.0 51.0 5378.0 
162.02238651690107 10.018867924528301 49.0 100.0 0.0 53.0 5582.0 
164.02238651690107 10.018181818181818 48.0 101.0 0.0 55.0 5786.0 
166.02238651690107 10.018181818181818 47.0 102.0 0.0 55.0 5786.0 
168.02123154540263 10.018181818181818 48.0 103.0 0.0 55.0 5786.0 
170.02238651690107 10.018181818181818 48.0 103.0 0.0 55.0 5786.0 
172.02238651690107 10.017857142857142 47.0 103.0 0.0 56.0 5888.0 
174.02238651690107 10.017857142857142 47.0 103.0 0.0 56.0 5888.0 
176.02238651690107 10.017857142857142 48.0 104.0 0.0 56.0 5888.0 
178.02238651690107 10.017857142857142 48.0 104.0 0.0 56.0 5888.0 
180.02238651690107 10.017241379310345 46.0 104.0 0.0 58.0 6093.0 
182.02238651690107 10.016666666666667 44.0 104.0 0.0 60.0 6299.0 
184.02238651690107 10.016129032258064 44.0 105.0 0.0 62.0 6505.0 
186.02238651690107 10.016129032258064 44.0 106.0 0.0 62.0 6505.0 
188.02238651690107 10.015873015873016 44.0 107.0 0.0 63.0 6608.0 
190.02238651690107 10.015873015873016 45.0 108.0 0.0 63.0 6608.0 
192.02238651690107 10.015873015873016 45.0 108.0 0.0 63.0 6608.0 
194.02238651690107 10.015873015873016 46.0 109.0 0.0 63.0 6608.0 
196.02238651690107 10.015625 47.0 111.0 0.0 64.0 6710.0 
198.02238651690107 10.015625 48.0 113.0 0.0 64.0 6710.0 
200.02238651690107 10.015384615384615 48.0 114.0 0.0 65.0 6813.0 
202.02238651690107 10.015384615384615 50.0 115.0 0.0 65.0 6813.0 
204.02238651690107 10.014925373134329 49.0 115.0 0.0 67.0 7019.0 
206.02238651690107 10.014705882352942 47.0 115.0 0.0 68.0 7122.0 
208.02238651690107 10.014285714285714 46.0 115.0 0.0 70.0 7328.0 
210.02238651690107 10.014285714285714 45.0 117.0 0.0 70.0 7328.0 
212.02238651690107 10.014084507042254 47.0 118.0 0.0 71.0 7431.0 
214.02238651690107 10.01388888888889 47.0 119.0 0.0 72.0 7533.0 
216.02238651690107 10.013513513513514 46.0 119.0 0.0 74.0 7737.0 
218.02238651690107 10.013513513513514 46.0 120.0 0.0 74.0 7737.0 
220.02238651690107 10.013333333333334 47.0 121.0 0.0 75.0 7839.0 
222.02238651690107 10.013333333333334 47.0 122.0 0.0 75.0 7839.0 
224.02238651690107 10.013333333333334 48.0 123.0 0.0 75.0 7839.0 
226.02238651690107 10.013333333333334 48.0 123.0 0.0 75.0 7839.0 
228.02238651690107 10.013333333333334 48.0 123.0 0.0 75.0 7839.0 
230.02238651690107 10.012987012987013 47.0 124.0 0.0 77.0 8043.0 
232.02238651690107 10.012987012987013 48.0 126.0 0.0 77.0 8043.0 
234.02238651690107 10.012987012987013 50.0 127.0 0.0 77.0 8043.0 
236.02238651690107 10.012820512820513 49.0 127.0 0.0 78.0 8145.0 
238.02238651690107 10.012658227848101 49.0 127.0 0.0 79.0 8247.0 
240.02238651690107 10.139240506329115 50.0 129.0 0.0 80.0 8350.0 
242.02238651690107 10.1375 49.0 129.0 0.0 81.0 8452.0 
244.02238651690107 10.135802469135802 48.0 130.0 0.0 82.0 8673.0 
246.02238651690107 10.25609756097561 48.0 130.0 0.0 84.0 8879.0 
248.02238651690107 10.25609756097561 47.0 131.0 0.0 84.0 8879.0 
250.02238651690107 10.25301204819277 47.0 131.0 0.0 85.0 8982.0 
252.02238651690107 10.24705882352941 44.0 131.0 0.0 87.0 9187.0 
254.02238651690107 10.244186046511627 44.0 132.0 0.0 88.0 9289.0 
256.02238651690107 10.244186046511627 45.0 133.0 0.0 88.0 9289.0 
258.02238651690107 10.244186046511627 46.0 135.0 0.0 88.0 9289.0 
260.02238651690107 10.352272727272727 47.0 136.0 0.0 91.0 9596.0 
262.02238651690107 10.348314606741573 45.0 137.0 0.0 92.0 9698.0 
264.02238651690107 10.460674157303371 45.0 137.0 0.0 93.0 9801.0 
266.0025911698466 10.455555555555556 44.0 137.0 0.0 94.0 9903.0 
268.02238651690107 10.566666666666666 45.0 139.0 0.0 95.0 10006.0 
270.02238651690107 10.56043956043956 47.0 142.0 0.0 96.0 10108.0 
272.02238651690107 10.56043956043956 47.0 143.0 0.0 96.0 10108.0 
274.02238651690107 10.56043956043956 47.0 143.0 0.0 96.0 10108.0 
276.02238651690107 10.56043956043956 47.0 143.0 0.0 96.0 10108.0 
278.02238651690107 10.554347826086957 47.0 143.0 0.0 97.0 10210.0 
280.02203247390065 10.554347826086957 47.0 144.0 0.0 97.0 10210.0 
282.02238651690107 10.554347826086957 47.0 144.0 0.0 97.0 10210.0 
284.02238651690107 10.554347826086957 47.0 144.0 0.0 97.0 10210.0 
286.02238651690107 10.548387096774194 47.0 144.0 0.0 98.0 10313.0 
288.02238651690107 10.542553191489361 47.0 146.0 0.0 99.0 10415.0 
290.02238651690107 10.635416666666666 47.0 147.0 0.0 102.0 10807.0 
292.02238651690107 10.739583333333334 46.0 148.0 0.0 103.0 10910.0 
294.02238651690107 10.731958762886597 45.0 148.0 0.0 104.0 11105.0 
296.02238651690107 10.724489795918368 44.0 148.0 0.0 105.0 11207.0 
298.02238651690107 10.826530612244898 43.0 148.0 0.0 106.0 11310.0 
300.02238651690107 10.81 42.0 149.0 0.0 108.0 11515.0 
302.02238651690107 10.801980198019802 41.0 150.0 0.0 109.0 11618.0 
304.02238651690107 10.892156862745098 40.0 150.0 0.0 111.0 11823.0 
306.02238651690107 10.892156862745098 39.0 150.0 0.0 111.0 11823.0 
308.02238651690107 10.892156862745098 40.0 151.0 0.0 111.0 11823.0 
310.02238651690107 10.892156862745098 41.0 152.0 0.0 111.0 11823.0 
312.02238651690107 10.892156862745098 42.0 153.0 0.0 111.0 11823.0 
314.0152341643035 10.883495145631068 42.0 154.0 0.0 112.0 11926.0 
316.02238651690107 10.980582524271844 41.0 155.0 0.0 113.0 12029.0 
318.02238651690107 10.971153846153847 41.0 155.0 0.0 114.0 12132.0 
320.02238651690107 11.067307692307692 41.0 155.0 0.0 115.0 12235.0 
322.02238651690107 11.163461538461538 42.0 157.0 0.0 116.0 12338.0 
324.02238651690107 11.259615384615385 40.0 157.0 0.0 117.0 12440.0 
326.02238651690107 11.247619047619047 40.0 157.0 0.0 118.0 12543.0 
328.02238651690107 11.247619047619047 42.0 160.0 0.0 118.0 12543.0 
330.00433565310385 11.247619047619047 42.0 161.0 0.0 118.0 12543.0 
332.02238651690107 11.247619047619047 43.0 161.0 0.0 118.0 12543.0 
334.02238651690107 11.424528301886792 42.0 162.0 0.0 121.0 13025.0 
336.02238651690107 11.61320754716981 40.0 163.0 0.0 123.0 13231.0 
338.02238651690107 11.61320754716981 40.0 163.0 0.0 123.0 13231.0 
340.02238651690107 11.61320754716981 42.0 165.0 0.0 123.0 13231.0 
342.02238651690107 11.80188679245283 41.0 165.0 0.0 125.0 13435.0 
344.02238651690107 11.80188679245283 42.0 167.0 0.0 125.0 13435.0 
346.02238651690107 11.80188679245283 42.0 167.0 0.0 125.0 13435.0 
348.02238651690107 11.89622641509434 44.0 170.0 0.0 126.0 13538.0 
350.02238651690107 11.99056603773585 44.0 170.0 0.0 127.0 13641.0 
352.02238651690107 11.99056603773585 43.0 171.0 0.0 127.0 13641.0 
354.02238651690107 11.99056603773585 44.0 173.0 0.0 127.0 13641.0 
356.02238651690107 11.99056603773585 46.0 173.0 0.0 127.0 13641.0 
358.02238651690107 12.065420560747663 46.0 174.0 0.0 129.0 13847.0 
360.02238651690107 12.046296296296296 44.0 174.0 0.0 130.0 13949.0 
362.02238651690107 12.231481481481481 43.0 174.0 0.0 132.0 14154.0 
364.02238651690107 12.324074074074074 41.0 175.0 0.0 133.0 14256.0 
366.02238651690107 12.324074074074074 43.0 177.0 0.0 133.0 14256.0 
368.02238651690107 12.324074074074074 45.0 178.0 0.0 133.0 14256.0 
370.02238651690107 12.302752293577981 45.0 179.0 0.0 134.0 14359.0 
372.02238651690107 12.463636363636363 45.0 181.0 0.0 137.0 14666.0 
374.02238651690107 12.441441441441441 44.0 182.0 0.0 138.0 14968.0 
376.02238651690107 12.441441441441441 44.0 182.0 0.0 138.0 14968.0 
378.02238651690107 12.441441441441441 44.0 182.0 0.0 138.0 14968.0 
380.02238651690107 12.441441441441441 44.0 182.0 0.0 138.0 14968.0 
382.02238651690107 12.531531531531531 44.0 182.0 0.0 139.0 15070.0 
384.02238651690107 12.531531531531531 43.0 182.0 0.0 139.0 15070.0 
386.02238651690107 12.531531531531531 43.0 183.0 0.0 139.0 15070.0 
388.02238651690107 12.531531531531531 44.0 183.0 0.0 139.0 15070.0 
390.02238651690107 12.711711711711711 44.0 183.0 0.0 141.0 15275.0 
392.02238651690107 12.801801801801801 42.0 184.0 0.0 142.0 15377.0 
394.02238651690107 12.891891891891891 42.0 184.0 0.0 143.0 15479.0 
396.02238651690107 12.891891891891891 42.0 185.0 0.0 143.0 15479.0 
398.02238651690107 12.891891891891891 43.0 186.0 0.0 143.0 15479.0 
400.02238651690107 12.891891891891891 43.0 186.0 0.0 143.0 15479.0 
402.02238651690107 12.981981981981981 42.0 186.0 0.0 144.0 15581.0 
404.02238651690107 13.072072072072071 42.0 188.0 0.0 145.0 15683.0 
406.02238651690107 13.072072072072071 43.0 188.0 0.0 145.0 15683.0 
408.02238651690107 13.072072072072071 43.0 188.0 0.0 145.0 15683.0 
410.02238651690107 13.162162162162161 43.0 188.0 0.0 146.0 15786.0 
412.02238651690107 13.252252252252251 42.0 189.0 0.0 147.0 15888.0 
414.02238651690107 13.342342342342342 42.0 189.0 0.0 148.0 15990.0 
416.02238651690107 13.3125 43.0 191.0 0.0 149.0 16093.0 
418.02238651690107 13.3125 43.0 192.0 0.0 149.0 16093.0 
420.02238651690107 13.401785714285714 43.0 193.0 0.0 150.0 16196.0 
422.02238651690107 13.401785714285714 43.0 193.0 0.0 150.0 16196.0 
424.02238651690107 13.491071428571429 42.0 193.0 0.0 151.0 16298.0 
426.02238651690107 13.580357142857142 42.0 194.0 0.0 152.0 16452.0 
428.01936987761445 13.580357142857142 42.0 196.0 0.0 152.0 16452.0 
430.02238651690107 13.758928571428571 46.0 198.0 0.0 154.0 16657.0 
432.02238651690107 13.725663716814159 43.0 198.0 0.0 155.0 16878.0 
434.02238651690107 13.725663716814159 46.0 202.0 0.0 155.0 16878.0 
436.02238651690107 13.725663716814159 49.0 205.0 0.0 155.0 16878.0 
438.02238651690107 13.902654867256636 49.0 205.0 0.0 157.0 17092.0 
440.02238651690107 13.868421052631579 48.0 206.0 0.0 158.0 17195.0 
442.02238651690107 14.043859649122806 49.0 207.0 0.0 160.0 17399.0 
444.02238651690107 14.043859649122806 47.0 207.0 0.0 160.0 17399.0 
446.02238651690107 14.219298245614034 47.0 208.0 0.0 162.0 17603.0 
448.02238651690107 14.219298245614034 46.0 208.0 0.0 162.0 17603.0 
450.02238651690107 14.394736842105264 45.0 208.0 0.0 164.0 17807.0 
452.02238651690107 14.394736842105264 45.0 209.0 0.0 164.0 17807.0 
454.02238651690107 14.394736842105264 46.0 211.0 0.0 164.0 17807.0 
456.02238651690107 14.356521739130434 47.0 212.0 0.0 165.0 17910.0 
458.02238651690107 14.530434782608697 46.0 213.0 0.0 167.0 18116.0 
460.02238651690107 14.530434782608697 46.0 214.0 0.0 167.0 18116.0 
462.02238651690107 14.530434782608697 47.0 214.0 0.0 167.0 18116.0 
464.02238651690107 14.530434782608697 47.0 214.0 0.0 167.0 18116.0 
466.02238651690107 14.530434782608697 47.0 215.0 0.0 167.0 18116.0 
468.02238651690107 14.704347826086956 47.0 215.0 0.0 169.0 18322.0 
470.02238651690107 14.878260869565217 45.0 215.0 0.0 171.0 18527.0 
472.02238651690107 14.878260869565217 45.0 216.0 0.0 171.0 18527.0 
474.02238651690107 15.00862068965517 43.0 216.0 0.0 174.0 18834.0 
476.02238651690107 15.094827586206897 42.0 216.0 0.0 175.0 18936.0 
478.02238651690107 15.094827586206897 42.0 217.0 0.0 175.0 18936.0 
480.02238651690107 15.094827586206897 42.0 217.0 0.0 175.0 18936.0 
482.02238651690107 15.094827586206897 45.0 220.0 0.0 175.0 18936.0 
484.02238651690107 15.094827586206897 45.0 220.0 0.0 175.0 18936.0 
486.02238651690107 15.094827586206897 45.0 220.0 0.0 175.0 18936.0 
488.02238651690107 15.094827586206897 46.0 221.0 0.0 175.0 18936.0 
490.02238651690107 15.181034482758623 45.0 221.0 0.0 176.0 19104.0 
492.02238651690107 15.181034482758623 45.0 221.0 0.0 176.0 19104.0 
494.02238651690107 15.35344827586207 43.0 221.0 0.0 178.0 19313.0 
496.02238651690107 15.35344827586207 44.0 222.0 0.0 178.0 19313.0 
498.02238651690107 15.439655172413794 43.0 223.0 0.0 179.0 19415.0 
500.02238651690107 15.525862068965518 44.0 223.0 0.0 180.0 19518.0 
502.02238651690107 15.525862068965518 45.0 225.0 0.0 180.0 19518.0 
504.02238651690107 15.525862068965518 48.0 228.0 0.0 180.0 19518.0 
506.02238651690107 15.47863247863248 49.0 229.0 0.0 181.0 19621.0 
508.02238651690107 15.564102564102564 47.0 229.0 0.0 182.0 19724.0 
510.02238651690107 15.564102564102564 47.0 229.0 0.0 182.0 19724.0 
512.0223865169011 15.564102564102564 49.0 231.0 0.0 182.0 19724.0 
514.0223865169011 15.564102564102564 49.0 231.0 0.0 182.0 19724.0 
516.0223865169011 15.564102564102564 49.0 232.0 0.0 182.0 19724.0 
518.0223865169011 15.735042735042736 50.0 233.0 0.0 184.0 19928.0 
520.0223865169011 15.820512820512823 50.0 235.0 0.0 185.0 20030.0 
522.0223865169011 15.905982905982905 50.0 235.0 0.0 186.0 20132.0 
524.0223865169011 15.905982905982905 49.0 235.0 0.0 186.0 20132.0 
526.0223865169011 15.991452991452993 49.0 237.0 0.0 187.0 20301.0 
528.0223865169011 15.991452991452993 51.0 238.0 0.0 187.0 20301.0 
530.0223865169011 15.991452991452993 52.0 239.0 0.0 187.0 20301.0 
532.0223865169011 16.247863247863243 51.0 240.0 0.0 190.0 20609.0 
534.0223865169011 16.247863247863243 50.0 240.0 0.0 190.0 20609.0 
536.0223865169011 16.504273504273506 51.0 242.0 0.0 193.0 20916.0 
538.0223865169011 16.76068376068376 47.0 243.0 0.0 196.0 21223.0 
540.0223865169011 16.931623931623932 47.0 243.0 0.0 198.0 21544.0 
542.0223865169011 17.017094017094017 44.0 243.0 0.0 199.0 21646.0 
544.0223865169011 16.95762711864407 44.0 243.0 0.0 200.0 21749.0 
546.0223865169011 16.95762711864407 47.0 247.0 0.0 200.0 21749.0 
548.0223865169011 17.04237288135593 47.0 247.0 0.0 201.0 21852.0 
550.0223865169011 17.04237288135593 47.0 248.0 0.0 201.0 21852.0 
552.0223865169011 17.04237288135593 48.0 249.0 0.0 201.0 21852.0 
554.0223865169011 17.067226890756302 48.0 249.0 0.0 203.0 22485.0 
556.0223865169011 17.15126050420168 46.0 249.0 0.0 204.0 22588.0 
558.0223865169011 17.319327731092436 44.0 249.0 0.0 206.0 22793.0 
560.0223865169011 17.403361344537814 42.0 250.0 0.0 207.0 22895.0 
562.0223865169011 17.487394957983195 44.0 252.0 0.0 208.0 23027.0 
564.0223865169011 17.571428571428573 43.0 252.0 0.0 209.0 23130.0 
566.0223865169011 17.571428571428573 43.0 252.0 0.0 209.0 23130.0 
568.0223865169011 17.571428571428573 43.0 252.0 0.0 209.0 23130.0 
570.0223865169011 17.655462184873947 42.0 252.0 0.0 210.0 23233.0 
572.0223865169011 17.655462184873947 43.0 254.0 0.0 210.0 23233.0 
574.0223865169011 17.73949579831933 45.0 256.0 0.0 211.0 23336.0 
576.0223865169011 17.73949579831933 46.0 257.0 0.0 211.0 23336.0 
578.0223865169011 17.73949579831933 47.0 258.0 0.0 211.0 23336.0 
580.0223865169011 17.823529411764703 47.0 258.0 0.0 212.0 23438.0 
582.0223865169011 17.823529411764703 48.0 260.0 0.0 212.0 23438.0 
584.0223865169011 17.99159663865546 49.0 262.0 0.0 214.0 23642.0 
586.0125505786497 17.99159663865546 48.0 262.0 0.0 214.0 23642.0 
588.0223865169011 17.99159663865546 49.0 263.0 0.0 214.0 23642.0 
590.0223865169011 18.075630252100844 48.0 264.0 0.0 215.0 23744.0 
592.0223865169011 18.075630252100844 50.0 265.0 0.0 215.0 23744.0 
594.0223865169011 18.075630252100844 50.0 265.0 0.0 215.0 23744.0 
596.0223865169011 18.075630252100844 50.0 265.0 0.0 215.0 23744.0 
598.0223865169011 18.159663865546214 50.0 265.0 0.0 216.0 23847.0 
600.0223865169011 18.159663865546214 49.0 266.0 0.0 216.0 23847.0 
602.0223865169011 18.2436974789916 49.0 266.0 0.0 217.0 23950.0 
604.0223865169011 18.50420168067227 49.0 266.0 0.0 220.0 24333.0 
606.0223865169011 18.77310924369748 48.0 269.0 0.0 223.0 24639.0 
608.0223865169011 18.699999999999996 46.0 270.0 0.0 224.0 24741.0 
610.0223865169011 18.699999999999996 46.0 270.0 0.0 224.0 24741.0 
612.0223865169011 18.699999999999996 48.0 272.0 0.0 224.0 24741.0 
614.0223865169011 18.866666666666664 48.0 273.0 0.0 226.0 24945.0 
616.0223865169011 18.866666666666664 47.0 273.0 0.0 226.0 24945.0 
618.0223865169011 18.866666666666664 47.0 273.0 0.0 226.0 24945.0 
620.0223865169011 19.033333333333335 46.0 273.0 0.0 228.0 25150.0 
622.0223865169011 19.116666666666664 45.0 273.0 0.0 229.0 25253.0 
624.0174358616357 19.199999999999996 44.0 274.0 0.0 230.0 25356.0 
626.0223865169011 19.199999999999996 44.0 274.0 0.0 230.0 25356.0 
628.0223865169011 19.199999999999996 44.0 276.0 0.0 230.0 25356.0 
630.0223865169011 19.449999999999996 44.0 276.0 0.0 233.0 25665.0 
632.0223865169011 19.533333333333335 42.0 276.0 0.0 234.0 25767.0 
634.0223865169011 19.616666666666664 44.0 278.0 0.0 235.0 25869.0 
636.0223865169011 19.616666666666664 45.0 280.0 0.0 235.0 25869.0 
638.0223865169011 19.783333333333335 44.0 280.0 0.0 237.0 26074.0 
640.0223865169011 19.866666666666664 44.0 283.0 0.0 238.0 26176.0 
642.0223865169011 19.866666666666664 48.0 286.0 0.0 238.0 26176.0 
644.0223865169011 19.866666666666664 50.0 288.0 0.0 238.0 26176.0 
646.0223865169011 19.866666666666664 50.0 288.0 0.0 238.0 26176.0 
648.0223865169011 20.116666666666667 49.0 289.0 0.0 241.0 26483.0 
650.0223865169011 20.116666666666667 48.0 289.0 0.0 241.0 26483.0 
652.0223865169011 20.199999999999996 47.0 289.0 0.0 242.0 26585.0 
654.0223865169011 20.283333333333335 47.0 289.0 0.0 243.0 26688.0 
656.0223865169011 20.283333333333335 47.0 290.0 0.0 243.0 26688.0 
658.0223865169011 20.283333333333335 47.0 290.0 0.0 243.0 26688.0 
660.0223865169011 20.283333333333335 48.0 291.0 0.0 243.0 26688.0 
662.0223865169011 20.283333333333335 48.0 291.0 0.0 243.0 26688.0 
664.0223865169011 20.449999999999996 49.0 292.0 0.0 245.0 26892.0 
666.0223865169011 20.449999999999996 48.0 293.0 0.0 245.0 26892.0 
668.0223865169011 20.449999999999996 48.0 293.0 0.0 245.0 26892.0 
670.0223865169011 20.449999999999996 48.0 293.0 0.0 245.0 26892.0 
672.0223865169011 20.449999999999996 48.0 293.0 0.0 245.0 26892.0 
674.0223865169011 20.363636363636367 48.0 293.0 0.0 246.0 26994.0 
676.0223865169011 20.611570247933884 48.0 295.0 0.0 249.0 27330.0 
678.0223865169011 20.776859504132233 44.0 295.0 0.0 251.0 27535.0 
680.0159623729047 20.942148760330575 43.0 296.0 0.0 253.0 27836.0 
682.0223865169011 20.942148760330575 43.0 296.0 0.0 253.0 27836.0 
684.0223865169011 21.02479338842975 45.0 298.0 0.0 254.0 27938.0 
686.0223865169011 21.01639344262295 44.0 298.0 0.0 256.0 28458.0 
688.0223865169011 21.01639344262295 43.0 299.0 0.0 256.0 28458.0 
690.0223865169011 21.01639344262295 44.0 300.0 0.0 256.0 28458.0 
692.0223865169011 21.01639344262295 44.0 300.0 0.0 256.0 28458.0 
694.0223865169011 21.098360655737704 46.0 302.0 0.0 257.0 28560.0 
696.0223865169011 21.098360655737704 45.0 303.0 0.0 257.0 28560.0 
698.0223865169011 21.18032786885246 45.0 303.0 0.0 258.0 28926.0 
700.0223865169011 21.18032786885246 45.0 303.0 0.0 258.0 28926.0 
702.0223865169011 21.18032786885246 45.0 303.0 0.0 258.0 28926.0 
704.0223865169011 21.262295081967213 44.0 303.0 0.0 259.0 29029.0 
706.0223865169011 21.262295081967213 44.0 303.0 0.0 259.0 29029.0 
708.0223865169011 21.508196721311474 45.0 305.0 0.0 262.0 29337.0 
710.0223865169011 21.508196721311474 43.0 305.0 0.0 262.0 29337.0 
712.0223865169011 21.59016393442623 42.0 305.0 0.0 263.0 29440.0 
714.0223865169011 21.75409836065574 42.0 306.0 0.0 265.0 29645.0 
716.0223865169011 21.75409836065574 41.0 306.0 0.0 265.0 29645.0 
718.0223865169011 21.75409836065574 41.0 306.0 0.0 265.0 29645.0 
720.0223865169011 21.75409836065574 43.0 308.0 0.0 265.0 29645.0 
722.0223865169011 21.75409836065574 45.0 311.0 0.0 265.0 29645.0 
724.0223865169011 21.75409836065574 47.0 312.0 0.0 265.0 29645.0 
726.0223865169011 21.83606557377049 47.0 312.0 0.0 266.0 29748.0 
728.0223865169011 21.83606557377049 48.0 314.0 0.0 266.0 29748.0 
730.0223865169011 21.83606557377049 50.0 317.0 0.0 266.0 29748.0 
732.0223865169011 22.0 49.0 318.0 0.0 268.0 29954.0 
734.0223865169011 22.081967213114755 49.0 319.0 0.0 269.0 30251.0 
736.0223865169011 22.24590163934426 50.0 319.0 0.0 271.0 30456.0 
738.0223865169011 22.40983606557377 48.0 319.0 0.0 273.0 30661.0 
740.0223865169011 22.40983606557377 48.0 321.0 0.0 273.0 30661.0 
742.0223865169011 22.573770491803277 48.0 321.0 0.0 275.0 30865.0 
744.0223865169011 22.81967213114754 47.0 324.0 0.0 278.0 31173.0 
746.0223865169011 22.98360655737705 46.0 324.0 0.0 280.0 31378.0 
748.0223865169011 22.98360655737705 44.0 324.0 0.0 280.0 31378.0 
750.0223865169011 22.98360655737705 44.0 324.0 0.0 280.0 31378.0 
752.0223865169011 23.065573770491802 43.0 324.0 0.0 281.0 31481.0 
754.0223865169011 23.147540983606557 42.0 324.0 0.0 282.0 31644.0 
756.0223865169011 23.147540983606557 42.0 325.0 0.0 282.0 31644.0 
758.0223865169011 23.229508196721312 43.0 326.0 0.0 283.0 31746.0 
760.0223865169011 23.229508196721312 44.0 328.0 0.0 283.0 31746.0 
762.0223865169011 23.311475409836067 46.0 329.0 0.0 284.0 31849.0 
764.0223865169011 23.311475409836067 45.0 330.0 0.0 284.0 31849.0 
766.0223865169011 23.393442622950822 45.0 330.0 0.0 285.0 31951.0 
768.0223865169011 23.475409836065573 45.0 330.0 0.0 286.0 32053.0 
770.006151938336 23.475409836065573 44.0 330.0 0.0 286.0 32053.0 
772.0223865169011 23.475409836065573 46.0 332.0 0.0 286.0 32053.0 
774.0223865169011 23.475409836065573 46.0 332.0 0.0 286.0 32053.0 
776.0223865169011 23.475409836065573 46.0 332.0 0.0 286.0 32053.0 
778.0223865169011 23.639344262295083 45.0 333.0 0.0 288.0 32257.0 
780.0223865169011 23.639344262295083 45.0 333.0 0.0 288.0 32257.0 
782.0223865169011 23.639344262295083 46.0 334.0 0.0 288.0 32257.0 
784.0223865169011 23.721311475409838 45.0 334.0 0.0 289.0 32359.0 
786.0223865169011 23.885245901639344 44.0 334.0 0.0 291.0 32564.0 
788.0223865169011 23.885245901639344 43.0 334.0 0.0 291.0 32564.0 
790.0223865169011 23.967213114754095 43.0 334.0 0.0 292.0 32667.0 
792.0223865169011 24.049180327868854 42.0 334.0 0.0 293.0 32770.0 
794.0223865169011 24.049180327868854 41.0 334.0 0.0 293.0 32770.0 
796.0223865169011 24.213114754098363 42.0 335.0 0.0 295.0 32975.0 
798.0223865169011 24.213114754098363 40.0 335.0 0.0 295.0 32975.0 
800.0223865169011 24.295081967213115 39.0 335.0 0.0 296.0 33078.0 
802.0223865169011 24.295081967213115 39.0 335.0 0.0 296.0 33078.0 
804.0223865169011 24.295081967213115 40.0 336.0 0.0 296.0 33078.0 
806.0223865169011 24.295081967213115 41.0 337.0 0.0 296.0 33078.0 
808.0223865169011 24.295081967213115 41.0 337.0 0.0 296.0 33078.0 
810.0223865169011 24.377049180327866 41.0 338.0 0.0 297.0 33181.0 
812.0223865169011 24.459016393442624 42.0 340.0 0.0 298.0 33284.0 
814.0223865169011 24.549180327868854 41.0 340.0 0.0 299.0 33483.0 
816.0223865169011 24.549180327868854 41.0 340.0 0.0 299.0 33483.0 
818.0223865169011 24.631147540983605 40.0 340.0 0.0 300.0 33586.0 
820.0223865169011 24.631147540983605 40.0 340.0 0.0 300.0 33586.0 
822.0223865169011 24.795081967213115 39.0 340.0 0.0 302.0 33790.0 
824.0223865169011 24.959016393442624 38.0 341.0 0.0 304.0 33994.0 
826.0223865169011 25.122950819672134 36.0 341.0 0.0 306.0 34200.0 
828.0223865169011 25.122950819672134 35.0 342.0 0.0 306.0 34200.0 
830.0223865169011 25.286885245901637 35.0 342.0 0.0 308.0 34405.0 
832.0223865169011 25.450819672131146 33.0 342.0 0.0 310.0 34609.0 
834.0223865169011 25.532786885245905 31.0 342.0 0.0 311.0 34712.0 
836.0223865169011 25.614754098360656 30.0 342.0 0.0 312.0 34815.0 
838.0223865169011 25.696721311475407 30.0 345.0 0.0 313.0 34918.0 
840.0223865169011 25.696721311475407 32.0 345.0 0.0 313.0 34918.0 
842.0223865169011 25.860655737704917 31.0 345.0 0.0 315.0 35122.0 
844.0223865169011 25.860655737704917 32.0 347.0 0.0 315.0 35122.0 
846.0223865169011 26.106557377049178 32.0 347.0 0.0 318.0 35429.0 
848.0223865169011 26.106557377049178 29.0 347.0 0.0 318.0 35429.0 
850.0223865169011 26.106557377049178 29.0 347.0 0.0 318.0 35429.0 
852.0223865169011 26.106557377049178 31.0 349.0 0.0 318.0 35429.0 
854.0223865169011 26.106557377049178 31.0 349.0 0.0 318.0 35429.0 
856.0223865169011 26.106557377049178 31.0 349.0 0.0 318.0 35429.0 
858.0223865169011 26.106557377049178 31.0 350.0 0.0 318.0 35429.0 
860.0223865169011 26.188524590163933 32.0 351.0 0.0 319.0 35532.0 
862.0223865169011 26.360655737704917 32.0 352.0 0.0 321.0 35738.0 
864.0223865169011 26.524590163934427 30.0 352.0 0.0 323.0 35943.0 
866.0223865169011 26.524590163934427 30.0 354.0 0.0 323.0 35943.0 
868.0223865169011 26.606557377049178 31.0 355.0 0.0 324.0 36046.0 
870.0223865169011 26.606557377049178 34.0 358.0 0.0 324.0 36046.0 
872.0223865169011 26.606557377049178 36.0 360.0 0.0 324.0 36046.0 
874.0223865169011 26.688524590163933 35.0 360.0 0.0 325.0 36148.0 
876.0223865169011 26.688524590163933 36.0 361.0 0.0 325.0 36148.0 
878.0223865169011 26.688524590163933 37.0 362.0 0.0 325.0 36148.0 
880.0223865169011 26.770491803278688 37.0 363.0 0.0 326.0 36250.0 
882.0223865169011 26.770491803278688 37.0 363.0 0.0 326.0 36250.0 
884.0223865169011 26.852459016393443 36.0 363.0 0.0 327.0 36352.0 
886.0223865169011 26.852459016393443 36.0 363.0 0.0 327.0 36352.0 
888.0223865169011 26.852459016393443 36.0 363.0 0.0 327.0 36352.0 
890.0223865169011 26.852459016393443 36.0 363.0 0.0 327.0 36352.0 
892.0223865169011 26.852459016393443 37.0 364.0 0.0 327.0 36352.0 
894.008586507053 26.852459016393443 37.0 365.0 0.0 327.0 36352.0 
896.0223865169011 26.852459016393443 38.0 366.0 0.0 327.0 36352.0 
898.0223865169011 26.934426229508194 38.0 366.0 0.0 328.0 36454.0 
900.0223865169011 26.934426229508194 38.0 366.0 0.0 328.0 36454.0 
#####################################################################
# End of data export. Simulation finished at: 2020-01-23T17:28+0000 #
#####################################################################
