#####################################################################
# Alchemist log file - simulation started at: 2020-02-22T00:43+0000 #
#####################################################################
# seed = 97.0, taskFrequency = 0.1, cloudcost = 10.0, algorithm = false
#
# The columns have the following meaning: 
# time taskHops[Mean] hasTask[Sum] tasks[Sum] completedTasks[Sum] giveupTasks[Sum] taskLatency[Sum] 
0.0 NaN 0.0 0.0 0.0 0.0 0.0 
2.0076766729708933 NaN 9.0 14.0 0.0 0.0 0.0 
4.009389358947394 NaN 30.0 36.0 0.0 0.0 0.0 
6.009389358947394 NaN 54.0 59.0 0.0 0.0 0.0 
8.009389358947395 NaN 65.0 67.0 0.0 0.0 0.0 
10.009389358947395 NaN 75.0 80.0 0.0 0.0 0.0 
12.009389358947395 NaN 85.0 85.0 0.0 0.0 0.0 
14.009389358947395 NaN 90.0 93.0 0.0 0.0 0.0 
16.009389358947395 NaN 98.0 101.0 0.0 0.0 0.0 
18.009389358947395 NaN 106.0 107.0 0.0 0.0 0.0 
20.008496472930712 NaN 109.0 110.0 0.0 0.0 0.0 
22.00694048269367 NaN 110.0 110.0 0.0 0.0 0.0 
24.009389358947395 NaN 112.0 113.0 0.0 0.0 0.0 
26.009389358947395 NaN 113.0 113.0 0.0 0.0 0.0 
28.009389358947395 NaN 114.0 114.0 0.0 0.0 0.0 
30.009389358947395 NaN 115.0 115.0 0.0 0.0 0.0 
32.009389358947395 NaN 117.0 117.0 0.0 0.0 0.0 
34.009389358947395 NaN 119.0 119.0 0.0 0.0 0.0 
36.009389358947395 NaN 120.0 120.0 0.0 0.0 0.0 
38.009389358947395 NaN 120.0 120.0 0.0 0.0 0.0 
40.009389358947395 NaN 122.0 122.0 0.0 0.0 0.0 
42.009389358947395 NaN 122.0 122.0 0.0 0.0 0.0 
44.009389358947395 NaN 122.0 122.0 0.0 0.0 0.0 
46.009389358947395 NaN 123.0 124.0 0.0 0.0 0.0 
48.009389358947395 NaN 124.0 124.0 0.0 0.0 0.0 
50.009389358947395 NaN 124.0 124.0 0.0 0.0 0.0 
52.00727710715528 NaN 124.0 124.0 0.0 0.0 0.0 
54.009389358947395 NaN 125.0 125.0 0.0 0.0 0.0 
56.009389358947395 NaN 125.0 125.0 0.0 0.0 0.0 
58.009389358947395 NaN 125.0 125.0 0.0 0.0 0.0 
60.009389358947395 NaN 125.0 125.0 0.0 0.0 0.0 
62.0024313665197 NaN 125.0 125.0 0.0 0.0 0.0 
64.0093893589474 NaN 125.0 125.0 0.0 0.0 0.0 
66.0093893589474 NaN 125.0 125.0 0.0 0.0 0.0 
68.0093893589474 NaN 125.0 125.0 0.0 0.0 0.0 
70.0093893589474 NaN 125.0 125.0 0.0 0.0 0.0 
72.00335998257448 NaN 125.0 125.0 0.0 0.0 0.0 
74.0093893589474 NaN 125.0 125.0 0.0 0.0 0.0 
76.0093893589474 NaN 125.0 125.0 0.0 0.0 0.0 
78.0093893589474 NaN 125.0 125.0 0.0 0.0 0.0 
80.0093893589474 NaN 125.0 125.0 0.0 0.0 0.0 
82.0093893589474 NaN 125.0 125.0 0.0 0.0 0.0 
84.0093893589474 NaN 125.0 125.0 0.0 0.0 0.0 
86.0093893589474 NaN 125.0 125.0 0.0 0.0 0.0 
88.0093893589474 NaN 125.0 125.0 0.0 0.0 0.0 
90.0093893589474 NaN 125.0 125.0 0.0 0.0 0.0 
92.0093893589474 NaN 125.0 125.0 0.0 0.0 0.0 
94.0093893589474 NaN 125.0 125.0 0.0 0.0 0.0 
96.0093893589474 NaN 125.0 125.0 0.0 0.0 0.0 
98.0093893589474 NaN 125.0 125.0 0.0 0.0 0.0 
100.0093893589474 NaN 125.0 125.0 0.0 0.0 0.0 
102.0093893589474 NaN 125.0 125.0 0.0 0.0 0.0 
104.0093893589474 10.0 124.0 125.0 0.0 7.0 718.0 
106.0093893589474 10.0 110.0 125.0 0.0 25.0 2563.0 
108.0093893589474 10.0 88.0 126.0 0.0 50.0 5131.0 
110.0093893589474 10.0 71.0 128.0 0.0 61.0 6263.0 
112.0093893589474 10.0 62.0 129.0 0.0 72.0 7397.0 
114.0093893589474 10.012195121951219 52.0 134.0 0.0 82.0 8423.0 
116.0093893589474 10.011627906976743 53.0 138.0 0.0 86.0 8833.0 
118.0093893589474 10.010752688172044 52.0 141.0 0.0 93.0 9551.0 
120.0093893589474 10.009900990099009 45.0 144.0 0.0 101.0 10373.0 
122.0093893589474 10.009615384615385 46.0 151.0 0.0 104.0 10681.0 
124.0093893589474 10.00952380952381 52.0 160.0 0.0 105.0 10784.0 
126.0093893589474 10.009345794392523 58.0 165.0 0.0 107.0 10988.0 
128.0093893589474 10.00925925925926 61.0 173.0 0.0 108.0 11091.0 
130.0093893589474 10.009174311926605 69.0 181.0 0.0 109.0 11194.0 
132.0093893589474 10.00909090909091 75.0 185.0 0.0 110.0 11296.0 
134.0093893589474 10.008928571428571 80.0 192.0 0.0 112.0 11501.0 
136.0093893589474 10.008849557522124 82.0 196.0 0.0 113.0 11603.0 
138.0085994461507 10.008771929824562 88.0 202.0 0.0 114.0 11705.0 
140.0093893589474 10.008771929824562 90.0 205.0 0.0 114.0 11705.0 
142.0093893589474 10.008695652173913 92.0 206.0 0.0 115.0 11807.0 
144.0093893589474 10.008695652173913 94.0 212.0 0.0 115.0 11807.0 
146.0093893589474 10.008695652173913 102.0 222.0 0.0 115.0 11807.0 
148.0093893589474 10.008620689655173 108.0 223.0 0.0 116.0 11910.0 
150.0093893589474 10.008547008547009 107.0 225.0 0.0 117.0 12013.0 
152.0093893589474 10.008547008547009 109.0 227.0 0.0 117.0 12013.0 
154.0093893589474 10.008547008547009 112.0 229.0 0.0 117.0 12013.0 
156.0093893589474 10.008474576271187 114.0 231.0 0.0 118.0 12116.0 
158.0093893589474 10.008474576271187 113.0 231.0 0.0 118.0 12116.0 
160.0093893589474 10.008474576271187 116.0 236.0 0.0 118.0 12116.0 
162.0093893589474 10.008474576271187 119.0 237.0 0.0 118.0 12116.0 
164.0093893589474 10.008474576271187 119.0 237.0 0.0 118.0 12116.0 
166.0093893589474 10.008474576271187 121.0 239.0 0.0 118.0 12116.0 
168.0093893589474 10.008474576271187 121.0 239.0 0.0 118.0 12116.0 
170.0093893589474 10.008474576271187 122.0 240.0 0.0 118.0 12116.0 
172.00419182790685 10.008474576271187 122.0 240.0 0.0 118.0 12116.0 
174.0093893589474 10.008474576271187 122.0 240.0 0.0 118.0 12116.0 
176.0093893589474 10.008474576271187 122.0 240.0 0.0 118.0 12116.0 
178.0093893589474 10.008474576271187 123.0 241.0 0.0 118.0 12116.0 
180.0093893589474 10.008474576271187 123.0 241.0 0.0 118.0 12116.0 
182.0093893589474 10.008474576271187 123.0 241.0 0.0 118.0 12116.0 
184.0093893589474 10.008474576271187 123.0 241.0 0.0 118.0 12116.0 
186.0093893589474 10.008474576271187 123.0 241.0 0.0 118.0 12116.0 
188.0093893589474 10.008474576271187 123.0 241.0 0.0 118.0 12116.0 
190.0093893589474 10.008474576271187 123.0 241.0 0.0 118.0 12116.0 
192.0093893589474 10.008474576271187 123.0 241.0 0.0 118.0 12116.0 
194.0093893589474 10.008474576271187 123.0 241.0 0.0 118.0 12116.0 
196.0093893589474 10.008474576271187 123.0 241.0 0.0 118.0 12116.0 
198.0093893589474 10.008474576271187 124.0 242.0 0.0 118.0 12116.0 
200.0093893589474 10.008474576271187 124.0 242.0 0.0 118.0 12116.0 
202.0093893589474 10.008474576271187 125.0 243.0 0.0 118.0 12116.0 
204.0093893589474 10.008474576271187 125.0 243.0 0.0 118.0 12116.0 
206.0093893589474 10.008474576271187 125.0 243.0 0.0 118.0 12116.0 
208.0093893589474 10.008474576271187 125.0 243.0 0.0 118.0 12116.0 
210.0093893589474 10.09322033898305 125.0 243.0 0.0 119.0 12219.0 
212.0093893589474 10.177966101694915 124.0 243.0 0.0 120.0 12321.0 
214.00929246598756 10.26271186440678 122.0 243.0 0.0 121.0 12424.0 
216.0093893589474 10.596638655462185 119.0 243.0 0.0 126.0 13046.0 
218.0093893589474 10.932773109243698 114.0 243.0 0.0 130.0 13455.0 
220.0093893589474 11.266666666666667 111.0 244.0 0.0 135.0 14079.0 
222.0093893589474 11.433333333333334 109.0 244.0 0.0 137.0 14284.0 
224.0093893589474 11.85 104.0 245.0 0.0 142.0 14797.0 
226.0093893589474 12.433333333333334 100.0 246.0 0.0 149.0 15515.0 
228.0093778748074 13.074380165289256 91.0 250.0 0.0 158.0 16549.0 
230.0093893589474 13.487603305785125 92.0 252.0 0.0 163.0 17061.0 
232.0093893589474 14.148760330578513 87.0 256.0 0.0 171.0 17882.0 
234.0093893589474 14.56198347107438 83.0 258.0 0.0 176.0 18396.0 
236.0093893589474 15.140495867768596 86.0 263.0 0.0 183.0 19136.0 
238.0093893589474 15.55371900826446 82.0 269.0 0.0 188.0 19650.0 
240.0093893589474 16.13223140495868 80.0 275.0 0.0 195.0 20367.0 
242.0093893589474 16.245901639344265 78.0 277.0 0.0 198.0 20798.0 
244.0093893589474 16.40983606557377 81.0 283.0 0.0 200.0 21003.0 
246.0093893589474 16.65573770491803 85.0 289.0 0.0 203.0 21311.0 
248.0093893589474 17.311475409836067 88.0 295.0 0.0 211.0 22133.0 
250.0093893589474 17.721311475409838 82.0 297.0 0.0 216.0 22648.0 
252.0093893589474 17.803278688524593 83.0 299.0 0.0 217.0 22750.0 
254.0093893589474 17.9672131147541 87.0 306.0 0.0 219.0 22955.0 
256.0093893589474 18.213114754098363 87.0 309.0 0.0 222.0 23263.0 
258.0093893589474 18.377049180327866 87.0 311.0 0.0 224.0 23467.0 
260.0093893589474 18.377049180327866 93.0 317.0 0.0 224.0 23467.0 
262.0093893589474 18.704918032786885 93.0 322.0 0.0 228.0 23913.0 
264.0093893589474 18.950819672131146 92.0 322.0 0.0 231.0 24221.0 
266.0093893589474 18.950819672131146 94.0 325.0 0.0 231.0 24221.0 
268.0093893589474 19.114754098360656 96.0 329.0 0.0 233.0 24426.0 
270.008346976026 19.114754098360656 97.0 331.0 0.0 233.0 24426.0 
272.0093893589474 19.204918032786885 101.0 334.0 0.0 234.0 24528.0 
274.0093893589474 19.204918032786885 101.0 338.0 0.0 234.0 24528.0 
276.0093893589474 19.204918032786885 105.0 339.0 0.0 234.0 24528.0 
278.00576387363026 19.204918032786885 106.0 341.0 0.0 234.0 24528.0 
280.0049107332466 19.286885245901637 108.0 343.0 0.0 235.0 24631.0 
282.0093893589474 19.286885245901637 109.0 345.0 0.0 235.0 24631.0 
284.0093893589474 19.286885245901637 113.0 348.0 0.0 235.0 24631.0 
286.0093893589474 19.286885245901637 114.0 349.0 0.0 235.0 24631.0 
288.0093893589474 19.286885245901637 114.0 350.0 0.0 235.0 24631.0 
290.0093893589474 19.286885245901637 117.0 352.0 0.0 235.0 24631.0 
292.0093893589474 19.286885245901637 117.0 352.0 0.0 235.0 24631.0 
294.0093893589474 19.286885245901637 119.0 354.0 0.0 235.0 24631.0 
296.0093893589474 19.286885245901637 120.0 355.0 0.0 235.0 24631.0 
298.0093893589474 19.286885245901637 122.0 357.0 0.0 235.0 24631.0 
300.0093893589474 19.368852459016395 121.0 357.0 0.0 236.0 24733.0 
302.0093893589474 19.368852459016395 122.0 358.0 0.0 236.0 24733.0 
304.0093893589474 19.450819672131146 123.0 359.0 0.0 237.0 24836.0 
306.0093893589474 19.450819672131146 122.0 359.0 0.0 237.0 24836.0 
308.0093893589474 19.450819672131146 122.0 359.0 0.0 237.0 24836.0 
310.00039092446065 19.450819672131146 122.0 359.0 0.0 237.0 24836.0 
312.0093893589474 19.450819672131146 123.0 361.0 0.0 237.0 24836.0 
314.0093893589474 19.450819672131146 124.0 361.0 0.0 237.0 24836.0 
316.0093893589474 19.450819672131146 124.0 361.0 0.0 237.0 24836.0 
318.0093893589474 19.450819672131146 124.0 361.0 0.0 237.0 24836.0 
320.0093893589474 19.450819672131146 124.0 361.0 0.0 237.0 24836.0 
322.0047251098772 19.5327868852459 123.0 361.0 0.0 238.0 24938.0 
324.0093893589474 19.5327868852459 123.0 361.0 0.0 238.0 24938.0 
326.0093893589474 19.614754098360656 124.0 362.0 0.0 239.0 25040.0 
328.0093893589474 19.614754098360656 123.0 362.0 0.0 239.0 25040.0 
330.0093893589474 19.860655737704917 122.0 362.0 0.0 242.0 25348.0 
332.0093893589474 20.270491803278688 119.0 363.0 0.0 247.0 25960.0 
334.0093893589474 20.434426229508194 116.0 364.0 0.0 249.0 26165.0 
336.0093893589474 20.598360655737704 114.0 365.0 0.0 251.0 26371.0 
338.0093893589474 21.09016393442623 112.0 366.0 0.0 257.0 26986.0 
340.0093893589474 21.5 109.0 367.0 0.0 262.0 27503.0 
342.0093893589474 21.90983606557377 106.0 369.0 0.0 267.0 28017.0 
344.0093893589474 22.15573770491803 100.0 370.0 0.0 270.0 28325.0 
346.0093893589474 22.565573770491806 98.0 372.0 0.0 275.0 28837.0 
348.0093893589474 22.975409836065573 97.0 375.0 0.0 280.0 29350.0 
350.0093893589474 23.631147540983605 92.0 378.0 0.0 288.0 30170.0 
352.0093893589474 23.877049180327866 90.0 383.0 0.0 291.0 30478.0 
354.0093893589474 24.040983606557376 92.0 385.0 0.0 293.0 30683.0 
356.0093893589474 24.532786885245905 91.0 388.0 0.0 299.0 31297.0 
358.0093893589474 24.778688524590162 90.0 392.0 0.0 302.0 31605.0 
360.0093893589474 24.942622950819676 89.0 394.0 0.0 304.0 31810.0 
362.0093893589474 25.434426229508194 91.0 397.0 0.0 310.0 32426.0 
364.0093893589474 25.51639344262295 89.0 399.0 0.0 311.0 32529.0 
366.0093893589474 25.762295081967217 90.0 404.0 0.0 314.0 32838.0 
368.0093893589474 26.008196721311474 91.0 405.0 0.0 317.0 33146.0 
370.00162458548726 26.254098360655735 93.0 411.0 0.0 320.0 33452.0 
372.0093893589474 26.418032786885245 91.0 415.0 0.0 322.0 33657.0 
374.0093893589474 26.745901639344265 95.0 419.0 0.0 326.0 34068.0 
376.0093893589474 26.90983606557377 94.0 421.0 0.0 328.0 34286.0 
378.0093893589474 27.237704918032783 92.0 423.0 0.0 332.0 34698.0 
380.0093893589474 27.31967213114754 94.0 427.0 0.0 333.0 34800.0 
382.0093893589474 27.48360655737705 94.0 430.0 0.0 335.0 35005.0 
384.0093893589474 27.647540983606554 95.0 432.0 0.0 337.0 35211.0 
386.0093893589474 27.83739837398374 94.0 434.0 0.0 342.0 35974.0 
388.0093893589474 27.918699186991866 95.0 437.0 0.0 343.0 36077.0 
390.006002948141 27.918699186991866 98.0 442.0 0.0 343.0 36077.0 
392.0093893589474 28.081300813008134 98.0 443.0 0.0 345.0 36282.0 
394.0067075275881 28.081300813008134 98.0 443.0 0.0 345.0 36282.0 
396.0093893589474 28.24390243902439 99.0 446.0 0.0 347.0 36488.0 
398.00028943016645 28.487804878048784 99.0 447.0 0.0 350.0 36593.0 
400.0093893589474 28.73170731707317 98.0 450.0 0.0 353.0 36797.0 
402.0093893589474 28.73170731707317 99.0 456.0 0.0 353.0 36797.0 
404.0093893589474 28.73170731707317 105.0 458.0 0.0 353.0 36797.0 
406.0093893589474 28.8130081300813 105.0 459.0 0.0 354.0 36899.0 
408.0093893589474 28.8130081300813 108.0 462.0 0.0 354.0 36899.0 
410.0093893589474 28.8130081300813 108.0 462.0 0.0 354.0 36899.0 
412.0093893589474 28.8130081300813 111.0 465.0 0.0 354.0 36899.0 
414.0093893589474 28.89430894308943 112.0 467.0 0.0 355.0 37001.0 
416.0093893589474 28.975609756097562 112.0 468.0 0.0 356.0 37104.0 
418.0093893589474 28.975609756097562 113.0 471.0 0.0 356.0 37104.0 
420.0093893589474 28.975609756097562 116.0 473.0 0.0 356.0 37104.0 
422.0093893589474 28.975609756097562 117.0 474.0 0.0 356.0 37104.0 
424.0093893589474 28.975609756097562 119.0 475.0 0.0 356.0 37104.0 
426.00303072400646 28.975609756097562 121.0 478.0 0.0 356.0 37104.0 
428.0093893589474 29.05691056910569 122.0 479.0 0.0 357.0 37206.0 
430.0093893589474 29.05691056910569 122.0 480.0 0.0 357.0 37206.0 
432.0093893589474 29.05691056910569 123.0 480.0 0.0 357.0 37206.0 
434.0093893589474 29.13821138211382 123.0 480.0 0.0 358.0 37309.0 
436.0093893589474 29.13821138211382 122.0 480.0 0.0 358.0 37309.0 
438.0093893589474 29.300813008130085 120.0 482.0 0.0 360.0 37514.0 
440.0093893589474 29.382113821138212 122.0 482.0 0.0 361.0 37616.0 
442.0093893589474 29.46341463414634 121.0 482.0 0.0 362.0 37719.0 
444.0093893589474 29.6260162601626 120.0 482.0 0.0 364.0 37925.0 
446.0093893589474 29.707317073170735 118.0 483.0 0.0 365.0 38028.0 
448.0093893589474 29.62903225806452 118.0 484.0 0.0 367.0 38538.0 
450.0093893589474 29.951612903225808 115.0 484.0 0.0 371.0 39167.0 
452.0093893589474 30.112903225806456 111.0 484.0 0.0 373.0 39372.0 
454.0093893589474 30.354838709677416 108.0 484.0 0.0 376.0 39679.0 
456.0093893589474 30.67741935483871 105.0 486.0 0.0 380.0 40181.0 
458.0093893589474 30.919354838709676 106.0 488.0 0.0 383.0 40489.0 
460.0028481146379 31.241935483870964 104.0 489.0 0.0 387.0 40898.0 
462.0093893589474 31.32258064516129 104.0 492.0 0.0 388.0 41001.0 
464.00065249319135 31.725806451612907 101.0 494.0 0.0 393.0 41514.0 
466.0093893589474 31.887096774193544 102.0 495.0 0.0 395.0 41718.0 
468.0093893589474 32.29032258064517 100.0 497.0 0.0 400.0 42229.0 
470.0093893589474 32.37096774193548 98.0 498.0 0.0 401.0 42331.0 
472.0093893589474 32.943548387096776 99.0 500.0 0.0 408.0 43273.0 
474.0082158959582 33.10483870967742 94.0 503.0 0.0 410.0 43478.0 
476.0093893589474 33.58870967741935 91.0 505.0 0.0 416.0 44175.0 
478.0093893589474 33.83064516129032 91.0 509.0 0.0 419.0 44482.0 
480.0006077499349 33.99193548387096 90.0 510.0 0.0 421.0 44686.0 
482.0093893589474 34.233870967741936 89.0 511.0 0.0 424.0 44993.0 
484.0093893589474 34.39516129032258 88.0 515.0 0.0 426.0 45198.0 
486.0093893589474 34.63709677419355 91.0 519.0 0.0 429.0 45507.0 
488.0023494190533 34.87903225806452 90.0 522.0 0.0 432.0 45815.0 
490.0093893589474 35.20161290322581 93.0 525.0 0.0 436.0 46376.0 
492.00349783672016 35.443548387096776 92.0 528.0 0.0 439.0 46683.0 
494.0093893589474 35.685483870967744 90.0 531.0 0.0 442.0 47032.0 
496.00274809184634 35.766129032258064 94.0 536.0 0.0 443.0 47227.0 
498.0093893589474 35.846774193548384 102.0 545.0 0.0 444.0 47330.0 
500.0093893589474 35.927419354838705 104.0 549.0 0.0 445.0 47433.0 
502.0093893589474 36.08870967741935 106.0 551.0 0.0 447.0 47637.0 
504.0093893589474 36.25 105.0 554.0 0.0 449.0 47841.0 
506.0093893589474 36.733870967741936 100.0 554.0 0.0 455.0 48458.0 
508.0093893589474 36.733870967741936 102.0 558.0 0.0 455.0 48458.0 
510.0093893589474 37.056451612903224 104.0 561.0 0.0 459.0 48868.0 
512.0034414380912 37.056451612903224 103.0 564.0 0.0 459.0 48868.0 
514.0093893589474 37.21774193548387 107.0 568.0 0.0 461.0 49074.0 
516.0093893589474 37.37903225806452 107.0 568.0 0.0 463.0 49280.0 
518.0093893589474 37.45967741935483 105.0 568.0 0.0 464.0 49382.0 
520.0093893589474 37.54032258064517 105.0 570.0 0.0 465.0 49485.0 
522.0093893589474 37.78225806451613 104.0 571.0 0.0 468.0 49794.0 
524.0093893589474 37.86290322580645 103.0 574.0 0.0 469.0 49897.0 
526.0093893589474 38.024193548387096 108.0 578.0 0.0 471.0 50103.0 
528.0093893589474 38.185483870967744 109.0 583.0 0.0 473.0 50308.0 
530.0093893589474 38.346774193548384 109.0 583.0 0.0 475.0 50514.0 
532.0093893589474 38.346774193548384 108.0 583.0 0.0 475.0 50514.0 
534.0093893589474 38.427419354838705 108.0 584.0 0.0 476.0 50617.0 
536.0093893589474 38.427419354838705 108.0 584.0 0.0 476.0 50617.0 
538.0093893589474 38.427419354838705 111.0 588.0 0.0 476.0 50617.0 
540.0093893589474 38.427419354838705 114.0 590.0 0.0 476.0 50617.0 
542.0093893589474 38.58870967741935 112.0 590.0 0.0 478.0 50823.0 
544.0011522996416 38.58870967741935 113.0 591.0 0.0 478.0 50823.0 
546.0016419490319 38.58870967741935 114.0 593.0 0.0 478.0 50823.0 
548.0093893589474 38.58870967741935 115.0 593.0 0.0 478.0 50823.0 
550.0093893589474 38.75 115.0 595.0 0.0 480.0 51028.0 
552.0093893589474 38.75 115.0 595.0 0.0 480.0 51028.0 
554.0002907721454 38.75 115.0 596.0 0.0 480.0 51028.0 
556.0093893589474 38.83064516129032 116.0 597.0 0.0 481.0 51231.0 
558.0093893589474 38.83064516129032 116.0 597.0 0.0 481.0 51231.0 
560.0052351916579 39.072580645161295 113.0 597.0 0.0 484.0 51539.0 
562.0072148766064 39.233870967741936 113.0 599.0 0.0 486.0 51744.0 
564.0093893589474 39.39516129032258 111.0 599.0 0.0 488.0 51948.0 
566.0093893589474 39.475806451612904 112.0 600.0 0.0 489.0 52051.0 
568.0093893589474 39.63709677419355 109.0 601.0 0.0 491.0 52256.0 
570.0093893589474 39.71774193548387 112.0 603.0 0.0 492.0 52359.0 
572.0093893589474 39.87903225806452 112.0 605.0 0.0 494.0 52565.0 
574.0093893589474 40.04032258064517 110.0 605.0 0.0 496.0 52769.0 
576.0093893589474 40.28225806451613 112.0 608.0 0.0 499.0 53076.0 
578.0093893589474 40.36290322580645 110.0 610.0 0.0 500.0 53179.0 
580.0093893589474 40.76612903225807 108.0 611.0 0.0 505.0 53692.0 
582.0093893589474 40.76612903225807 108.0 614.0 0.0 505.0 53692.0 
584.0093893589474 40.927419354838705 112.0 618.0 0.0 507.0 53897.0 
586.0093893589474 41.08870967741935 111.0 619.0 0.0 509.0 54103.0 
588.0093893589474 41.572580645161295 109.0 621.0 0.0 515.0 54720.0 
590.0093893589474 41.73387096774193 106.0 621.0 0.0 517.0 54925.0 
592.0093893589474 42.056451612903224 104.0 622.0 0.0 521.0 55414.0 
594.0071257810027 42.21774193548387 101.0 622.0 0.0 523.0 55619.0 
596.0093893589474 42.45967741935483 97.0 623.0 0.0 526.0 55926.0 
598.0093893589474 42.943548387096776 96.0 625.0 0.0 532.0 56547.0 
600.0093893589474 43.66935483870967 95.0 628.0 0.0 541.0 57471.0 
602.0093893589474 43.99193548387096 87.0 631.0 0.0 545.0 57881.0 
604.0093893589474 44.153225806451616 90.0 637.0 0.0 547.0 58085.0 
606.0093893589474 44.314516129032256 91.0 639.0 0.0 549.0 58290.0 
608.0093893589474 44.39516129032258 93.0 643.0 0.0 550.0 58393.0 
610.0093893589474 44.63709677419355 93.0 646.0 0.0 553.0 58699.0 
612.0093893589474 44.95967741935483 92.0 647.0 0.0 557.0 59110.0 
614.0069287409608 45.04032258064517 91.0 649.0 0.0 558.0 59213.0 
616.0093893589474 45.28225806451613 90.0 652.0 0.0 561.0 59521.0 
618.0093893589474 45.443548387096776 91.0 655.0 0.0 563.0 59727.0 
620.0007966669589 45.443548387096776 98.0 661.0 0.0 563.0 59727.0 
622.0093893589474 45.52419354838709 100.0 664.0 0.0 564.0 59830.0 
624.0093893589474 45.685483870967744 100.0 666.0 0.0 566.0 60035.0 
626.00057912134 45.76612903225807 101.0 669.0 0.0 567.0 60137.0 
628.0093893589474 46.33064516129032 98.0 670.0 0.0 574.0 60887.0 
630.0093893589474 46.572580645161295 99.0 674.0 0.0 577.0 61195.0 
632.0093893589474 46.653225806451616 97.0 675.0 0.0 578.0 61298.0 
634.0093893589474 46.653225806451616 98.0 676.0 0.0 578.0 61298.0 
636.0034748244527 46.733870967741936 102.0 681.0 0.0 579.0 61401.0 
638.0093893589474 46.733870967741936 103.0 683.0 0.0 579.0 61401.0 
640.0093893589474 46.975806451612904 104.0 685.0 0.0 582.0 61709.0 
642.0093893589474 47.21774193548387 103.0 687.0 0.0 585.0 62016.0 
644.0093893589474 47.21774193548387 106.0 691.0 0.0 585.0 62016.0 
646.0037839330535 47.29838709677419 105.0 692.0 0.0 586.0 62118.0 
648.0015577851268 47.37903225806452 108.0 694.0 0.0 587.0 62221.0 
650.0093893589474 47.45967741935483 106.0 694.0 0.0 588.0 62324.0 
652.0093893589474 47.54032258064517 106.0 695.0 0.0 589.0 62426.0 
654.0093893589474 47.62096774193548 106.0 697.0 0.0 590.0 62529.0 
656.0041189726983 47.62096774193548 109.0 699.0 0.0 590.0 62529.0 
658.0093893589474 47.78225806451613 109.0 700.0 0.0 592.0 62734.0 
660.0093893589474 47.78225806451613 109.0 701.0 0.0 592.0 62734.0 
662.0093893589474 47.78225806451613 110.0 702.0 0.0 592.0 62734.0 
664.0093893589474 47.86290322580645 114.0 706.0 0.0 593.0 62836.0 
666.0093893589474 47.943548387096776 114.0 708.0 0.0 594.0 62938.0 
668.0093893589474 48.024193548387096 114.0 708.0 0.0 595.0 63041.0 
670.0093893589474 48.024193548387096 113.0 708.0 0.0 595.0 63041.0 
672.0093893589474 48.26612903225807 114.0 710.0 0.0 598.0 63350.0 
674.003424647569 48.346774193548384 114.0 714.0 0.0 599.0 63452.0 
676.0093893589474 48.346774193548384 116.0 715.0 0.0 599.0 63452.0 
678.001518892948 48.50806451612904 116.0 717.0 0.0 601.0 63656.0 
680.0093893589474 48.66935483870967 115.0 717.0 0.0 603.0 63861.0 
682.0093893589474 48.75 114.0 718.0 0.0 604.0 63964.0 
684.0093893589474 49.072580645161295 113.0 720.0 0.0 608.0 64384.0 
686.0093893589474 49.475806451612904 111.0 721.0 0.0 613.0 64896.0 
688.0093893589474 49.475806451612904 108.0 721.0 0.0 613.0 64896.0 
690.0093893589474 49.71774193548387 108.0 723.0 0.0 616.0 65204.0 
692.0093893589474 49.71774193548387 107.0 724.0 0.0 616.0 65204.0 
694.0093893589474 49.79838709677419 109.0 725.0 0.0 617.0 65307.0 
696.0093893589474 49.79838709677419 110.0 727.0 0.0 617.0 65307.0 
698.0093893589474 49.79838709677419 112.0 729.0 0.0 617.0 65307.0 
700.0041898659977 50.04032258064517 112.0 732.0 0.0 620.0 65615.0 
702.0093893589474 50.28225806451613 112.0 733.0 0.0 623.0 65922.0 
704.0093893589474 50.36290322580645 111.0 735.0 0.0 624.0 66025.0 
706.0093893589474 50.927419354838705 106.0 735.0 0.0 631.0 66742.0 
708.0093893589474 51.08870967741935 103.0 735.0 0.0 633.0 66948.0 
710.0093893589474 51.41129032258065 102.0 737.0 0.0 637.0 67357.0 
712.0093893589474 51.572580645161295 102.0 739.0 0.0 639.0 67562.0 
714.0093893589474 51.73387096774193 102.0 743.0 0.0 641.0 67767.0 
716.0093893589474 51.89516129032258 104.0 746.0 0.0 643.0 68071.0 
718.0093893589474 52.13709677419355 103.0 750.0 0.0 646.0 68379.0 
720.0090272610942 52.37903225806452 105.0 752.0 0.0 649.0 68687.0 
722.0093893589474 52.943548387096776 103.0 753.0 0.0 656.0 69406.0 
724.0093893589474 53.10483870967742 99.0 756.0 0.0 658.0 69611.0 
726.0093893589474 53.346774193548384 100.0 760.0 0.0 661.0 69920.0 
728.0093893589474 53.50806451612904 100.0 762.0 0.0 663.0 70126.0 
730.0093893589474 53.66935483870967 100.0 764.0 0.0 665.0 70331.0 
732.0093893589474 53.99193548387096 98.0 765.0 0.0 669.0 70841.0 
734.0093893589474 54.072580645161295 99.0 769.0 0.0 670.0 70944.0 
736.0093893589474 54.153225806451616 99.0 771.0 0.0 671.0 71047.0 
738.0093893589474 54.41129032258065 98.0 773.0 0.0 674.0 71353.0 
740.0093893589474 54.572580645161295 99.0 774.0 0.0 676.0 71558.0 
742.0093893589474 54.653225806451616 99.0 776.0 0.0 677.0 71661.0 
744.0093893589474 54.61600000000001 97.0 779.0 0.0 682.0 72810.0 
746.0093893589474 54.93599999999999 98.0 781.0 0.0 686.0 73218.0 
748.0093893589474 54.93599999999999 99.0 785.0 0.0 686.0 73218.0 
750.0093893589474 55.176 98.0 787.0 0.0 689.0 73526.0 
752.0093893589474 55.176 99.0 788.0 0.0 689.0 73526.0 
754.0093893589474 55.176 100.0 789.0 0.0 689.0 73526.0 
756.0093893589474 55.336 101.0 791.0 0.0 691.0 73731.0 
758.0093893589474 55.576 100.0 794.0 0.0 694.0 74039.0 
760.0093893589474 55.656 102.0 796.0 0.0 695.0 74141.0 
762.0093893589474 55.736000000000004 104.0 800.0 0.0 696.0 74244.0 
764.0023083371223 55.816 106.0 802.0 0.0 697.0 74347.0 
766.0093893589474 56.136 105.0 807.0 0.0 701.0 74756.0 
768.0093893589474 56.29600000000001 105.0 808.0 0.0 703.0 74961.0 
770.0093893589474 56.29600000000001 107.0 811.0 0.0 703.0 74961.0 
772.0093893589474 56.29600000000001 110.0 813.0 0.0 703.0 74961.0 
774.0093893589474 56.455999999999996 111.0 814.0 0.0 705.0 75165.0 
776.0093893589474 56.696 109.0 816.0 0.0 708.0 75472.0 
778.0093893589474 56.856 108.0 818.0 0.0 710.0 75678.0 
780.0093893589474 57.016000000000005 109.0 819.0 0.0 712.0 75883.0 
782.0038484572962 57.016000000000005 108.0 820.0 0.0 712.0 75883.0 
784.0093893589474 57.096 109.0 821.0 0.0 713.0 75985.0 
786.0093893589474 57.176 108.0 822.0 0.0 714.0 76087.0 
788.0093893589474 57.336 108.0 825.0 0.0 716.0 76292.0 
790.0093893589474 57.336 110.0 826.0 0.0 716.0 76292.0 
792.0093893589474 57.495999999999995 110.0 828.0 0.0 718.0 76497.0 
794.0093893589474 57.495999999999995 110.0 829.0 0.0 718.0 76497.0 
796.0093893589474 57.65599999999999 111.0 831.0 0.0 720.0 76702.0 
798.0093893589474 57.816 112.0 833.0 0.0 722.0 76907.0 
800.0093893589474 57.976 112.0 835.0 0.0 724.0 77111.0 
802.0093893589474 58.056000000000004 114.0 841.0 0.0 725.0 77213.0 
804.0093893589474 58.29600000000001 114.0 842.0 0.0 728.0 77522.0 
806.0093893589474 58.376 113.0 842.0 0.0 729.0 77624.0 
808.0093893589474 58.455999999999996 114.0 844.0 0.0 730.0 77727.0 
810.0093893589474 58.536 113.0 845.0 0.0 731.0 77931.0 
812.0093893589474 58.61600000000001 115.0 847.0 0.0 732.0 78033.0 
814.0093893589474 58.85600000000001 114.0 848.0 0.0 735.0 78340.0 
816.0093893589474 59.096 115.0 851.0 0.0 738.0 78647.0 
818.0093893589474 59.416 113.0 854.0 0.0 742.0 79056.0 
820.0093893589474 59.576 111.0 854.0 0.0 744.0 79260.0 
822.008222268016 59.976 110.0 856.0 0.0 749.0 79859.0 
824.0093893589474 60.056000000000004 108.0 858.0 0.0 750.0 79961.0 
826.0093893589474 60.136 108.0 858.0 0.0 751.0 80063.0 
828.0093893589474 60.45599999999999 106.0 859.0 0.0 755.0 80474.0 
830.0093893589474 60.61600000000001 104.0 860.0 0.0 757.0 80679.0 
832.0093893589474 60.856 102.0 860.0 0.0 760.0 80987.0 
834.0093893589474 60.856 103.0 865.0 0.0 760.0 80987.0 
836.0093893589474 61.17600000000001 103.0 866.0 0.0 764.0 81396.0 
838.0093893589474 61.25600000000001 103.0 869.0 0.0 765.0 81499.0 
840.0093893589474 61.496 104.0 873.0 0.0 768.0 81807.0 
842.0093893589474 61.656 105.0 874.0 0.0 770.0 82013.0 
844.0093893589474 61.736000000000004 105.0 876.0 0.0 771.0 82115.0 
846.0065609638622 61.815999999999995 107.0 878.0 0.0 772.0 82217.0 
848.0093893589474 62.136 104.0 880.0 0.0 776.0 82627.0 
850.0093893589474 62.455999999999996 105.0 884.0 0.0 780.0 83037.0 
852.0016918143201 62.536 104.0 884.0 0.0 781.0 83140.0 
854.0093893589474 62.69599999999999 105.0 887.0 0.0 783.0 83346.0 
856.0093893589474 62.69599999999999 107.0 890.0 0.0 783.0 83346.0 
858.0093893589474 62.856 106.0 892.0 0.0 785.0 83550.0 
860.0093893589474 62.936 108.0 896.0 0.0 786.0 83653.0 
862.0093893589474 63.17600000000001 109.0 898.0 0.0 789.0 83960.0 
864.006989468345 63.33599999999999 111.0 901.0 0.0 791.0 84164.0 
866.0093893589474 63.576 110.0 903.0 0.0 794.0 84471.0 
868.0093893589474 63.815999999999995 108.0 903.0 0.0 797.0 84777.0 
870.0093893589474 63.895999999999994 105.0 904.0 0.0 798.0 84880.0 
872.0093893589474 64.13600000000001 104.0 904.0 0.0 801.0 85187.0 
874.0093893589474 64.376 101.0 905.0 0.0 804.0 85495.0 
876.0093893589474 64.45599999999999 101.0 905.0 0.0 805.0 85597.0 
878.0086583594766 64.536 100.0 906.0 0.0 806.0 85699.0 
880.0093893589474 64.61600000000001 100.0 907.0 0.0 807.0 85801.0 
882.0093893589474 64.776 100.0 909.0 0.0 809.0 86006.0 
884.0093893589474 64.856 102.0 912.0 0.0 810.0 86108.0 
886.0093893589474 64.93599999999999 104.0 915.0 0.0 811.0 86211.0 
888.0058121610742 64.93599999999999 109.0 920.0 0.0 811.0 86211.0 
890.0093893589474 65.096 108.0 920.0 0.0 813.0 86417.0 
892.0093893589474 65.416 106.0 921.0 0.0 817.0 86875.0 
894.0093893589474 65.49600000000001 104.0 921.0 0.0 818.0 86978.0 
896.0093893589474 65.656 105.0 927.0 0.0 820.0 87514.0 
898.0093893589474 65.89599999999999 106.0 928.0 0.0 823.0 87821.0 
900.0093893589474 66.05600000000001 105.0 928.0 0.0 825.0 88025.0 
#####################################################################
# End of data export. Simulation finished at: 2020-02-22T00:49+0000 #
#####################################################################
