#####################################################################
# Alchemist log file - simulation started at: 2020-01-18T13:44+0000 #
#####################################################################
# seed = 15.0, taskFrequency = 0.04217, cloudcost = 1.0, algorithm = false
#
# The columns have the following meaning: 
# time taskHops[Mean] hasTask[Sum] tasks[Sum] completedTasks[Sum] giveupTasks[Sum] taskLatency[Sum] 
0.0 NaN 0.0 0.0 0.0 0.0 0.0 
2.0090872484315243 NaN 12.0 14.0 0.0 0.0 0.0 
4.009087248431524 NaN 21.0 21.0 0.0 0.0 0.0 
6.009087248431524 NaN 25.0 26.0 0.0 0.0 0.0 
8.009087248431523 NaN 32.0 32.0 0.0 0.0 0.0 
10.009087248431523 NaN 39.0 41.0 0.0 0.0 0.0 
12.009087248431523 0.0 42.0 44.0 1.0 0.0 11.0 
14.009087248431523 0.0 47.0 49.0 1.0 0.0 11.0 
16.009087248431523 0.0 54.0 57.0 2.0 0.0 26.0 
18.009087248431523 0.0 59.0 62.0 2.0 0.0 26.0 
20.009087248431523 0.0 64.0 67.0 2.0 0.0 26.0 
22.009087248431523 0.0 68.0 72.0 2.0 0.0 26.0 
24.009087248431523 0.0 76.0 81.0 2.0 0.0 26.0 
26.009087248431523 0.0 81.0 83.0 2.0 0.0 26.0 
28.009087248431523 0.0 82.0 85.0 2.0 0.0 26.0 
30.009087248431523 0.0 84.0 86.0 2.0 0.0 26.0 
32.00908724843153 0.0 86.0 88.0 2.0 0.0 26.0 
34.00908724843153 0.0 87.0 93.0 2.0 0.0 26.0 
36.00908724843153 0.0 93.0 95.0 2.0 0.0 26.0 
38.00908724843153 0.0 95.0 97.0 2.0 0.0 26.0 
40.00908724843153 0.0 99.0 101.0 2.0 0.0 26.0 
42.00908724843153 0.0 99.0 103.0 2.0 0.0 26.0 
44.00908724843153 0.0 103.0 105.0 2.0 0.0 26.0 
46.00908724843153 0.0 105.0 108.0 2.0 0.0 26.0 
48.00908724843153 0.0 106.0 108.0 2.0 0.0 26.0 
50.00908724843153 0.0 109.0 111.0 2.0 0.0 26.0 
52.00908724843153 0.0 110.0 112.0 2.0 0.0 26.0 
54.00908724843153 0.0 110.0 112.0 2.0 0.0 26.0 
56.00908724843153 0.0 113.0 115.0 2.0 0.0 26.0 
58.00908724843153 0.0 113.0 116.0 2.0 0.0 26.0 
60.00908724843153 0.0 115.0 117.0 2.0 0.0 26.0 
62.00908724843153 0.0 115.0 117.0 2.0 0.0 26.0 
64.00908724843153 0.0 115.0 117.0 2.0 0.0 26.0 
66.00908724843153 0.0 116.0 119.0 2.0 0.0 26.0 
68.00908724843153 0.0 117.0 120.0 2.0 0.0 26.0 
70.00908724843153 0.0 118.0 120.0 2.0 0.0 26.0 
72.00908724843153 0.0 119.0 121.0 2.0 0.0 26.0 
74.00908724843153 0.0 119.0 121.0 2.0 0.0 26.0 
76.00908724843153 0.0 119.0 121.0 2.0 0.0 26.0 
78.00908724843153 0.0 121.0 123.0 2.0 0.0 26.0 
80.00908724843153 0.0 122.0 124.0 2.0 0.0 26.0 
82.00908724843153 0.0 122.0 124.0 2.0 0.0 26.0 
84.00908724843153 0.0 122.0 124.0 2.0 0.0 26.0 
86.00908724843153 0.0 122.0 124.0 2.0 0.0 26.0 
88.00908724843153 0.0 122.0 124.0 3.0 0.0 37.0 
90.00908724843153 0.0 121.0 124.0 3.0 0.0 37.0 
92.00908724843153 0.0 122.0 125.0 3.0 0.0 37.0 
94.00908724843153 0.0 122.0 125.0 3.0 0.0 37.0 
96.00908724843153 0.0 122.0 125.0 3.0 0.0 37.0 
98.00908724843153 0.0 122.0 125.0 3.0 0.0 37.0 
100.00908724843153 0.0 122.0 125.0 3.0 0.0 37.0 
102.00908724843153 0.0 123.0 126.0 3.0 0.0 37.0 
104.00908724843153 0.75 120.0 126.0 3.0 6.0 651.0 
106.00908724843153 0.8666666666666667 113.0 126.0 3.0 13.0 1369.0 
108.00908724843153 0.8947368421052632 109.0 126.0 3.0 17.0 1779.0 
110.00908724843153 0.9230769230769231 102.0 126.0 3.0 24.0 2502.0 
112.00908724843153 0.9393939393939394 97.0 126.0 3.0 31.0 3225.0 
114.00908724843153 0.9444444444444444 91.0 128.0 3.0 34.0 3533.0 
116.00908724843153 0.9523809523809523 88.0 128.0 3.0 40.0 4161.0 
118.00908724843153 0.9607843137254902 82.0 128.0 3.0 49.0 5105.0 
120.00908724843153 0.9824561403508771 73.0 129.0 3.0 55.0 5737.0 
122.00908724843153 0.9838709677419355 70.0 130.0 3.0 60.0 6250.0 
124.00908724843153 1.0 66.0 133.0 3.0 65.0 6772.0 
126.00908724843153 1.0135135135135136 64.0 136.0 3.0 73.0 7590.0 
128.0090872484315 1.0125 56.0 136.0 3.0 79.0 8222.0 
130.0090872484315 1.0125 55.0 138.0 3.0 79.0 8222.0 
132.0090872484315 1.0121951219512195 57.0 140.0 3.0 81.0 8428.0 
134.0090872484315 1.0119047619047619 57.0 142.0 3.0 83.0 8632.0 
136.0090872484315 1.011764705882353 57.0 144.0 3.0 84.0 8734.0 
138.0090872484315 1.010989010989011 54.0 146.0 3.0 90.0 9351.0 
140.0090872484315 1.010752688172043 53.0 149.0 3.0 92.0 9555.0 
142.0090872484315 1.0103092783505154 55.0 155.0 3.0 96.0 9963.0 
144.0090872484315 1.0103092783505154 57.0 156.0 3.0 96.0 9963.0 
146.0090872484315 1.01 57.0 159.0 3.0 99.0 10272.0 
148.00129905093416 1.0098039215686274 58.0 162.0 3.0 101.0 10477.0 
150.0090872484315 1.0097087378640777 61.0 166.0 3.0 102.0 10580.0 
152.0090872484315 1.009433962264151 61.0 168.0 3.0 105.0 10888.0 
154.0090872484315 1.0093457943925233 62.0 170.0 3.0 106.0 10991.0 
156.0090872484315 1.0093457943925233 63.0 173.0 3.0 106.0 10991.0 
158.0090872484315 1.0092592592592593 66.0 177.0 3.0 107.0 11093.0 
160.0043694616569 1.0092592592592593 69.0 179.0 3.0 107.0 11093.0 
162.00373294016634 1.009090909090909 70.0 181.0 3.0 109.0 11298.0 
164.0090872484315 1.009090909090909 70.0 182.0 3.0 109.0 11298.0 
166.0090872484315 1.009090909090909 73.0 185.0 3.0 109.0 11298.0 
168.0090872484315 1.009009009009009 75.0 188.0 3.0 110.0 11400.0 
170.0090872484315 1.0089285714285714 74.0 189.0 3.0 111.0 11503.0 
172.0090872484315 1.008849557522124 76.0 191.0 3.0 112.0 11606.0 
174.0090872484315 1.0087719298245614 77.0 192.0 3.0 113.0 11709.0 
176.0090872484315 1.0087719298245614 81.0 197.0 3.0 113.0 11709.0 
178.0090872484315 1.0087719298245614 82.0 198.0 3.0 113.0 11709.0 
180.0090872484315 1.0087719298245614 87.0 203.0 3.0 113.0 11709.0 
182.0090872484315 1.008695652173913 88.0 204.0 3.0 114.0 11811.0 
184.0090872484315 1.008695652173913 89.0 208.0 3.0 114.0 11811.0 
186.0090872484315 1.008695652173913 93.0 210.0 3.0 114.0 11811.0 
188.0090872484315 1.008695652173913 94.0 211.0 3.0 114.0 11811.0 
190.0090872484315 1.008695652173913 95.0 213.0 3.0 114.0 11811.0 
192.0090872484315 1.008695652173913 96.0 213.0 3.0 114.0 11811.0 
194.0090872484315 1.0086206896551724 97.0 214.0 3.0 115.0 11914.0 
196.0090872484315 1.0086206896551724 96.0 214.0 3.0 115.0 11914.0 
198.0090872484315 1.0086206896551724 96.0 214.0 3.0 115.0 11914.0 
200.0090872484315 1.0086206896551724 97.0 216.0 3.0 115.0 11914.0 
202.0090872484315 1.0086206896551724 99.0 217.0 3.0 115.0 11914.0 
204.0090872484315 1.0085470085470085 100.0 218.0 3.0 116.0 12017.0 
206.0090872484315 1.0085470085470085 100.0 219.0 3.0 116.0 12017.0 
208.0090872484315 1.0085470085470085 103.0 223.0 3.0 116.0 12017.0 
210.0090872484315 1.0085470085470085 105.0 224.0 3.0 116.0 12017.0 
212.0090872484315 1.0085470085470085 106.0 226.0 3.0 116.0 12017.0 
214.0090872484315 1.0085470085470085 108.0 227.0 3.0 116.0 12017.0 
216.0090872484315 1.0256410256410255 108.0 228.0 4.0 118.0 12233.0 
218.0090872484315 1.0256410256410255 106.0 228.0 4.0 118.0 12233.0 
220.0090872484315 1.0256410256410255 106.0 228.0 4.0 118.0 12233.0 
222.0090872484315 1.0341880341880343 106.0 229.0 4.0 119.0 12335.0 
224.0090872484315 1.0420168067226891 105.0 229.0 4.0 122.0 12813.0 
226.0090872484315 1.050420168067227 104.0 230.0 4.0 123.0 12915.0 
228.0090872484315 1.0924369747899159 103.0 233.0 4.0 128.0 13429.0 
230.0090872484315 1.0924369747899159 102.0 235.0 4.0 128.0 13429.0 
232.0090872484315 1.1008403361344539 103.0 235.0 4.0 129.0 13532.0 
234.0090872484315 1.1166666666666667 102.0 236.0 4.0 132.0 13914.0 
236.0090872484315 1.1333333333333333 100.0 237.0 4.0 134.0 14118.0 
238.0090872484315 1.1416666666666666 98.0 237.0 4.0 135.0 14220.0 
240.0090872484315 1.1583333333333334 97.0 238.0 4.0 137.0 14425.0 
242.0090872484315 1.175 98.0 240.0 4.0 139.0 14630.0 
244.0090872484315 1.2083333333333333 94.0 240.0 4.0 143.0 15040.0 
246.0090872484315 1.2314049586776858 90.0 242.0 4.0 147.0 15451.0 
248.0090872484315 1.2479338842975207 91.0 242.0 4.0 149.0 15655.0 
250.00775788104409 1.2704918032786885 88.0 244.0 4.0 153.0 16157.0 
252.0090872484315 1.3032786885245902 86.0 246.0 4.0 157.0 16568.0 
254.0090872484315 1.3114754098360657 85.0 246.0 4.0 158.0 16670.0 
256.0090872484315 1.3360655737704916 85.0 248.0 4.0 161.0 16979.0 
258.0090872484315 1.3524590163934427 81.0 249.0 4.0 163.0 17183.0 
260.0090872484315 1.3821138211382116 82.0 251.0 4.0 168.0 17836.0 
262.0090872484315 1.4065040650406506 79.0 252.0 5.0 171.0 18156.0 
264.0090872484315 1.4227642276422765 74.0 252.0 5.0 173.0 18360.0 
266.0090872484315 1.4390243902439022 74.0 253.0 5.0 175.0 18579.0 
268.0090872484315 1.4634146341463417 73.0 253.0 5.0 178.0 18888.0 
270.0090872484315 1.4878048780487803 71.0 254.0 5.0 181.0 19196.0 
272.0090872484315 1.4878048780487803 69.0 255.0 5.0 181.0 19196.0 
274.0090872484315 1.5203252032520325 67.0 256.0 5.0 185.0 19647.0 
276.0090872484315 1.5284552845528456 67.0 258.0 5.0 186.0 19749.0 
278.0090872484315 1.564516129032258 68.0 261.0 5.0 192.0 20462.0 
280.0090872484315 1.5725806451612905 66.0 264.0 5.0 193.0 20565.0 
282.0090872484315 1.596774193548387 67.0 267.0 5.0 196.0 20871.0 
284.0090872484315 1.6048387096774193 66.0 268.0 5.0 197.0 20974.0 
286.0090872484315 1.6209677419354838 66.0 268.0 5.0 199.0 21179.0 
288.0090872484315 1.6370967741935487 66.0 271.0 5.0 201.0 21384.0 
290.0090872484315 1.6370967741935487 67.0 274.0 6.0 201.0 21397.0 
292.0090872484315 1.6451612903225807 69.0 278.0 7.0 202.0 21499.0 
294.0090872484315 1.653225806451613 68.0 278.0 7.0 203.0 21602.0 
296.0090872484315 1.669354838709677 69.0 281.0 7.0 205.0 21811.0 
298.0090872484315 1.669354838709677 72.0 284.0 7.0 205.0 21811.0 
300.0090872484315 1.669354838709677 74.0 288.0 7.0 205.0 21811.0 
302.0090872484315 1.6774193548387095 78.0 290.0 7.0 206.0 21913.0 
304.0090872484315 1.6935483870967745 76.0 290.0 7.0 208.0 22119.0 
306.0090872484315 1.6935483870967745 76.0 292.0 7.0 208.0 22119.0 
308.0090872484315 1.7016129032258067 78.0 295.0 8.0 209.0 22234.0 
310.0090872484315 1.7258064516129035 77.0 297.0 8.0 212.0 22542.0 
312.0090872484315 1.7338709677419353 78.0 300.0 8.0 213.0 22645.0 
314.0090872484315 1.7419354838709675 81.0 302.0 8.0 214.0 22748.0 
316.0090872484315 1.7661290322580647 82.0 306.0 8.0 217.0 22853.0 
318.0090872484315 1.7741935483870965 85.0 311.0 8.0 218.0 22956.0 
320.0090872484315 1.7741935483870965 90.0 316.0 8.0 218.0 22956.0 
322.0090872484315 1.7741935483870965 92.0 319.0 8.0 218.0 22956.0 
324.0090872484315 1.782258064516129 93.0 319.0 8.0 219.0 23058.0 
326.0090872484315 1.782258064516129 93.0 320.0 8.0 219.0 23058.0 
328.0090872484315 1.7983870967741933 93.0 321.0 8.0 221.0 23279.0 
330.0090872484315 1.8225806451612905 92.0 323.0 8.0 224.0 23585.0 
332.0090872484315 1.8306451612903227 93.0 326.0 8.0 225.0 23687.0 
334.008003064216 1.8387096774193548 94.0 328.0 8.0 226.0 23790.0 
336.0090872484315 1.846774193548387 95.0 329.0 8.0 227.0 23892.0 
338.0013443719246 1.8548387096774195 94.0 329.0 8.0 228.0 23994.0 
340.0090872484315 1.8548387096774195 94.0 332.0 8.0 228.0 23994.0 
342.0090872484315 1.8548387096774195 98.0 335.0 8.0 228.0 23994.0 
344.0090872484315 1.8790322580645162 98.0 337.0 8.0 231.0 24301.0 
346.0090872484315 1.8790322580645162 99.0 338.0 8.0 231.0 24301.0 
348.0090872484315 1.8870967741935485 101.0 340.0 8.0 232.0 24403.0 
350.00003413214085 1.8951612903225805 99.0 341.0 8.0 233.0 24506.0 
352.0090872484315 1.903225806451613 99.0 341.0 8.0 234.0 24608.0 
354.0090872484315 1.9112903225806452 100.0 343.0 8.0 235.0 24711.0 
356.0090872484315 1.9193548387096773 99.0 343.0 8.0 236.0 24814.0 
358.0090872484315 1.935483870967742 102.0 347.0 8.0 238.0 25019.0 
360.0090872484315 1.935483870967742 103.0 349.0 8.0 238.0 25019.0 
362.0090872484315 1.9596774193548385 103.0 350.0 8.0 241.0 25326.0 
364.0090872484315 1.9596774193548385 101.0 351.0 8.0 241.0 25326.0 
366.0090872484315 1.9596774193548385 103.0 352.0 8.0 241.0 25326.0 
368.0090872484315 1.9596774193548385 103.0 352.0 8.0 241.0 25326.0 
370.0090872484315 1.967741935483871 103.0 353.0 8.0 242.0 25429.0 
372.0090872484315 1.9758064516129035 103.0 354.0 8.0 243.0 25531.0 
374.0090872484315 1.9838709677419353 105.0 356.0 8.0 244.0 25633.0 
376.0090872484315 1.9919354838709675 106.0 359.0 8.0 245.0 25736.0 
378.0090872484315 2.0080645161290325 107.0 360.0 8.0 247.0 25941.0 
380.0090872484315 2.024193548387097 104.0 361.0 8.0 249.0 26146.0 
382.0090872484315 2.040322580645161 103.0 363.0 8.0 251.0 26351.0 
384.0090872484315 2.064516129032258 103.0 365.0 8.0 254.0 26725.0 
386.0090872484315 2.0725806451612905 102.0 365.0 8.0 255.0 26828.0 
388.0090872484315 2.080645161290323 102.0 365.0 8.0 256.0 27032.0 
390.0090872484315 2.096774193548387 100.0 366.0 8.0 258.0 27236.0 
392.0090872484315 2.1129032258064515 99.0 367.0 8.0 260.0 27440.0 
394.0090872484315 2.145161290322581 100.0 369.0 8.0 264.0 27851.0 
396.0090872484315 2.153225806451613 97.0 369.0 8.0 265.0 27967.0 
398.0090872484315 2.169354838709677 94.0 369.0 8.0 267.0 28171.0 
400.0090872484315 2.185483870967742 94.0 370.0 8.0 269.0 28376.0 
402.0090872484315 2.201612903225807 93.0 370.0 8.0 271.0 28580.0 
404.00208618038 2.233870967741935 90.0 372.0 8.0 275.0 28990.0 
406.0090872484315 2.2419354838709675 90.0 374.0 8.0 276.0 29108.0 
408.0090872484315 2.25 90.0 375.0 8.0 277.0 29210.0 
410.0090872484315 2.274193548387097 89.0 376.0 8.0 280.0 29518.0 
412.0090872484315 2.282258064516129 91.0 380.0 8.0 281.0 29621.0 
414.0090872484315 2.3225806451612905 90.0 383.0 8.0 286.0 30265.0 
416.0090872484315 2.346774193548387 88.0 383.0 8.0 289.0 30573.0 
418.0090872484315 2.3629032258064515 86.0 384.0 8.0 291.0 30777.0 
420.0090872484315 2.403225806451613 85.0 386.0 8.0 296.0 31321.0 
422.0090872484315 2.443548387096774 83.0 388.0 8.0 301.0 31833.0 
424.0090872484315 2.459677419354839 78.0 388.0 8.0 303.0 32038.0 
426.0090872484315 2.459677419354839 78.0 389.0 8.0 303.0 32038.0 
428.0090872484315 2.467741935483871 80.0 391.0 8.0 304.0 32140.0 
430.0090872484315 2.475806451612903 83.0 396.0 8.0 305.0 32243.0 
432.0090872484315 2.4919354838709675 85.0 398.0 8.0 307.0 32447.0 
434.0090872484315 2.524193548387097 84.0 402.0 9.0 311.0 32939.0 
436.0090872484315 2.540322580645161 84.0 405.0 9.0 313.0 33143.0 
438.0090872484315 2.5483870967741935 84.0 407.0 9.0 314.0 33246.0 
440.0090872484315 2.5483870967741935 84.0 407.0 9.0 314.0 33246.0 
442.0090872484315 2.564516129032258 83.0 408.0 10.0 316.0 33621.0 
444.0090872484315 2.596774193548387 80.0 408.0 10.0 320.0 34032.0 
446.0090872484315 2.620967741935484 77.0 409.0 10.0 323.0 34385.0 
448.0090872484315 2.6370967741935485 76.0 411.0 10.0 325.0 34591.0 
450.0090872484315 2.661290322580645 79.0 415.0 10.0 328.0 34922.0 
452.0090872484315 2.661290322580645 77.0 417.0 10.0 328.0 34922.0 
454.0090872484315 2.669354838709677 79.0 418.0 10.0 329.0 35025.0 
456.0090872484315 2.6774193548387095 80.0 420.0 10.0 330.0 35128.0 
458.0090872484315 2.685483870967742 80.0 421.0 10.0 331.0 35231.0 
460.0090872484315 2.717741935483871 80.0 424.0 10.0 335.0 35640.0 
462.0090872484315 2.733870967741935 80.0 425.0 10.0 337.0 35845.0 
464.0090872484315 2.7419354838709675 80.0 427.0 10.0 338.0 35947.0 
466.0090872484315 2.7419354838709675 80.0 428.0 10.0 338.0 35947.0 
468.0090872484315 2.7580645161290325 80.0 429.0 10.0 340.0 36153.0 
470.0090872484315 2.7580645161290325 79.0 429.0 10.0 340.0 36153.0 
472.0090872484315 2.766129032258065 81.0 434.0 11.0 341.0 36267.0 
474.0090872484315 2.766129032258065 84.0 436.0 11.0 341.0 36267.0 
476.0090872484315 2.790322580645161 81.0 436.0 11.0 344.0 36574.0 
478.0090872484315 2.7983870967741935 82.0 437.0 11.0 345.0 36676.0 
480.0090872484315 2.814516129032258 81.0 438.0 11.0 347.0 36882.0 
482.0090872484315 2.814516129032258 81.0 440.0 11.0 347.0 36882.0 
484.0090872484315 2.8225806451612905 82.0 441.0 11.0 348.0 36985.0 
486.0090872484315 2.8387096774193545 81.0 443.0 11.0 350.0 37191.0 
488.0090872484315 2.846774193548387 84.0 447.0 11.0 351.0 37294.0 
490.0090872484315 2.846774193548387 85.0 447.0 11.0 351.0 37294.0 
492.0090872484315 2.846774193548387 88.0 453.0 11.0 351.0 37294.0 
494.0090872484315 2.8629032258064515 90.0 455.0 12.0 353.0 37511.0 
496.0090872484315 2.870967741935484 91.0 457.0 12.0 354.0 37613.0 
498.0090872484315 2.870967741935484 93.0 459.0 12.0 354.0 37613.0 
500.0090872484315 2.870967741935484 95.0 461.0 12.0 354.0 37613.0 
502.0090872484315 2.879032258064516 97.0 463.0 12.0 355.0 37716.0 
504.0090872484315 2.879032258064516 98.0 465.0 12.0 355.0 37716.0 
506.0090872484315 2.895161290322581 99.0 466.0 12.0 357.0 37922.0 
508.0090872484315 2.903225806451613 96.0 466.0 12.0 358.0 38024.0 
510.0090872484315 2.9112903225806455 96.0 467.0 12.0 359.0 38127.0 
512.0090872484316 2.9274193548387095 96.0 468.0 12.0 361.0 38333.0 
514.0090872484316 2.959677419354839 97.0 470.0 12.0 365.0 38745.0 
516.0090872484316 2.983870967741935 93.0 471.0 12.0 368.0 39052.0 
518.0090872484316 2.983870967741935 92.0 472.0 12.0 368.0 39052.0 
520.0090872484316 2.9919354838709675 93.0 473.0 12.0 369.0 39154.0 
522.0090872484316 3.0080645161290325 92.0 473.0 12.0 371.0 39360.0 
524.0090872484316 3.016129032258065 90.0 474.0 12.0 372.0 39462.0 
526.0090872484316 3.016129032258065 90.0 474.0 12.0 372.0 39462.0 
528.0090872484316 3.0241935483870974 90.0 474.0 12.0 373.0 39564.0 
530.0073879633181 3.0322580645161294 90.0 475.0 12.0 374.0 39666.0 
532.0090872484316 3.064516129032258 91.0 478.0 12.0 378.0 40074.0 
534.0090872484316 3.080645161290323 86.0 478.0 12.0 380.0 40279.0 
536.0090872484316 3.104838709677419 86.0 478.0 12.0 383.0 40586.0 
538.0089677060394 3.120967741935484 84.0 479.0 12.0 385.0 40790.0 
540.0090872484316 3.137096774193549 83.0 483.0 12.0 387.0 40998.0 
542.0090872484316 3.145161290322581 84.0 484.0 12.0 388.0 41101.0 
544.0090872484316 3.1532258064516134 85.0 485.0 12.0 389.0 41203.0 
546.0053811633753 3.1532258064516134 88.0 489.0 12.0 389.0 41203.0 
548.0090872484316 3.177419354838709 85.0 489.0 12.0 392.0 41597.0 
550.0090872484316 3.185483870967742 87.0 491.0 12.0 393.0 41700.0 
552.0090872484316 3.2177419354838706 83.0 491.0 12.0 397.0 42109.0 
554.003735265924 3.2177419354838706 82.0 491.0 12.0 397.0 42109.0 
556.0090872484316 3.2419354838709675 79.0 495.0 12.0 400.0 42417.0 
558.0090872484316 3.25 85.0 497.0 12.0 401.0 42520.0 
560.0090872484316 3.266129032258065 83.0 501.0 12.0 403.0 42725.0 
562.0090872484316 3.274193548387097 86.0 503.0 12.0 404.0 42827.0 
564.0090872484316 3.290322580645161 87.0 505.0 12.0 406.0 43032.0 
566.0090872484316 3.306451612903226 88.0 506.0 12.0 408.0 43238.0 
568.0090872484316 3.314516129032258 90.0 510.0 12.0 409.0 43340.0 
570.0090872484316 3.3225806451612905 89.0 511.0 12.0 410.0 43442.0 
572.0090872484316 3.3225806451612905 91.0 514.0 12.0 410.0 43442.0 
574.0090872484316 3.3467741935483866 92.0 516.0 12.0 413.0 43750.0 
576.0090872484316 3.387096774193549 87.0 517.0 12.0 418.0 44342.0 
578.0090872484316 3.387096774193549 88.0 518.0 12.0 418.0 44342.0 
580.0090872484316 3.4112903225806455 87.0 520.0 12.0 421.0 44770.0 
582.0090872484316 3.419354838709677 89.0 522.0 12.0 422.0 44873.0 
584.0090872484316 3.4274193548387095 91.0 526.0 12.0 423.0 45270.0 
586.0090872484316 3.443548387096774 91.0 528.0 12.0 425.0 45476.0 
588.0090872484316 3.451612903225807 91.0 528.0 12.0 426.0 45578.0 
590.0090872484316 3.475806451612903 90.0 529.0 12.0 429.0 45885.0 
592.0090872484316 3.483870967741935 87.0 529.0 12.0 430.0 45988.0 
594.0090872484316 3.516129032258065 86.0 531.0 12.0 434.0 46452.0 
596.0090872484316 3.548387096774193 87.0 536.0 12.0 438.0 46864.0 
598.0090872484316 3.5725806451612905 86.0 537.0 12.0 441.0 47172.0 
600.0090872484316 3.5887096774193545 85.0 538.0 12.0 443.0 47377.0 
602.0090872484316 3.604838709677419 83.0 540.0 12.0 445.0 47582.0 
604.0090872484316 3.620967741935484 86.0 543.0 12.0 447.0 47787.0 
606.0077288409145 3.6370967741935485 82.0 543.0 12.0 449.0 47991.0 
608.0090872484316 3.645161290322581 84.0 548.0 12.0 450.0 48093.0 
610.0090872484316 3.645161290322581 88.0 550.0 12.0 450.0 48093.0 
612.0090872484316 3.653225806451613 88.0 552.0 12.0 451.0 48196.0 
614.0090872484316 3.6612903225806455 90.0 553.0 13.0 452.0 48310.0 
616.0090872484316 3.685483870967742 88.0 555.0 14.0 455.0 48823.0 
618.0090872484316 3.693548387096774 88.0 557.0 14.0 456.0 48926.0 
620.0090872484316 3.701612903225807 87.0 557.0 14.0 457.0 49028.0 
622.0090872484316 3.709677419354839 88.0 559.0 14.0 458.0 49130.0 
624.0090872484316 3.709677419354839 90.0 562.0 14.0 458.0 49130.0 
626.0090872484316 3.717741935483871 91.0 563.0 14.0 459.0 49233.0 
628.0090872484316 3.717741935483871 92.0 565.0 14.0 459.0 49233.0 
630.0090872484316 3.717741935483871 93.0 566.0 14.0 459.0 49233.0 
632.0090872484316 3.725806451612903 94.0 567.0 14.0 460.0 49336.0 
634.0090872484316 3.75 93.0 568.0 14.0 463.0 49643.0 
636.0090872484316 3.75 91.0 570.0 14.0 463.0 49643.0 
638.0090872484316 3.75 93.0 570.0 14.0 463.0 49643.0 
640.0090872484316 3.7580645161290325 94.0 571.0 14.0 464.0 49746.0 
642.0090872484316 3.774193548387097 94.0 572.0 14.0 466.0 49951.0 
644.0090872484316 3.7983870967741935 90.0 573.0 14.0 469.0 50260.0 
646.0090872484316 3.806451612903226 91.0 575.0 14.0 470.0 50362.0 
648.0090872484316 3.830645161290323 90.0 576.0 14.0 473.0 50669.0 
650.0090872484316 3.830645161290323 89.0 576.0 14.0 473.0 50669.0 
652.0090872484316 3.846774193548387 89.0 577.0 14.0 475.0 50874.0 
654.0090872484316 3.846774193548387 88.0 578.0 14.0 475.0 50874.0 
656.0090872484316 3.846774193548387 90.0 579.0 14.0 475.0 50874.0 
658.0090872484316 3.846774193548387 90.0 580.0 14.0 475.0 50874.0 
660.0090872484316 3.895161290322581 88.0 582.0 14.0 481.0 51491.0 
662.0016063674228 3.9032258064516134 87.0 582.0 14.0 482.0 51593.0 
664.0090872484316 3.935483870967742 84.0 583.0 14.0 486.0 52004.0 
666.0090872484316 3.951612903225807 82.0 584.0 14.0 488.0 52209.0 
668.0090872484316 3.959677419354839 82.0 585.0 14.0 489.0 52311.0 
670.0090872484316 3.983870967741935 81.0 586.0 14.0 492.0 52618.0 
672.0090872484316 3.9919354838709675 82.0 590.0 14.0 493.0 52720.0 
674.0090872484316 4.016129032258065 82.0 590.0 14.0 496.0 53033.0 
676.0090872484316 4.03225806451613 83.0 595.0 14.0 498.0 53239.0 
678.0090872484316 4.040322580645162 83.0 596.0 14.0 499.0 53342.0 
680.0090872484316 4.056451612903226 82.0 597.0 14.0 501.0 53547.0 
682.0090872484316 4.064516129032258 81.0 598.0 14.0 502.0 53649.0 
684.0090872484316 4.080645161290322 80.0 598.0 14.0 504.0 53854.0 
686.0090872484316 4.112903225806452 79.0 599.0 14.0 508.0 54262.0 
688.0090872484316 4.129032258064516 80.0 604.0 14.0 510.0 54467.0 
690.0090872484316 4.129032258064516 82.0 606.0 14.0 510.0 54467.0 
692.0090872484316 4.137096774193548 84.0 608.0 14.0 511.0 54569.0 
694.0090872484316 4.137096774193548 85.0 611.0 14.0 511.0 54569.0 
696.0090872484316 4.153225806451613 86.0 611.0 14.0 513.0 54774.0 
698.0090872484316 4.193548387096774 85.0 613.0 14.0 518.0 55286.0 
700.0090872484316 4.193548387096774 82.0 615.0 14.0 518.0 55286.0 
702.0090872484316 4.209677419354838 85.0 617.0 14.0 520.0 55523.0 
704.0090872484316 4.21774193548387 84.0 619.0 14.0 521.0 55625.0 
706.0090872484316 4.233870967741935 85.0 620.0 14.0 523.0 55830.0 
708.0090872484316 4.241935483870968 88.0 626.0 14.0 524.0 56050.0 
710.0090872484316 4.266129032258065 87.0 628.0 14.0 527.0 56357.0 
712.0090872484316 4.298387096774194 84.0 629.0 14.0 531.0 56767.0 
714.0090872484316 4.298387096774194 84.0 630.0 14.0 531.0 56767.0 
716.0090872484316 4.32258064516129 85.0 632.0 14.0 534.0 57075.0 
718.0090872484316 4.330645161290322 86.0 634.0 14.0 535.0 57177.0 
720.0090872484316 4.354838709677419 85.0 637.0 14.0 538.0 57485.0 
722.0090872484316 4.354838709677419 87.0 639.0 15.0 538.0 57496.0 
724.0090872484316 4.379032258064516 86.0 641.0 15.0 541.0 57826.0 
726.0090872484316 4.403225806451613 86.0 643.0 15.0 544.0 58133.0 
728.0090872484316 4.403225806451613 84.0 643.0 15.0 544.0 58133.0 
730.0090872484316 4.411290322580646 86.0 645.0 15.0 545.0 58235.0 
732.0090872484316 4.419354838709678 85.0 645.0 15.0 546.0 58337.0 
734.0090872484316 4.42741935483871 85.0 648.0 15.0 547.0 58439.0 
736.0090872484316 4.443548387096774 86.0 649.0 15.0 549.0 58651.0 
738.0090872484316 4.443548387096774 85.0 650.0 15.0 549.0 58651.0 
740.0090872484316 4.451612903225806 86.0 652.0 15.0 550.0 58754.0 
742.0090249410316 4.451612903225806 88.0 654.0 15.0 550.0 58754.0 
744.0090872484316 4.459677419354838 89.0 654.0 15.0 551.0 58856.0 
746.0078710595768 4.459677419354838 91.0 657.0 15.0 551.0 58856.0 
748.0090872484316 4.483870967741935 91.0 659.0 16.0 554.0 59175.0 
750.0090872484316 4.491935483870968 89.0 659.0 16.0 555.0 59277.0 
752.0090872484316 4.491935483870968 88.0 660.0 16.0 555.0 59277.0 
754.0090872484316 4.5 88.0 661.0 16.0 556.0 59379.0 
756.0090872484316 4.5 90.0 662.0 16.0 556.0 59379.0 
758.0090872484316 4.516129032258065 89.0 663.0 16.0 558.0 59584.0 
760.0090872484316 4.516129032258065 90.0 664.0 16.0 558.0 59584.0 
762.0090872484316 4.532258064516129 89.0 665.0 16.0 560.0 59790.0 
764.0090872484316 4.548387096774194 91.0 669.0 16.0 562.0 60076.0 
766.0090872484316 4.556451612903226 92.0 670.0 16.0 563.0 60179.0 
768.0090872484316 4.556451612903226 91.0 670.0 16.0 563.0 60179.0 
770.0090872484316 4.564516129032258 92.0 673.0 16.0 564.0 60282.0 
772.0090872484316 4.564516129032258 93.0 673.0 16.0 564.0 60282.0 
774.0090872484316 4.596774193548387 94.0 675.0 16.0 568.0 60694.0 
776.0090872484316 4.604838709677419 92.0 678.0 16.0 569.0 60797.0 
778.0090872484316 4.637096774193548 92.0 679.0 16.0 573.0 61207.0 
780.0090872484316 4.653225806451613 88.0 679.0 16.0 575.0 61412.0 
782.0090872484316 4.661290322580646 89.0 681.0 16.0 576.0 61514.0 
784.0086208207041 4.661290322580646 89.0 682.0 16.0 576.0 61514.0 
786.0090872484316 4.669354838709678 89.0 682.0 16.0 577.0 61617.0 
788.0090872484316 4.67741935483871 90.0 684.0 16.0 578.0 61719.0 
790.0090872484316 4.701612903225806 90.0 686.0 16.0 581.0 62027.0 
792.0090872484316 4.725806451612903 89.0 688.0 16.0 584.0 62334.0 
794.0090872484316 4.741935483870968 87.0 689.0 16.0 586.0 62538.0 
796.0090872484316 4.758064516129032 90.0 692.0 16.0 588.0 62743.0 
798.0090872484316 4.766129032258065 89.0 694.0 16.0 589.0 62846.0 
800.0090872484316 4.774193548387097 90.0 695.0 16.0 590.0 62949.0 
802.0090872484316 4.790322580645162 88.0 696.0 16.0 592.0 63154.0 
804.0090872484316 4.82258064516129 87.0 698.0 16.0 596.0 63577.0 
806.0090872484316 4.838709677419354 84.0 699.0 16.0 598.0 63781.0 
808.0090872484316 4.854838709677419 86.0 700.0 16.0 600.0 64146.0 
810.0090872484316 4.895161290322581 82.0 700.0 16.0 605.0 64658.0 
812.0090872484316 4.903225806451613 80.0 702.0 16.0 606.0 64761.0 
814.0090872484316 4.919354838709678 79.0 703.0 16.0 608.0 64967.0 
816.0090872484316 4.919354838709678 80.0 705.0 16.0 608.0 64967.0 
818.0090872484316 4.943548387096774 82.0 708.0 16.0 611.0 65274.0 
820.0090872484316 4.959677419354838 82.0 709.0 16.0 613.0 65479.0 
822.0090872484316 4.975806451612903 80.0 710.0 16.0 615.0 65684.0 
824.0090872484316 5.0 78.0 711.0 16.0 618.0 65991.0 
826.0090872484316 5.008064516129032 80.0 716.0 16.0 619.0 66094.0 
828.0090872484316 5.03225806451613 80.0 716.0 16.0 622.0 66402.0 
830.0090872484316 5.03225806451613 80.0 719.0 16.0 622.0 66402.0 
832.0090872484316 5.048387096774194 80.0 721.0 16.0 624.0 66606.0 
834.0090872484316 5.048387096774194 83.0 724.0 16.0 624.0 66606.0 
836.0090872484316 5.056451612903226 84.0 725.0 16.0 625.0 66709.0 
838.0090872484316 5.064516129032258 85.0 729.0 16.0 626.0 66812.0 
840.0090872484316 5.064516129032258 90.0 732.0 16.0 626.0 66812.0 
842.0081519209252 5.080645161290322 91.0 736.0 16.0 628.0 67017.0 
844.0090872484316 5.096774193548386 92.0 738.0 16.0 630.0 67222.0 
846.0090872484316 5.104838709677419 92.0 739.0 16.0 631.0 67325.0 
848.0090872484316 5.129032258064516 92.0 740.0 16.0 634.0 67632.0 
850.0090872484316 5.137096774193548 90.0 741.0 16.0 635.0 67734.0 
852.0090872484316 5.145161290322581 90.0 743.0 16.0 636.0 67837.0 
854.0090872484316 5.145161290322581 94.0 746.0 16.0 636.0 67837.0 
856.0090872484316 5.161290322580646 93.0 747.0 16.0 638.0 68155.0 
858.0090872484316 5.177419354838709 92.0 747.0 16.0 640.0 68361.0 
860.0090872484316 5.177419354838709 95.0 752.0 16.0 640.0 68361.0 
862.0090872484316 5.185483870967742 96.0 752.0 16.0 641.0 68463.0 
864.0090872484316 5.185483870967742 97.0 754.0 16.0 641.0 68463.0 
866.0090872484316 5.225806451612903 95.0 754.0 16.0 646.0 69075.0 
868.0090872484316 5.241935483870968 93.0 757.0 16.0 648.0 69280.0 
870.0090872484316 5.241935483870968 94.0 758.0 16.0 648.0 69280.0 
872.0090872484316 5.25 95.0 760.0 16.0 649.0 69382.0 
874.0014554262341 5.266129032258065 95.0 763.0 16.0 651.0 69588.0 
876.0090872484316 5.28225806451613 95.0 764.0 16.0 653.0 69793.0 
878.0090872484316 5.298387096774194 94.0 765.0 16.0 655.0 69997.0 
880.0044230064314 5.306451612903226 96.0 769.0 16.0 656.0 70100.0 
882.0090872484316 5.314516129032258 97.0 770.0 16.0 657.0 70203.0 
884.0090872484316 5.322580645161291 95.0 771.0 17.0 658.0 70317.0 
886.0090872484316 5.330645161290322 96.0 772.0 17.0 659.0 70420.0 
888.0090872484316 5.338709677419354 96.0 773.0 17.0 660.0 70523.0 
890.0090872484316 5.354838709677419 98.0 775.0 17.0 662.0 70728.0 
892.0090872484316 5.362903225806452 97.0 776.0 17.0 663.0 70831.0 
894.0090872484316 5.370967741935484 97.0 778.0 17.0 664.0 70934.0 
896.0090872484316 5.387096774193548 97.0 780.0 17.0 666.0 71140.0 
898.0090872484316 5.411290322580646 97.0 780.0 17.0 669.0 71449.0 
900.0090872484316 5.427419354838709 93.0 782.0 17.0 671.0 71653.0 
#####################################################################
# End of data export. Simulation finished at: 2020-01-18T13:46+0000 #
#####################################################################
