#####################################################################
# Alchemist log file - simulation started at: 2020-01-25T09:38+0000 #
#####################################################################
# seed = 42.0, taskFrequency = 0.04217, cloudcost = 0.0, algorithm = true
#
# The columns have the following meaning: 
# time taskHops[Mean] hasTask[Sum] tasks[Sum] completedTasks[Sum] giveupTasks[Sum] taskLatency[Sum] 
0.0 NaN 0.0 0.0 0.0 0.0 0.0 
2.0330470880519247 NaN 5.0 9.0 0.0 0.0 0.0 
4.033047088051925 NaN 15.0 18.0 0.0 0.0 0.0 
6.005437548177186 NaN 24.0 26.0 0.0 0.0 0.0 
8.033047088051925 NaN 28.0 29.0 0.0 0.0 0.0 
10.033047088051925 NaN 36.0 36.0 0.0 0.0 0.0 
12.033047088051925 NaN 45.0 46.0 0.0 0.0 0.0 
14.033047088051925 3.0 48.0 49.0 2.0 0.0 26.0 
16.033047088051923 2.0 53.0 58.0 6.0 0.0 81.0 
18.033047088051923 2.0 57.0 67.0 6.0 0.0 81.0 
20.033047088051923 1.75 65.0 73.0 8.0 0.0 109.0 
22.033047088051923 1.8333333333333333 68.0 80.0 12.0 0.0 172.0 
24.033047088051923 1.8571428571428572 70.0 87.0 15.0 0.0 201.0 
26.033047088051923 1.75 76.0 94.0 17.0 0.0 227.0 
28.033047088051923 1.6842105263157894 76.0 96.0 20.0 0.0 279.0 
30.033047088051923 1.8571428571428572 79.0 100.0 23.0 0.0 319.0 
32.015069372047115 1.75 80.0 106.0 26.0 0.0 360.0 
34.03304708805192 1.76 83.0 109.0 27.0 0.0 382.0 
36.03304708805192 1.7857142857142858 84.0 112.0 30.0 0.0 448.0 
38.03304708805192 1.8333333333333335 82.0 116.0 33.0 0.0 479.0 
40.03304708805192 1.9 87.0 121.0 35.0 0.0 505.0 
42.03304708805192 1.9 86.0 121.0 35.0 0.0 505.0 
44.03304708805192 1.96875 85.0 122.0 37.0 0.0 547.0 
46.03304708805192 1.9705882352941178 84.0 122.0 40.0 0.0 604.0 
48.03304708805192 1.9444444444444444 83.0 124.0 42.0 0.0 669.0 
50.03304708805192 2.0 82.0 125.0 44.0 0.0 704.0 
52.00565838136024 2.0 83.0 129.0 44.0 0.0 704.0 
54.027568431903354 2.026315789473684 86.0 133.0 46.0 0.0 761.0 
56.01765484454701 2.1578947368421053 88.0 135.0 48.0 0.0 805.0 
58.03304708805192 2.175 88.0 138.0 50.0 0.0 888.0 
60.01312501513531 2.225 88.0 140.0 51.0 0.0 908.0 
62.03304708805192 2.2195121951219514 89.0 141.0 52.0 0.0 931.0 
64.03304708805192 2.2195121951219514 91.0 144.0 52.0 0.0 931.0 
66.03304708805192 2.2195121951219514 93.0 145.0 52.0 0.0 931.0 
68.02883504894986 2.3170731707317076 94.0 147.0 53.0 0.0 983.0 
70.03304708805192 2.3658536585365852 94.0 150.0 55.0 0.0 1014.0 
72.03304708805192 2.4634146341463414 95.0 152.0 57.0 0.0 1053.0 
74.03304708805192 2.5365853658536586 94.0 153.0 59.0 0.0 1087.0 
76.03304708805192 2.6097560975609757 96.0 156.0 60.0 0.0 1114.0 
78.03304708805192 2.5714285714285716 97.0 159.0 61.0 0.0 1135.0 
80.03304708805192 2.5952380952380953 98.0 160.0 62.0 0.0 1151.0 
82.03304708805192 2.5952380952380953 99.0 161.0 62.0 0.0 1151.0 
84.03304708805192 2.6904761904761907 101.0 163.0 63.0 0.0 1171.0 
86.03304708805192 2.6904761904761907 100.0 164.0 63.0 0.0 1171.0 
88.03304708805192 2.9069767441860463 99.0 164.0 66.0 0.0 1289.0 
90.03304708805192 2.9069767441860463 99.0 166.0 66.0 0.0 1289.0 
92.01127494747385 3.0697674418604652 99.0 166.0 68.0 0.0 1337.0 
94.03304708805192 3.1363636363636362 99.0 167.0 70.0 0.0 1436.0 
96.03304708805192 3.1363636363636362 99.0 169.0 70.0 0.0 1436.0 
98.03099545027217 3.159090909090909 98.0 169.0 71.0 0.0 1454.0 
100.03304708805192 3.159090909090909 101.0 173.0 71.0 0.0 1454.0 
102.03304708805192 3.159090909090909 104.0 175.0 71.0 0.0 1454.0 
104.03304708805192 3.0625 103.0 175.0 73.0 4.0 1939.0 
106.03304708805192 2.403225806451613 89.0 175.0 74.0 21.0 3349.0 
108.03304708805192 2.0694444444444446 75.0 179.0 74.0 35.0 4231.0 
110.03304708805192 2.0526315789473686 68.0 183.0 76.0 41.0 4631.0 
112.03304708805192 2.0 67.0 184.0 76.0 45.0 4828.0 
114.03304708805192 1.9024390243902438 62.0 186.0 76.0 50.0 5203.0 
116.03304708805192 1.7954545454545456 54.0 188.0 77.0 57.0 5633.0 
118.01405182065236 1.680851063829787 53.0 191.0 77.0 65.0 6197.0 
120.03304708805192 1.59 47.0 196.0 77.0 78.0 6975.0 
122.03304708805192 1.5238095238095237 38.0 198.0 78.0 85.0 7433.0 
124.00039559241392 1.4814814814814818 35.0 204.0 78.0 92.0 7738.0 
126.03304708805192 1.4642857142857142 33.0 207.0 79.0 98.0 8082.0 
128.03304708805192 1.4260869565217391 32.0 215.0 79.0 104.0 8395.0 
130.03304708805192 1.4695652173913043 33.0 219.0 81.0 106.0 8448.0 
132.00349527429944 1.4322033898305082 34.0 223.0 81.0 111.0 8754.0 
134.03304708805192 1.4406779661016949 37.0 230.0 82.0 113.0 8864.0 
136.03304708805192 1.4369747899159662 38.0 235.0 83.0 118.0 9053.0 
138.03104351891693 1.4016393442622954 35.0 237.0 83.0 122.0 9304.0 
140.0179681656597 1.390243902439024 33.0 240.0 83.0 124.0 9411.0 
142.03304708805192 1.3983739837398375 36.0 245.0 84.0 125.0 9425.0 
144.03304708805192 1.3983739837398375 38.0 247.0 84.0 125.0 9425.0 
146.03304708805192 1.3983739837398375 44.0 257.0 84.0 125.0 9425.0 
148.0033655604345 1.4227642276422765 51.0 263.0 85.0 126.0 9433.0 
150.03304708805192 1.4552845528455287 54.0 269.0 87.0 127.0 9471.0 
152.03304708805192 1.5203252032520325 55.0 272.0 89.0 128.0 9496.0 
154.03304708805192 1.5203252032520325 61.0 279.0 89.0 128.0 9496.0 
156.03304708805192 1.5528455284552847 66.0 286.0 90.0 130.0 9547.0 
158.03304708805192 1.5691056910569106 67.0 291.0 91.0 133.0 9617.0 
160.03304708805192 1.6370967741935485 66.0 293.0 94.0 134.0 9797.0 
162.03304708805192 1.6451612903225805 67.0 296.0 95.0 134.0 9815.0 
164.03304708805192 1.653225806451613 67.0 300.0 96.0 136.0 9907.0 
166.03304708805192 1.653225806451613 69.0 302.0 96.0 136.0 9907.0 
168.02706577765096 1.6693548387096773 71.0 305.0 97.0 137.0 9929.0 
170.03304708805192 1.7258064516129032 69.0 307.0 100.0 139.0 10117.0 
172.00924881533297 1.7258064516129032 69.0 312.0 100.0 141.0 10156.0 
174.03304708805192 1.75 69.0 313.0 101.0 145.0 10278.0 
176.03304708805192 1.7903225806451613 70.0 318.0 103.0 147.0 10357.0 
178.03304708805192 1.7903225806451613 68.0 319.0 103.0 147.0 10357.0 
180.03304708805192 1.830645161290323 70.0 322.0 104.0 151.0 10452.0 
182.03304708805192 1.8387096774193548 69.0 326.0 105.0 152.0 10500.0 
184.01582580531533 1.8387096774193548 73.0 330.0 105.0 153.0 10584.0 
186.03304708805192 1.8548387096774193 73.0 335.0 107.0 154.0 10636.0 
188.03304708805192 1.8629032258064513 74.0 338.0 108.0 157.0 10778.0 
190.03304708805192 1.8629032258064513 75.0 343.0 108.0 160.0 10883.0 
192.01333230844895 1.864 75.0 345.0 109.0 164.0 11039.0 
194.03304708805192 1.864 72.0 346.0 109.0 164.0 11039.0 
196.03304708805192 1.888 75.0 350.0 111.0 165.0 11114.0 
198.03304708805192 1.888 73.0 352.0 111.0 169.0 11245.0 
200.00920631434064 1.888 73.0 354.0 111.0 169.0 11245.0 
202.03304708805192 1.888 75.0 357.0 111.0 170.0 11262.0 
204.03304708805192 1.896 71.0 359.0 112.0 176.0 11414.0 
206.03304708805192 1.936 70.0 359.0 113.0 176.0 11433.0 
208.03304708805192 1.952 71.0 363.0 114.0 176.0 11453.0 
210.03304708805192 1.952 77.0 368.0 114.0 177.0 11555.0 
212.03304708805192 1.968 74.0 369.0 116.0 180.0 11794.0 
214.03304708805192 1.9760000000000002 75.0 371.0 117.0 180.0 11811.0 
216.03304708805192 1.9760000000000002 74.0 371.0 117.0 180.0 11811.0 
218.02095510402793 1.9760000000000002 77.0 374.0 117.0 180.0 11811.0 
220.03304708805192 1.984 78.0 377.0 118.0 180.0 11828.0 
222.03304708805192 1.9919999999999998 81.0 379.0 119.0 184.0 11953.0 
224.03304708805192 1.9919999999999998 80.0 384.0 119.0 185.0 12053.0 
226.03304708805192 2.0080000000000005 81.0 386.0 120.0 189.0 12236.0 
228.03304708805192 2.0400000000000005 78.0 391.0 121.0 199.0 12613.0 
230.03304708805192 2.0400000000000005 71.0 396.0 121.0 209.0 13109.0 
232.03304708805192 2.0400000000000005 64.0 399.0 121.0 219.0 13623.0 
234.00522258458957 2.0479999999999996 60.0 403.0 121.0 222.0 13763.0 
236.03304708805192 2.0559999999999996 59.0 407.0 122.0 227.0 14266.0 
238.01265858371744 2.0879999999999996 61.0 414.0 123.0 229.0 14371.0 
240.03304708805192 2.0879999999999996 64.0 418.0 123.0 230.0 14371.0 
242.03304708805192 2.1519999999999997 68.0 422.0 125.0 230.0 14399.0 
244.00518802952652 2.1680000000000006 64.0 427.0 126.0 235.0 14475.0 
246.03304708805192 2.2080000000000006 69.0 433.0 127.0 236.0 14604.0 
248.01163611967945 2.224 72.0 436.0 128.0 240.0 14834.0 
250.027023486823 2.2320000000000007 66.0 443.0 129.0 250.0 15341.0 
252.03304708805192 2.256 61.0 445.0 130.0 255.0 15543.0 
254.0107595060729 2.3199999999999994 57.0 449.0 134.0 259.0 15782.0 
256.03304708805194 2.3199999999999994 58.0 451.0 134.0 265.0 15957.0 
258.03138600256017 2.3360000000000003 51.0 455.0 135.0 272.0 16153.0 
260.03304708805194 2.3680000000000003 51.0 460.0 137.0 276.0 16412.0 
262.03304708805194 2.3680000000000003 50.0 466.0 137.0 278.0 16473.0 
264.03304708805194 2.3680000000000003 57.0 474.0 137.0 280.0 16492.0 
266.03304708805194 2.4000000000000004 57.0 477.0 139.0 283.0 16715.0 
268.03304708805194 2.432 55.0 481.0 141.0 284.0 16814.0 
270.03304708805194 2.44 55.0 481.0 142.0 285.0 16862.0 
272.03304708805194 2.44 54.0 483.0 142.0 288.0 16990.0 
274.03304708805194 2.472 52.0 487.0 144.0 291.0 17108.0 
276.03304708805194 2.5119999999999996 53.0 491.0 144.0 292.0 17209.0 
278.03304708805194 2.5439999999999996 56.0 497.0 147.0 299.0 17488.0 
280.03304708805194 2.6079999999999997 49.0 499.0 149.0 300.0 17527.0 
282.03304708805194 2.6079999999999997 54.0 503.0 149.0 301.0 17564.0 
284.03304708805194 2.6879999999999997 53.0 506.0 152.0 304.0 17776.0 
286.03304708805194 2.712 52.0 510.0 153.0 306.0 17820.0 
288.03304708805194 2.728 53.0 514.0 154.0 307.0 17865.0 
290.03304708805194 2.7520000000000002 53.0 520.0 155.0 311.0 17994.0 
292.03304708805194 2.7520000000000002 54.0 525.0 155.0 316.0 18180.0 
294.03304708805194 2.7600000000000002 51.0 528.0 156.0 321.0 18375.0 
296.03304708805194 2.7840000000000003 56.0 534.0 158.0 321.0 18405.0 
298.03304708805194 2.792 58.0 537.0 159.0 322.0 18421.0 
300.03304708805194 2.8 57.0 538.0 160.0 324.0 18501.0 
302.03304708805194 2.808 58.0 544.0 161.0 324.0 18515.0 
304.03304708805194 2.8240000000000003 59.0 545.0 162.0 327.0 18557.0 
306.03304708805194 2.8240000000000003 58.0 549.0 162.0 330.0 18643.0 
308.03304708805194 2.84 58.0 553.0 162.0 333.0 18818.0 
310.03304708805194 2.8800000000000003 60.0 558.0 164.0 336.0 19050.0 
312.03304708805194 2.8800000000000003 59.0 562.0 164.0 340.0 19314.0 
314.03119797100356 2.8959999999999995 57.0 564.0 165.0 341.0 19369.0 
316.03304708805194 2.9279999999999995 61.0 568.0 167.0 341.0 19401.0 
318.03304708805194 2.9279999999999995 60.0 577.0 167.0 345.0 19482.0 
320.03304708805194 2.9279999999999995 70.0 585.0 167.0 346.0 19483.0 
322.03304708805194 2.968 70.0 587.0 170.0 349.0 19624.0 
324.03304708805194 2.9760000000000004 69.0 591.0 171.0 352.0 19714.0 
326.03304708805194 2.9760000000000004 69.0 594.0 171.0 353.0 19720.0 
328.03304708805194 3.0239999999999996 69.0 594.0 172.0 354.0 19829.0 
330.0021691394598 3.0559999999999996 68.0 596.0 174.0 356.0 19937.0 
332.02139583075973 3.096 66.0 599.0 177.0 358.0 20118.0 
334.03304708805194 3.1040000000000005 65.0 604.0 178.0 365.0 20315.0 
336.03304708805194 3.1040000000000005 62.0 606.0 178.0 369.0 20347.0 
338.03304708805194 3.1199999999999997 58.0 608.0 179.0 372.0 20433.0 
340.03304708805194 3.144 58.0 611.0 180.0 376.0 20751.0 
342.03304708805194 3.2000000000000006 54.0 614.0 181.0 380.0 20959.0 
344.03304708805194 3.2000000000000006 50.0 615.0 181.0 383.0 21062.0 
346.03304708805194 3.208 55.0 621.0 182.0 384.0 21096.0 
348.03129212222785 3.2159999999999997 55.0 624.0 183.0 388.0 21318.0 
350.03304708805194 3.2159999999999997 57.0 630.0 183.0 394.0 21437.0 
352.03304708805194 3.2159999999999997 54.0 634.0 183.0 395.0 21448.0 
354.03304708805194 3.2159999999999997 52.0 636.0 183.0 400.0 21598.0 
356.03304708805194 3.2320000000000007 55.0 639.0 184.0 400.0 21619.0 
358.03304708805194 3.2320000000000007 60.0 645.0 184.0 401.0 21640.0 
360.03304708805194 3.2399999999999998 61.0 649.0 185.0 402.0 21656.0 
362.03304708805194 3.2720000000000002 62.0 654.0 186.0 408.0 21983.0 
364.03304708805194 3.2720000000000002 61.0 657.0 186.0 413.0 22278.0 
366.03304708805194 3.3040000000000003 61.0 662.0 187.0 414.0 22325.0 
368.03304708805194 3.312 64.0 665.0 188.0 419.0 22482.0 
370.011373134035 3.352 57.0 670.0 190.0 424.0 22682.0 
372.01386218562493 3.3600000000000003 54.0 674.0 191.0 427.0 22711.0 
374.03277539322835 3.3600000000000003 58.0 677.0 191.0 429.0 22776.0 
376.03304708805194 3.384 59.0 680.0 193.0 430.0 22818.0 
378.03304708805194 3.384 59.0 683.0 193.0 431.0 22836.0 
380.03304708805194 3.384 59.0 683.0 193.0 433.0 22881.0 
382.0173881461132 3.384 58.0 686.0 193.0 435.0 22962.0 
384.03304708805194 3.384 60.0 689.0 193.0 436.0 23010.0 
386.03304708805194 3.432 62.0 693.0 197.0 436.0 23090.0 
388.03304708805194 3.44 60.0 698.0 198.0 440.0 23281.0 
390.03304708805194 3.44 58.0 702.0 198.0 446.0 23426.0 
392.03304708805194 3.44 64.0 708.0 198.0 449.0 23464.0 
394.03304708805194 3.44 65.0 713.0 198.0 452.0 23568.0 
396.03304708805194 3.44 63.0 717.0 198.0 455.0 23788.0 
398.03304708805194 3.504 63.0 721.0 200.0 462.0 24228.0 
400.03304708805194 3.5520000000000005 60.0 727.0 201.0 467.0 24368.0 
402.0020133604665 3.56 59.0 730.0 202.0 470.0 24496.0 
404.03304708805194 3.568 58.0 734.0 203.0 471.0 24514.0 
406.03304708805194 3.5759999999999996 62.0 738.0 204.0 474.0 24544.0 
408.03304708805194 3.5759999999999996 58.0 739.0 204.0 481.0 24713.0 
410.03304708805194 3.584 55.0 743.0 205.0 483.0 24802.0 
412.02508037564394 3.632 57.0 749.0 207.0 488.0 24910.0 
414.03304708805194 3.656 56.0 754.0 208.0 490.0 25032.0 
416.03304708805194 3.6639999999999997 53.0 756.0 209.0 495.0 25132.0 
418.00799836616255 3.688 55.0 761.0 211.0 498.0 25210.0 
420.0178623512182 3.688 55.0 765.0 211.0 499.0 25211.0 
422.03304708805194 3.712 56.0 768.0 213.0 505.0 25457.0 
424.03304708805194 3.7279999999999998 48.0 772.0 214.0 507.0 25664.0 
426.03304708805194 3.7279999999999998 52.0 776.0 214.0 508.0 25720.0 
428.03304708805194 3.7279999999999998 56.0 779.0 214.0 508.0 25720.0 
430.03304708805194 3.7520000000000002 59.0 784.0 216.0 508.0 25758.0 
432.03304708805194 3.768 59.0 787.0 217.0 511.0 25865.0 
434.03304708805194 3.7840000000000003 59.0 789.0 218.0 511.0 25905.0 
436.03304708805194 3.808 60.0 794.0 220.0 517.0 26198.0 
438.03304708805194 3.8319999999999994 59.0 799.0 222.0 521.0 26294.0 
440.03304708805194 3.8480000000000003 59.0 804.0 223.0 523.0 26414.0 
442.0052568788552 3.864 60.0 807.0 224.0 525.0 26447.0 
444.03304708805194 3.8880000000000003 58.0 809.0 225.0 528.0 26480.0 
446.03304708805194 3.9599999999999995 56.0 811.0 228.0 529.0 26746.0 
448.0234987929134 4.008 54.0 815.0 232.0 530.0 26834.0 
450.03304708805194 4.016000000000001 51.0 824.0 233.0 538.0 27310.0 
452.03304708805194 4.016000000000001 52.0 826.0 233.0 541.0 27417.0 
454.00324494507066 4.032 57.0 832.0 235.0 542.0 27452.0 
456.03304708805194 4.040000000000001 55.0 834.0 236.0 543.0 27505.0 
458.03304708805194 4.104 58.0 840.0 239.0 543.0 27555.0 
460.03304708805194 4.104 61.0 846.0 239.0 548.0 27669.0 
462.03304708805194 4.104 60.0 848.0 239.0 549.0 27770.0 
464.03304708805194 4.12 61.0 849.0 240.0 550.0 27792.0 
466.03304708805194 4.151999999999999 61.0 852.0 242.0 550.0 27835.0 
468.03304708805194 4.175999999999999 62.0 856.0 244.0 551.0 27869.0 
470.03304708805194 4.175999999999999 60.0 857.0 244.0 555.0 28005.0 
472.0000102181869 4.175999999999999 58.0 861.0 244.0 557.0 28151.0 
474.03304708805194 4.208 59.0 863.0 247.0 559.0 28222.0 
476.0162810072549 4.208 58.0 867.0 247.0 560.0 28237.0 
478.03304708805194 4.208 59.0 867.0 247.0 562.0 28367.0 
480.03304708805194 4.239999999999999 60.0 873.0 248.0 569.0 28592.0 
482.03304708805194 4.239999999999999 57.0 876.0 248.0 571.0 28594.0 
484.03304708805194 4.296 56.0 881.0 251.0 574.0 28664.0 
486.01775101219744 4.32 58.0 886.0 252.0 576.0 28768.0 
488.03304708805194 4.328 57.0 888.0 253.0 582.0 29055.0 
490.03304708805194 4.328 52.0 889.0 253.0 586.0 29240.0 
492.03304708805194 4.328 52.0 896.0 253.0 591.0 29365.0 
494.03304708805194 4.367999999999999 55.0 904.0 254.0 597.0 29681.0 
496.03304708805194 4.4319999999999995 53.0 907.0 256.0 601.0 30046.0 
498.03304708805194 4.4319999999999995 54.0 912.0 256.0 603.0 30046.0 
500.03304708805194 4.456 50.0 912.0 259.0 606.0 30131.0 
502.03304708805194 4.5040000000000004 46.0 914.0 262.0 608.0 30237.0 
504.03304708805194 4.5040000000000004 47.0 918.0 262.0 610.0 30284.0 
506.03304708805194 4.5040000000000004 46.0 923.0 262.0 613.0 30366.0 
508.03304708805194 4.512 50.0 927.0 263.0 617.0 30594.0 
510.03304708805194 4.512 49.0 933.0 263.0 619.0 30646.0 
512.0114555135541 4.5280000000000005 51.0 938.0 265.0 619.0 30679.0 
514.033047088052 4.5280000000000005 56.0 941.0 265.0 622.0 30791.0 
516.033047088052 4.552 52.0 943.0 266.0 629.0 31122.0 
518.033047088052 4.552 48.0 945.0 266.0 632.0 31177.0 
520.033047088052 4.552 49.0 951.0 266.0 635.0 31264.0 
522.033047088052 4.5680000000000005 48.0 956.0 267.0 637.0 31295.0 
524.033047088052 4.5680000000000005 51.0 960.0 267.0 641.0 31331.0 
526.033047088052 4.576 56.0 964.0 268.0 645.0 31520.0 
528.033047088052 4.576 51.0 966.0 268.0 648.0 31564.0 
530.033047088052 4.608 48.0 972.0 270.0 655.0 31690.0 
532.0001096961247 4.608 46.0 979.0 270.0 659.0 31930.0 
534.033047088052 4.648000000000001 51.0 983.0 270.0 664.0 32045.0 
536.033047088052 4.648000000000001 51.0 987.0 270.0 666.0 32211.0 
538.033047088052 4.688 50.0 989.0 272.0 670.0 32331.0 
540.033047088052 4.6960000000000015 50.0 994.0 273.0 672.0 32346.0 
542.033047088052 4.6960000000000015 54.0 1002.0 273.0 677.0 32450.0 
544.033047088052 4.727999999999999 52.0 1004.0 275.0 678.0 32501.0 
546.033047088052 4.776000000000001 53.0 1009.0 280.0 680.0 32614.0 
548.033047088052 4.776000000000001 53.0 1013.0 280.0 682.0 32680.0 
550.033047088052 4.791999999999999 54.0 1018.0 281.0 683.0 32698.0 
552.033047088052 4.848000000000001 56.0 1021.0 282.0 689.0 32840.0 
554.0310677349833 4.872 52.0 1026.0 284.0 691.0 32915.0 
556.033047088052 4.888000000000001 54.0 1031.0 285.0 694.0 32963.0 
558.033047088052 4.919999999999999 53.0 1034.0 286.0 694.0 32974.0 
560.033047088052 4.919999999999999 54.0 1036.0 286.0 699.0 33126.0 
562.0123360204508 4.919999999999999 52.0 1040.0 286.0 701.0 33178.0 
564.033047088052 4.952000000000001 53.0 1044.0 287.0 706.0 33478.0 
566.033047088052 4.976000000000001 55.0 1050.0 288.0 709.0 33607.0 
568.033047088052 5.0 58.0 1055.0 289.0 709.0 33621.0 
570.033047088052 5.032000000000001 56.0 1057.0 290.0 712.0 33815.0 
572.033047088052 5.032000000000001 56.0 1061.0 290.0 714.0 33823.0 
574.033047088052 5.040000000000001 58.0 1063.0 291.0 716.0 33870.0 
576.0251291498064 5.040000000000001 57.0 1066.0 291.0 717.0 33879.0 
578.0107800863948 5.104000000000001 61.0 1071.0 295.0 717.0 34000.0 
580.033047088052 5.128 61.0 1075.0 296.0 717.0 34000.0 
582.033047088052 5.128 65.0 1080.0 296.0 717.0 34000.0 
584.033047088052 5.160000000000001 67.0 1082.0 298.0 719.0 34062.0 
586.033047088052 5.160000000000001 65.0 1084.0 298.0 723.0 34147.0 
588.033047088052 5.199999999999999 62.0 1087.0 300.0 727.0 34383.0 
590.033047088052 5.239999999999998 60.0 1089.0 301.0 729.0 34476.0 
592.033047088052 5.256 62.0 1094.0 303.0 730.0 34534.0 
594.033047088052 5.279999999999999 61.0 1096.0 304.0 732.0 34651.0 
596.0075566508939 5.32 57.0 1100.0 307.0 739.0 34932.0 
598.033047088052 5.32 55.0 1101.0 307.0 739.0 34932.0 
600.033047088052 5.343999999999999 55.0 1102.0 309.0 739.0 34965.0 
602.0108397275352 5.343999999999999 57.0 1107.0 309.0 739.0 34965.0 
604.033047088052 5.36 60.0 1111.0 311.0 740.0 35121.0 
606.033047088052 5.3679999999999986 58.0 1114.0 312.0 744.0 35255.0 
608.033047088052 5.400000000000001 58.0 1115.0 314.0 750.0 35525.0 
610.033047088052 5.400000000000001 54.0 1119.0 314.0 752.0 35651.0 
612.033047088052 5.431999999999999 53.0 1123.0 315.0 753.0 35692.0 
614.033047088052 5.4559999999999995 56.0 1126.0 317.0 756.0 35834.0 
616.033047088052 5.479999999999999 52.0 1132.0 319.0 762.0 36054.0 
618.033047088052 5.488 52.0 1137.0 320.0 764.0 36106.0 
620.033047088052 5.520000000000001 54.0 1139.0 322.0 764.0 36143.0 
622.033047088052 5.520000000000001 53.0 1141.0 322.0 765.0 36155.0 
624.033047088052 5.5440000000000005 52.0 1145.0 323.0 768.0 36346.0 
626.033047088052 5.552 57.0 1150.0 324.0 770.0 36440.0 
628.033047088052 5.552 58.0 1153.0 324.0 771.0 36463.0 
630.002221836948 5.568000000000001 61.0 1159.0 326.0 772.0 36501.0 
632.033047088052 5.6080000000000005 62.0 1162.0 328.0 778.0 36707.0 
634.033047088052 5.6080000000000005 54.0 1165.0 328.0 784.0 37158.0 
636.033047088052 5.616 57.0 1171.0 329.0 785.0 37273.0 
638.033047088052 5.64 58.0 1176.0 331.0 787.0 37398.0 
640.033047088052 5.64 59.0 1178.0 331.0 790.0 37439.0 
642.0043975025554 5.6480000000000015 60.0 1184.0 332.0 792.0 37466.0 
644.033047088052 5.6480000000000015 60.0 1187.0 332.0 795.0 37498.0 
646.033047088052 5.656000000000001 64.0 1191.0 333.0 795.0 37511.0 
648.033047088052 5.656000000000001 64.0 1195.0 333.0 796.0 37514.0 
650.033047088052 5.688 66.0 1198.0 335.0 799.0 37569.0 
652.0090110181345 5.744 65.0 1201.0 338.0 800.0 37749.0 
654.033047088052 5.767999999999999 62.0 1202.0 339.0 806.0 38055.0 
656.033047088052 5.767999999999999 61.0 1208.0 339.0 809.0 38098.0 
658.033047088052 5.776000000000001 62.0 1214.0 340.0 812.0 38224.0 
660.033047088052 5.800000000000001 61.0 1218.0 343.0 815.0 38389.0 
662.033047088052 5.816 60.0 1221.0 344.0 816.0 38456.0 
664.033047088052 5.839999999999999 61.0 1226.0 346.0 821.0 38657.0 
666.033047088052 5.895999999999999 57.0 1227.0 348.0 829.0 39101.0 
668.033047088052 5.919999999999999 52.0 1231.0 349.0 835.0 39227.0 
670.0064984103998 5.967999999999999 48.0 1236.0 352.0 838.0 39354.0 
672.033047088052 5.967999999999999 46.0 1239.0 352.0 841.0 39354.0 
674.033047088052 5.976000000000001 45.0 1242.0 353.0 848.0 39695.0 
676.033047088052 6.016000000000001 40.0 1245.0 355.0 851.0 39914.0 
678.033047088052 6.023999999999999 42.0 1250.0 356.0 851.0 39927.0 
680.033047088052 6.023999999999999 47.0 1254.0 356.0 853.0 39938.0 
682.033047088052 6.064 46.0 1258.0 359.0 854.0 39986.0 
684.033047088052 6.111999999999999 44.0 1261.0 361.0 854.0 40024.0 
686.033047088052 6.111999999999999 49.0 1264.0 361.0 855.0 40026.0 
688.033047088052 6.136 48.0 1266.0 362.0 860.0 40182.0 
690.0322434116805 6.175999999999999 47.0 1273.0 364.0 862.0 40234.0 
692.033047088052 6.175999999999999 49.0 1275.0 364.0 862.0 40234.0 
694.033047088052 6.239999999999999 51.0 1280.0 366.0 864.0 40282.0 
696.033047088052 6.256 50.0 1284.0 367.0 867.0 40495.0 
698.0119445855385 6.296 55.0 1291.0 369.0 868.0 40526.0 
700.0257970385821 6.303999999999999 56.0 1297.0 370.0 868.0 40528.0 
702.033047088052 6.327999999999999 61.0 1300.0 372.0 868.0 40554.0 
704.033047088052 6.336000000000001 62.0 1305.0 372.0 876.0 40968.0 
706.033047088052 6.343999999999999 53.0 1307.0 373.0 883.0 41275.0 
708.033047088052 6.3679999999999986 47.0 1310.0 376.0 888.0 41574.0 
710.033047088052 6.3679999999999986 48.0 1312.0 376.0 889.0 41574.0 
712.033047088052 6.3679999999999986 47.0 1315.0 376.0 891.0 41733.0 
714.015506890221 6.3679999999999986 47.0 1317.0 376.0 893.0 41747.0 
716.033047088052 6.3679999999999986 51.0 1322.0 376.0 895.0 41804.0 
718.033047088052 6.3679999999999986 52.0 1328.0 376.0 901.0 42030.0 
720.0026000101975 6.392 54.0 1332.0 378.0 902.0 42129.0 
722.024589159907 6.400000000000001 52.0 1333.0 379.0 903.0 42245.0 
724.033047088052 6.424 53.0 1336.0 380.0 903.0 42269.0 
726.033047088052 6.4319999999999995 56.0 1341.0 381.0 903.0 42283.0 
728.033047088052 6.448 57.0 1343.0 382.0 904.0 42339.0 
730.033047088052 6.448 56.0 1345.0 382.0 907.0 42366.0 
732.033047088052 6.4719999999999995 55.0 1349.0 385.0 911.0 42501.0 
734.033047088052 6.488 50.0 1354.0 387.0 916.0 42640.0 
736.033047088052 6.5280000000000005 53.0 1361.0 390.0 917.0 42744.0 
738.033047088052 6.5280000000000005 55.0 1366.0 390.0 920.0 42824.0 
740.033047088052 6.56 61.0 1374.0 391.0 921.0 42855.0 
742.0063978243385 6.5680000000000005 67.0 1382.0 392.0 924.0 43002.0 
744.033047088052 6.632000000000001 65.0 1385.0 394.0 927.0 43137.0 
746.0031237526383 6.648000000000001 63.0 1389.0 396.0 929.0 43196.0 
748.033047088052 6.663999999999999 66.0 1393.0 397.0 929.0 43216.0 
750.0249632078499 6.672 70.0 1397.0 398.0 930.0 43287.0 
752.033047088052 6.672 70.0 1402.0 398.0 934.0 43433.0 
754.033047088052 6.736 70.0 1405.0 400.0 935.0 43474.0 
756.033047088052 6.736 72.0 1408.0 400.0 935.0 43474.0 
758.0155853793206 6.736 76.0 1412.0 400.0 936.0 43490.0 
760.033047088052 6.760000000000001 77.0 1414.0 402.0 938.0 43568.0 
762.033047088052 6.791999999999999 68.0 1416.0 404.0 944.0 43858.0 
764.033047088052 6.831999999999999 68.0 1417.0 405.0 945.0 43926.0 
766.0207046840303 6.855999999999999 68.0 1419.0 406.0 945.0 43953.0 
768.033047088052 6.864 69.0 1423.0 407.0 945.0 43970.0 
770.033047088052 6.888000000000001 75.0 1430.0 409.0 945.0 44013.0 
772.033047088052 6.895999999999999 77.0 1431.0 410.0 946.0 44062.0 
774.033047088052 6.919999999999999 76.0 1433.0 411.0 949.0 44241.0 
776.033047088052 6.919999999999999 73.0 1434.0 411.0 951.0 44393.0 
778.033047088052 6.919999999999999 76.0 1438.0 411.0 952.0 44485.0 
780.033047088052 6.959999999999999 74.0 1443.0 413.0 956.0 44737.0 
782.033047088052 6.976000000000001 75.0 1448.0 414.0 957.0 44771.0 
784.033047088052 6.983999999999999 79.0 1454.0 415.0 958.0 44865.0 
786.033047088052 6.983999999999999 82.0 1458.0 415.0 961.0 44971.0 
788.033047088052 7.040000000000001 84.0 1462.0 417.0 963.0 45074.0 
790.0013816354673 7.095999999999999 82.0 1467.0 419.0 965.0 45172.0 
792.033047088052 7.12 83.0 1470.0 421.0 970.0 45550.0 
794.033047088052 7.12 74.0 1472.0 421.0 978.0 45836.0 
796.033047088052 7.160000000000001 72.0 1473.0 422.0 980.0 45922.0 
798.033047088052 7.248 66.0 1474.0 427.0 985.0 46283.0 
800.0217884497854 7.264 62.0 1478.0 427.0 990.0 46521.0 
802.033047088052 7.272000000000001 58.0 1479.0 428.0 995.0 46714.0 
804.0233660124755 7.272000000000001 56.0 1481.0 428.0 997.0 46784.0 
806.033047088052 7.296 57.0 1485.0 429.0 998.0 46809.0 
808.0266092478964 7.311999999999999 60.0 1488.0 430.0 999.0 46883.0 
810.033047088052 7.311999999999999 65.0 1497.0 430.0 1000.0 46883.0 
812.033047088052 7.32 71.0 1502.0 431.0 1000.0 46904.0 
814.0015423868573 7.32 70.0 1505.0 431.0 1004.0 47137.0 
816.033047088052 7.32 70.0 1508.0 431.0 1006.0 47198.0 
818.033047088052 7.32 68.0 1509.0 431.0 1011.0 47329.0 
820.033047088052 7.384 65.0 1511.0 434.0 1015.0 47565.0 
822.033047088052 7.384 63.0 1513.0 434.0 1016.0 47569.0 
824.033047088052 7.384 67.0 1520.0 434.0 1018.0 47616.0 
826.033047088052 7.4 67.0 1520.0 435.0 1020.0 47771.0 
828.033047088052 7.5600000000000005 64.0 1523.0 439.0 1024.0 47983.0 
830.033047088052 7.5920000000000005 61.0 1525.0 441.0 1024.0 48013.0 
832.033047088052 7.5920000000000005 63.0 1529.0 441.0 1025.0 48115.0 
834.033047088052 7.5920000000000005 65.0 1534.0 441.0 1033.0 48557.0 
836.033047088052 7.608 62.0 1538.0 443.0 1036.0 48836.0 
838.0234629418524 7.6240000000000006 56.0 1542.0 445.0 1044.0 49101.0 
840.033047088052 7.6240000000000006 55.0 1546.0 445.0 1052.0 49457.0 
842.033047088052 7.6240000000000006 50.0 1549.0 445.0 1054.0 49568.0 
844.033047088052 7.632000000000001 50.0 1553.0 446.0 1060.0 49882.0 
846.033047088052 7.648000000000001 43.0 1556.0 447.0 1064.0 50093.0 
848.023505538527 7.663999999999999 45.0 1559.0 449.0 1065.0 50201.0 
850.033047088052 7.663999999999999 48.0 1564.0 449.0 1069.0 50249.0 
852.033047088052 7.672 47.0 1567.0 449.0 1074.0 50487.0 
854.033047088052 7.696000000000001 48.0 1572.0 451.0 1075.0 50549.0 
856.033047088052 7.696000000000001 45.0 1576.0 451.0 1078.0 50657.0 
858.033047088052 7.736 46.0 1576.0 452.0 1079.0 50762.0 
860.033047088052 7.791999999999999 48.0 1581.0 454.0 1081.0 50811.0 
862.033047088052 7.791999999999999 48.0 1585.0 454.0 1083.0 50825.0 
864.033047088052 7.808 54.0 1594.0 456.0 1083.0 50852.0 
866.0197758499237 7.855999999999999 58.0 1600.0 459.0 1084.0 50911.0 
868.033047088052 7.919999999999999 58.0 1604.0 460.0 1088.0 51140.0 
870.033047088052 7.928 59.0 1607.0 461.0 1092.0 51321.0 
872.033047088052 7.936 51.0 1608.0 462.0 1095.0 51488.0 
874.033047088052 7.936 53.0 1610.0 462.0 1095.0 51488.0 
876.033047088052 7.944 59.0 1619.0 463.0 1095.0 51554.0 
878.023446462674 7.968 63.0 1625.0 465.0 1097.0 51701.0 
880.033047088052 8.024 65.0 1630.0 466.0 1104.0 51851.0 
882.033047088052 8.104 62.0 1633.0 468.0 1104.0 51901.0 
884.0081759893833 8.104 62.0 1638.0 468.0 1109.0 52075.0 
886.033047088052 8.104 57.0 1640.0 468.0 1114.0 52198.0 
888.033047088052 8.104 60.0 1647.0 468.0 1119.0 52237.0 
890.033047088052 8.144 60.0 1651.0 469.0 1120.0 52356.0 
892.033047088052 8.216 56.0 1651.0 471.0 1126.0 52653.0 
894.033047088052 8.216 56.0 1655.0 471.0 1130.0 52720.0 
896.033047088052 8.216 56.0 1660.0 471.0 1131.0 52738.0 
898.0055152451707 8.239999999999998 57.0 1662.0 473.0 1133.0 52825.0 
900.033047088052 8.248000000000001 53.0 1663.0 474.0 1135.0 52932.0 
#####################################################################
# End of data export. Simulation finished at: 2020-01-25T11:50+0000 #
#####################################################################
