#####################################################################
# Alchemist log file - simulation started at: 2020-02-13T11:44+0000 #
#####################################################################
# seed = 67.0, taskFrequency = 0.04217, cloudcost = 10.0, algorithm = false
#
# The columns have the following meaning: 
# time taskHops[Mean] hasTask[Sum] tasks[Sum] completedTasks[Sum] giveupTasks[Sum] taskLatency[Sum] 
0.0 NaN 0.0 0.0 0.0 0.0 0.0 
2.0012965763048935 NaN 7.0 9.0 0.0 0.0 0.0 
4.0012965763048935 NaN 15.0 17.0 0.0 0.0 0.0 
6.0012965763048935 NaN 27.0 29.0 0.0 0.0 0.0 
8.001296576304894 NaN 36.0 37.0 0.0 0.0 0.0 
10.001296576304894 NaN 41.0 44.0 0.0 0.0 0.0 
12.001296576304894 NaN 48.0 49.0 0.0 0.0 0.0 
14.001296576304894 NaN 56.0 59.0 0.0 0.0 0.0 
16.001296576304895 NaN 63.0 64.0 0.0 0.0 0.0 
18.001296576304895 NaN 66.0 66.0 0.0 0.0 0.0 
20.001296576304895 NaN 69.0 70.0 0.0 0.0 0.0 
22.001296576304895 NaN 71.0 71.0 0.0 0.0 0.0 
24.001296576304895 NaN 73.0 74.0 0.0 0.0 0.0 
26.001296576304895 NaN 79.0 82.0 0.0 0.0 0.0 
28.001296576304895 NaN 84.0 85.0 0.0 0.0 0.0 
30.001296576304895 NaN 87.0 87.0 0.0 0.0 0.0 
32.001296576304895 NaN 89.0 89.0 0.0 0.0 0.0 
34.001296576304895 NaN 94.0 94.0 0.0 0.0 0.0 
36.001296576304895 NaN 95.0 95.0 0.0 0.0 0.0 
38.001296576304895 NaN 97.0 97.0 0.0 0.0 0.0 
40.001296576304895 NaN 101.0 101.0 0.0 0.0 0.0 
42.001296576304895 NaN 103.0 103.0 0.0 0.0 0.0 
44.001296576304895 NaN 105.0 105.0 0.0 0.0 0.0 
46.001296576304895 NaN 105.0 105.0 0.0 0.0 0.0 
48.001296576304895 NaN 109.0 110.0 0.0 0.0 0.0 
50.001296576304895 NaN 111.0 111.0 0.0 0.0 0.0 
52.001296576304895 NaN 113.0 113.0 0.0 0.0 0.0 
54.001296576304895 NaN 116.0 116.0 0.0 0.0 0.0 
56.001296576304895 NaN 116.0 116.0 0.0 0.0 0.0 
58.001296576304895 NaN 116.0 116.0 0.0 0.0 0.0 
60.001296576304895 NaN 117.0 117.0 0.0 0.0 0.0 
62.001296576304895 NaN 118.0 118.0 0.0 0.0 0.0 
64.0012965763049 NaN 118.0 118.0 0.0 0.0 0.0 
66.0012965763049 NaN 118.0 118.0 0.0 0.0 0.0 
68.0012965763049 NaN 119.0 119.0 0.0 0.0 0.0 
70.0012965763049 NaN 119.0 119.0 0.0 0.0 0.0 
72.0012965763049 NaN 120.0 120.0 0.0 0.0 0.0 
74.0012965763049 NaN 120.0 120.0 0.0 0.0 0.0 
76.0012965763049 NaN 120.0 120.0 0.0 0.0 0.0 
78.0012965763049 NaN 120.0 120.0 0.0 0.0 0.0 
80.0012965763049 NaN 120.0 120.0 0.0 0.0 0.0 
82.0012965763049 NaN 120.0 120.0 0.0 0.0 0.0 
84.0012965763049 NaN 120.0 120.0 0.0 0.0 0.0 
86.0012965763049 NaN 121.0 121.0 0.0 0.0 0.0 
88.0012965763049 NaN 122.0 123.0 0.0 0.0 0.0 
90.0012965763049 NaN 123.0 123.0 0.0 0.0 0.0 
92.0012965763049 NaN 123.0 123.0 0.0 0.0 0.0 
94.0012965763049 NaN 123.0 123.0 0.0 0.0 0.0 
96.0012965763049 NaN 123.0 123.0 0.0 0.0 0.0 
98.0012965763049 NaN 123.0 123.0 0.0 0.0 0.0 
100.0012965763049 NaN 123.0 123.0 0.0 0.0 0.0 
102.0012965763049 NaN 123.0 123.0 0.0 0.0 0.0 
104.0012965763049 10.0 121.0 123.0 0.0 3.0 307.0 
106.0012965763049 10.0 116.0 123.0 0.0 9.0 924.0 
108.0012965763049 10.0 108.0 124.0 0.0 20.0 2052.0 
110.0012965763049 10.0 98.0 124.0 0.0 30.0 3086.0 
112.0012965763049 10.0 88.0 124.0 0.0 38.0 3926.0 
114.0012965763049 10.0 85.0 127.0 0.0 44.0 4545.0 
116.0012965763049 10.0 81.0 128.0 0.0 51.0 5263.0 
118.0012965763049 10.0 74.0 128.0 0.0 57.0 5879.0 
120.0012965763049 10.0 69.0 129.0 0.0 62.0 6399.0 
122.0012965763049 10.0 67.0 130.0 0.0 65.0 6707.0 
124.0012965763049 10.0 64.0 131.0 0.0 67.0 6912.0 
126.0012965763049 10.0 63.0 132.0 0.0 70.0 7241.0 
128.0012965763049 10.0 59.0 134.0 0.0 76.0 7854.0 
130.0012965763049 10.0 55.0 135.0 0.0 81.0 8367.0 
132.0012965763049 10.0 56.0 139.0 0.0 84.0 8675.0 
134.0012965763049 10.023529411764706 55.0 140.0 0.0 85.0 8777.0 
136.0012965763049 10.02247191011236 58.0 144.0 0.0 89.0 9187.0 
138.0012965763049 10.021978021978022 55.0 145.0 0.0 91.0 9417.0 
140.0012965763049 10.021505376344086 57.0 150.0 0.0 93.0 9622.0 
142.0012965763049 10.020833333333334 62.0 158.0 0.0 96.0 9936.0 
144.0012965763049 10.020408163265307 67.0 163.0 0.0 98.0 10140.0 
146.0012965763049 10.02020202020202 66.0 165.0 0.0 99.0 10242.0 
148.0012965763049 10.02020202020202 68.0 167.0 0.0 99.0 10242.0 
150.0012965763049 10.019417475728156 68.0 169.0 0.0 103.0 10652.0 
152.0012965763049 10.01923076923077 67.0 171.0 0.0 104.0 10755.0 
154.0012965763049 10.019047619047619 67.0 173.0 0.0 105.0 10858.0 
156.0012965763049 10.018518518518519 69.0 178.0 0.0 108.0 11164.0 
158.0012965763049 10.018518518518519 71.0 182.0 0.0 108.0 11164.0 
160.0012965763049 10.018518518518519 76.0 184.0 0.0 108.0 11164.0 
162.0012965763049 10.01834862385321 79.0 187.0 0.0 109.0 11267.0 
164.0012965763049 10.018181818181818 80.0 191.0 0.0 110.0 11369.0 
166.00018038174792 10.018181818181818 82.0 193.0 0.0 110.0 11369.0 
168.0012965763049 10.018181818181818 84.0 195.0 0.0 110.0 11369.0 
170.0012965763049 10.018018018018019 85.0 197.0 0.0 111.0 11471.0 
172.0012965763049 10.018018018018019 88.0 199.0 0.0 111.0 11471.0 
174.0012965763049 10.017857142857142 91.0 203.0 0.0 112.0 11574.0 
176.0012965763049 10.017857142857142 92.0 205.0 0.0 112.0 11574.0 
178.0012965763049 10.017857142857142 95.0 207.0 0.0 112.0 11574.0 
180.0012965763049 10.017857142857142 95.0 207.0 0.0 112.0 11574.0 
182.0012965763049 10.017857142857142 96.0 210.0 0.0 112.0 11574.0 
184.0012965763049 10.017857142857142 99.0 211.0 0.0 112.0 11574.0 
186.0012965763049 10.017857142857142 99.0 211.0 0.0 112.0 11574.0 
188.0012965763049 10.017699115044248 100.0 212.0 0.0 113.0 11676.0 
190.0012965763049 10.017543859649123 100.0 213.0 0.0 114.0 11779.0 
192.0012965763049 10.017391304347827 98.0 213.0 0.0 115.0 11882.0 
194.0012965763049 10.017391304347827 101.0 216.0 0.0 115.0 11882.0 
196.0012965763049 10.017391304347827 101.0 217.0 0.0 115.0 11882.0 
198.00024676242168 10.017391304347827 103.0 219.0 0.0 115.0 11882.0 
200.0012965763049 10.017391304347827 106.0 222.0 0.0 115.0 11882.0 
202.0012965763049 10.017391304347827 107.0 222.0 0.0 115.0 11882.0 
204.0012965763049 10.017391304347827 107.0 222.0 0.0 115.0 11882.0 
206.0012965763049 10.017391304347827 108.0 223.0 0.0 115.0 11882.0 
208.0012965763049 10.017391304347827 109.0 224.0 0.0 115.0 11882.0 
210.0012965763049 10.017094017094017 109.0 225.0 0.0 117.0 12164.0 
212.0012965763049 10.017094017094017 108.0 225.0 0.0 117.0 12164.0 
214.0012965763049 10.016949152542374 108.0 225.0 0.0 118.0 12368.0 
216.0012965763049 10.271186440677965 105.0 225.0 0.0 121.0 12674.0 
218.0012965763049 10.271186440677965 105.0 226.0 0.0 121.0 12674.0 
220.0012965763049 10.35593220338983 105.0 227.0 0.0 122.0 12777.0 
222.0012965763049 10.35593220338983 106.0 229.0 0.0 122.0 12777.0 
224.0012965763049 10.521008403361344 106.0 230.0 0.0 125.0 13163.0 
226.0012965763049 10.605042016806722 106.0 231.0 0.0 126.0 13266.0 
228.0012965763049 10.605042016806722 105.0 231.0 0.0 126.0 13266.0 
230.0012965763049 10.6890756302521 105.0 232.0 0.0 127.0 13369.0 
232.0012965763049 10.766666666666667 107.0 235.0 0.0 129.0 13575.0 
234.0012965763049 11.016666666666667 105.0 235.0 0.0 132.0 13882.0 
236.0012965763049 11.016666666666667 105.0 237.0 0.0 132.0 13882.0 
238.0012965763049 11.35 104.0 239.0 0.0 136.0 14292.0 
240.0012965763049 11.433333333333334 103.0 240.0 0.0 137.0 14395.0 
242.0012965763049 11.683333333333332 102.0 240.0 0.0 140.0 14703.0 
244.0012965763049 12.330578512396693 97.0 240.0 0.0 149.0 15716.0 
246.0012965763049 12.885245901639344 88.0 240.0 0.0 157.0 16640.0 
248.0012965763049 13.049180327868852 84.0 241.0 0.0 159.0 16853.0 
250.0012965763049 13.295081967213115 80.0 241.0 0.0 162.0 17160.0 
252.0012965763049 13.377049180327868 78.0 242.0 0.0 163.0 17262.0 
254.0012965763049 13.62295081967213 79.0 243.0 0.0 166.0 17570.0 
256.00129657630487 13.78688524590164 78.0 244.0 0.0 168.0 17797.0 
258.00129657630487 14.032786885245903 75.0 244.0 0.0 171.0 18105.0 
260.00129657630487 14.360655737704919 71.0 246.0 0.0 175.0 18516.0 
262.00129657630487 14.73170731707317 67.0 247.0 0.0 181.0 19242.0 
264.00129657630487 14.975609756097562 64.0 250.0 0.0 184.0 19548.0 
266.00129657630487 15.21951219512195 66.0 250.0 0.0 187.0 19856.0 
268.00129657630487 15.382113821138212 63.0 251.0 0.0 189.0 20062.0 
270.00129657630487 15.544715447154472 61.0 252.0 0.0 191.0 20266.0 
272.00129657630487 15.707317073170731 62.0 257.0 0.0 193.0 20472.0 
274.00129657630487 15.951219512195122 65.0 259.0 0.0 196.0 20780.0 
276.00129657630487 16.11382113821138 65.0 261.0 0.0 198.0 20985.0 
278.00129657630487 16.357723577235774 63.0 265.0 0.0 201.0 21190.0 
280.00129657630487 16.601626016260163 63.0 267.0 0.0 204.0 21498.0 
282.00129657630487 16.601626016260163 66.0 270.0 0.0 204.0 21498.0 
284.00129657630487 16.682926829268293 66.0 271.0 0.0 205.0 21600.0 
286.00129657630487 16.926829268292682 66.0 273.0 0.0 208.0 21908.0 
288.00129657630487 16.926829268292682 66.0 275.0 0.0 208.0 21908.0 
290.00129657630487 16.926829268292682 70.0 279.0 0.0 208.0 21908.0 
292.00129657630487 17.008130081300813 73.0 282.0 0.0 209.0 22010.0 
294.00129657630487 17.008130081300813 75.0 284.0 0.0 209.0 22010.0 
296.00129657630487 17.252032520325205 73.0 286.0 0.0 212.0 22316.0 
298.00129657630487 17.252032520325205 76.0 288.0 0.0 212.0 22316.0 
300.00129657630487 17.414634146341463 75.0 289.0 0.0 214.0 22521.0 
302.00129657630487 17.577235772357724 75.0 291.0 0.0 216.0 22725.0 
304.00129657630487 17.658536585365855 78.0 295.0 0.0 217.0 22828.0 
306.00129657630487 17.658536585365855 80.0 298.0 0.0 217.0 22828.0 
308.00129657630487 17.739837398373986 82.0 299.0 0.0 218.0 22930.0 
310.00129657630487 17.821138211382113 84.0 302.0 0.0 219.0 23032.0 
312.00129657630487 17.821138211382113 85.0 305.0 0.0 219.0 23032.0 
314.00129657630487 17.902439024390244 87.0 308.0 0.0 220.0 23135.0 
316.00129657630487 17.902439024390244 89.0 309.0 0.0 220.0 23135.0 
318.00129657630487 17.902439024390244 91.0 313.0 0.0 220.0 23135.0 
320.00129657630487 17.983739837398375 95.0 316.0 0.0 221.0 23237.0 
322.00129657630487 18.065040650406505 97.0 319.0 0.0 222.0 23339.0 
324.00129657630487 18.146341463414636 100.0 322.0 0.0 223.0 23442.0 
326.00129657630487 18.227642276422767 99.0 324.0 0.0 224.0 23545.0 
328.00129657630487 18.308943089430894 102.0 326.0 0.0 225.0 23648.0 
330.00129657630487 18.308943089430894 101.0 326.0 0.0 225.0 23648.0 
332.00129657630487 18.390243902439025 102.0 328.0 0.0 226.0 23750.0 
334.00129657630487 18.634146341463413 101.0 328.0 0.0 229.0 24101.0 
336.00129657630487 18.634146341463413 102.0 331.0 0.0 229.0 24101.0 
338.00129657630487 18.715447154471544 103.0 333.0 0.0 230.0 24204.0 
340.00129657630487 18.796747967479675 105.0 335.0 0.0 231.0 24306.0 
342.00129657630487 18.959349593495933 102.0 335.0 0.0 233.0 24511.0 
344.00129657630487 18.959349593495933 103.0 336.0 0.0 233.0 24511.0 
346.00129657630487 18.959349593495933 105.0 338.0 0.0 233.0 24511.0 
348.00129657630487 18.959349593495933 105.0 338.0 0.0 233.0 24511.0 
350.00129657630487 19.040650406504067 104.0 338.0 0.0 234.0 24613.0 
352.00129657630487 19.040650406504067 106.0 340.0 0.0 234.0 24613.0 
354.00129657630487 19.040650406504067 109.0 343.0 0.0 234.0 24613.0 
356.00129657630487 19.121951219512194 109.0 344.0 0.0 235.0 24716.0 
358.00129657630487 19.284552845528456 109.0 344.0 0.0 237.0 25049.0 
360.00129657630487 19.284552845528456 108.0 345.0 0.0 237.0 25049.0 
362.00129657630487 19.365853658536587 107.0 346.0 0.0 238.0 25151.0 
364.00129657630487 19.528455284552845 106.0 346.0 0.0 240.0 25356.0 
366.00129657630487 19.609756097560975 106.0 346.0 0.0 241.0 25458.0 
368.00129657630487 19.853658536585364 103.0 346.0 0.0 244.0 25809.0 
370.00095274259434 19.934959349593495 105.0 349.0 0.0 245.0 25911.0 
372.00129657630487 20.097560975609756 104.0 350.0 0.0 247.0 26131.0 
374.00129657630487 20.260162601626014 102.0 351.0 0.0 249.0 26335.0 
376.00129657630487 20.666666666666664 99.0 352.0 0.0 254.0 26848.0 
378.00129657630487 20.829268292682926 98.0 352.0 0.0 256.0 27053.0 
380.00129657630487 20.910569105691057 96.0 352.0 0.0 257.0 27155.0 
382.00129657630487 21.15447154471545 92.0 352.0 0.0 260.0 27463.0 
384.00129657630487 21.479674796747968 91.0 355.0 0.0 264.0 27873.0 
386.00129657630487 21.479674796747968 91.0 355.0 0.0 264.0 27873.0 
388.00129657630487 21.72357723577236 90.0 356.0 0.0 267.0 28181.0 
390.00129657630487 21.804878048780488 92.0 359.0 0.0 268.0 28283.0 
392.00129657630487 22.211382113821138 92.0 363.0 0.0 273.0 28910.0 
394.00129657630487 22.45528455284553 90.0 366.0 0.0 276.0 29217.0 
396.00129657630487 22.617886178861788 89.0 366.0 0.0 278.0 29423.0 
398.00129657630487 22.617886178861788 89.0 367.0 0.0 278.0 29423.0 
400.00129657630487 22.86178861788618 86.0 367.0 0.0 281.0 29731.0 
402.00129657630487 22.94308943089431 86.0 367.0 0.0 282.0 29833.0 
404.00129657630487 23.1869918699187 85.0 370.0 0.0 285.0 30143.0 
406.00129657630487 23.51219512195122 82.0 371.0 0.0 289.0 30551.0 
408.00129657630487 23.67479674796748 80.0 371.0 0.0 291.0 30755.0 
410.00129657630487 23.83739837398374 80.0 372.0 0.0 293.0 30961.0 
412.00129657630487 24.08130081300813 80.0 373.0 0.0 296.0 31270.0 
414.00129657630487 24.24390243902439 80.0 376.0 0.0 298.0 31475.0 
416.00129657630487 24.48780487804878 78.0 377.0 0.0 301.0 31783.0 
418.00129657630487 24.65040650406504 76.0 378.0 0.0 303.0 31989.0 
420.00129657630487 24.8130081300813 75.0 381.0 0.0 305.0 32194.0 
422.00129657630487 25.21951219512195 74.0 381.0 0.0 310.0 32709.0 
424.00129657630487 25.46341463414634 70.0 381.0 0.0 313.0 33016.0 
426.00129657630487 25.707317073170735 71.0 384.0 0.0 316.0 33324.0 
428.00129657630487 25.788617886178862 71.0 388.0 0.0 317.0 33426.0 
430.00129657630487 26.03252032520325 71.0 390.0 0.0 320.0 33733.0 
432.00129657630487 26.03252032520325 71.0 392.0 0.0 320.0 33733.0 
434.00129657630487 26.113821138211385 75.0 395.0 0.0 321.0 33835.0 
436.00129657630487 26.195121951219516 73.0 395.0 0.0 322.0 33938.0 
438.00129657630487 26.357723577235774 74.0 397.0 0.0 324.0 34143.0 
440.00129657630487 26.4390243902439 73.0 398.0 0.0 325.0 34245.0 
442.00129657630487 26.601626016260166 73.0 400.0 0.0 327.0 34450.0 
444.00129657630487 26.601626016260166 76.0 403.0 0.0 327.0 34450.0 
446.00129657630487 26.68292682926829 76.0 405.0 0.0 328.0 34553.0 
448.00129657630487 26.764227642276424 78.0 408.0 0.0 329.0 34656.0 
450.00129657630487 26.764227642276424 81.0 411.0 0.0 329.0 34656.0 
452.00129657630487 26.764227642276424 84.0 413.0 0.0 329.0 34656.0 
454.00129657630487 26.926829268292686 84.0 414.0 0.0 331.0 34860.0 
456.00129657630487 27.170731707317074 83.0 415.0 0.0 334.0 35167.0 
458.0006962796965 27.252032520325205 84.0 419.0 0.0 335.0 35269.0 
460.00129657630487 27.252032520325205 85.0 421.0 0.0 335.0 35269.0 
462.00129657630487 27.333333333333336 88.0 423.0 0.0 336.0 35371.0 
464.00129657630487 27.333333333333336 88.0 424.0 0.0 336.0 35371.0 
466.00129657630487 27.414634146341466 87.0 424.0 0.0 337.0 35474.0 
468.00129657630487 27.414634146341466 87.0 425.0 0.0 337.0 35474.0 
470.00129657630487 27.414634146341466 88.0 426.0 0.0 337.0 35474.0 
472.00129657630487 27.658536585365855 87.0 426.0 0.0 340.0 35781.0 
474.00129657630487 27.739837398373986 88.0 428.0 0.0 341.0 35884.0 
476.00129657630487 27.90243902439024 88.0 432.0 0.0 343.0 36128.0 
478.00129657630487 27.90243902439024 91.0 434.0 0.0 343.0 36128.0 
480.00129657630487 27.983739837398375 92.0 436.0 0.0 344.0 36231.0 
482.00129657630487 27.983739837398375 92.0 436.0 0.0 344.0 36231.0 
484.00129657630487 27.983739837398375 94.0 438.0 0.0 344.0 36231.0 
486.00129657630487 28.227642276422767 91.0 439.0 0.0 347.0 36580.0 
488.00129657630487 28.308943089430894 91.0 439.0 0.0 348.0 36683.0 
490.00129657630487 28.308943089430894 95.0 443.0 0.0 348.0 36683.0 
492.00129657630487 28.715447154471544 94.0 446.0 0.0 353.0 37352.0 
494.00129657630487 29.040650406504067 92.0 447.0 0.0 357.0 37762.0 
496.00129657630487 29.121951219512194 92.0 449.0 0.0 358.0 37865.0 
498.00129657630487 29.284552845528456 89.0 449.0 0.0 360.0 38071.0 
500.00129657630487 29.365853658536583 89.0 450.0 0.0 361.0 38173.0 
502.00129657630487 29.365853658536583 90.0 451.0 0.0 361.0 38173.0 
504.00129657630487 29.365853658536583 90.0 451.0 0.0 361.0 38173.0 
506.00129657630487 29.609756097560975 89.0 452.0 0.0 364.0 38480.0 
508.00129657630487 29.691056910569106 88.0 454.0 0.0 365.0 38582.0 
510.00129657630487 29.691056910569106 91.0 457.0 0.0 365.0 38582.0 
512.0012965763049 29.772357723577233 94.0 460.0 0.0 366.0 38684.0 
514.0012965763049 29.853658536585364 96.0 462.0 0.0 367.0 38786.0 
516.0012965763049 30.016260162601625 97.0 464.0 0.0 369.0 39112.0 
518.0012965763049 30.097560975609756 96.0 465.0 0.0 370.0 39215.0 
520.0012965763049 30.178861788617883 95.0 465.0 0.0 371.0 39317.0 
522.0012965763049 30.260162601626014 95.0 466.0 0.0 372.0 39420.0 
524.0012965763049 30.422764227642276 94.0 468.0 0.0 374.0 39626.0 
526.0012965763049 30.422764227642276 95.0 469.0 0.0 374.0 39626.0 
528.0012965763049 30.747967479674795 95.0 470.0 0.0 378.0 40225.0 
530.0012965763049 31.073170731707314 90.0 471.0 0.0 382.0 40634.0 
532.0012965763049 31.235772357723576 89.0 473.0 0.0 384.0 40838.0 
534.0012965763049 31.31707317073171 91.0 476.0 0.0 385.0 40940.0 
536.0012965763049 31.642276422764226 89.0 480.0 0.0 389.0 41350.0 
538.0012965763049 31.642276422764226 92.0 481.0 0.0 389.0 41350.0 
540.0012965763049 31.72357723577236 91.0 481.0 0.0 390.0 41452.0 
542.0012965763049 31.886178861788615 90.0 482.0 0.0 392.0 41657.0 
544.0012965763049 32.048780487804876 90.0 482.0 0.0 394.0 41862.0 
546.0012965763049 32.29268292682927 87.0 482.0 0.0 397.0 42168.0 
548.0012965763049 32.29268292682927 86.0 483.0 0.0 397.0 42168.0 
550.0012965763049 32.53658536585366 83.0 484.0 0.0 400.0 42476.0 
552.0012965763049 32.86178861788618 81.0 484.0 0.0 404.0 42887.0 
554.0012965763049 33.02439024390244 80.0 485.0 0.0 406.0 43093.0 
556.0012965763049 33.10569105691057 79.0 485.0 0.0 407.0 43195.0 
558.0012965763049 33.1869918699187 80.0 487.0 0.0 408.0 43298.0 
560.0012965763049 33.51219512195122 82.0 490.0 0.0 412.0 43708.0 
562.0012965763049 33.59349593495935 81.0 494.0 0.0 413.0 43810.0 
564.0012965763049 33.83739837398374 80.0 496.0 0.0 416.0 44117.0 
566.0012965763049 33.918699186991866 82.0 499.0 0.0 417.0 44219.0 
568.0012965763049 33.918699186991866 82.0 500.0 0.0 417.0 44219.0 
570.0012965763049 33.918699186991866 83.0 500.0 0.0 417.0 44219.0 
572.0012965763049 34.0 84.0 502.0 0.0 418.0 44322.0 
574.0012965763049 34.081300813008134 84.0 504.0 0.0 419.0 44425.0 
576.0012965763049 34.24390243902439 87.0 506.0 0.0 421.0 44629.0 
578.0012965763049 34.32520325203252 84.0 506.0 0.0 422.0 44731.0 
580.0012965763049 34.731707317073166 82.0 508.0 0.0 427.0 45245.0 
582.0012965763049 34.8130081300813 81.0 509.0 0.0 428.0 45347.0 
584.0012965763049 34.8130081300813 82.0 511.0 0.0 428.0 45347.0 
586.0012965763049 34.97560975609756 85.0 513.0 0.0 430.0 45552.0 
588.0012965763049 34.97560975609756 84.0 514.0 0.0 430.0 45552.0 
590.0012965763049 35.05691056910569 84.0 515.0 0.0 431.0 45655.0 
592.0012965763049 35.38211382113821 84.0 517.0 0.0 435.0 46065.0 
594.0012965763049 35.6260162601626 80.0 517.0 0.0 438.0 46371.0 
596.0012965763049 35.70731707317073 79.0 518.0 0.0 439.0 46621.0 
598.0012965763049 35.951219512195124 79.0 518.0 0.0 442.0 46974.0 
600.0012965763049 35.951219512195124 78.0 521.0 0.0 442.0 46974.0 
602.0012965763049 36.11382113821138 80.0 525.0 0.0 444.0 47184.0 
604.0012965763049 36.19512195121951 87.0 531.0 0.0 445.0 47287.0 
606.0012965763049 36.19512195121951 86.0 531.0 0.0 445.0 47287.0 
608.0012965763049 36.19512195121951 87.0 532.0 0.0 445.0 47287.0 
610.0012965763049 36.357723577235774 88.0 535.0 0.0 447.0 47492.0 
612.0012965763049 36.60162601626016 87.0 536.0 0.0 450.0 47800.0 
614.0012965763049 36.84552845528455 87.0 538.0 0.0 453.0 48108.0 
616.0012965763049 37.08943089430894 83.0 540.0 0.0 456.0 48415.0 
618.0012965763049 37.2520325203252 84.0 541.0 0.0 458.0 48619.0 
620.0012965763049 37.33333333333333 84.0 542.0 0.0 459.0 48721.0 
622.0012965763049 37.33333333333333 86.0 545.0 0.0 459.0 48721.0 
624.0012965763049 37.41463414634147 86.0 545.0 0.0 460.0 48824.0 
626.0012965763049 37.577235772357724 85.0 546.0 0.0 462.0 49028.0 
628.0012965763049 37.65853658536585 86.0 548.0 0.0 463.0 49130.0 
630.0012965763049 37.73983739837398 88.0 552.0 0.0 464.0 49232.0 
632.0012965763049 37.73983739837398 88.0 552.0 0.0 464.0 49232.0 
634.0012965763049 37.98373983739837 88.0 555.0 0.0 467.0 49540.0 
636.0012965763049 38.14634146341463 89.0 556.0 0.0 469.0 49744.0 
638.0012965763049 38.3089430894309 88.0 560.0 0.0 471.0 49949.0 
640.0012965763049 38.63414634146342 86.0 561.0 0.0 475.0 50360.0 
642.0012965763049 38.63414634146342 87.0 564.0 0.0 475.0 50360.0 
644.0012965763049 38.71544715447155 89.0 565.0 0.0 476.0 50462.0 
646.0012965763049 38.71544715447155 90.0 566.0 0.0 476.0 50462.0 
648.0012965763049 38.71544715447155 90.0 567.0 0.0 476.0 50462.0 
650.0012965763049 38.79674796747967 92.0 568.0 0.0 477.0 50564.0 
652.0012965763049 38.79674796747967 91.0 568.0 0.0 477.0 50564.0 
654.0012965763049 38.8780487804878 91.0 569.0 0.0 478.0 50667.0 
656.0012965763049 38.95934959349593 91.0 570.0 0.0 479.0 50769.0 
658.0012965763049 38.95934959349593 95.0 574.0 0.0 479.0 50769.0 
660.0012965763049 39.1219512195122 93.0 574.0 0.0 481.0 50973.0 
662.0012965763049 39.36585365853658 92.0 574.0 0.0 484.0 51280.0 
664.0012965763049 39.6910569105691 91.0 576.0 0.0 488.0 51838.0 
666.0012965763049 39.77235772357723 89.0 578.0 0.0 489.0 51941.0 
668.0012965763049 40.09756097560975 88.0 579.0 0.0 493.0 52352.0 
670.0012965763049 40.09756097560975 91.0 584.0 0.0 493.0 52352.0 
672.0012965763049 40.17886178861788 90.0 584.0 0.0 494.0 52455.0 
674.0012965763049 40.34146341463415 92.0 586.0 0.0 496.0 52661.0 
676.0012965763049 40.422764227642276 91.0 587.0 0.0 497.0 52764.0 
678.0012965763049 40.66666666666667 92.0 591.0 0.0 500.0 53072.0 
680.0012965763049 40.66666666666667 93.0 593.0 0.0 500.0 53072.0 
682.0012965763049 40.91056910569106 93.0 594.0 0.0 503.0 53478.0 
684.0012965763049 40.99186991869918 93.0 597.0 0.0 504.0 53580.0 
686.0012965763049 41.07317073170732 93.0 597.0 0.0 505.0 53682.0 
688.0012965763049 41.31707317073171 91.0 597.0 0.0 508.0 53991.0 
690.0012965763049 41.31707317073171 89.0 597.0 0.0 508.0 53991.0 
692.0012965763049 41.31707317073171 89.0 597.0 0.0 508.0 53991.0 
694.0012965763049 41.39837398373983 91.0 599.0 0.0 509.0 54093.0 
696.0012965763049 41.47967479674797 90.0 600.0 0.0 510.0 54196.0 
698.0012965763049 41.64227642276423 91.0 604.0 0.0 512.0 54797.0 
700.0012965763049 41.64227642276423 93.0 605.0 0.0 512.0 54797.0 
702.0012965763049 41.80487804878048 92.0 606.0 0.0 514.0 55001.0 
704.0012965763049 42.048780487804876 91.0 607.0 0.0 517.0 55309.0 
706.0012965763049 42.61788617886178 88.0 608.0 0.0 524.0 56029.0 
708.0012965763049 42.61788617886178 85.0 609.0 0.0 524.0 56029.0 
710.0012965763049 42.69918699186992 86.0 610.0 0.0 525.0 56131.0 
712.0012965763049 42.86178861788617 85.0 611.0 0.0 527.0 56336.0 
714.0012965763049 43.02439024390243 83.0 612.0 0.0 529.0 56541.0 
716.0012965763049 43.1869918699187 84.0 615.0 0.0 531.0 56745.0 
718.0012965763049 43.268292682926834 85.0 617.0 0.0 532.0 57050.0 
720.0012965763049 43.51219512195122 83.0 617.0 0.0 535.0 57359.0 
722.0012965763049 43.59349593495935 83.0 618.0 0.0 536.0 57462.0 
724.0012965763049 43.83739837398374 80.0 618.0 0.0 539.0 57768.0 
726.0012965763049 43.83739837398374 79.0 618.0 0.0 539.0 57768.0 
728.0012965763049 44.0 79.0 620.0 0.0 541.0 58010.0 
730.0012965763049 44.16260162601626 80.0 621.0 0.0 543.0 58215.0 
732.0012965763049 44.48780487804878 79.0 624.0 0.0 547.0 58624.0 
734.0012965763049 44.48780487804878 78.0 626.0 0.0 547.0 58624.0 
736.0012965763049 44.56910569105692 84.0 632.0 0.0 548.0 58727.0 
738.0012965763049 44.731707317073166 84.0 633.0 0.0 550.0 58932.0 
740.0012965763049 44.97560975609757 83.0 635.0 0.0 553.0 59240.0 
742.0012965763049 45.13821138211382 82.0 637.0 0.0 555.0 59445.0 
744.0012965763049 45.21951219512195 83.0 640.0 0.0 556.0 59547.0 
746.0012965763049 45.38211382113822 82.0 640.0 0.0 558.0 59753.0 
748.0012965763049 45.6260162601626 82.0 641.0 0.0 561.0 60117.0 
750.0012965763049 45.6260162601626 82.0 643.0 0.0 561.0 60117.0 
752.0012965763049 45.78861788617887 81.0 643.0 0.0 563.0 60323.0 
754.0012965763049 45.78861788617887 82.0 646.0 0.0 563.0 60323.0 
756.0012965763049 45.86991869918699 84.0 648.0 0.0 564.0 60425.0 
758.0012965763049 45.951219512195124 85.0 649.0 0.0 565.0 60527.0 
760.0012965763049 46.27642276422764 84.0 651.0 0.0 569.0 60937.0 
762.0012965763049 46.27642276422764 84.0 653.0 0.0 569.0 60937.0 
764.0012965763049 46.35772357723577 84.0 653.0 0.0 570.0 61098.0 
766.0012965763049 46.4390243902439 85.0 657.0 0.0 571.0 61200.0 
768.0012965763049 46.52032520325203 86.0 659.0 0.0 572.0 61302.0 
770.0012965763049 46.68292682926829 86.0 659.0 0.0 574.0 61508.0 
772.0012965763049 47.00813008130082 85.0 660.0 0.0 578.0 61917.0 
774.0012965763049 47.00813008130082 83.0 662.0 0.0 578.0 61917.0 
776.0012965763049 47.08943089430894 85.0 664.0 0.0 579.0 62019.0 
778.0012965763049 47.17073170731707 86.0 665.0 0.0 580.0 62121.0 
780.0012965763049 47.49593495934959 87.0 668.0 0.0 584.0 62530.0 
782.0012965763049 47.65853658536585 84.0 669.0 0.0 586.0 62735.0 
784.0012965763049 47.73983739837398 83.0 670.0 0.0 587.0 62838.0 
786.0012965763049 47.90243902439025 84.0 671.0 0.0 589.0 63043.0 
788.0012965763049 48.0650406504065 80.0 671.0 0.0 591.0 63371.0 
790.0012965763049 48.14634146341463 80.0 673.0 0.0 592.0 63491.0 
792.0012965763049 48.14634146341463 82.0 674.0 0.0 592.0 63491.0 
794.0012965763049 48.14634146341463 83.0 676.0 0.0 592.0 63491.0 
796.0012965763049 48.3089430894309 85.0 678.0 0.0 594.0 63696.0 
798.0012965763049 48.390243902439025 86.0 680.0 0.0 595.0 63798.0 
800.0012965763049 48.55284552845528 86.0 682.0 0.0 597.0 64003.0 
802.0012965763049 48.79674796747967 86.0 686.0 0.0 600.0 64312.0 
804.0012965763049 48.79674796747967 87.0 687.0 0.0 600.0 64312.0 
806.0012965763049 48.95934959349593 86.0 687.0 0.0 602.0 64518.0 
808.0012965763049 49.04065040650407 85.0 688.0 0.0 603.0 64620.0 
810.0012965763049 49.04065040650407 86.0 690.0 0.0 603.0 64620.0 
812.0012965763049 49.1219512195122 87.0 690.0 0.0 604.0 64723.0 
814.0012965763049 49.20325203252033 87.0 691.0 0.0 605.0 64825.0 
816.0012965763049 49.20325203252033 87.0 692.0 0.0 605.0 64825.0 
818.0012965763049 49.52845528455285 87.0 693.0 0.0 609.0 65235.0 
820.0012965763049 49.60975609756097 86.0 696.0 0.0 610.0 65337.0 
822.0012965763049 49.6910569105691 85.0 696.0 0.0 611.0 65440.0 
824.0012965763049 49.77235772357723 86.0 698.0 0.0 612.0 65542.0 
826.0012965763049 49.77235772357723 86.0 698.0 0.0 612.0 65542.0 
828.0012965763049 49.77235772357723 86.0 698.0 0.0 612.0 65542.0 
830.0012965763049 49.9349593495935 86.0 698.0 0.0 614.0 65747.0 
832.0012965763049 50.01626016260163 84.0 699.0 0.0 615.0 65849.0 
834.0012965763049 50.26016260162602 85.0 700.0 0.0 618.0 66157.0 
836.0012965763049 50.42276422764227 84.0 702.0 0.0 620.0 66433.0 
838.0012965763049 50.91056910569106 85.0 707.0 0.0 626.0 67049.0 
840.0012965763049 51.07317073170732 83.0 710.0 0.0 628.0 67254.0 
842.0012965763049 51.15447154471545 82.0 710.0 0.0 629.0 67357.0 
844.0012965763049 51.39837398373983 80.0 712.0 0.0 632.0 67665.0 
846.0012965763049 51.5609756097561 82.0 714.0 0.0 634.0 67870.0 
848.0012965763049 51.64227642276423 80.0 715.0 0.0 635.0 67973.0 
850.0012965763049 51.72357723577236 80.0 716.0 0.0 636.0 68075.0 
852.0012965763049 51.80487804878048 82.0 718.0 0.0 637.0 68178.0 
854.0012965763049 51.80487804878048 82.0 719.0 0.0 637.0 68178.0 
856.0012965763049 51.96747967479675 82.0 720.0 0.0 639.0 68383.0 
858.0012965763049 52.13008130081301 80.0 721.0 0.0 641.0 68588.0 
860.0012965763049 52.29268292682927 81.0 723.0 0.0 643.0 68794.0 
862.0012965763049 52.3739837398374 80.0 723.0 0.0 644.0 68897.0 
864.0012965763049 52.61788617886179 79.0 725.0 0.0 647.0 69294.0 
866.0012965763049 52.61788617886179 78.0 726.0 0.0 647.0 69294.0 
868.0012965763049 52.86178861788618 81.0 728.0 0.0 650.0 69602.0 
870.0012965763049 53.02439024390244 77.0 731.0 0.0 652.0 69808.0 
872.0012965763049 53.105691056910565 79.0 732.0 0.0 653.0 69911.0 
874.0012965763049 53.1869918699187 81.0 734.0 0.0 654.0 70014.0 
876.0012965763049 53.268292682926834 84.0 738.0 0.0 655.0 70116.0 
878.0012965763049 53.51219512195122 81.0 738.0 0.0 658.0 70567.0 
880.0012965763049 53.67479674796748 81.0 740.0 0.0 660.0 70772.0 
882.0012965763049 53.918699186991866 84.0 746.0 0.0 663.0 71079.0 
884.0012965763049 54.0 84.0 747.0 0.0 664.0 71182.0 
886.0012965763049 54.0 83.0 747.0 0.0 664.0 71182.0 
888.0012965763049 54.16260162601626 83.0 749.0 0.0 666.0 71387.0 
890.0012965763049 54.16260162601626 84.0 751.0 0.0 666.0 71387.0 
892.0012965763049 54.16260162601626 86.0 752.0 0.0 666.0 71387.0 
894.0012965763049 54.40650406504065 84.0 753.0 0.0 669.0 71695.0 
896.0012965763049 54.48780487804878 86.0 755.0 0.0 670.0 71798.0 
898.0012965763049 54.731707317073166 83.0 755.0 0.0 673.0 72105.0 
900.0012965763049 54.894308943089435 82.0 757.0 0.0 675.0 72309.0 
#####################################################################
# End of data export. Simulation finished at: 2020-02-13T11:45+0000 #
#####################################################################
