#####################################################################
# Alchemist log file - simulation started at: 2020-01-15T15:24+0000 #
#####################################################################
# seed = 4.0, taskFrequency = 0.01778, cloudcost = 3.0, algorithm = true
#
# The columns have the following meaning: 
# time taskHops[Mean] hasTask[Sum] tasks[Sum] completedTasks[Sum] giveupTasks[Sum] taskLatency[Sum] 
0.0 NaN 0.0 0.0 0.0 0.0 0.0 
2.0048193674555734 NaN 4.0 7.0 0.0 0.0 0.0 
4.004819367455573 NaN 10.0 11.0 0.0 0.0 0.0 
6.004819367455573 NaN 15.0 16.0 0.0 0.0 0.0 
8.004819367455573 NaN 22.0 22.0 0.0 0.0 0.0 
10.004819367455573 NaN 23.0 25.0 0.0 0.0 0.0 
12.004819367455573 NaN 28.0 29.0 0.0 0.0 0.0 
14.004819367455573 1.5 31.0 35.0 2.0 0.0 26.0 
16.004819367455575 1.6666666666666667 36.0 38.0 6.0 0.0 81.0 
18.004819367455575 1.5714285714285714 31.0 38.0 7.0 0.0 97.0 
20.004819367455575 1.6666666666666667 32.0 41.0 9.0 0.0 124.0 
22.004819367455575 1.6666666666666667 35.0 45.0 9.0 0.0 124.0 
24.004819367455575 1.8 37.0 48.0 10.0 0.0 144.0 
26.004819367455575 1.8333333333333333 37.0 53.0 12.0 0.0 177.0 
28.004819367455575 1.9230769230769231 41.0 54.0 13.0 0.0 196.0 
30.004819367455575 1.8666666666666667 47.0 60.0 15.0 0.0 235.0 
32.004819367455575 1.9375 50.0 65.0 16.0 0.0 261.0 
34.004819367455575 1.9444444444444444 50.0 70.0 18.0 0.0 293.0 
36.004819367455575 1.9473684210526316 53.0 73.0 19.0 0.0 309.0 
38.004819367455575 1.9 56.0 77.0 20.0 0.0 331.0 
40.004819367455575 2.0 56.0 78.0 23.0 0.0 394.0 
42.004819367455575 2.130434782608696 55.0 79.0 25.0 0.0 439.0 
44.004819367455575 2.259259259259259 54.0 83.0 29.0 0.0 526.0 
46.004819367455575 2.259259259259259 57.0 86.0 29.0 0.0 526.0 
48.004819367455575 2.3448275862068964 59.0 88.0 31.0 0.0 574.0 
50.004819367455575 2.3225806451612905 55.0 88.0 33.0 0.0 611.0 
52.004819367455575 2.28125 57.0 91.0 34.0 0.0 625.0 
54.004819367455575 2.242424242424242 59.0 93.0 35.0 0.0 646.0 
56.004819367455575 2.264705882352941 59.0 95.0 36.0 0.0 665.0 
58.004819367455575 2.2285714285714286 63.0 99.0 37.0 0.0 678.0 
60.004819367455575 2.2222222222222223 62.0 101.0 38.0 0.0 708.0 
62.004819367455575 2.189189189189189 64.0 104.0 39.0 0.0 721.0 
64.00481936745558 2.2820512820512824 64.0 105.0 41.0 0.0 766.0 
66.00481936745558 2.3 64.0 106.0 42.0 0.0 790.0 
68.00481936745558 2.285714285714286 64.0 107.0 44.0 0.0 839.0 
70.00481936745558 2.3023255813953485 63.0 107.0 45.0 0.0 895.0 
72.00481936745558 2.333333333333333 64.0 110.0 47.0 0.0 983.0 
74.00481936745558 2.3617021276595747 64.0 113.0 50.0 0.0 1052.0 
76.00481936745558 2.375 65.0 115.0 51.0 0.0 1071.0 
78.00481936745558 2.395833333333333 63.0 115.0 52.0 0.0 1091.0 
80.00481936745558 2.4375 66.0 118.0 53.0 0.0 1134.0 
82.00481936745558 2.4375 66.0 119.0 53.0 0.0 1134.0 
84.00481936745558 2.4375 68.0 121.0 53.0 0.0 1134.0 
86.00481936745558 2.4693877551020407 68.0 125.0 55.0 0.0 1170.0 
88.00481936745558 2.4693877551020407 71.0 127.0 55.0 0.0 1170.0 
90.00481936745558 2.5714285714285716 74.0 129.0 56.0 0.0 1189.0 
92.00481936745558 2.6 74.0 131.0 57.0 0.0 1234.0 
94.00481936745558 2.68 77.0 136.0 60.0 0.0 1287.0 
96.00481936745558 2.68 76.0 136.0 60.0 0.0 1287.0 
98.00481936745558 2.7800000000000002 75.0 137.0 62.0 0.0 1346.0 
100.00212456391422 2.8431372549019605 75.0 137.0 64.0 0.0 1404.0 
102.00481936745558 2.8846153846153846 71.0 137.0 66.0 0.0 1470.0 
104.00481936745558 2.9056603773584904 72.0 138.0 67.0 0.0 1499.0 
106.00481936745558 2.9649122807017543 71.0 139.0 67.0 5.0 1908.0 
108.00481936745558 3.0 65.0 140.0 67.0 9.0 2110.0 
110.00481936745558 3.014925373134328 64.0 142.0 68.0 15.0 2631.0 
112.00481936745558 3.08695652173913 59.0 143.0 69.0 18.0 2833.0 
114.00481936745558 3.0933333333333333 54.0 144.0 69.0 24.0 3291.0 
116.00481936745558 3.1265822784810124 50.0 145.0 69.0 28.0 3605.0 
118.00481936745558 3.2531645569620258 47.0 146.0 72.0 28.0 3719.0 
120.00481936745558 3.275 44.0 149.0 74.0 28.0 3785.0 
122.00481936745558 3.2716049382716053 48.0 150.0 74.0 29.0 3887.0 
124.00481936745558 3.2682926829268295 47.0 152.0 74.0 30.0 3988.0 
126.00481936745558 3.329411764705882 46.0 154.0 74.0 35.0 4285.0 
128.00481936745558 3.3181818181818183 46.0 157.0 74.0 38.0 4590.0 
130.00481936745558 3.3894736842105266 42.0 161.0 75.0 47.0 5057.0 
132.00481936745558 3.3814432989690717 40.0 163.0 75.0 49.0 5247.0 
134.00481936745558 3.4285714285714284 38.0 164.0 76.0 51.0 5374.0 
136.00481936745558 3.4851485148514856 40.0 167.0 77.0 55.0 5730.0 
138.00481936745558 3.5631067961165046 34.0 167.0 77.0 59.0 5997.0 
140.00481936745558 3.6 30.0 169.0 78.0 62.0 6151.0 
142.00481936745558 3.6 30.0 170.0 78.0 62.0 6151.0 
144.00481936745558 3.6190476190476195 31.0 173.0 80.0 62.0 6260.0 
146.00481936745558 3.69811320754717 34.0 177.0 81.0 65.0 6382.0 
148.00481936745558 3.7222222222222228 32.0 180.0 83.0 67.0 6499.0 
150.00481936745558 3.75 31.0 182.0 83.0 68.0 6503.0 
152.00481936745558 3.75 32.0 185.0 83.0 68.0 6503.0 
154.00481936745558 3.807339449541284 34.0 187.0 85.0 70.0 6569.0 
156.00481936745558 3.7946428571428568 34.0 192.0 86.0 73.0 6789.0 
158.00481936745558 3.848214285714286 33.0 194.0 86.0 75.0 6844.0 
160.00481936745558 3.8660714285714284 34.0 197.0 88.0 75.0 6858.0 
162.00481936745558 3.833333333333333 34.0 199.0 89.0 76.0 6957.0 
164.00481936745558 3.8859649122807016 35.0 200.0 89.0 77.0 7033.0 
166.00481936745558 3.956140350877193 32.0 201.0 91.0 77.0 7156.0 
168.00481936745558 4.035087719298245 32.0 202.0 93.0 78.0 7217.0 
170.00481936745558 4.06140350877193 34.0 206.0 93.0 79.0 7266.0 
172.00481936745558 4.06140350877193 35.0 207.0 93.0 79.0 7266.0 
174.00481936745558 4.087719298245615 35.0 208.0 96.0 79.0 7317.0 
176.00481936745558 4.095652173913043 32.0 210.0 97.0 80.0 7436.0 
178.00481936745558 4.095652173913043 33.0 210.0 97.0 80.0 7436.0 
180.00481936745558 4.121739130434783 33.0 211.0 97.0 81.0 7449.0 
182.00481936745558 4.181034482758621 33.0 212.0 98.0 83.0 7587.0 
184.00481936745558 4.258620689655173 31.0 215.0 98.0 86.0 7716.0 
186.00481936745558 4.247863247863249 31.0 216.0 98.0 87.0 7818.0 
188.00481936745558 4.341880341880342 30.0 218.0 100.0 88.0 7866.0 
190.00481936745558 4.3931623931623935 30.0 220.0 103.0 88.0 7913.0 
192.00481936745558 4.3931623931623935 31.0 223.0 103.0 88.0 7913.0 
194.00481936745558 4.487179487179487 32.0 226.0 104.0 91.0 7961.0 
196.00481936745558 4.512820512820513 34.0 229.0 104.0 92.0 7996.0 
198.00481936745558 4.538461538461538 33.0 232.0 104.0 93.0 7996.0 
200.00481936745558 4.555555555555555 38.0 236.0 105.0 93.0 7997.0 
202.00481936745558 4.6410256410256405 38.0 239.0 106.0 95.0 8027.0 
204.00481936745558 4.658119658119658 41.0 242.0 107.0 95.0 8041.0 
206.00481936745558 4.666666666666666 39.0 242.0 108.0 95.0 8054.0 
208.00481936745558 4.6923076923076925 39.0 243.0 108.0 96.0 8058.0 
210.00481936745558 4.700854700854701 38.0 243.0 109.0 96.0 8071.0 
212.00481936745558 4.752136752136752 38.0 246.0 112.0 96.0 8188.0 
214.00481936745558 4.752136752136752 38.0 247.0 112.0 96.0 8188.0 
216.00481936745558 4.771186440677966 38.0 247.0 114.0 96.0 8272.0 
218.00481936745558 4.771186440677966 38.0 248.0 114.0 96.0 8272.0 
220.00481936745558 4.830508474576272 39.0 249.0 116.0 96.0 8311.0 
222.00481936745558 4.830508474576272 39.0 251.0 116.0 96.0 8311.0 
224.00481936745558 4.830508474576272 39.0 252.0 116.0 96.0 8311.0 
226.00481936745558 4.90677966101695 39.0 252.0 117.0 98.0 8469.0 
228.00481936745558 4.940677966101695 38.0 253.0 118.0 99.0 8592.0 
230.00481936745558 4.974789915966387 35.0 254.0 118.0 102.0 8837.0 
232.00481936745558 5.0 33.0 256.0 119.0 104.0 9011.0 
234.00481936745558 5.0 36.0 260.0 119.0 104.0 9011.0 
236.00481936745558 5.083333333333334 38.0 264.0 123.0 104.0 9110.0 
238.00481936745558 5.115702479338843 36.0 266.0 124.0 105.0 9249.0 
240.00481936745558 5.115702479338843 38.0 267.0 124.0 105.0 9249.0 
242.00481936745558 5.165289256198347 39.0 268.0 124.0 107.0 9442.0 
244.00481936745558 5.256198347107437 38.0 272.0 125.0 110.0 9607.0 
246.00481936745558 5.28099173553719 38.0 273.0 125.0 111.0 9649.0 
248.00481936745558 5.347107438016529 37.0 276.0 126.0 113.0 9735.0 
250.00481936745558 5.3884297520661155 39.0 279.0 127.0 113.0 9826.0 
252.00481936745558 5.3884297520661155 39.0 280.0 127.0 113.0 9826.0 
254.00481936745558 5.462809917355372 39.0 282.0 131.0 114.0 9897.0 
256.0048193674556 5.545454545454545 37.0 284.0 132.0 116.0 10146.0 
258.0048193674556 5.661157024793388 33.0 284.0 134.0 120.0 10394.0 
260.0048193674556 5.677685950413223 30.0 286.0 135.0 120.0 10421.0 
262.0048193674556 5.677685950413223 33.0 289.0 135.0 120.0 10421.0 
264.0048193674556 5.760330578512397 36.0 293.0 136.0 122.0 10509.0 
266.0048193674556 5.785123966942149 37.0 297.0 136.0 123.0 10542.0 
268.0048193674556 5.793388429752066 37.0 299.0 137.0 123.0 10559.0 
270.0048193674556 5.818181818181818 41.0 301.0 137.0 124.0 10660.0 
272.0048193674556 5.844262295081967 39.0 301.0 137.0 127.0 10862.0 
274.0048193674556 5.860655737704918 37.0 302.0 138.0 127.0 10886.0 
276.0048193674556 5.877049180327869 38.0 305.0 139.0 127.0 10908.0 
278.0048193674556 5.885245901639344 41.0 309.0 140.0 127.0 10921.0 
280.0048193674556 5.926229508196721 45.0 312.0 141.0 127.0 10947.0 
282.0048193674556 5.934426229508197 44.0 314.0 142.0 127.0 10967.0 
284.0048193674556 5.950819672131148 46.0 316.0 143.0 127.0 10986.0 
286.0048193674556 5.975409836065574 49.0 319.0 143.0 128.0 10988.0 
288.0048193674556 6.024590163934426 49.0 320.0 143.0 130.0 11011.0 
290.0048193674556 6.073770491803279 50.0 324.0 146.0 130.0 11085.0 
292.0048193674556 6.073770491803279 48.0 324.0 146.0 130.0 11085.0 
294.0048193674556 6.073770491803279 51.0 327.0 146.0 130.0 11085.0 
296.0048193674556 6.114754098360656 53.0 329.0 148.0 131.0 11221.0 
298.0048193674556 6.204918032786885 51.0 330.0 148.0 133.0 11371.0 
300.0048193674556 6.270491803278689 49.0 334.0 150.0 134.0 11470.0 
302.0048193674556 6.442622950819672 47.0 336.0 153.0 137.0 11693.0 
304.0048193674556 6.532786885245901 50.0 341.0 154.0 140.0 11908.0 
306.0048193674556 6.704918032786885 46.0 342.0 154.0 147.0 12074.0 
308.0048193674556 6.729508196721311 41.0 344.0 154.0 148.0 12078.0 
310.0048193674556 6.762295081967213 44.0 346.0 155.0 148.0 12126.0 
312.0048193674556 6.786885245901639 44.0 347.0 155.0 149.0 12227.0 
314.0048193674556 6.786885245901639 46.0 352.0 155.0 149.0 12227.0 
316.0048193674556 6.844262295081967 48.0 352.0 157.0 149.0 12285.0 
318.0048193674556 6.926229508196721 48.0 357.0 158.0 150.0 12350.0 
320.0048193674556 6.926229508196721 50.0 358.0 158.0 150.0 12350.0 
322.0048193674556 6.950819672131147 50.0 358.0 158.0 151.0 12451.0 
324.0048193674556 7.0 48.0 358.0 158.0 153.0 12487.0 
326.0048193674556 7.0 49.0 360.0 158.0 153.0 12487.0 
328.0048193674556 7.0 50.0 361.0 158.0 153.0 12487.0 
330.0048193674556 7.0 52.0 363.0 158.0 153.0 12487.0 
332.0048193674556 7.049180327868853 53.0 366.0 159.0 154.0 12521.0 
334.0048193674556 7.131147540983607 54.0 369.0 160.0 157.0 12656.0 
336.0048193674556 7.188524590163935 53.0 373.0 160.0 159.0 12790.0 
338.0048193674556 7.303278688524591 53.0 374.0 161.0 163.0 13121.0 
340.0048193674556 7.442622950819672 51.0 378.0 162.0 167.0 13425.0 
342.0048193674556 7.524590163934426 48.0 380.0 163.0 169.0 13590.0 
344.0048193674556 7.524590163934426 50.0 382.0 163.0 169.0 13590.0 
346.0048193674556 7.573770491803279 51.0 384.0 163.0 170.0 13692.0 
348.0048193674556 7.5983606557377055 51.0 387.0 163.0 171.0 13704.0 
350.0048193674556 7.5983606557377055 55.0 389.0 164.0 171.0 13741.0 
352.0048193674556 7.609756097560975 52.0 390.0 164.0 174.0 13901.0 
354.0048193674556 7.609756097560975 53.0 392.0 164.0 174.0 13901.0 
356.0048193674556 7.609756097560975 55.0 394.0 164.0 174.0 13901.0 
358.0048193674556 7.626016260162602 58.0 398.0 165.0 174.0 13930.0 
360.0048193674556 7.642276422764228 59.0 399.0 166.0 174.0 13950.0 
362.0048193674556 7.731707317073171 60.0 400.0 168.0 176.0 14113.0 
364.0048193674556 7.766129032258065 56.0 403.0 170.0 178.0 14280.0 
366.0048193674556 7.806451612903226 55.0 406.0 171.0 179.0 14382.0 
368.0048193674556 7.951612903225806 53.0 407.0 172.0 183.0 14661.0 
370.0048193674556 8.024193548387096 52.0 409.0 172.0 186.0 14696.0 
372.0048193674556 8.096774193548388 51.0 412.0 174.0 187.0 14789.0 
374.0048193674556 8.137096774193548 53.0 414.0 175.0 187.0 14838.0 
376.0048193674556 8.153225806451612 54.0 417.0 176.0 187.0 14866.0 
378.0048193674556 8.266129032258064 53.0 418.0 177.0 191.0 15023.0 
380.0048193674556 8.370967741935484 53.0 422.0 178.0 195.0 15340.0 
382.0048193674556 8.46774193548387 50.0 424.0 178.0 199.0 15560.0 
384.0048193674556 8.491935483870968 48.0 425.0 178.0 200.0 15662.0 
386.0048193674556 8.53225806451613 48.0 428.0 179.0 201.0 15740.0 
388.0048193674556 8.53225806451613 48.0 429.0 179.0 201.0 15740.0 
390.0048193674556 8.53225806451613 50.0 432.0 179.0 201.0 15740.0 
392.0048193674556 8.57258064516129 52.0 434.0 181.0 201.0 15794.0 
394.0048193674556 8.596774193548388 52.0 435.0 181.0 202.0 15895.0 
396.0048193674556 8.64516129032258 52.0 436.0 181.0 204.0 15941.0 
398.0048193674556 8.758064516129032 50.0 437.0 182.0 208.0 16076.0 
400.0048193674556 8.85483870967742 46.0 438.0 184.0 210.0 16295.0 
402.0048193674556 8.903225806451612 44.0 439.0 185.0 211.0 16424.0 
404.0048193674556 9.016129032258064 41.0 440.0 188.0 213.0 16595.0 
406.0048193674556 9.064516129032258 37.0 440.0 188.0 215.0 16698.0 
408.0048193674556 9.112903225806452 38.0 443.0 188.0 217.0 16732.0 
410.0048193674556 9.14516129032258 38.0 444.0 189.0 217.0 16759.0 
412.0048193674556 9.21774193548387 39.0 446.0 191.0 219.0 16903.0 
414.0048193674556 9.21774193548387 38.0 449.0 191.0 219.0 16903.0 
416.0048193674556 9.248 37.0 450.0 191.0 223.0 17259.0 
418.0048193674556 9.344 35.0 454.0 191.0 227.0 17473.0 
420.0048193674556 9.368 36.0 455.0 191.0 228.0 17574.0 
422.0048193674556 9.44 37.0 457.0 192.0 229.0 17641.0 
424.0048193674556 9.44 41.0 462.0 192.0 229.0 17641.0 
426.0048193674556 9.44 41.0 463.0 192.0 229.0 17641.0 
428.0048193674556 9.456 42.0 463.0 193.0 229.0 17656.0 
430.0048193674556 9.456 41.0 463.0 193.0 229.0 17656.0 
432.0048193674556 9.592 39.0 464.0 195.0 232.0 17912.0 
434.0048193674556 9.704 37.0 466.0 195.0 235.0 18103.0 
436.0048193674556 9.728 36.0 466.0 195.0 236.0 18193.0 
438.0048193674556 9.8 36.0 468.0 196.0 237.0 18324.0 
440.0048193674556 9.912 35.0 471.0 198.0 241.0 18527.0 
442.0048193674556 9.952 33.0 473.0 199.0 242.0 18572.0 
444.0048193674556 10.032 31.0 476.0 200.0 245.0 18676.0 
446.0048193674556 10.048 30.0 477.0 202.0 245.0 18717.0 
448.0048193674556 10.048 32.0 479.0 202.0 245.0 18717.0 
450.0048193674556 10.096 34.0 483.0 202.0 247.0 18847.0 
452.0048193674556 10.168 34.0 485.0 202.0 250.0 19016.0 
454.0048193674556 10.168 34.0 486.0 202.0 250.0 19016.0 
456.0048193674556 10.168 35.0 487.0 202.0 250.0 19016.0 
458.0048193674556 10.192 36.0 488.0 203.0 250.0 19035.0 
460.0048193674556 10.24 38.0 493.0 203.0 252.0 19146.0 
462.0048193674556 10.264 38.0 495.0 203.0 253.0 19212.0 
464.0048193674556 10.264 41.0 497.0 204.0 253.0 19233.0 
466.0048193674556 10.312 44.0 502.0 206.0 254.0 19364.0 
468.0048193674556 10.312 43.0 504.0 206.0 254.0 19364.0 
470.0048193674556 10.384 43.0 505.0 206.0 257.0 19473.0 
472.0048193674556 10.44 45.0 509.0 207.0 259.0 19553.0 
474.0048193674556 10.52 42.0 512.0 208.0 261.0 19636.0 
476.0048193674556 10.568 45.0 516.0 208.0 263.0 19662.0 
478.0048193674556 10.688 46.0 517.0 211.0 264.0 19873.0 
480.0048193674556 10.76 42.0 520.0 212.0 265.0 19918.0 
482.0048193674556 10.816 41.0 521.0 214.0 266.0 20056.0 
484.0048193674556 10.848 42.0 523.0 215.0 267.0 20108.0 
486.0048193674556 10.848 42.0 525.0 215.0 267.0 20108.0 
488.0048193674556 10.896 43.0 527.0 215.0 269.0 20259.0 
490.0048193674556 11.008000000000001 42.0 528.0 216.0 273.0 20414.0 
492.0048193674556 11.104 35.0 528.0 217.0 276.0 20631.0 
494.0048193674556 11.16 34.0 528.0 218.0 277.0 20675.0 
496.0048193674556 11.192 33.0 530.0 220.0 277.0 20721.0 
498.0048193674556 11.192 36.0 533.0 220.0 277.0 20721.0 
500.0048193674556 11.216 37.0 538.0 222.0 277.0 20769.0 
502.0048193674556 11.256 40.0 540.0 224.0 277.0 20819.0 
504.0048193674556 11.256 40.0 541.0 224.0 277.0 20819.0 
506.0044060630069 11.288 39.0 544.0 225.0 278.0 20880.0 
508.0048193674556 11.304 42.0 546.0 226.0 278.0 20941.0 
510.0048193674556 11.431999999999999 45.0 552.0 228.0 282.0 21158.0 
512.0048193674556 11.552 41.0 555.0 232.0 284.0 21427.0 
514.0048193674556 11.608 37.0 556.0 233.0 286.0 21475.0 
516.0048193674556 11.664 36.0 558.0 236.0 286.0 21524.0 
518.0048193674556 11.712 37.0 560.0 237.0 287.0 21550.0 
520.0048193674556 11.728 38.0 562.0 238.0 287.0 21570.0 
522.0048193674556 11.744 39.0 565.0 239.0 287.0 21589.0 
524.0048193674556 11.808 39.0 565.0 240.0 289.0 21696.0 
526.0048193674556 11.808 38.0 567.0 240.0 289.0 21696.0 
528.0048193674556 11.824 39.0 568.0 241.0 289.0 21717.0 
530.0048193674556 11.896 37.0 571.0 243.0 290.0 21751.0 
532.0048193674556 11.943999999999999 38.0 574.0 245.0 290.0 21894.0 
534.0048193674556 11.991999999999999 41.0 576.0 245.0 292.0 22001.0 
536.0048193674556 12.072 38.0 576.0 246.0 295.0 22175.0 
538.0048193674556 12.120000000000001 37.0 580.0 247.0 296.0 22204.0 
540.0048193674556 12.192 36.0 580.0 249.0 297.0 22288.0 
542.0048193674556 12.216 36.0 582.0 249.0 298.0 22330.0 
544.0048193674556 12.24 38.0 586.0 249.0 299.0 22337.0 
546.0048193674556 12.248 41.0 590.0 250.0 299.0 22351.0 
548.0048193674556 12.248 42.0 591.0 250.0 299.0 22351.0 
550.0048193674556 12.296 41.0 591.0 250.0 301.0 22471.0 
552.0048193674556 12.384 41.0 592.0 251.0 304.0 22565.0 
554.0048193674556 12.504 36.0 594.0 252.0 308.0 22798.0 
556.0048193674556 12.552 35.0 597.0 252.0 310.0 22901.0 
558.0048193674556 12.576 34.0 597.0 253.0 310.0 22920.0 
560.0048193674556 12.624 37.0 601.0 253.0 312.0 23037.0 
562.0048193674556 12.688 36.0 602.0 254.0 314.0 23183.0 
564.0048193674556 12.688 36.0 605.0 254.0 314.0 23183.0 
566.0048193674556 12.784 36.0 607.0 258.0 314.0 23298.0 
568.0048193674556 12.872 36.0 610.0 259.0 317.0 23509.0 
570.0048193674556 12.896 37.0 613.0 259.0 318.0 23509.0 
572.0048193674556 12.943999999999999 35.0 616.0 259.0 320.0 23543.0 
574.0048193674556 12.96 40.0 620.0 260.0 320.0 23552.0 
576.0048193674556 13.032 38.0 621.0 261.0 322.0 23748.0 
578.0048193674556 13.176 34.0 622.0 262.0 327.0 23886.0 
580.0048193674556 13.2 34.0 623.0 262.0 328.0 23886.0 
582.0048193674556 13.224 33.0 623.0 262.0 329.0 23987.0 
584.0048193674556 13.32 32.0 624.0 264.0 332.0 24214.0 
586.0048193674556 13.408 27.0 624.0 266.0 334.0 24375.0 
588.0048193674556 13.432 24.0 625.0 266.0 335.0 24409.0 
590.0048193674556 13.456 24.0 626.0 266.0 336.0 24424.0 
592.0048193674556 13.464 25.0 628.0 267.0 336.0 24469.0 
594.0048193674556 13.464 27.0 630.0 267.0 336.0 24469.0 
596.0048193674556 13.464 29.0 632.0 267.0 336.0 24469.0 
598.0048193674556 13.464 30.0 634.0 267.0 336.0 24469.0 
600.0048193674556 13.464 32.0 635.0 267.0 336.0 24469.0 
602.0048193674556 13.464 32.0 636.0 267.0 336.0 24469.0 
604.0048193674556 13.504 34.0 637.0 268.0 336.0 24513.0 
606.0048193674556 13.528 35.0 641.0 269.0 336.0 24601.0 
608.0048193674556 13.528 38.0 643.0 269.0 336.0 24601.0 
610.0048193674556 13.544 37.0 644.0 271.0 336.0 24636.0 
612.0048193674556 13.616 36.0 645.0 271.0 338.0 24838.0 
614.0048193674556 13.64 36.0 646.0 271.0 339.0 24853.0 
616.0048193674556 13.664 38.0 648.0 271.0 340.0 24854.0 
618.0048193674556 13.664 41.0 653.0 271.0 340.0 24854.0 
620.0048193674556 13.696 41.0 653.0 272.0 340.0 24882.0 
622.0048193674556 13.76 42.0 656.0 273.0 342.0 24933.0 
624.0048193674556 13.84 44.0 661.0 274.0 345.0 25004.0 
626.0048193674556 13.84 42.0 663.0 274.0 345.0 25004.0 
628.0048193674556 13.84 45.0 664.0 274.0 345.0 25004.0 
630.0048193674556 13.912 45.0 666.0 276.0 345.0 25062.0 
632.0048193674556 13.912 48.0 669.0 276.0 345.0 25062.0 
634.0048193674556 13.912 50.0 671.0 276.0 345.0 25062.0 
636.0048193674556 13.912 52.0 673.0 276.0 345.0 25062.0 
638.0048193674556 13.984 52.0 678.0 280.0 345.0 25261.0 
640.0048193674556 14.152 55.0 680.0 280.0 352.0 25582.0 
642.0048193674556 14.296 44.0 680.0 280.0 358.0 25798.0 
644.0048193674556 14.32 44.0 685.0 281.0 358.0 25817.0 
646.0048193674556 14.384 46.0 688.0 282.0 360.0 25956.0 
648.0048193674556 14.416 46.0 690.0 285.0 360.0 25960.0 
650.0048193674556 14.44 45.0 691.0 287.0 360.0 26015.0 
652.0048193674556 14.464 43.0 692.0 287.0 361.0 26069.0 
654.0048193674556 14.48 43.0 692.0 288.0 361.0 26082.0 
656.0048193674556 14.552 43.0 693.0 289.0 363.0 26245.0 
658.0048193674556 14.584 41.0 695.0 290.0 364.0 26368.0 
660.0048193674556 14.608 42.0 697.0 290.0 365.0 26469.0 
662.0048193674556 14.632 45.0 702.0 290.0 366.0 26571.0 
664.0048193674556 14.736 44.0 704.0 292.0 369.0 26813.0 
666.0048193674556 14.736 44.0 705.0 292.0 369.0 26813.0 
668.0048193674556 14.76 45.0 706.0 292.0 370.0 26914.0 
670.0048193674556 14.848 42.0 707.0 294.0 372.0 27047.0 
672.0048193674556 14.896 40.0 707.0 294.0 374.0 27097.0 
674.0048193674556 14.904 39.0 708.0 295.0 374.0 27118.0 
676.0048193674556 14.936 42.0 711.0 296.0 375.0 27163.0 
678.0048193674556 14.968 41.0 712.0 297.0 376.0 27279.0 
680.0048193674556 15.016 41.0 718.0 297.0 378.0 27332.0 
682.0048193674556 15.048 45.0 720.0 298.0 378.0 27354.0 
684.0048193674556 15.120000000000001 46.0 723.0 301.0 378.0 27438.0 
686.0048193674556 15.120000000000001 45.0 725.0 301.0 378.0 27438.0 
688.0048193674556 15.152 46.0 726.0 302.0 378.0 27464.0 
690.0048193674556 15.216 48.0 728.0 303.0 379.0 27578.0 
692.0048193674556 15.216 47.0 730.0 303.0 379.0 27578.0 
694.0048193674556 15.256 48.0 732.0 304.0 380.0 27699.0 
696.0048193674556 15.28 50.0 737.0 304.0 381.0 27707.0 
698.0048193674556 15.352 52.0 738.0 304.0 384.0 27868.0 
700.0048193674556 15.4 48.0 739.0 306.0 385.0 27909.0 
702.0048193674556 15.472 49.0 740.0 307.0 386.0 27944.0 
704.0048193674556 15.472 49.0 743.0 307.0 386.0 27944.0 
706.0048193674556 15.496 51.0 744.0 307.0 387.0 28045.0 
708.0048193674556 15.552 50.0 746.0 308.0 389.0 28168.0 
710.0048193674556 15.672 48.0 747.0 308.0 394.0 28399.0 
712.0048193674556 15.744 43.0 748.0 310.0 395.0 28535.0 
714.0048193674556 15.792 45.0 751.0 310.0 397.0 28642.0 
716.0048193674556 15.815999999999999 45.0 752.0 310.0 398.0 28744.0 
718.0048193674556 15.864 45.0 753.0 310.0 400.0 28811.0 
720.0048193674556 15.888 44.0 755.0 310.0 401.0 28873.0 
722.0048193674556 15.92 43.0 756.0 312.0 401.0 28932.0 
724.0048193674556 16.0 43.0 756.0 313.0 404.0 29082.0 
726.0048193674556 16.12 40.0 759.0 315.0 407.0 29291.0 
728.0048193674556 16.232 42.0 765.0 316.0 409.0 29557.0 
730.0048193674556 16.328 43.0 768.0 316.0 413.0 29811.0 
732.0048193674556 16.36 40.0 771.0 317.0 414.0 29939.0 
734.0048193674556 16.384 42.0 773.0 317.0 415.0 29977.0 
736.0048193674556 16.44 43.0 776.0 317.0 417.0 30097.0 
738.0048193674556 16.536 41.0 777.0 318.0 420.0 30240.0 
740.0048193674556 16.584 39.0 777.0 318.0 422.0 30386.0 
742.0048193674556 16.608 37.0 779.0 321.0 422.0 30413.0 
744.0048193674556 16.648 36.0 780.0 323.0 422.0 30441.0 
746.0048193674556 16.648 37.0 782.0 323.0 422.0 30441.0 
748.0048193674556 16.712 35.0 782.0 325.0 424.0 30557.0 
750.0048193674556 16.744 34.0 786.0 326.0 425.0 30680.0 
752.0048193674556 16.832 33.0 789.0 327.0 428.0 30818.0 
754.0048193674556 16.832 34.0 789.0 327.0 428.0 30818.0 
756.0048193674556 16.832 34.0 790.0 327.0 428.0 30818.0 
758.0048193674556 16.872 36.0 793.0 329.0 428.0 30853.0 
760.0048193674556 16.887999999999998 38.0 795.0 330.0 428.0 30880.0 
762.0048193674556 16.952 39.0 798.0 332.0 429.0 31091.0 
764.0048193674556 17.096 36.0 800.0 334.0 432.0 31370.0 
766.0048193674556 17.2 36.0 805.0 335.0 436.0 31488.0 
768.0048193674556 17.224 34.0 807.0 336.0 436.0 31507.0 
770.0048193674556 17.224 36.0 809.0 336.0 436.0 31507.0 
772.0048193674556 17.240000000000002 36.0 809.0 337.0 436.0 31533.0 
774.0048193674556 17.264 39.0 813.0 337.0 437.0 31538.0 
776.0048193674556 17.272 39.0 813.0 338.0 437.0 31555.0 
778.0048193674556 17.32 41.0 817.0 338.0 439.0 31753.0 
780.0048193674556 17.368000000000002 44.0 821.0 338.0 440.0 31854.0 
782.0048193674556 17.432 43.0 823.0 339.0 442.0 31903.0 
784.0048193674556 17.512 45.0 827.0 340.0 444.0 32023.0 
786.0048193674556 17.616 42.0 828.0 341.0 448.0 32089.0 
788.0048193674556 17.664 40.0 830.0 341.0 450.0 32175.0 
790.0048193674556 17.72 37.0 831.0 342.0 452.0 32237.0 
792.0048193674556 17.752 38.0 833.0 343.0 452.0 32300.0 
794.0048193674556 17.759999999999998 37.0 835.0 344.0 452.0 32314.0 
796.0048193674556 17.84 38.0 837.0 346.0 453.0 32418.0 
798.0048193674556 17.872 39.0 838.0 348.0 453.0 32453.0 
800.0048193674556 17.944 37.0 843.0 351.0 454.0 32661.0 
802.0048193674556 17.96 38.0 844.0 352.0 454.0 32680.0 
804.0048193674556 17.976 39.0 849.0 354.0 454.0 32710.0 
806.0048193674556 17.976 43.0 852.0 354.0 454.0 32710.0 
808.0048193674556 18.088 43.0 853.0 355.0 457.0 32826.0 
810.0048193674556 18.088 41.0 853.0 355.0 457.0 32826.0 
812.0048193674556 18.112000000000002 41.0 854.0 355.0 458.0 32864.0 
814.0048193674556 18.16 42.0 858.0 357.0 459.0 32910.0 
816.0048193674556 18.24 40.0 859.0 358.0 462.0 33142.0 
818.0048193674556 18.352 37.0 860.0 362.0 464.0 33330.0 
820.0048193674556 18.4 35.0 865.0 365.0 465.0 33359.0 
822.0048193674556 18.544 37.0 869.0 365.0 471.0 33501.0 
824.0048193674556 18.6 35.0 872.0 366.0 473.0 33588.0 
826.0048193674556 18.6 34.0 874.0 366.0 473.0 33588.0 
828.0048193674556 18.696 35.0 877.0 366.0 476.0 33728.0 
830.0048193674556 18.696 36.0 879.0 366.0 476.0 33728.0 
832.0048193674556 18.728 36.0 882.0 367.0 477.0 33856.0 
834.0048193674556 18.744 38.0 885.0 368.0 477.0 33876.0 
836.0029867514056 18.768 40.0 887.0 371.0 477.0 33921.0 
838.0048193674556 18.768 41.0 890.0 371.0 477.0 33921.0 
840.0048193674556 18.768 43.0 893.0 371.0 477.0 33921.0 
842.0043696991663 18.792 44.0 895.0 373.0 477.0 33954.0 
844.0048193674556 18.816 45.0 897.0 375.0 477.0 33992.0 
846.0048193674556 18.872 44.0 898.0 377.0 477.0 34066.0 
848.0048193674556 18.896 44.0 900.0 377.0 478.0 34168.0 
850.0048193674556 18.936 46.0 903.0 378.0 479.0 34191.0 
852.0048193674556 19.056 48.0 907.0 381.0 480.0 34364.0 
854.0048193674556 19.096 47.0 908.0 384.0 480.0 34411.0 
856.0048193674556 19.152 45.0 911.0 385.0 482.0 34444.0 
858.0048193674556 19.152 46.0 914.0 385.0 482.0 34444.0 
860.0048193674556 19.24 49.0 918.0 387.0 484.0 34700.0 
862.0048193674556 19.264 49.0 920.0 387.0 485.0 34705.0 
864.0048193674556 19.288 48.0 921.0 387.0 486.0 34806.0 
866.0048193674556 19.36 49.0 923.0 388.0 487.0 34853.0 
868.0048193674556 19.472 46.0 924.0 389.0 491.0 35005.0 
870.0048193674556 19.584 43.0 926.0 391.0 494.0 35197.0 
872.0048193674556 19.616 42.0 930.0 392.0 495.0 35219.0 
874.0048193674556 19.664 44.0 934.0 394.0 496.0 35354.0 
876.0048193674556 19.72 43.0 935.0 395.0 498.0 35472.0 
878.0048193674556 19.776 42.0 939.0 398.0 498.0 35543.0 
880.0048193674556 19.84 43.0 940.0 399.0 500.0 35751.0 
882.0048193674556 19.968 39.0 941.0 399.0 504.0 35960.0 
884.0048193674556 20.088 36.0 943.0 402.0 507.0 36134.0 
886.0048193674556 20.112000000000002 34.0 943.0 402.0 508.0 36151.0 
888.0048193674556 20.176 31.0 947.0 404.0 508.0 36257.0 
890.0048193674556 20.192 37.0 950.0 405.0 508.0 36275.0 
892.0048193674556 20.224 40.0 954.0 407.0 508.0 36319.0 
894.0048193674556 20.248 39.0 954.0 407.0 509.0 36355.0 
896.0048193674556 20.304 39.0 956.0 409.0 510.0 36408.0 
898.0048193674556 20.328 39.0 958.0 409.0 511.0 36409.0 
900.0048193674556 20.328 43.0 965.0 409.0 511.0 36409.0 
#####################################################################
# End of data export. Simulation finished at: 2020-01-15T16:50+0000 #
#####################################################################
