#####################################################################
# Alchemist log file - simulation started at: 2020-02-05T12:53+0000 #
#####################################################################
# seed = 57.0, taskFrequency = 0.00133, cloudcost = 2.0, algorithm = false
#
# The columns have the following meaning: 
# time taskHops[Mean] hasTask[Sum] tasks[Sum] completedTasks[Sum] giveupTasks[Sum] taskLatency[Sum] 
0.0 NaN 0.0 0.0 0.0 0.0 0.0 
2.001983051053726 NaN 0.0 0.0 0.0 0.0 0.0 
4.001983051053726 NaN 0.0 0.0 0.0 0.0 0.0 
6.001983051053726 NaN 0.0 1.0 0.0 0.0 0.0 
8.001983051053726 NaN 1.0 1.0 0.0 0.0 0.0 
10.001983051053726 NaN 1.0 1.0 0.0 0.0 0.0 
12.001983051053726 NaN 1.0 1.0 0.0 0.0 0.0 
14.001983051053726 NaN 1.0 1.0 0.0 0.0 0.0 
16.001983051053728 NaN 1.0 1.0 0.0 0.0 0.0 
18.001983051053728 NaN 2.0 2.0 0.0 0.0 0.0 
20.001983051053728 NaN 3.0 3.0 0.0 0.0 0.0 
22.001983051053728 NaN 4.0 4.0 0.0 0.0 0.0 
24.001983051053728 NaN 4.0 4.0 0.0 0.0 0.0 
26.001983051053728 NaN 4.0 4.0 0.0 0.0 0.0 
28.001983051053728 NaN 4.0 4.0 0.0 0.0 0.0 
30.001983051053728 NaN 5.0 5.0 0.0 0.0 0.0 
32.00198305105373 NaN 7.0 7.0 0.0 0.0 0.0 
34.00198305105373 NaN 8.0 9.0 0.0 0.0 0.0 
36.00198305105373 NaN 10.0 10.0 0.0 0.0 0.0 
38.00198305105373 NaN 10.0 10.0 0.0 0.0 0.0 
40.00198305105373 NaN 10.0 10.0 0.0 0.0 0.0 
42.00198305105373 NaN 10.0 10.0 0.0 0.0 0.0 
44.00198305105373 2.0 10.0 11.0 1.0 0.0 15.0 
46.00198305105373 2.0 10.0 11.0 1.0 0.0 15.0 
48.00198305105373 2.0 10.0 11.0 1.0 0.0 15.0 
50.00198305105373 2.0 10.0 11.0 1.0 0.0 15.0 
52.00198305105373 2.0 10.0 11.0 1.0 0.0 15.0 
54.00198305105373 2.0 10.0 11.0 1.0 0.0 15.0 
56.00198305105373 2.0 10.0 11.0 1.0 0.0 15.0 
58.00198305105373 2.0 10.0 11.0 1.0 0.0 15.0 
60.00198305105373 2.0 11.0 12.0 1.0 0.0 15.0 
62.00198305105373 2.0 11.0 12.0 1.0 0.0 15.0 
64.00198305105373 2.0 12.0 13.0 1.0 0.0 15.0 
66.00198305105373 2.0 12.0 13.0 1.0 0.0 15.0 
68.00198305105373 2.0 12.0 13.0 1.0 0.0 15.0 
70.00198305105373 2.0 13.0 14.0 1.0 0.0 15.0 
72.00198305105373 2.0 13.0 14.0 1.0 0.0 15.0 
74.00198305105373 2.0 13.0 14.0 1.0 0.0 15.0 
76.00198305105373 2.0 13.0 14.0 1.0 0.0 15.0 
78.00198305105373 2.0 13.0 14.0 1.0 0.0 15.0 
80.00198305105373 2.0 13.0 14.0 1.0 0.0 15.0 
82.00198305105373 2.0 13.0 14.0 1.0 0.0 15.0 
84.00198305105373 2.0 14.0 15.0 1.0 0.0 15.0 
86.00198305105373 2.0 15.0 16.0 1.0 0.0 15.0 
88.00198305105373 2.0 16.0 17.0 1.0 0.0 15.0 
90.00198305105373 2.0 17.0 18.0 1.0 0.0 15.0 
92.00198305105373 2.0 18.0 20.0 1.0 0.0 15.0 
94.00198305105373 2.0 20.0 21.0 1.0 0.0 15.0 
96.00198305105373 2.0 21.0 22.0 1.0 0.0 15.0 
98.00198305105373 2.0 21.0 22.0 1.0 0.0 15.0 
100.00198305105373 2.0 21.0 22.0 1.0 0.0 15.0 
102.00198305105373 2.0 21.0 22.0 1.0 0.0 15.0 
104.00198305105373 2.0 21.0 22.0 1.0 0.0 15.0 
106.00198305105373 2.0 21.0 22.0 1.0 0.0 15.0 
108.00198305105373 2.0 21.0 22.0 1.0 0.0 15.0 
110.00198305105373 2.0 21.0 22.0 1.0 0.0 15.0 
112.00198305105373 2.0 21.0 22.0 1.0 0.0 15.0 
114.00198305105373 2.0 21.0 22.0 1.0 0.0 15.0 
116.00198305105373 2.0 21.0 23.0 1.0 0.0 15.0 
118.00198305105373 2.0 22.0 23.0 1.0 0.0 15.0 
120.00198305105373 2.0 23.0 24.0 1.0 0.0 15.0 
122.00198305105373 2.0 23.0 24.0 1.0 0.0 15.0 
124.00198305105373 2.0 23.0 24.0 1.0 1.0 118.0 
126.00198305105373 2.0 22.0 24.0 1.0 1.0 118.0 
128.00198305105374 2.0 22.0 24.0 1.0 1.0 118.0 
130.00198305105374 2.0 22.0 24.0 1.0 1.0 118.0 
132.00198305105374 2.0 24.0 26.0 1.0 1.0 118.0 
134.00198305105374 2.0 23.0 26.0 1.0 2.0 245.0 
136.00198305105374 2.0 24.0 27.0 1.0 2.0 245.0 
138.00198305105374 2.0 24.0 27.0 1.0 2.0 245.0 
140.00198305105374 2.0 23.0 27.0 1.0 3.0 350.0 
142.00198305105374 2.0 23.0 27.0 1.0 3.0 350.0 
144.00198305105374 2.0 23.0 27.0 1.0 3.0 350.0 
146.00198305105374 2.0 24.0 28.0 1.0 3.0 350.0 
148.00198305105374 2.0 24.0 28.0 1.0 3.0 350.0 
150.00198305105374 2.0 24.0 28.0 1.0 3.0 350.0 
152.00198305105374 2.0 24.0 28.0 1.0 3.0 350.0 
154.00198305105374 2.0 24.0 28.0 1.0 3.0 350.0 
156.00198305105374 2.0 25.0 29.0 1.0 3.0 350.0 
158.00198305105374 2.0 25.0 29.0 1.0 3.0 350.0 
160.00198305105374 2.0 25.0 29.0 1.0 3.0 350.0 
162.00198305105374 2.0 24.0 29.0 1.0 5.0 594.0 
164.00198305105374 2.0 23.0 29.0 1.0 5.0 594.0 
166.00198305105374 2.0 23.0 29.0 1.0 5.0 594.0 
168.00198305105374 2.0 23.0 29.0 1.0 5.0 594.0 
170.00198305105374 2.0 23.0 29.0 1.0 5.0 594.0 
172.00198305105374 2.0 23.0 29.0 1.0 7.0 837.0 
174.00198305105374 2.0 21.0 29.0 1.0 7.0 837.0 
176.00198305105374 2.0 21.0 29.0 1.0 7.0 837.0 
178.00198305105374 2.0 21.0 29.0 1.0 7.0 837.0 
180.00198305105374 2.0 22.0 30.0 1.0 7.0 837.0 
182.00198305105374 2.0 22.0 30.0 1.0 7.0 837.0 
184.00198305105374 2.0 21.0 30.0 1.0 8.0 957.0 
186.00198305105374 2.0 21.0 31.0 1.0 9.0 1124.0 
188.00198305105374 2.0 21.0 31.0 1.0 9.0 1124.0 
190.00198305105374 2.0 22.0 32.0 1.0 10.0 1227.0 
192.00198305105374 2.0 21.0 32.0 1.0 11.0 1330.0 
194.00198305105374 2.0 20.0 32.0 1.0 11.0 1330.0 
196.00198305105374 2.0 20.0 32.0 1.0 11.0 1330.0 
198.00198305105374 2.0 20.0 32.0 1.0 12.0 1432.0 
200.00198305105374 2.0 21.0 34.0 1.0 12.0 1432.0 
202.00198305105374 2.0 21.0 34.0 1.0 12.0 1432.0 
204.00198305105374 2.0 22.0 36.0 1.0 12.0 1432.0 
206.00198305105374 2.0 23.0 36.0 1.0 12.0 1432.0 
208.00198305105374 2.0 23.0 36.0 1.0 12.0 1432.0 
210.00198305105374 2.0 23.0 36.0 1.0 12.0 1432.0 
212.00198305105374 2.0 23.0 36.0 1.0 12.0 1432.0 
214.00198305105374 2.0 23.0 36.0 1.0 12.0 1432.0 
216.00198305105374 2.0 23.0 36.0 1.0 12.0 1432.0 
218.00198305105374 2.0 22.0 36.0 1.0 14.0 1765.0 
220.00198305105374 2.0 21.0 37.0 1.0 14.0 1765.0 
222.00198305105374 2.0 23.0 38.0 1.0 15.0 1954.0 
224.00198305105374 2.0 22.0 38.0 1.0 15.0 1954.0 
226.00198305105374 2.0 22.0 38.0 1.0 16.0 2061.0 
228.00198305105374 2.0 22.0 39.0 1.0 16.0 2061.0 
230.00198305105374 2.0 22.0 39.0 1.0 16.0 2061.0 
232.00198305105374 2.0 22.0 40.0 1.0 16.0 2061.0 
234.00198305105374 2.0 24.0 41.0 1.0 17.0 2163.0 
236.00198305105374 2.0 23.0 41.0 1.0 17.0 2163.0 
238.00198305105374 2.0 23.0 41.0 1.0 18.0 2265.0 
240.00198305105374 2.0 22.0 41.0 1.0 18.0 2265.0 
242.00198305105374 2.0 22.0 41.0 1.0 18.0 2265.0 
244.00198305105374 2.0 22.0 41.0 1.0 18.0 2265.0 
246.00198305105374 2.0 22.0 41.0 1.0 18.0 2265.0 
248.00198305105374 2.0 21.0 42.0 1.0 19.0 2367.0 
250.00198305105374 2.0 22.0 42.0 1.0 19.0 2367.0 
252.00198305105374 2.0 23.0 43.0 1.0 19.0 2367.0 
254.00198305105374 2.0 23.0 43.0 1.0 19.0 2367.0 
256.00198305105374 2.0 24.0 44.0 1.0 19.0 2367.0 
258.00198305105374 2.0 25.0 45.0 1.0 20.0 2469.0 
260.00198305105374 2.0 24.0 45.0 1.0 20.0 2469.0 
262.00198305105374 2.0 24.0 45.0 1.0 20.0 2469.0 
264.00198305105374 2.0 24.0 45.0 1.0 20.0 2469.0 
266.00198305105374 2.0 25.0 46.0 1.0 20.0 2469.0 
268.00198305105374 2.0 25.0 46.0 1.0 20.0 2469.0 
270.00198305105374 2.0 25.0 46.0 1.0 20.0 2469.0 
272.00198305105374 2.0 26.0 47.0 1.0 20.0 2469.0 
274.00198305105374 2.0 26.0 47.0 1.0 20.0 2469.0 
276.00198305105374 2.0 26.0 48.0 1.0 20.0 2469.0 
278.00198305105374 2.0 27.0 48.0 1.0 20.0 2469.0 
280.00198305105374 2.0 27.0 48.0 1.0 20.0 2469.0 
282.00198305105374 2.0 26.0 48.0 1.0 21.0 2572.0 
284.00198305105374 2.0 26.0 48.0 1.0 21.0 2572.0 
286.00198305105374 2.0 26.0 48.0 1.0 21.0 2572.0 
288.00198305105374 2.0 26.0 48.0 1.0 21.0 2572.0 
290.00198305105374 2.0 25.0 48.0 1.0 22.0 2675.0 
292.00198305105374 2.0 26.0 50.0 1.0 22.0 2675.0 
294.00198305105374 2.0 27.0 50.0 1.0 22.0 2675.0 
296.00198305105374 2.0 27.0 50.0 1.0 22.0 2675.0 
298.00198305105374 2.0 26.0 50.0 1.0 23.0 2888.0 
300.00198305105374 2.0 27.0 51.0 1.0 23.0 2888.0 
302.00198305105374 2.0 26.0 51.0 1.0 25.0 3092.0 
304.00198305105374 2.0 25.0 51.0 1.0 25.0 3092.0 
306.00198305105374 2.0 24.0 52.0 1.0 26.0 3194.0 
308.00198305105374 2.0 26.0 54.0 1.0 27.0 3297.0 
310.00198305105374 2.0 26.0 54.0 1.0 27.0 3297.0 
312.00198305105374 2.0 26.0 54.0 1.0 27.0 3297.0 
314.00198305105374 2.0 27.0 55.0 1.0 27.0 3297.0 
316.00198305105374 2.0 27.0 55.0 1.0 27.0 3297.0 
318.00198305105374 2.0 28.0 56.0 1.0 27.0 3297.0 
320.00198305105374 2.0 28.0 57.0 1.0 27.0 3297.0 
322.00198305105374 2.0 29.0 57.0 1.0 27.0 3297.0 
324.00198305105374 2.0 28.0 57.0 1.0 29.0 3632.0 
326.00198305105374 2.0 27.0 57.0 1.0 29.0 3632.0 
328.00198305105374 2.0 27.0 57.0 1.0 29.0 3632.0 
330.00198305105374 2.066666666666667 26.0 57.0 1.0 30.0 3734.0 
332.00198305105374 2.064516129032258 25.0 57.0 1.0 31.0 3876.0 
334.00198305105374 2.064516129032258 25.0 57.0 1.0 31.0 3876.0 
336.00198305105374 2.0588235294117645 23.0 57.0 1.0 34.0 4325.0 
338.00198305105374 2.0588235294117645 22.0 57.0 1.0 34.0 4325.0 
340.00198305105374 2.0588235294117645 22.0 57.0 1.0 34.0 4325.0 
342.00198305105374 2.0588235294117645 22.0 57.0 1.0 34.0 4325.0 
344.00198305105374 2.0588235294117645 22.0 58.0 1.0 34.0 4325.0 
346.00198305105374 2.0588235294117645 23.0 59.0 1.0 34.0 4325.0 
348.00198305105374 2.0588235294117645 24.0 59.0 1.0 34.0 4325.0 
350.00198305105374 2.0588235294117645 24.0 59.0 1.0 34.0 4325.0 
352.00198305105374 2.0555555555555554 23.0 59.0 1.0 36.0 4648.0 
354.00198305105374 2.0555555555555554 22.0 59.0 1.0 36.0 4648.0 
356.00198305105374 2.0555555555555554 22.0 59.0 1.0 36.0 4648.0 
358.00198305105374 2.108108108108108 21.0 59.0 1.0 38.0 4886.0 
360.00198305105374 2.1052631578947367 19.0 59.0 1.0 39.0 4988.0 
362.00198305105374 2.1052631578947367 19.0 59.0 1.0 39.0 4988.0 
364.00198305105374 2.1052631578947367 20.0 60.0 1.0 39.0 4988.0 
366.00198305105374 2.1052631578947367 20.0 60.0 1.0 39.0 4988.0 
368.00198305105374 2.1025641025641026 20.0 61.0 1.0 40.0 5090.0 
370.00198305105374 2.1025641025641026 20.0 61.0 1.0 40.0 5090.0 
372.00198305105374 2.1 19.0 61.0 1.0 41.0 5401.0 
374.00198305105374 2.1 19.0 61.0 1.0 41.0 5401.0 
376.00198305105374 2.097560975609756 19.0 61.0 1.0 42.0 5746.0 
378.00198305105374 2.097560975609756 18.0 61.0 1.0 42.0 5746.0 
380.00198305105374 2.097560975609756 18.0 61.0 1.0 42.0 5746.0 
382.00198305105374 2.097560975609756 18.0 61.0 1.0 42.0 5746.0 
384.00198305105374 2.097560975609756 19.0 62.0 1.0 42.0 5746.0 
386.00198305105374 2.097560975609756 19.0 62.0 1.0 42.0 5746.0 
388.00198305105374 2.097560975609756 19.0 62.0 1.0 42.0 5746.0 
390.00198305105374 2.097560975609756 19.0 62.0 1.0 42.0 5746.0 
392.00198305105374 2.097560975609756 19.0 62.0 1.0 42.0 5746.0 
394.00198305105374 2.097560975609756 20.0 63.0 1.0 42.0 5746.0 
396.00198305105374 2.0952380952380953 19.0 63.0 1.0 43.0 5849.0 
398.00198305105374 2.0952380952380953 19.0 63.0 1.0 43.0 5849.0 
400.00198305105374 2.0952380952380953 19.0 63.0 1.0 43.0 5849.0 
402.00198305105374 2.0930232558139537 20.0 64.0 1.0 44.0 5951.0 
404.00198305105374 2.0930232558139537 19.0 65.0 1.0 44.0 5951.0 
406.00198305105374 2.13953488372093 19.0 65.0 1.0 45.0 6080.0 
408.00198305105374 2.13953488372093 19.0 65.0 1.0 45.0 6080.0 
410.00198305105374 2.1777777777777776 18.0 65.0 1.0 48.0 6388.0 
412.00198305105374 2.1777777777777776 16.0 65.0 1.0 48.0 6388.0 
414.00198305105374 2.1777777777777776 16.0 65.0 1.0 48.0 6388.0 
416.00198305105374 2.1777777777777776 16.0 65.0 1.0 48.0 6388.0 
418.00198305105374 2.1777777777777776 17.0 66.0 1.0 48.0 6388.0 
420.00198305105374 2.1777777777777776 17.0 66.0 1.0 48.0 6388.0 
422.00198305105374 2.1777777777777776 17.0 67.0 1.0 48.0 6388.0 
424.00198305105374 2.1739130434782608 18.0 68.0 1.0 49.0 6491.0 
426.00198305105374 2.1739130434782608 19.0 69.0 1.0 49.0 6491.0 
428.00198305105374 2.1739130434782608 19.0 69.0 1.0 49.0 6491.0 
430.00198305105374 2.1739130434782608 19.0 69.0 1.0 49.0 6491.0 
432.00198305105374 2.1739130434782608 19.0 69.0 1.0 49.0 6491.0 
434.00198305105374 2.1739130434782608 20.0 70.0 1.0 49.0 6491.0 
436.00198305105374 2.1739130434782608 20.0 70.0 1.0 49.0 6491.0 
438.00198305105374 2.1739130434782608 20.0 70.0 1.0 49.0 6491.0 
440.00198305105374 2.1739130434782608 20.0 70.0 1.0 49.0 6491.0 
442.00198305105374 2.1739130434782608 20.0 70.0 1.0 49.0 6491.0 
444.00198305105374 2.1739130434782608 20.0 70.0 1.0 49.0 6491.0 
446.00198305105374 2.1702127659574466 20.0 70.0 1.0 50.0 6686.0 
448.00198305105374 2.1702127659574466 19.0 70.0 1.0 50.0 6686.0 
450.00198305105374 2.2127659574468086 19.0 71.0 1.0 51.0 6789.0 
452.00198305105374 2.2083333333333335 18.0 72.0 1.0 52.0 6896.0 
454.00198305105374 2.2083333333333335 19.0 72.0 1.0 52.0 6896.0 
456.00198305105374 2.2083333333333335 19.0 72.0 1.0 52.0 6896.0 
458.00198305105374 2.2083333333333335 19.0 72.0 1.0 52.0 6896.0 
460.00198305105374 2.2083333333333335 19.0 72.0 1.0 52.0 6896.0 
462.00198305105374 2.2083333333333335 19.0 72.0 1.0 52.0 6896.0 
464.00198305105374 2.2083333333333335 19.0 72.0 1.0 52.0 6896.0 
466.00198305105374 2.2083333333333335 19.0 72.0 1.0 52.0 6896.0 
468.00198305105374 2.2083333333333335 20.0 73.0 1.0 52.0 6896.0 
470.00198305105374 2.204081632653061 20.0 74.0 1.0 53.0 6998.0 
472.00198305105374 2.204081632653061 20.0 74.0 1.0 53.0 6998.0 
474.00198305105374 2.204081632653061 20.0 74.0 1.0 53.0 6998.0 
476.00198305105374 2.204081632653061 20.0 74.0 1.0 53.0 6998.0 
478.00198305105374 2.204081632653061 20.0 74.0 1.0 53.0 6998.0 
480.00198305105374 2.204081632653061 20.0 74.0 1.0 53.0 6998.0 
482.00198305105374 2.204081632653061 20.0 74.0 1.0 53.0 6998.0 
484.00198305105374 2.204081632653061 20.0 74.0 1.0 53.0 6998.0 
486.00198305105374 2.2 19.0 75.0 1.0 54.0 7100.0 
488.00198305105374 2.2 20.0 75.0 1.0 54.0 7100.0 
490.00198305105374 2.2 20.0 75.0 1.0 54.0 7100.0 
492.00198305105374 2.2 20.0 75.0 1.0 54.0 7100.0 
494.00198305105374 2.2 20.0 75.0 1.0 54.0 7100.0 
496.00198305105374 2.196078431372549 19.0 75.0 1.0 55.0 7202.0 
498.00198305105374 2.196078431372549 19.0 75.0 1.0 55.0 7202.0 
500.00198305105374 2.196078431372549 19.0 75.0 1.0 55.0 7202.0 
502.00198305105374 2.196078431372549 20.0 76.0 1.0 55.0 7202.0 
504.00198305105374 2.1923076923076925 20.0 76.0 1.0 56.0 7304.0 
506.00198305105374 2.1923076923076925 19.0 76.0 1.0 56.0 7304.0 
508.00198305105374 2.1923076923076925 19.0 76.0 1.0 56.0 7304.0 
510.00198305105374 2.1923076923076925 19.0 77.0 1.0 56.0 7304.0 
512.0019830510537 2.1923076923076925 20.0 77.0 1.0 56.0 7304.0 
514.0019830510537 2.1923076923076925 21.0 78.0 1.0 56.0 7304.0 
516.0019830510537 2.1923076923076925 21.0 78.0 1.0 56.0 7304.0 
518.0019830510537 2.1923076923076925 21.0 78.0 1.0 56.0 7304.0 
520.0019830510537 2.25 21.0 78.0 1.0 57.0 7407.0 
522.0019830510537 2.25 20.0 78.0 1.0 57.0 7407.0 
524.0019830510537 2.25 21.0 79.0 1.0 57.0 7407.0 
526.0019830510537 2.2777777777777777 18.0 79.0 1.0 60.0 7773.0 
528.0019830510537 2.314814814814815 19.0 81.0 1.0 61.0 7876.0 
530.0019830510537 2.314814814814815 19.0 81.0 1.0 61.0 7876.0 
532.0019830510537 2.314814814814815 19.0 81.0 1.0 61.0 7876.0 
534.0019830510537 2.314814814814815 19.0 81.0 1.0 61.0 7876.0 
536.0019830510537 2.309090909090909 18.0 81.0 1.0 62.0 7978.0 
538.0019830510537 2.309090909090909 18.0 82.0 1.0 62.0 7978.0 
540.0019830510537 2.309090909090909 19.0 82.0 1.0 62.0 7978.0 
542.0019830510537 2.309090909090909 19.0 82.0 1.0 62.0 7978.0 
544.0019830510537 2.309090909090909 19.0 82.0 1.0 62.0 7978.0 
546.0019830510537 2.309090909090909 19.0 82.0 1.0 62.0 7978.0 
548.0019830510537 2.309090909090909 21.0 84.0 1.0 62.0 7978.0 
550.0019830510537 2.309090909090909 22.0 85.0 1.0 62.0 7978.0 
552.0019830510537 2.309090909090909 23.0 86.0 1.0 62.0 7978.0 
554.0019830510537 2.309090909090909 23.0 86.0 1.0 62.0 7978.0 
556.0019830510537 2.309090909090909 23.0 87.0 1.0 62.0 7978.0 
558.0019830510537 2.309090909090909 25.0 88.0 1.0 62.0 7978.0 
560.0019830510537 2.309090909090909 25.0 88.0 1.0 62.0 7978.0 
562.0019830510537 2.3035714285714284 24.0 88.0 1.0 63.0 8423.0 
564.0019830510537 2.3035714285714284 24.0 88.0 1.0 63.0 8423.0 
566.0019830510537 2.3035714285714284 24.0 88.0 1.0 63.0 8423.0 
568.0019830510537 2.3035714285714284 24.0 88.0 1.0 63.0 8423.0 
570.0019830510537 2.2982456140350878 24.0 88.0 1.0 64.0 8525.0 
572.0019830510537 2.2982456140350878 25.0 90.0 1.0 64.0 8525.0 
574.0019830510537 2.293103448275862 25.0 91.0 1.0 65.0 8628.0 
576.0019830510537 2.293103448275862 25.0 91.0 1.0 65.0 8628.0 
578.0019830510537 2.293103448275862 25.0 91.0 1.0 65.0 8628.0 
580.0019830510537 2.293103448275862 25.0 91.0 1.0 65.0 8628.0 
582.0019830510537 2.293103448275862 26.0 92.0 1.0 65.0 8628.0 
584.0019830510537 2.293103448275862 26.0 92.0 1.0 65.0 8628.0 
586.0019830510537 2.293103448275862 26.0 92.0 1.0 65.0 8628.0 
588.0019830510537 2.293103448275862 26.0 92.0 1.0 65.0 8628.0 
590.0019830510537 2.293103448275862 26.0 92.0 1.0 65.0 8628.0 
592.0019830510537 2.293103448275862 26.0 92.0 1.0 65.0 8628.0 
594.0019830510537 2.293103448275862 28.0 94.0 1.0 65.0 8628.0 
596.0019830510537 2.293103448275862 28.0 94.0 1.0 65.0 8628.0 
598.0019830510537 2.293103448275862 28.0 95.0 1.0 65.0 8628.0 
600.0019830510537 2.293103448275862 29.0 95.0 1.0 65.0 8628.0 
602.0019830510537 2.293103448275862 29.0 95.0 1.0 65.0 8628.0 
604.0019830510537 2.288135593220339 29.0 95.0 1.0 66.0 8731.0 
606.0019830510537 2.288135593220339 28.0 96.0 1.0 66.0 8731.0 
608.0019830510537 2.288135593220339 29.0 96.0 1.0 66.0 8731.0 
610.0019830510537 2.288135593220339 29.0 96.0 1.0 66.0 8731.0 
612.0019830510537 2.288135593220339 29.0 96.0 1.0 66.0 8731.0 
614.0019830510537 2.283333333333333 28.0 96.0 1.0 67.0 8834.0 
616.0019830510537 2.278688524590164 28.0 96.0 1.0 68.0 8936.0 
618.0019830510537 2.3114754098360657 26.0 96.0 1.0 69.0 9149.0 
620.0019830510537 2.3114754098360657 26.0 96.0 1.0 69.0 9149.0 
622.0019830510537 2.3114754098360657 26.0 96.0 1.0 69.0 9149.0 
624.0019830510537 2.306451612903226 25.0 96.0 1.0 70.0 9501.0 
626.0019830510537 2.306451612903226 25.0 96.0 1.0 70.0 9501.0 
628.0019830510537 2.338709677419355 25.0 96.0 1.0 71.0 9606.0 
630.0019830510537 2.370967741935484 24.0 96.0 1.0 72.0 9709.0 
632.0019830510537 2.370967741935484 24.0 97.0 1.0 72.0 9709.0 
634.0019830510537 2.370967741935484 24.0 97.0 1.0 72.0 9709.0 
636.0019830510537 2.370967741935484 24.0 97.0 1.0 72.0 9709.0 
638.0019830510537 2.365079365079365 24.0 97.0 1.0 73.0 9861.0 
640.0019830510537 2.365079365079365 23.0 97.0 1.0 73.0 9861.0 
642.0019830510537 2.359375 22.0 97.0 1.0 74.0 9964.0 
644.0019830510537 2.359375 22.0 97.0 1.0 74.0 9964.0 
646.0019830510537 2.359375 22.0 97.0 1.0 74.0 9964.0 
648.0019830510537 2.359375 22.0 97.0 1.0 74.0 9964.0 
650.0019830510537 2.353846153846154 23.0 99.0 1.0 75.0 10161.0 
652.0019830510537 2.3484848484848486 22.0 99.0 1.0 76.0 10263.0 
654.0019830510537 2.378787878787879 21.0 99.0 1.0 77.0 10365.0 
656.0019830510537 2.378787878787879 21.0 99.0 1.0 77.0 10365.0 
658.0019830510537 2.378787878787879 21.0 99.0 1.0 77.0 10365.0 
660.0019830510537 2.3676470588235294 20.0 99.0 1.0 79.0 10570.0 
662.0019830510537 2.3676470588235294 19.0 99.0 1.0 79.0 10570.0 
664.0019830510537 2.3676470588235294 20.0 100.0 1.0 79.0 10570.0 
666.0019830510537 2.3676470588235294 20.0 100.0 1.0 79.0 10570.0 
668.0019830510537 2.3676470588235294 20.0 100.0 1.0 79.0 10570.0 
670.0019830510537 2.3676470588235294 20.0 100.0 1.0 79.0 10570.0 
672.0019830510537 2.3676470588235294 20.0 101.0 1.0 79.0 10570.0 
674.0019830510537 2.426470588235294 20.0 101.0 1.0 81.0 10798.0 
676.0019830510537 2.4558823529411766 19.0 102.0 1.0 82.0 10901.0 
678.0019830510537 2.4558823529411766 19.0 103.0 1.0 82.0 10901.0 
680.0019830510537 2.449275362318841 19.0 104.0 1.0 83.0 11009.0 
682.0019830510537 2.449275362318841 21.0 105.0 1.0 83.0 11009.0 
684.0019830510537 2.442857142857143 20.0 105.0 1.0 84.0 11111.0 
686.0019830510537 2.442857142857143 21.0 107.0 1.0 84.0 11111.0 
688.0019830510537 2.442857142857143 22.0 107.0 1.0 84.0 11111.0 
690.0019830510537 2.4714285714285715 21.0 107.0 1.0 85.0 11483.0 
692.0019830510537 2.4714285714285715 21.0 107.0 1.0 85.0 11483.0 
694.0019830510537 2.4714285714285715 21.0 107.0 1.0 85.0 11483.0 
696.0019830510537 2.492957746478873 22.0 108.0 1.0 87.0 11688.0 
698.0019830510537 2.492957746478873 21.0 109.0 1.0 87.0 11688.0 
700.0019830510537 2.492957746478873 21.0 109.0 1.0 87.0 11688.0 
702.0019830510537 2.486111111111111 20.0 109.0 1.0 88.0 11791.0 
704.0019830510537 2.486111111111111 20.0 109.0 1.0 88.0 11791.0 
706.0019830510537 2.486111111111111 21.0 110.0 1.0 88.0 11791.0 
708.0019830510537 2.486111111111111 22.0 111.0 1.0 88.0 11791.0 
710.0019830510537 2.513888888888889 21.0 111.0 1.0 89.0 11894.0 
712.0019830510537 2.513888888888889 21.0 111.0 1.0 89.0 11894.0 
714.0019830510537 2.513888888888889 21.0 111.0 1.0 89.0 11894.0 
716.0019830510537 2.513888888888889 21.0 111.0 1.0 89.0 11894.0 
718.0019830510537 2.513888888888889 21.0 111.0 1.0 89.0 11894.0 
720.0019830510537 2.513888888888889 21.0 111.0 1.0 89.0 11894.0 
722.0019830510537 2.513888888888889 21.0 111.0 1.0 89.0 11894.0 
724.0019830510537 2.513888888888889 21.0 111.0 1.0 89.0 11894.0 
726.0019830510537 2.513888888888889 21.0 111.0 1.0 89.0 11894.0 
728.0019830510537 2.513888888888889 21.0 111.0 1.0 89.0 11894.0 
730.0019830510537 2.513888888888889 21.0 111.0 1.0 89.0 11894.0 
732.0019830510537 2.513888888888889 21.0 111.0 1.0 89.0 11894.0 
734.0019830510537 2.506849315068493 21.0 113.0 1.0 90.0 11997.0 
736.0019830510537 2.506849315068493 23.0 114.0 1.0 90.0 11997.0 
738.0019830510537 2.506849315068493 23.0 114.0 1.0 90.0 11997.0 
740.0019830510537 2.506849315068493 23.0 114.0 1.0 90.0 11997.0 
742.0019830510537 2.506849315068493 24.0 115.0 1.0 90.0 11997.0 
744.0019830510537 2.506849315068493 24.0 115.0 1.0 90.0 11997.0 
746.0019830510537 2.506849315068493 25.0 116.0 1.0 90.0 11997.0 
748.0019830510537 2.506849315068493 25.0 116.0 1.0 90.0 11997.0 
750.0019830510537 2.506849315068493 25.0 116.0 1.0 90.0 11997.0 
752.0019830510537 2.5342465753424657 25.0 116.0 1.0 91.0 12100.0 
754.0019830510537 2.5342465753424657 24.0 116.0 1.0 91.0 12100.0 
756.0019830510537 2.5342465753424657 24.0 116.0 1.0 91.0 12100.0 
758.0019830510537 2.5342465753424657 25.0 117.0 1.0 91.0 12100.0 
760.0019830510537 2.5342465753424657 25.0 117.0 1.0 91.0 12100.0 
762.0019830510537 2.5342465753424657 25.0 117.0 1.0 91.0 12100.0 
764.0019830510537 2.5342465753424657 26.0 118.0 1.0 91.0 12100.0 
766.0019830510537 2.5616438356164384 25.0 118.0 1.0 92.0 12202.0 
768.0019830510537 2.5616438356164384 25.0 118.0 1.0 92.0 12202.0 
770.0019830510537 2.5616438356164384 25.0 118.0 1.0 92.0 12202.0 
772.0019830510537 2.5616438356164384 25.0 118.0 1.0 92.0 12202.0 
774.0019830510537 2.5616438356164384 25.0 119.0 1.0 92.0 12202.0 
776.0019830510537 2.589041095890411 25.0 119.0 1.0 93.0 12305.0 
778.0019830510537 2.589041095890411 25.0 119.0 1.0 93.0 12305.0 
780.0019830510537 2.581081081081081 25.0 120.0 1.0 94.0 12408.0 
782.0019830510537 2.5733333333333333 25.0 121.0 1.0 95.0 12511.0 
784.0019830510537 2.6 24.0 121.0 1.0 96.0 12614.0 
786.0019830510537 2.6 24.0 122.0 1.0 96.0 12614.0 
788.0019830510537 2.6 25.0 122.0 1.0 96.0 12614.0 
790.0019830510537 2.5921052631578947 26.0 124.0 1.0 97.0 12717.0 
792.0019830510537 2.5921052631578947 26.0 124.0 1.0 97.0 12717.0 
794.0019830510537 2.5921052631578947 26.0 124.0 1.0 97.0 12717.0 
796.0019830510537 2.5921052631578947 26.0 124.0 1.0 97.0 12717.0 
798.0019830510537 2.6184210526315788 26.0 124.0 1.0 98.0 12819.0 
800.0019830510537 2.6447368421052633 25.0 124.0 1.0 99.0 12922.0 
802.0019830510537 2.6447368421052633 24.0 124.0 1.0 99.0 12922.0 
804.0019830510537 2.6447368421052633 24.0 124.0 1.0 99.0 12922.0 
806.0019830510537 2.6447368421052633 24.0 124.0 1.0 99.0 12922.0 
808.0019830510537 2.6623376623376624 23.0 124.0 1.0 101.0 13170.0 
810.0019830510537 2.688311688311688 22.0 124.0 1.0 102.0 13273.0 
812.0019830510537 2.688311688311688 21.0 124.0 1.0 102.0 13273.0 
814.0019830510537 2.688311688311688 21.0 124.0 1.0 102.0 13273.0 
816.0019830510537 2.688311688311688 21.0 124.0 1.0 102.0 13273.0 
818.0019830510537 2.688311688311688 21.0 124.0 1.0 102.0 13273.0 
820.0019830510537 2.688311688311688 21.0 125.0 1.0 102.0 13273.0 
822.0019830510537 2.688311688311688 22.0 125.0 1.0 102.0 13273.0 
824.0019830510537 2.688311688311688 22.0 125.0 1.0 102.0 13273.0 
826.0019830510537 2.688311688311688 22.0 125.0 1.0 102.0 13273.0 
828.0019830510537 2.688311688311688 22.0 126.0 1.0 102.0 13273.0 
830.0019830510537 2.688311688311688 23.0 126.0 1.0 102.0 13273.0 
832.0019830510537 2.688311688311688 23.0 126.0 1.0 102.0 13273.0 
834.0019830510537 2.688311688311688 23.0 126.0 1.0 102.0 13273.0 
836.0019830510537 2.688311688311688 23.0 126.0 1.0 102.0 13273.0 
838.0019830510537 2.7051282051282053 22.0 126.0 1.0 104.0 13478.0 
840.0019830510537 2.730769230769231 21.0 126.0 1.0 105.0 13584.0 
842.0019830510537 2.730769230769231 21.0 127.0 1.0 105.0 13584.0 
844.0019830510537 2.721518987341772 21.0 127.0 1.0 106.0 13687.0 
846.0019830510537 2.721518987341772 20.0 127.0 1.0 106.0 13687.0 
848.0019830510537 2.7125 20.0 127.0 1.0 107.0 13790.0 
850.0019830510537 2.7125 19.0 127.0 1.0 107.0 13790.0 
852.0019830510537 2.7125 19.0 127.0 1.0 107.0 13790.0 
854.0019830510537 2.7125 19.0 127.0 1.0 107.0 13790.0 
856.0019830510537 2.7125 19.0 127.0 1.0 107.0 13790.0 
858.0019830510537 2.7125 19.0 127.0 1.0 107.0 13790.0 
860.0019830510537 2.7375 20.0 128.0 1.0 108.0 13893.0 
862.0019830510537 2.7375 20.0 129.0 1.0 108.0 13893.0 
864.0019830510537 2.7375 20.0 130.0 1.0 108.0 13893.0 
866.0019830510537 2.7625 21.0 130.0 1.0 109.0 13995.0 
868.0019830510537 2.7625 20.0 130.0 1.0 109.0 13995.0 
870.0019830510537 2.7625 20.0 130.0 1.0 109.0 13995.0 
872.0019830510537 2.7625 21.0 131.0 1.0 109.0 13995.0 
874.0019830510537 2.7625 21.0 131.0 1.0 109.0 13995.0 
876.0019830510537 2.7625 21.0 131.0 1.0 109.0 13995.0 
878.0019830510537 2.753086419753086 20.0 132.0 1.0 110.0 14098.0 
880.0019830510537 2.753086419753086 22.0 133.0 1.0 110.0 14098.0 
882.0019830510537 2.7777777777777777 21.0 133.0 1.0 111.0 14200.0 
884.0019830510537 2.792682926829268 20.0 133.0 1.0 113.0 14537.0 
886.0019830510537 2.792682926829268 19.0 133.0 1.0 113.0 14537.0 
888.0019830510537 2.792682926829268 19.0 133.0 1.0 113.0 14537.0 
890.0019830510537 2.783132530120482 19.0 134.0 1.0 114.0 14640.0 
892.0019830510537 2.7976190476190474 18.0 134.0 1.0 116.0 14929.0 
894.0019830510537 2.7976190476190474 17.0 134.0 1.0 116.0 14929.0 
896.0019830510537 2.7976190476190474 17.0 134.0 1.0 116.0 14929.0 
898.0019830510537 2.7976190476190474 17.0 134.0 1.0 116.0 14929.0 
900.0019830510537 2.7976190476190474 17.0 134.0 1.0 116.0 14929.0 
#####################################################################
# End of data export. Simulation finished at: 2020-02-05T12:54+0000 #
#####################################################################
