#####################################################################
# Alchemist log file - simulation started at: 2020-02-26T15:37+0000 #
#####################################################################
# seed = 85.0, taskFrequency = 0.01778, cloudcost = 50.0, algorithm = false
#
# The columns have the following meaning: 
# time taskHops[Mean] hasTask[Sum] tasks[Sum] completedTasks[Sum] giveupTasks[Sum] taskLatency[Sum] 
0.0 NaN 0.0 0.0 0.0 0.0 0.0 
2.0052406859207466 NaN 1.0 4.0 0.0 0.0 0.0 
4.005240685920747 NaN 8.0 10.0 0.0 0.0 0.0 
6.005240685920747 NaN 15.0 16.0 0.0 0.0 0.0 
8.005240685920747 NaN 18.0 19.0 0.0 0.0 0.0 
10.005240685920747 NaN 22.0 24.0 0.0 0.0 0.0 
12.005240685920747 NaN 28.0 29.0 0.0 0.0 0.0 
14.005240685920747 NaN 32.0 32.0 0.0 0.0 0.0 
16.005240685920747 NaN 35.0 35.0 0.0 0.0 0.0 
18.005240685920747 NaN 36.0 37.0 0.0 0.0 0.0 
20.005240685920747 NaN 37.0 37.0 0.0 0.0 0.0 
22.005240685920747 NaN 39.0 39.0 0.0 0.0 0.0 
24.005240685920747 NaN 40.0 42.0 0.0 0.0 0.0 
26.005240685920747 NaN 44.0 44.0 0.0 0.0 0.0 
28.005240685920747 NaN 44.0 44.0 0.0 0.0 0.0 
30.005240685920747 NaN 45.0 47.0 0.0 0.0 0.0 
32.00524068592075 NaN 51.0 51.0 0.0 0.0 0.0 
34.00524068592075 NaN 53.0 53.0 0.0 0.0 0.0 
36.00524068592075 NaN 57.0 59.0 0.0 0.0 0.0 
38.00524068592075 NaN 60.0 62.0 0.0 0.0 0.0 
40.00524068592075 NaN 62.0 62.0 0.0 0.0 0.0 
42.00524068592075 NaN 62.0 62.0 0.0 0.0 0.0 
44.00524068592075 NaN 66.0 66.0 0.0 0.0 0.0 
46.00524068592075 NaN 67.0 67.0 0.0 0.0 0.0 
48.00524068592075 NaN 68.0 68.0 0.0 0.0 0.0 
50.00524068592075 NaN 70.0 70.0 0.0 0.0 0.0 
52.00524068592075 NaN 70.0 70.0 0.0 0.0 0.0 
54.00524068592075 NaN 72.0 72.0 0.0 0.0 0.0 
56.00524068592075 NaN 74.0 75.0 0.0 0.0 0.0 
58.00524068592075 NaN 75.0 75.0 0.0 0.0 0.0 
60.00524068592075 NaN 78.0 79.0 0.0 0.0 0.0 
62.00524068592075 NaN 81.0 81.0 0.0 0.0 0.0 
64.00524068592074 NaN 82.0 84.0 0.0 0.0 0.0 
66.00524068592074 NaN 87.0 88.0 0.0 0.0 0.0 
68.00524068592074 NaN 88.0 88.0 0.0 0.0 0.0 
70.00524068592074 NaN 89.0 89.0 0.0 0.0 0.0 
72.00524068592074 NaN 89.0 90.0 0.0 0.0 0.0 
74.00524068592074 NaN 92.0 94.0 0.0 0.0 0.0 
76.00524068592074 NaN 95.0 95.0 0.0 0.0 0.0 
78.00524068592074 NaN 95.0 95.0 0.0 0.0 0.0 
80.00524068592074 NaN 97.0 98.0 0.0 0.0 0.0 
82.00524068592074 NaN 99.0 99.0 0.0 0.0 0.0 
84.00524068592074 NaN 99.0 99.0 0.0 0.0 0.0 
86.00524068592074 NaN 99.0 99.0 0.0 0.0 0.0 
88.00524068592074 NaN 100.0 100.0 0.0 0.0 0.0 
90.00524068592074 NaN 100.0 100.0 0.0 0.0 0.0 
92.00524068592074 NaN 100.0 100.0 0.0 0.0 0.0 
94.00524068592074 NaN 100.0 100.0 0.0 0.0 0.0 
96.00524068592074 NaN 101.0 101.0 0.0 0.0 0.0 
98.00524068592074 NaN 101.0 101.0 0.0 0.0 0.0 
100.00524068592074 NaN 101.0 101.0 0.0 0.0 0.0 
102.00524068592074 NaN 101.0 101.0 0.0 0.0 0.0 
104.00524068592074 50.0 101.0 101.0 0.0 1.0 103.0 
106.00524068592074 50.0 100.0 102.0 0.0 2.0 206.0 
108.00524068592074 50.0 98.0 104.0 0.0 9.0 928.0 
110.00524068592074 50.0 95.0 105.0 0.0 11.0 1134.0 
112.00524068592074 50.0 92.0 106.0 0.0 17.0 1769.0 
114.00524068592074 50.0 88.0 108.0 0.0 22.0 2289.0 
116.00524068592074 50.0 83.0 108.0 0.0 27.0 2806.0 
118.00524068592074 50.0 79.0 110.0 0.0 31.0 3223.0 
120.00524068592074 50.0 80.0 111.0 0.0 32.0 3326.0 
122.00524068592074 50.0 79.0 112.0 0.0 33.0 3429.0 
124.00524068592074 50.0 80.0 114.0 0.0 37.0 3867.0 
126.00524068592074 50.0 78.0 116.0 0.0 38.0 3970.0 
128.00524068592074 50.0 76.0 117.0 0.0 42.0 4380.0 
130.00524068592074 50.0 75.0 117.0 0.0 42.0 4380.0 
132.00524068592074 50.0 73.0 117.0 0.0 44.0 4597.0 
134.00524068592074 50.0 70.0 118.0 0.0 49.0 5110.0 
136.00524068592074 50.0 69.0 118.0 0.0 51.0 5315.0 
138.00524068592074 50.0 66.0 118.0 0.0 55.0 5725.0 
140.00524068592074 50.0 60.0 118.0 0.0 58.0 6033.0 
142.00524068592074 50.0 60.0 120.0 0.0 60.0 6239.0 
144.00524068592074 50.0 59.0 120.0 0.0 61.0 6350.0 
146.00524068592074 50.0 59.0 120.0 0.0 64.0 6657.0 
148.00524068592074 50.0 56.0 120.0 0.0 65.0 6759.0 
150.00524068592074 50.0 57.0 123.0 0.0 66.0 6861.0 
152.00524068592074 50.0 57.0 124.0 0.0 68.0 7065.0 
154.00524068592074 50.0 57.0 125.0 0.0 68.0 7065.0 
156.00524068592074 50.0 56.0 125.0 0.0 70.0 7269.0 
158.00524068592074 50.0 54.0 125.0 0.0 72.0 7474.0 
160.00524068592074 50.0 53.0 127.0 0.0 73.0 7577.0 
162.00524068592074 50.0 55.0 128.0 0.0 76.0 7885.0 
164.00524068592074 50.0 50.0 128.0 0.0 79.0 8193.0 
166.00524068592074 50.0 49.0 129.0 0.0 80.0 8295.0 
168.00524068592074 50.0 47.0 130.0 0.0 85.0 8807.0 
170.00524068592074 50.01162790697674 45.0 132.0 0.0 86.0 8910.0 
172.00524068592074 50.01149425287356 48.0 136.0 0.0 87.0 9013.0 
174.00524068592074 50.01149425287356 49.0 136.0 0.0 87.0 9013.0 
176.00524068592074 50.01111111111111 49.0 138.0 0.0 90.0 9320.0 
178.00524068592074 50.01075268817204 45.0 138.0 0.0 93.0 9628.0 
180.00524068592074 50.01075268817204 46.0 140.0 0.0 93.0 9628.0 
182.00524068592074 50.01063829787234 47.0 142.0 0.0 94.0 9730.0 
184.00524068592074 50.010416666666664 50.0 146.0 0.0 96.0 9935.0 
186.00524068592074 50.010416666666664 50.0 146.0 0.0 96.0 9935.0 
188.00524068592074 50.010416666666664 52.0 148.0 0.0 96.0 9935.0 
190.00524068592074 50.010416666666664 52.0 148.0 0.0 96.0 9935.0 
192.00524068592074 50.010416666666664 52.0 149.0 0.0 96.0 9935.0 
194.00524068592074 50.010416666666664 53.0 150.0 0.0 96.0 9935.0 
196.00524068592074 50.010416666666664 54.0 150.0 0.0 96.0 9935.0 
198.00524068592074 50.01030927835052 54.0 151.0 0.0 97.0 10037.0 
200.00524068592074 50.01030927835052 54.0 152.0 0.0 97.0 10037.0 
202.00524068592074 50.01030927835052 57.0 155.0 0.0 97.0 10037.0 
204.00524068592074 50.01030927835052 59.0 156.0 0.0 97.0 10037.0 
206.00524068592074 50.01030927835052 64.0 161.0 0.0 97.0 10037.0 
208.00524068592074 50.01020408163265 65.0 162.0 0.0 98.0 10140.0 
210.00524068592074 50.01010101010101 64.0 163.0 0.0 99.0 10242.0 
212.00524068592074 50.00990099009901 66.0 166.0 0.0 101.0 10448.0 
214.00524068592074 50.00990099009901 65.0 166.0 0.0 101.0 10448.0 
216.00524068592074 50.00970873786408 65.0 167.0 0.0 103.0 10653.0 
218.00524068592074 50.00970873786408 64.0 167.0 0.0 103.0 10653.0 
220.00524068592074 50.49038461538461 65.0 169.0 0.0 105.0 10755.0 
222.00524068592074 50.48571428571429 63.0 170.0 0.0 106.0 10857.0 
224.00524068592074 50.4811320754717 65.0 172.0 0.0 107.0 10959.0 
226.00524068592074 50.47222222222222 65.0 172.0 0.0 109.0 11163.0 
228.00524068592074 50.46788990825688 63.0 174.0 0.0 110.0 11266.0 
230.00524068592074 50.45945945945946 65.0 175.0 0.0 112.0 11595.0 
232.00524068592074 50.45945945945946 63.0 175.0 0.0 112.0 11595.0 
234.00524068592074 50.45945945945946 63.0 175.0 0.0 112.0 11595.0 
236.00524068592074 50.455357142857146 64.0 176.0 0.0 113.0 11698.0 
238.00524068592074 50.45132743362832 62.0 176.0 0.0 114.0 11855.0 
240.00524068592074 50.45132743362832 64.0 178.0 0.0 114.0 11855.0 
242.00524068592074 50.45132743362832 65.0 179.0 0.0 114.0 11855.0 
244.0037341387362 50.8859649122807 65.0 180.0 0.0 116.0 12059.0 
246.00524068592074 50.8859649122807 64.0 180.0 0.0 116.0 12059.0 
248.00524068592074 50.87826086956522 64.0 182.0 0.0 117.0 12180.0 
250.00524068592074 50.87826086956522 66.0 183.0 0.0 117.0 12180.0 
252.00524068592074 52.18260869565218 65.0 184.0 0.0 120.0 12487.0 
254.00524068592074 52.18260869565218 66.0 187.0 0.0 120.0 12487.0 
256.00524068592074 53.052173913043475 67.0 188.0 0.0 122.0 12692.0 
258.00524068592074 53.052173913043475 67.0 189.0 0.0 122.0 12692.0 
260.00524068592074 53.052173913043475 68.0 190.0 0.0 122.0 12692.0 
262.00524068592074 53.48695652173913 67.0 190.0 0.0 123.0 12794.0 
264.00524068592074 53.88793103448276 67.0 193.0 0.0 125.0 12999.0 
266.00524068592074 53.85470085470085 69.0 194.0 0.0 126.0 13221.0 
268.00524068592074 54.282051282051285 67.0 194.0 0.0 127.0 13323.0 
270.00524068592074 54.70940170940171 68.0 195.0 0.0 128.0 13426.0 
272.00524068592074 55.136752136752136 68.0 196.0 0.0 129.0 13529.0 
274.00524068592074 56.84615384615385 67.0 197.0 0.0 133.0 13837.0 
276.00524068592074 57.7008547008547 63.0 198.0 0.0 135.0 14043.0 
278.00524068592074 58.55555555555556 64.0 199.0 0.0 137.0 14248.0 
280.0007833490415 58.55555555555556 62.0 199.0 0.0 137.0 14248.0 
282.00524068592074 58.98290598290598 63.0 202.0 0.0 138.0 14351.0 
284.00524068592074 59.837606837606835 63.0 202.0 0.0 140.0 14556.0 
286.00524068592074 61.547008547008545 60.0 203.0 0.0 144.0 14966.0 
288.00524068592074 62.401709401709404 59.0 205.0 0.0 146.0 15069.0 
290.00524068592074 63.256410256410255 58.0 207.0 0.0 148.0 15274.0 
292.00524068592074 63.256410256410255 61.0 209.0 0.0 148.0 15274.0 
294.00524068592074 63.256410256410255 62.0 210.0 0.0 148.0 15274.0 
296.00524068592074 63.68376068376068 63.0 212.0 0.0 149.0 15377.0 
298.00524068592074 64.11111111111111 63.0 213.0 0.0 150.0 15480.0 
300.00524068592074 64.53846153846153 64.0 217.0 0.0 151.0 15583.0 
302.00524068592074 64.53846153846153 67.0 218.0 0.0 151.0 15583.0 
304.00524068592074 65.26271186440678 66.0 220.0 0.0 154.0 15890.0 
306.00524068592074 66.11016949152543 64.0 221.0 0.0 156.0 16096.0 
308.00524068592074 67.80508474576271 66.0 222.0 0.0 160.0 16505.0 
310.00524068592074 68.22881355932203 62.0 222.0 0.0 161.0 16608.0 
312.00524068592074 68.65254237288136 64.0 226.0 0.0 162.0 16711.0 
314.00524068592074 69.92372881355932 64.0 226.0 0.0 165.0 17020.0 
316.00524068592074 69.92372881355932 62.0 227.0 0.0 165.0 17020.0 
318.00524068592074 69.7563025210084 62.0 229.0 0.0 166.0 17122.0 
320.00524068592074 69.7563025210084 64.0 230.0 0.0 166.0 17122.0 
322.00524068592074 69.59166666666667 65.0 232.0 0.0 167.0 17224.0 
324.00524068592074 69.59166666666667 65.0 232.0 0.0 167.0 17224.0 
326.00524068592074 70.84166666666667 65.0 233.0 0.0 170.0 17533.0 
328.00524068592074 70.84166666666667 66.0 237.0 0.0 170.0 17533.0 
330.00524068592074 71.275 68.0 239.0 0.0 171.0 17656.0 
332.00524068592074 72.525 67.0 240.0 0.0 174.0 17964.0 
334.00524068592074 72.525 66.0 240.0 0.0 174.0 17964.0 
336.00524068592074 72.33884297520662 66.0 240.0 0.0 175.0 18213.0 
338.00524068592074 72.33884297520662 65.0 242.0 0.0 175.0 18213.0 
340.00524068592074 72.33884297520662 67.0 242.0 0.0 175.0 18213.0 
342.00524068592074 73.16528925619835 68.0 245.0 0.0 177.0 18417.0 
344.00524068592074 73.57851239669421 68.0 245.0 0.0 178.0 18520.0 
346.00524068592074 73.79508196721312 66.0 245.0 0.0 180.0 18856.0 
348.00524068592074 73.79508196721312 67.0 247.0 0.0 180.0 18856.0 
350.00524068592074 74.20491803278688 66.0 247.0 0.0 181.0 18958.0 
352.00524068592074 75.02459016393442 66.0 248.0 0.0 183.0 19163.0 
354.00524068592074 75.02459016393442 65.0 248.0 0.0 183.0 19163.0 
356.00524068592074 75.84426229508196 64.0 249.0 0.0 185.0 19368.0 
358.00524068592074 76.6639344262295 63.0 250.0 0.0 187.0 19573.0 
360.00524068592074 77.07377049180329 65.0 252.0 0.0 188.0 19675.0 
362.00524068592074 77.48360655737706 63.0 253.0 0.0 189.0 19777.0 
364.00524068592074 77.48360655737706 64.0 255.0 0.0 189.0 19777.0 
366.00524068592074 77.89344262295081 66.0 255.0 0.0 190.0 19880.0 
368.00524068592074 78.07317073170732 64.0 257.0 0.0 192.0 20086.0 
370.00524068592074 78.47967479674796 65.0 258.0 0.0 193.0 20220.0 
372.00524068592074 78.88617886178862 66.0 259.0 0.0 194.0 20323.0 
374.00524068592074 79.29268292682927 67.0 261.0 0.0 195.0 20425.0 
376.00524068592074 79.29268292682927 67.0 262.0 0.0 195.0 20425.0 
378.00524068592074 79.69918699186992 67.0 263.0 0.0 196.0 20528.0 
380.00524068592074 80.10569105691057 67.0 264.0 0.0 197.0 20630.0 
382.00524068592074 80.10569105691057 68.0 265.0 0.0 197.0 20630.0 
384.00524068592074 80.52032520325203 70.0 267.0 0.0 198.0 20733.0 
386.00524068592074 81.33333333333333 68.0 268.0 0.0 200.0 20939.0 
388.00524068592074 81.73983739837398 68.0 270.0 0.0 201.0 21041.0 
390.00524068592074 81.73983739837398 70.0 272.0 0.0 201.0 21041.0 
392.00524068592074 81.73983739837398 74.0 275.0 0.0 201.0 21041.0 
394.00524068592074 83.36585365853658 73.0 276.0 0.0 205.0 21452.0 
396.00524068592074 83.77235772357724 72.0 279.0 0.0 206.0 21554.0 
398.00524068592074 84.17886178861788 73.0 279.0 0.0 207.0 21656.0 
400.00524068592074 84.58536585365854 74.0 281.0 0.0 208.0 21759.0 
402.00524068592074 84.99186991869918 74.0 282.0 0.0 209.0 21862.0 
404.00524068592074 85.8048780487805 71.0 282.0 0.0 211.0 22067.0 
406.00524068592074 86.21138211382113 72.0 283.0 0.0 212.0 22169.0 
408.00524068592074 86.6178861788618 71.0 284.0 0.0 213.0 22272.0 
410.00524068592074 87.4308943089431 72.0 286.0 0.0 215.0 22478.0 
412.00524068592074 87.4308943089431 73.0 288.0 0.0 215.0 22478.0 
414.00524068592074 88.65040650406505 73.0 289.0 0.0 218.0 22785.0 
416.00524068592074 89.0569105691057 70.0 289.0 0.0 219.0 22888.0 
418.00524068592074 89.46341463414633 71.0 290.0 0.0 220.0 22990.0 
420.00524068592074 89.869918699187 69.0 290.0 0.0 221.0 23092.0 
422.00524068592074 90.6829268292683 68.0 291.0 0.0 223.0 23297.0 
424.00524068592074 91.08943089430893 68.0 292.0 0.0 224.0 23400.0 
426.00524068592074 91.4959349593496 70.0 296.0 0.0 225.0 23503.0 
428.00524068592074 91.90243902439025 71.0 296.0 0.0 226.0 23606.0 
430.00524068592074 93.1219512195122 71.0 300.0 0.0 229.0 23913.0 
432.00524068592074 94.34146341463413 70.0 300.0 0.0 232.0 24220.0 
434.00524068592074 95.15447154471545 67.0 301.0 0.0 234.0 24501.0 
436.0027706673792 95.15447154471545 68.0 302.0 0.0 234.0 24501.0 
438.00524068592074 95.15447154471545 70.0 304.0 0.0 234.0 24501.0 
440.00524068592074 95.15447154471545 71.0 305.0 0.0 234.0 24501.0 
442.00524068592074 95.96747967479675 71.0 307.0 0.0 236.0 24707.0 
444.00524068592074 96.3739837398374 71.0 308.0 0.0 237.0 24809.0 
446.00524068592074 96.0 71.0 308.0 0.0 238.0 24967.0 
448.00524068592074 96.0 70.0 308.0 0.0 238.0 24967.0 
450.00524068592074 96.80645161290323 72.0 310.0 0.0 240.0 25172.0 
452.00524068592074 96.80645161290323 70.0 310.0 0.0 240.0 25172.0 
454.00524068592074 97.20967741935485 70.0 310.0 0.0 241.0 25274.0 
456.00524068592074 97.20967741935485 69.0 310.0 0.0 241.0 25274.0 
458.00524068592074 97.61290322580643 71.0 312.0 0.0 242.0 25376.0 
460.00524068592074 98.01612903225808 69.0 312.0 0.0 243.0 25478.0 
462.00524068592074 99.22580645161288 67.0 312.0 0.0 246.0 25878.0 
464.00524068592074 99.22580645161288 67.0 314.0 0.0 246.0 25878.0 
466.00524068592074 99.62903225806451 67.0 315.0 0.0 247.0 25981.0 
468.00524068592074 100.43548387096774 67.0 316.0 0.0 249.0 26187.0 
470.00524068592074 101.24193548387096 65.0 318.0 0.0 251.0 26416.0 
472.00524068592074 102.04838709677418 66.0 318.0 0.0 253.0 26622.0 
474.00524068592074 102.45161290322582 68.0 322.0 0.0 254.0 26725.0 
476.00524068592074 103.25806451612904 68.0 323.0 0.0 256.0 26930.0 
478.00524068592074 103.25806451612904 69.0 325.0 0.0 256.0 26930.0 
480.00524068592074 103.25806451612904 69.0 325.0 0.0 256.0 26930.0 
482.00524068592074 104.06451612903226 70.0 328.0 0.0 258.0 27135.0 
484.00524068592074 104.46774193548386 70.0 328.0 0.0 259.0 27237.0 
486.00524068592074 105.2741935483871 70.0 330.0 0.0 261.0 27442.0 
488.00524068592074 105.6774193548387 69.0 331.0 0.0 262.0 27544.0 
490.00524068592074 106.08064516129033 69.0 331.0 0.0 263.0 27647.0 
492.00524068592074 106.88709677419355 68.0 333.0 0.0 265.0 27852.0 
494.00524068592074 108.5 66.0 333.0 0.0 269.0 28262.0 
496.00524068592074 109.30645161290323 64.0 335.0 0.0 271.0 28565.0 
498.00524068592074 110.51612903225808 63.0 336.0 0.0 274.0 28893.0 
500.00524068592074 110.51612903225808 62.0 336.0 0.0 274.0 28893.0 
502.00524068592074 111.3225806451613 63.0 338.0 0.0 276.0 29097.0 
504.00524068592074 111.7258064516129 63.0 340.0 0.0 277.0 29200.0 
506.00524068592074 111.7258064516129 63.0 340.0 0.0 277.0 29200.0 
508.00524068592074 112.12903225806451 63.0 340.0 0.0 278.0 29302.0 
510.00524068592074 112.93548387096774 64.0 344.0 0.0 280.0 29614.0 
512.0052406859207 113.74193548387096 63.0 344.0 0.0 282.0 29819.0 
514.0052406859207 114.95161290322581 63.0 346.0 0.0 285.0 30237.0 
516.0052406859207 115.37096774193549 62.0 347.0 0.0 286.0 30340.0 
518.0052406859207 115.37096774193549 61.0 347.0 0.0 286.0 30340.0 
520.0052406859207 115.7741935483871 62.0 348.0 0.0 287.0 30443.0 
522.0052406859207 115.7741935483871 62.0 349.0 0.0 287.0 30443.0 
524.0052406859207 115.7741935483871 64.0 351.0 0.0 287.0 30443.0 
526.0052406859207 116.1774193548387 64.0 352.0 0.0 288.0 30546.0 
528.0052406859207 117.79032258064515 62.0 352.0 0.0 292.0 30957.0 
530.0052406859207 118.19354838709677 59.0 352.0 0.0 293.0 31060.0 
532.0052406859207 119.40322580645162 59.0 352.0 0.0 296.0 31368.0 
534.0052406859207 120.20967741935485 57.0 355.0 0.0 298.0 31664.0 
536.0052406859207 120.61290322580645 59.0 357.0 0.0 299.0 31766.0 
538.0052406859207 121.01612903225808 58.0 358.0 0.0 300.0 31869.0 
540.0052406859207 121.8225806451613 57.0 359.0 0.0 302.0 32074.0 
542.0052406859207 122.2258064516129 57.0 360.0 0.0 303.0 32176.0 
544.0052406859207 123.03225806451614 58.0 361.0 0.0 305.0 32382.0 
546.0052406859207 123.43548387096774 56.0 361.0 0.0 306.0 32484.0 
548.0052406859207 123.43548387096774 56.0 362.0 0.0 306.0 32484.0 
550.0052406859207 123.43548387096774 57.0 364.0 0.0 306.0 32484.0 
552.0052406859207 124.24193548387096 58.0 364.0 0.0 308.0 32688.0 
554.0052406859207 124.24193548387096 57.0 366.0 0.0 308.0 32688.0 
556.0052406859207 124.24193548387096 60.0 368.0 0.0 308.0 32688.0 
558.0052406859207 124.24193548387096 62.0 370.0 0.0 308.0 32688.0 
560.0052406859207 125.04838709677418 61.0 371.0 0.0 310.0 32892.0 
562.0052406859207 125.04838709677418 61.0 371.0 0.0 310.0 32892.0 
564.0052406859207 125.04838709677418 63.0 374.0 0.0 310.0 32892.0 
566.0052406859207 125.45161290322582 65.0 375.0 0.0 311.0 32994.0 
568.0052406859207 125.45161290322582 65.0 376.0 0.0 311.0 32994.0 
570.0052406859207 126.25806451612904 64.0 377.0 0.0 313.0 33199.0 
572.0052406859207 126.25806451612904 64.0 377.0 0.0 313.0 33199.0 
574.0052406859207 126.66129032258065 63.0 377.0 0.0 314.0 33302.0 
576.0052406859207 127.46774193548386 62.0 377.0 0.0 316.0 33507.0 
578.0052406859207 128.2741935483871 61.0 378.0 0.0 318.0 33713.0 
580.0052406859207 129.0806451612903 60.0 379.0 0.0 320.0 33917.0 
582.0052406859207 128.448 58.0 379.0 0.0 321.0 34381.0 
584.0052406859207 129.248 56.0 379.0 0.0 323.0 34585.0 
586.0052406859207 129.648 55.0 379.0 0.0 324.0 34688.0 
588.0052406859207 130.048 57.0 382.0 0.0 325.0 34791.0 
590.0052406859207 130.848 56.0 383.0 0.0 327.0 34997.0 
592.0052406859207 130.848 57.0 384.0 0.0 327.0 34997.0 
594.0052406859207 131.64799999999997 58.0 385.0 0.0 329.0 35202.0 
596.0052406859207 131.64799999999997 56.0 385.0 0.0 329.0 35202.0 
598.0052406859207 131.64799999999997 58.0 387.0 0.0 329.0 35202.0 
600.0052406859207 132.048 58.0 388.0 0.0 330.0 35305.0 
602.0052406859207 132.448 58.0 390.0 0.0 331.0 35408.0 
604.0052406859207 132.848 60.0 392.0 0.0 332.0 35510.0 
606.0052406859207 133.248 60.0 392.0 0.0 333.0 35613.0 
608.0052406859207 133.64799999999997 59.0 393.0 0.0 334.0 35726.0 
610.0052406859207 133.64799999999997 59.0 394.0 0.0 334.0 35726.0 
612.0052406859207 134.848 61.0 395.0 0.0 337.0 36035.0 
614.0052406859207 135.248 57.0 395.0 0.0 338.0 36138.0 
616.0052406859207 136.05599999999998 57.0 396.0 0.0 340.0 36342.0 
618.0052406859207 136.456 56.0 397.0 0.0 341.0 36445.0 
620.0052406859207 136.456 57.0 398.0 0.0 341.0 36445.0 
622.0052406859207 136.856 58.0 399.0 0.0 342.0 36547.0 
624.0052406859207 137.25600000000003 57.0 399.0 0.0 343.0 36650.0 
626.0052406859207 138.456 57.0 402.0 0.0 346.0 36978.0 
628.0052406859207 138.856 56.0 402.0 0.0 347.0 37081.0 
630.0052406859207 138.856 56.0 403.0 0.0 347.0 37081.0 
632.0052406859207 138.856 56.0 403.0 0.0 347.0 37081.0 
634.0052406859207 138.856 57.0 405.0 0.0 347.0 37081.0 
636.0052406859207 139.656 58.0 405.0 0.0 349.0 37287.0 
638.0052406859207 140.856 56.0 407.0 0.0 352.0 37596.0 
640.0052406859207 140.856 56.0 408.0 0.0 352.0 37596.0 
642.0052406859207 141.25600000000003 56.0 409.0 0.0 353.0 37699.0 
644.0052406859207 142.05599999999998 55.0 410.0 0.0 355.0 37905.0 
646.0052406859207 142.856 56.0 412.0 0.0 357.0 38183.0 
648.0052406859207 142.856 56.0 414.0 0.0 357.0 38183.0 
650.0052406859207 143.25600000000003 58.0 417.0 0.0 358.0 38285.0 
652.0052406859207 143.656 61.0 420.0 0.0 359.0 38387.0 
654.0052406859207 144.05599999999998 61.0 422.0 0.0 360.0 38490.0 
656.0052406859207 144.05599999999998 63.0 423.0 0.0 360.0 38490.0 
658.0052406859207 145.25600000000003 62.0 423.0 0.0 363.0 38798.0 
660.0052406859207 146.05599999999998 59.0 424.0 0.0 365.0 39002.0 
662.0052406859207 146.456 58.0 424.0 0.0 366.0 39104.0 
664.0052406859207 146.456 59.0 425.0 0.0 366.0 39104.0 
666.0052406859207 146.856 62.0 428.0 0.0 367.0 39206.0 
668.0052406859207 147.656 59.0 428.0 0.0 369.0 39411.0 
670.0052406859207 148.456 60.0 430.0 0.0 371.0 39719.0 
672.0052406859207 148.856 61.0 432.0 0.0 372.0 39822.0 
674.0052406859207 148.856 61.0 434.0 0.0 372.0 39822.0 
676.0052406859207 148.856 63.0 435.0 0.0 372.0 39822.0 
678.0052406859207 148.856 63.0 435.0 0.0 372.0 39822.0 
680.0052406859207 149.25600000000003 66.0 438.0 0.0 373.0 39924.0 
682.0052406859207 149.656 67.0 440.0 0.0 374.0 40027.0 
684.0052406859207 149.656 66.0 440.0 0.0 374.0 40027.0 
686.0052406859207 149.656 69.0 443.0 0.0 374.0 40027.0 
688.0052406859207 149.656 69.0 443.0 0.0 374.0 40027.0 
690.0052406859207 150.456 70.0 445.0 0.0 376.0 40231.0 
692.0052406859207 151.264 68.0 446.0 0.0 378.0 40437.0 
694.0052406859207 151.664 68.0 447.0 0.0 379.0 40539.0 
696.0052406859207 152.06400000000002 69.0 448.0 0.0 380.0 40642.0 
698.0052406859207 152.06400000000002 68.0 448.0 0.0 380.0 40642.0 
700.0052406859207 152.86399999999998 67.0 449.0 0.0 382.0 40846.0 
702.0052406859207 153.264 66.0 450.0 0.0 383.0 40948.0 
704.0052406859207 153.664 67.0 450.0 0.0 384.0 41050.0 
706.0052406859207 154.86399999999998 65.0 450.0 0.0 387.0 41458.0 
708.0052406859207 155.264 63.0 452.0 0.0 388.0 41561.0 
710.0052406859207 155.264 66.0 454.0 0.0 388.0 41561.0 
712.0052406859207 155.664 65.0 454.0 0.0 389.0 41664.0 
714.0052406859207 156.46400000000003 65.0 456.0 0.0 391.0 41870.0 
716.0052406859207 156.46400000000003 66.0 457.0 0.0 391.0 41870.0 
718.0052406859207 156.86399999999998 67.0 459.0 0.0 392.0 41973.0 
720.0052406859207 157.264 67.0 460.0 0.0 393.0 42139.0 
722.0052406859207 157.664 66.0 460.0 0.0 394.0 42242.0 
724.0052406859207 158.06400000000002 67.0 462.0 0.0 395.0 42345.0 
726.0052406859207 158.06400000000002 68.0 464.0 0.0 395.0 42345.0 
728.0052406859207 159.264 68.0 466.0 0.0 398.0 42652.0 
730.0052406859207 159.264 69.0 467.0 0.0 398.0 42652.0 
732.0052406859207 159.664 69.0 467.0 0.0 399.0 42754.0 
734.0052406859207 159.664 70.0 469.0 0.0 399.0 42754.0 
736.0052406859207 159.664 70.0 469.0 0.0 399.0 42754.0 
738.0052406859207 160.06400000000002 69.0 469.0 0.0 400.0 42857.0 
740.0052406859207 160.46400000000003 70.0 470.0 0.0 401.0 42959.0 
742.0052406859207 161.264 69.0 471.0 0.0 403.0 43164.0 
744.0052406859207 161.664 68.0 471.0 0.0 404.0 43266.0 
746.0052406859207 162.06400000000002 66.0 471.0 0.0 405.0 43368.0 
748.0052406859207 162.86399999999998 66.0 472.0 0.0 407.0 43572.0 
750.0052406859207 163.264 65.0 474.0 0.0 408.0 43674.0 
752.0052406859207 164.46400000000003 67.0 476.0 0.0 411.0 43982.0 
754.0052406859207 166.06400000000002 63.0 476.0 0.0 415.0 44392.0 
756.0052406859207 166.06400000000002 62.0 477.0 0.0 415.0 44392.0 
758.0052406859207 166.46400000000003 61.0 477.0 0.0 416.0 44495.0 
760.0052406859207 166.46400000000003 61.0 477.0 0.0 416.0 44495.0 
762.0052406859207 166.46400000000003 63.0 479.0 0.0 416.0 44495.0 
764.0052406859207 166.86399999999998 63.0 480.0 0.0 417.0 44598.0 
766.0052406859207 167.264 66.0 483.0 0.0 418.0 44701.0 
768.0052406859207 168.46400000000003 65.0 483.0 0.0 421.0 45007.0 
770.0052406859207 168.46400000000003 63.0 484.0 0.0 421.0 45007.0 
772.0052406859207 168.86399999999998 64.0 486.0 0.0 422.0 45110.0 
774.0052406859207 170.06400000000002 64.0 488.0 0.0 425.0 45525.0 
776.0052406859207 170.46400000000003 63.0 489.0 0.0 426.0 45627.0 
778.0052406859207 170.86399999999998 65.0 492.0 0.0 427.0 45729.0 
780.0052406859207 171.264 67.0 494.0 0.0 428.0 45835.0 
782.0052406859207 172.06400000000002 67.0 495.0 0.0 430.0 46039.0 
784.0052406859207 172.86399999999998 65.0 495.0 0.0 432.0 46244.0 
786.0052406859207 172.86399999999998 63.0 495.0 0.0 432.0 46244.0 
788.0052406859207 174.06400000000002 63.0 495.0 0.0 435.0 46552.0 
790.0052406859207 174.06400000000002 62.0 497.0 0.0 435.0 46552.0 
792.0052406859207 174.86399999999998 61.0 498.0 0.0 437.0 46756.0 
794.0052406859207 174.86399999999998 61.0 499.0 0.0 437.0 46756.0 
796.0052406859207 175.664 60.0 499.0 0.0 439.0 47001.0 
798.0052406859207 176.06400000000002 60.0 502.0 0.0 440.0 47103.0 
800.0052406859207 176.06400000000002 63.0 503.0 0.0 440.0 47103.0 
802.0052406859207 176.46400000000003 65.0 505.0 0.0 441.0 47205.0 
804.0052406859207 176.46400000000003 65.0 506.0 0.0 441.0 47205.0 
806.0052406859207 176.86399999999998 65.0 507.0 0.0 442.0 47308.0 
808.0052406859207 176.86399999999998 65.0 508.0 0.0 442.0 47308.0 
810.0052406859207 177.264 67.0 511.0 0.0 443.0 47410.0 
812.0052406859207 178.46400000000003 66.0 512.0 0.0 446.0 47718.0 
814.0052406859207 178.46400000000003 68.0 514.0 0.0 446.0 47718.0 
816.0052406859207 178.86399999999998 69.0 515.0 0.0 447.0 47820.0 
818.0052406859207 179.664 67.0 515.0 0.0 449.0 48026.0 
820.0052406859207 180.06400000000002 66.0 515.0 0.0 450.0 48129.0 
822.0052406859207 180.46400000000003 64.0 515.0 0.0 451.0 48232.0 
824.0052406859207 180.86399999999998 63.0 515.0 0.0 452.0 48335.0 
826.0052406859207 181.264 63.0 515.0 0.0 453.0 48437.0 
828.0052406859207 182.06400000000002 61.0 515.0 0.0 455.0 48643.0 
830.0052406859207 182.86399999999998 58.0 515.0 0.0 457.0 48848.0 
832.0052406859207 183.664 58.0 516.0 0.0 459.0 49054.0 
834.0052406859207 183.664 57.0 516.0 0.0 459.0 49054.0 
836.0052406859207 184.46400000000003 58.0 517.0 0.0 461.0 49260.0 
838.0052406859207 184.46400000000003 56.0 519.0 0.0 461.0 49260.0 
840.0052406859207 184.86399999999998 59.0 521.0 0.0 462.0 49480.0 
842.0052406859207 185.264 62.0 524.0 0.0 463.0 49583.0 
844.0052406859207 185.664 62.0 527.0 0.0 464.0 49685.0 
846.0052406859207 185.664 63.0 527.0 0.0 464.0 49685.0 
848.0052406859207 185.664 63.0 528.0 0.0 464.0 49685.0 
850.0052406859207 186.06400000000002 64.0 528.0 0.0 465.0 49902.0 
852.0052406859207 186.86399999999998 66.0 532.0 0.0 467.0 50107.0 
854.0052406859207 188.06400000000002 63.0 533.0 0.0 470.0 50415.0 
856.0052406859207 188.06400000000002 63.0 533.0 0.0 470.0 50415.0 
858.0052406859207 188.86399999999998 62.0 534.0 0.0 472.0 50703.0 
860.0052406859207 188.86399999999998 62.0 534.0 0.0 472.0 50703.0 
862.0052406859207 188.86399999999998 64.0 536.0 0.0 472.0 50703.0 
864.0052406859207 189.664 63.0 537.0 0.0 474.0 50907.0 
866.0052406859207 190.06400000000002 63.0 537.0 0.0 475.0 51009.0 
868.0052406859207 190.86399999999998 62.0 538.0 0.0 477.0 51213.0 
870.0052406859207 190.86399999999998 64.0 541.0 0.0 477.0 51213.0 
872.0052406859207 190.86399999999998 65.0 542.0 0.0 477.0 51213.0 
874.0052406859207 191.664 64.0 543.0 0.0 479.0 51533.0 
876.0052406859207 192.46400000000003 65.0 545.0 0.0 481.0 51739.0 
878.0052406859207 193.264 63.0 545.0 0.0 483.0 51949.0 
880.0052406859207 194.46400000000003 63.0 546.0 0.0 486.0 52256.0 
882.0052406859207 195.264 61.0 548.0 0.0 488.0 52460.0 
884.0052406859207 195.664 61.0 550.0 0.0 489.0 52562.0 
886.0052406859207 195.664 61.0 550.0 0.0 489.0 52562.0 
888.0052406859207 195.664 61.0 550.0 0.0 489.0 52562.0 
890.0052406859207 195.664 62.0 551.0 0.0 489.0 52562.0 
892.0052406859207 196.46400000000003 62.0 553.0 0.0 491.0 52766.0 
894.0052406859207 196.46400000000003 63.0 554.0 0.0 491.0 52766.0 
896.0052406859207 196.86399999999998 62.0 556.0 0.0 492.0 52869.0 
898.0052406859207 197.264 63.0 557.0 0.0 493.0 52972.0 
900.0052406859207 197.664 65.0 559.0 0.0 494.0 53075.0 
#####################################################################
# End of data export. Simulation finished at: 2020-02-26T15:38+0000 #
#####################################################################
