#####################################################################
# Alchemist log file - simulation started at: 2020-02-09T18:43+0000 #
#####################################################################
# seed = 62.0, taskFrequency = 0.1, cloudcost = 0.0, algorithm = false
#
# The columns have the following meaning: 
# time taskHops[Mean] hasTask[Sum] tasks[Sum] completedTasks[Sum] giveupTasks[Sum] taskLatency[Sum] 
0.0 NaN 0.0 0.0 0.0 0.0 0.0 
2.003808500302469 NaN 24.0 27.0 0.0 0.0 0.0 
4.003808500302469 NaN 40.0 46.0 0.0 0.0 0.0 
6.003808500302469 NaN 56.0 58.0 0.0 0.0 0.0 
8.003808500302469 NaN 64.0 68.0 0.0 0.0 0.0 
10.003808500302469 NaN 78.0 80.0 0.0 0.0 0.0 
12.003808500302469 0.0 87.0 87.0 2.0 0.0 22.0 
14.003808500302469 0.0 92.0 96.0 2.0 0.0 22.0 
16.00380850030247 0.0 96.0 100.0 2.0 0.0 22.0 
18.00380850030247 0.0 101.0 103.0 2.0 0.0 22.0 
20.00380850030247 0.0 103.0 105.0 2.0 0.0 22.0 
22.00380850030247 0.0 107.0 110.0 2.0 0.0 22.0 
24.00380850030247 0.0 112.0 114.0 2.0 0.0 22.0 
26.00380850030247 0.0 113.0 116.0 2.0 0.0 22.0 
28.00380850030247 0.0 115.0 117.0 2.0 0.0 22.0 
30.00380850030247 0.0 116.0 118.0 2.0 0.0 22.0 
32.00380850030247 0.0 117.0 119.0 2.0 0.0 22.0 
34.00380850030247 0.0 118.0 120.0 2.0 0.0 22.0 
36.00380850030247 0.0 117.0 121.0 3.0 0.0 33.0 
38.00380850030247 0.0 119.0 123.0 3.0 0.0 33.0 
40.00380850030247 0.0 121.0 124.0 3.0 0.0 33.0 
42.00380850030247 0.0 122.0 125.0 3.0 0.0 33.0 
44.00380850030247 0.0 123.0 126.0 3.0 0.0 33.0 
46.00380850030247 0.0 123.0 126.0 3.0 0.0 33.0 
48.00380850030247 0.0 123.0 126.0 3.0 0.0 33.0 
50.00380850030247 0.0 123.0 126.0 3.0 0.0 33.0 
52.00380850030247 0.0 123.0 126.0 3.0 0.0 33.0 
54.00380850030247 0.0 124.0 127.0 3.0 0.0 33.0 
56.00380850030247 0.0 124.0 127.0 3.0 0.0 33.0 
58.00380850030247 0.0 124.0 127.0 3.0 0.0 33.0 
60.00380850030247 0.0 124.0 127.0 3.0 0.0 33.0 
62.00380850030247 0.0 125.0 128.0 3.0 0.0 33.0 
64.00380850030247 0.0 125.0 128.0 3.0 0.0 33.0 
66.00380850030247 0.0 125.0 128.0 3.0 0.0 33.0 
68.00380850030247 0.0 125.0 128.0 3.0 0.0 33.0 
70.00380850030247 0.0 125.0 128.0 3.0 0.0 33.0 
72.00380850030247 0.0 125.0 128.0 3.0 0.0 33.0 
74.00380850030247 0.0 125.0 128.0 3.0 0.0 33.0 
76.00380850030247 0.0 125.0 128.0 3.0 0.0 33.0 
78.00380850030247 0.0 125.0 128.0 3.0 0.0 33.0 
80.00380850030247 0.0 125.0 128.0 3.0 0.0 33.0 
82.00380850030247 0.0 125.0 128.0 3.0 0.0 33.0 
84.00380850030247 0.0 125.0 128.0 3.0 0.0 33.0 
86.00380850030247 0.0 125.0 128.0 3.0 0.0 33.0 
88.00380850030247 0.0 125.0 128.0 3.0 0.0 33.0 
90.00380850030247 0.0 125.0 128.0 3.0 0.0 33.0 
92.00380850030247 0.0 125.0 128.0 3.0 0.0 33.0 
94.00380850030247 0.0 125.0 128.0 3.0 0.0 33.0 
96.00380850030247 0.0 125.0 128.0 3.0 0.0 33.0 
98.00380850030247 0.0 125.0 128.0 3.0 0.0 33.0 
100.00380850030247 0.0 125.0 128.0 3.0 0.0 33.0 
102.00380850030247 0.0 125.0 128.0 3.0 0.0 33.0 
104.00380850030247 0.0 124.0 128.0 3.0 17.0 1776.0 
106.00380850030247 0.029411764705882346 101.0 128.0 3.0 32.0 3317.0 
108.00380850030247 0.03999999999999997 83.0 129.0 3.0 48.0 4961.0 
110.00380850030247 0.04918032786885248 76.0 131.0 3.0 59.0 6104.0 
112.00380850030247 0.04054054054054058 62.0 135.0 3.0 72.0 7436.0 
114.00380850030247 0.036144578313253004 60.0 141.0 3.0 81.0 8360.0 
116.00380850030247 0.03333333333333333 53.0 144.0 3.0 88.0 9075.0 
118.00380850030247 0.04255319148936177 55.0 151.0 3.0 92.0 9485.0 
120.00380850030247 0.04040404040404047 58.0 157.0 3.0 97.0 9997.0 
122.00380850030247 0.03960396039603958 61.0 165.0 3.0 99.0 10201.0 
124.00380850030247 0.03846153846153851 63.0 169.0 3.0 102.0 10509.0 
126.00380850030247 0.03773584905660378 66.0 173.0 3.0 104.0 10713.0 
128.00056404901932 0.03738317757009345 71.0 180.0 3.0 105.0 10816.0 
130.00380850030245 0.03669724770642212 78.0 188.0 3.0 107.0 11021.0 
132.00380850030245 0.03636363636363645 80.0 193.0 3.0 108.0 11123.0 
134.00380850030245 0.03603603603603599 86.0 199.0 3.0 109.0 11225.0 
136.00380850030245 0.035714285714285754 91.0 203.0 3.0 110.0 11327.0 
138.00380850030245 0.035714285714285754 95.0 208.0 3.0 110.0 11327.0 
140.00380850030245 0.035398230088495526 97.0 211.0 3.0 112.0 11532.0 
142.00380850030245 0.035087719298245536 100.0 217.0 3.0 113.0 11635.0 
144.00380850030245 0.03478260869565226 102.0 219.0 3.0 114.0 11738.0 
146.00380850030245 0.03478260869565226 102.0 221.0 3.0 115.0 11840.0 
148.00380850030245 0.03478260869565226 107.0 226.0 3.0 115.0 11840.0 
150.00380850030245 0.03478260869565226 110.0 228.0 3.0 115.0 11840.0 
152.00380850030245 0.03478260869565226 112.0 230.0 3.0 115.0 11840.0 
154.00380850030245 0.03478260869565226 112.0 230.0 3.0 115.0 11840.0 
156.00380850030245 0.03448275862068972 112.0 231.0 3.0 116.0 11942.0 
158.00380850030245 0.03448275862068972 117.0 237.0 3.0 116.0 11942.0 
160.00380850030245 0.03448275862068972 118.0 237.0 3.0 116.0 11942.0 
162.00380850030245 0.03448275862068972 118.0 237.0 3.0 116.0 11942.0 
164.00380850030245 0.034188034188034226 121.0 240.0 3.0 117.0 12044.0 
166.00380850030245 0.034188034188034226 120.0 240.0 3.0 117.0 12044.0 
168.00380850030245 0.034188034188034226 122.0 242.0 3.0 117.0 12044.0 
170.00380850030245 0.034188034188034226 122.0 242.0 3.0 117.0 12044.0 
172.00380850030245 0.034188034188034226 122.0 242.0 3.0 117.0 12044.0 
174.00380850030245 0.034188034188034226 122.0 243.0 3.0 117.0 12044.0 
176.00380850030245 0.034188034188034226 123.0 243.0 3.0 117.0 12044.0 
178.00380850030245 0.034188034188034226 123.0 243.0 3.0 117.0 12044.0 
180.00380850030245 0.034188034188034226 125.0 245.0 3.0 117.0 12044.0 
182.00380850030245 0.034188034188034226 125.0 245.0 3.0 117.0 12044.0 
184.00380850030245 0.034188034188034226 125.0 245.0 3.0 117.0 12044.0 
186.00380850030245 0.034188034188034226 125.0 245.0 3.0 117.0 12044.0 
188.00380850030245 0.034188034188034226 125.0 245.0 3.0 117.0 12044.0 
190.00380850030245 0.034188034188034226 125.0 245.0 3.0 117.0 12044.0 
192.00380850030245 0.034188034188034226 125.0 245.0 3.0 117.0 12044.0 
194.00380850030245 0.034188034188034226 125.0 245.0 3.0 117.0 12044.0 
196.00380850030245 0.034188034188034226 125.0 245.0 3.0 117.0 12044.0 
198.00380850030245 0.034188034188034226 125.0 245.0 3.0 117.0 12044.0 
200.00380850030245 0.034188034188034226 125.0 245.0 3.0 117.0 12044.0 
202.00380850030245 0.034188034188034226 125.0 245.0 3.0 117.0 12044.0 
204.00380850030245 0.034188034188034226 125.0 245.0 3.0 117.0 12044.0 
206.00380850030245 0.034188034188034226 125.0 245.0 3.0 117.0 12044.0 
208.00380850030245 0.034188034188034226 125.0 245.0 3.0 117.0 12044.0 
210.00380850030245 0.034188034188034226 125.0 246.0 3.0 118.0 12146.0 
212.00380850030245 0.033898305084745825 124.0 246.0 3.0 121.0 12559.0 
214.00380850030245 0.033898305084745825 121.0 246.0 3.0 123.0 12763.0 
216.00380850030245 0.033898305084745825 117.0 246.0 3.0 130.0 13481.0 
218.00380850030245 0.033898305084745825 112.0 246.0 3.0 133.0 13790.0 
220.00380850030245 0.033898305084745825 109.0 246.0 3.0 139.0 14407.0 
222.00380850030245 0.033898305084745825 98.0 247.0 3.0 147.0 15226.0 
224.00380850030245 0.033613445378151294 98.0 249.0 3.0 154.0 16062.0 
226.00380850030245 0.033613445378151294 93.0 251.0 3.0 156.0 16267.0 
228.00380850030245 0.033613445378151294 92.0 255.0 3.0 162.0 16884.0 
230.00380850030245 0.033613445378151294 91.0 258.0 3.0 168.0 17501.0 
232.00380850030245 0.033613445378151294 85.0 260.0 3.0 177.0 18423.0 
234.00380850030245 0.04201680672268915 80.0 263.0 3.0 183.0 18834.0 
236.00380850030245 0.04201680672268915 75.0 265.0 3.0 190.0 19552.0 
238.00380850030245 0.0416666666666667 76.0 272.0 3.0 196.0 20261.0 
240.00380716363213 0.0416666666666667 73.0 277.0 3.0 201.0 20773.0 
242.00380850030245 0.0416666666666667 74.0 282.0 4.0 205.0 21212.0 
244.00380850030245 0.0416666666666667 77.0 287.0 4.0 210.0 21724.0 
246.00380850030245 0.0416666666666667 77.0 293.0 4.0 212.0 21929.0 
248.00380850030245 0.0416666666666667 79.0 297.0 4.0 214.0 22134.0 
250.00380850030245 0.04132231404958676 80.0 300.0 4.0 219.0 22773.0 
252.00380850030245 0.04098360655737705 78.0 305.0 5.0 223.0 23344.0 
254.00380850030245 0.04098360655737705 81.0 309.0 5.0 225.0 23549.0 
256.00380850030245 0.04098360655737705 82.0 312.0 5.0 225.0 23549.0 
258.00380850030245 0.04098360655737705 88.0 320.0 5.0 226.0 23651.0 
260.00380850030245 0.04098360655737705 91.0 326.0 5.0 230.0 24060.0 
262.00380850030245 0.04098360655737705 93.0 331.0 5.0 231.0 24163.0 
264.00380850030245 0.04098360655737705 97.0 333.0 5.0 231.0 24163.0 
266.00380850030245 0.04098360655737705 100.0 338.0 5.0 234.0 24470.0 
268.00380850030245 0.04098360655737705 101.0 341.0 5.0 234.0 24470.0 
270.00380850030245 0.04098360655737705 103.0 344.0 5.0 236.0 24675.0 
272.00380850030245 0.04098360655737705 105.0 347.0 5.0 236.0 24675.0 
274.00380850030245 0.04098360655737705 107.0 349.0 6.0 236.0 24687.0 
276.0020084133723 0.04098360655737705 108.0 351.0 6.0 236.0 24687.0 
278.00380850030245 0.04098360655737705 110.0 353.0 6.0 237.0 24790.0 
280.00380850030245 0.04098360655737705 112.0 355.0 6.0 237.0 24790.0 
282.00380850030245 0.04098360655737705 110.0 355.0 6.0 239.0 24994.0 
284.00380850030245 0.04098360655737705 111.0 356.0 6.0 239.0 24994.0 
286.00380850030245 0.04098360655737705 112.0 357.0 6.0 239.0 24994.0 
288.00380850030245 0.04098360655737705 113.0 358.0 6.0 239.0 24994.0 
290.00380850030245 0.04098360655737705 114.0 359.0 6.0 239.0 24994.0 
292.00380850030245 0.04098360655737705 114.0 359.0 6.0 239.0 24994.0 
294.00380850030245 0.04098360655737705 115.0 360.0 6.0 239.0 24994.0 
296.00380850030245 0.04098360655737705 116.0 361.0 6.0 239.0 24994.0 
298.00380850030245 0.04098360655737705 118.0 363.0 6.0 239.0 24994.0 
300.00380850030245 0.04098360655737705 118.0 363.0 6.0 239.0 24994.0 
302.00380850030245 0.04098360655737705 119.0 364.0 6.0 239.0 24994.0 
304.00380850030245 0.04098360655737705 120.0 365.0 6.0 239.0 24994.0 
306.00380850030245 0.04098360655737705 121.0 367.0 6.0 239.0 24994.0 
308.00380850030245 0.04098360655737705 121.0 367.0 7.0 239.0 25005.0 
310.00380850030245 0.04098360655737705 122.0 368.0 7.0 239.0 25005.0 
312.00380850030245 0.04098360655737705 122.0 368.0 7.0 240.0 25107.0 
314.00380850030245 0.04098360655737705 122.0 369.0 7.0 240.0 25107.0 
316.00380850030245 0.04098360655737705 122.0 369.0 7.0 240.0 25107.0 
318.00380850030245 0.04098360655737705 122.0 369.0 7.0 240.0 25107.0 
320.00380850030245 0.04098360655737705 123.0 370.0 7.0 240.0 25107.0 
322.00380850030245 0.04098360655737705 123.0 370.0 7.0 240.0 25107.0 
324.00380850030245 0.04098360655737705 124.0 371.0 7.0 240.0 25107.0 
326.00380850030245 0.04098360655737705 123.0 371.0 7.0 243.0 25416.0 
328.00380850030245 0.04098360655737705 120.0 371.0 7.0 244.0 25518.0 
330.00380850030245 0.04098360655737705 120.0 371.0 7.0 247.0 25824.0 
332.00380850030245 0.04098360655737705 116.0 371.0 7.0 250.0 26131.0 
334.00380850030245 0.04098360655737705 114.0 372.0 7.0 251.0 26233.0 
336.00380850030245 0.04098360655737705 114.0 373.0 7.0 252.0 26336.0 
338.00380850030245 0.04098360655737705 114.0 375.0 7.0 255.0 26643.0 
340.00380850030245 0.04098360655737705 110.0 375.0 7.0 261.0 27257.0 
342.00380850030245 0.04098360655737705 107.0 376.0 7.0 264.0 27564.0 
344.00380850030245 0.04098360655737705 104.0 379.0 7.0 267.0 27870.0 
346.00380850030245 0.04098360655737705 99.0 379.0 7.0 276.0 28885.0 
348.00380850030245 0.04098360655737705 94.0 380.0 7.0 280.0 29293.0 
350.00380850030245 0.04098360655737705 89.0 380.0 7.0 285.0 29805.0 
352.00380850030245 0.04098360655737705 85.0 380.0 7.0 288.0 30111.0 
354.00380850030245 0.04098360655737705 89.0 385.0 7.0 291.0 30418.0 
356.00380850030245 0.04098360655737705 87.0 388.0 7.0 298.0 31242.0 
358.00380850030245 0.04098360655737705 87.0 393.0 7.0 301.0 31551.0 
360.00380850030245 0.04098360655737705 86.0 399.0 7.0 307.0 32165.0 
362.00380850030245 0.04098360655737705 86.0 403.0 7.0 312.0 32678.0 
364.00143522737574 0.04098360655737705 86.0 407.0 7.0 316.0 33089.0 
366.00380850030245 0.04098360655737705 85.0 411.0 7.0 321.0 33609.0 
368.00380850030245 0.04098360655737705 86.0 418.0 7.0 326.0 34119.0 
370.00380850030245 0.04098360655737705 86.0 419.0 7.0 327.0 34221.0 
372.00380850030245 0.04098360655737705 85.0 423.0 7.0 329.0 34426.0 
374.00380850030245 0.04098360655737705 86.0 426.0 7.0 333.0 34837.0 
376.00380850030245 0.04098360655737705 87.0 430.0 7.0 336.0 35144.0 
378.00380850030245 0.04098360655737705 91.0 435.0 7.0 337.0 35246.0 
380.00380850030245 0.04098360655737705 90.0 438.0 7.0 340.0 35553.0 
382.00342355686746 0.04098360655737705 92.0 439.0 7.0 342.0 35759.0 
384.00380850030245 0.04098360655737705 92.0 442.0 7.0 342.0 35759.0 
386.00380850030245 0.04098360655737705 94.0 443.0 7.0 343.0 35861.0 
388.00380850030245 0.04098360655737705 97.0 447.0 7.0 344.0 35964.0 
390.00380850030245 0.04098360655737705 99.0 452.0 7.0 345.0 36066.0 
392.00380850030245 0.04098360655737705 102.0 455.0 7.0 346.0 36168.0 
394.00380850030245 0.04098360655737705 103.0 456.0 7.0 346.0 36168.0 
396.00380850030245 0.04098360655737705 105.0 458.0 7.0 347.0 36270.0 
398.0020567690967 0.04098360655737705 106.0 460.0 7.0 347.0 36270.0 
400.00380850030245 0.04098360655737705 108.0 465.0 7.0 349.0 36474.0 
402.00380850030245 0.04098360655737705 111.0 467.0 7.0 349.0 36474.0 
404.00380850030245 0.04098360655737705 110.0 468.0 7.0 350.0 36576.0 
406.00380850030245 0.04098360655737705 110.0 468.0 7.0 351.0 36678.0 
408.00380850030245 0.04098360655737705 111.0 469.0 7.0 352.0 36781.0 
410.00380850030245 0.04098360655737705 112.0 473.0 7.0 353.0 36884.0 
412.00380850030245 0.04098360655737705 114.0 474.0 7.0 354.0 36987.0 
414.00380850030245 0.04098360655737705 114.0 476.0 7.0 354.0 36987.0 
416.00380850030245 0.04098360655737705 115.0 477.0 7.0 355.0 37089.0 
418.00380850030245 0.04098360655737705 115.0 478.0 7.0 355.0 37089.0 
420.00380850030245 0.04098360655737705 117.0 479.0 7.0 355.0 37089.0 
422.00380850030245 0.04098360655737705 117.0 480.0 7.0 356.0 37191.0 
424.00380850030245 0.04098360655737705 117.0 480.0 7.0 356.0 37191.0 
426.00380850030245 0.04098360655737705 117.0 481.0 7.0 357.0 37293.0 
428.00380850030245 0.04098360655737705 117.0 481.0 7.0 357.0 37293.0 
430.00380850030245 0.04098360655737705 118.0 484.0 7.0 357.0 37293.0 
432.00380850030245 0.04098360655737705 120.0 484.0 7.0 357.0 37293.0 
434.00380850030245 0.04098360655737705 120.0 484.0 7.0 357.0 37293.0 
436.00380850030245 0.04098360655737705 120.0 485.0 7.0 358.0 37396.0 
438.00380850030245 0.04098360655737705 121.0 486.0 7.0 359.0 37498.0 
440.00380850030245 0.04098360655737705 120.0 486.0 7.0 361.0 37704.0 
442.00380850030245 0.04098360655737705 118.0 486.0 7.0 361.0 37704.0 
444.00380850030245 0.04098360655737705 119.0 487.0 7.0 362.0 37806.0 
446.00380850030245 0.04098360655737705 118.0 488.0 7.0 363.0 37908.0 
448.00380850030245 0.04098360655737705 116.0 488.0 7.0 365.0 38114.0 
450.00380850030245 0.04098360655737705 116.0 490.0 7.0 366.0 38217.0 
452.00380850030245 0.04098360655737705 117.0 490.0 7.0 366.0 38217.0 
454.00380850030245 0.04098360655737705 115.0 490.0 7.0 368.0 38652.0 
456.00380850030245 0.04098360655737705 115.0 491.0 7.0 373.0 39164.0 
458.00380850030245 0.04098360655737705 113.0 493.0 7.0 376.0 39471.0 
460.00380850030245 0.04098360655737705 109.0 493.0 7.0 380.0 39881.0 
462.00380850030245 0.04098360655737705 104.0 493.0 7.0 384.0 40291.0 
464.00380850030245 0.04098360655737705 102.0 495.0 7.0 388.0 40702.0 
466.00380850030245 0.04098360655737705 99.0 497.0 7.0 394.0 41319.0 
468.00380850030245 0.04098360655737705 96.0 500.0 7.0 397.0 41626.0 
470.00380850030245 0.04098360655737705 93.0 501.0 7.0 402.0 42138.0 
472.00380850030245 0.04098360655737705 94.0 507.0 7.0 406.0 42549.0 
474.00380850030245 0.04098360655737705 94.0 510.0 7.0 408.0 42753.0 
476.0033172565435 0.04098360655737705 95.0 514.0 7.0 412.0 43163.0 
478.00380850030245 0.04098360655737705 96.0 518.0 7.0 416.0 43575.0 
480.00380850030245 0.04098360655737705 96.0 521.0 7.0 422.0 44209.0 
482.00380850030245 0.04098360655737705 92.0 523.0 7.0 423.0 44311.0 
484.00380850030245 0.04098360655737705 93.0 525.0 7.0 426.0 44619.0 
486.00380850030245 0.04098360655737705 94.0 529.0 7.0 428.0 44823.0 
488.00380850030245 0.04098360655737705 95.0 531.0 7.0 430.0 45028.0 
490.00380850030245 0.04098360655737705 95.0 535.0 7.0 434.0 45437.0 
492.00380850030245 0.04098360655737705 98.0 541.0 7.0 437.0 45744.0 
494.00380850030245 0.04098360655737705 95.0 541.0 7.0 441.0 46155.0 
496.00380850030245 0.04098360655737705 93.0 545.0 7.0 443.0 46360.0 
498.00380850030245 0.04098360655737705 95.0 548.0 7.0 446.0 46820.0 
500.00380850030245 0.04098360655737705 99.0 553.0 7.0 448.0 47026.0 
502.00380850030245 0.04098360655737705 97.0 555.0 7.0 450.0 47230.0 
504.00380850030245 0.04098360655737705 98.0 559.0 7.0 454.0 47641.0 
506.00380850030245 0.04098360655737705 100.0 562.0 7.0 454.0 47641.0 
508.00380850030245 0.04098360655737705 103.0 566.0 7.0 455.0 47744.0 
510.00306879664464 0.04098360655737705 105.0 567.0 7.0 456.0 47846.0 
512.0032784688997 0.04098360655737705 103.0 567.0 7.0 459.0 48152.0 
514.0038085003025 0.04098360655737705 101.0 568.0 7.0 461.0 48357.0 
516.0038085003025 0.04098360655737705 101.0 570.0 7.0 462.0 48459.0 
518.0038085003025 0.04098360655737705 102.0 574.0 7.0 464.0 48664.0 
520.0038085003025 0.04098360655737705 109.0 581.0 7.0 464.0 48664.0 
522.0038085003025 0.04098360655737705 110.0 583.0 7.0 466.0 48869.0 
524.0038085003025 0.04098360655737705 111.0 585.0 7.0 467.0 48971.0 
526.0038085003025 0.04098360655737705 111.0 585.0 7.0 467.0 48971.0 
528.0004298490396 0.04098360655737705 112.0 587.0 7.0 467.0 48971.0 
530.0038085003025 0.04098360655737705 114.0 589.0 7.0 468.0 49074.0 
532.0038085003025 0.04098360655737705 114.0 589.0 7.0 469.0 49177.0 
534.0038085003025 0.04098360655737705 113.0 592.0 7.0 471.0 49383.0 
536.0038085003025 0.04098360655737705 114.0 592.0 7.0 471.0 49383.0 
538.0038085003025 0.04098360655737705 116.0 594.0 7.0 471.0 49383.0 
540.0038085003025 0.04098360655737705 117.0 596.0 7.0 473.0 49589.0 
542.0038085003025 0.04098360655737705 116.0 596.0 7.0 473.0 49589.0 
544.0038085003025 0.04098360655737705 117.0 597.0 7.0 473.0 49589.0 
546.0038085003025 0.04098360655737705 117.0 597.0 7.0 474.0 49691.0 
548.0038085003025 0.04098360655737705 116.0 597.0 7.0 475.0 49794.0 
550.0038085003025 0.04098360655737705 116.0 598.0 7.0 475.0 49794.0 
552.0038085003025 0.04098360655737705 117.0 599.0 7.0 476.0 49896.0 
554.0038085003025 0.04098360655737705 115.0 600.0 7.0 477.0 49999.0 
556.0038085003025 0.04098360655737705 116.0 600.0 7.0 477.0 49999.0 
558.0038085003025 0.04098360655737705 116.0 600.0 7.0 478.0 50102.0 
560.0038085003025 0.04098360655737705 116.0 601.0 7.0 480.0 50307.0 
562.0038085003025 0.04098360655737705 114.0 601.0 7.0 480.0 50307.0 
564.0038085003025 0.04098360655737705 116.0 603.0 7.0 480.0 50307.0 
566.0038085003025 0.04098360655737705 117.0 605.0 7.0 482.0 50512.0 
568.0038085003025 0.04098360655737705 116.0 605.0 7.0 483.0 50615.0 
570.0038085003025 0.04098360655737705 115.0 606.0 7.0 486.0 50922.0 
572.0038085003025 0.04098360655737705 113.0 607.0 7.0 488.0 51128.0 
574.0038085003025 0.04098360655737705 112.0 608.0 7.0 494.0 51741.0 
576.0038085003025 0.04098360655737705 106.0 608.0 7.0 495.0 51844.0 
578.0038085003025 0.04098360655737705 103.0 609.0 7.0 500.0 52358.0 
580.0038085003025 0.04098360655737705 103.0 611.0 7.0 503.0 52667.0 
582.0038085003025 0.04098360655737705 98.0 613.0 7.0 508.0 53179.0 
584.0038085003025 0.04098360655737705 99.0 615.0 7.0 509.0 53282.0 
586.0038085003025 0.04098360655737705 98.0 617.0 7.0 512.0 53589.0 
588.0038085003025 0.04098360655737705 99.0 619.0 7.0 514.0 53793.0 
590.0038085003025 0.04098360655737705 100.0 623.0 7.0 517.0 54101.0 
592.0038085003025 0.040650406504065095 98.0 625.0 7.0 521.0 54977.0 
594.0038085003025 0.040322580645161234 96.0 628.0 7.0 527.0 56072.0 
596.0038085003025 0.040322580645161234 92.0 628.0 8.0 528.0 56187.0 
598.0038085003025 0.040322580645161234 93.0 630.0 8.0 530.0 56391.0 
600.0038085003025 0.040322580645161234 90.0 632.0 8.0 535.0 57001.0 
602.0038085003025 0.040322580645161234 91.0 637.0 8.0 540.0 57514.0 
604.0038085003025 0.040322580645161234 89.0 640.0 8.0 542.0 57719.0 
606.0038085003025 0.040322580645161234 89.0 641.0 8.0 545.0 58028.0 
608.0038085003025 0.040322580645161234 91.0 648.0 8.0 548.0 58335.0 
610.0038085003025 0.040322580645161234 91.0 649.0 8.0 552.0 58744.0 
612.0038085003025 0.040322580645161234 89.0 650.0 8.0 554.0 58950.0 
614.0038085003025 0.040322580645161234 90.0 653.0 8.0 554.0 58950.0 
616.0038085003025 0.040322580645161234 92.0 658.0 8.0 555.0 59052.0 
618.0038085003025 0.040322580645161234 95.0 660.0 8.0 557.0 59256.0 
620.0038085003025 0.040322580645161234 99.0 666.0 8.0 561.0 59698.0 
622.0038085003025 0.040322580645161234 94.0 668.0 8.0 568.0 60415.0 
624.0038085003025 0.040322580645161234 96.0 673.0 8.0 570.0 60620.0 
626.0038085003025 0.040322580645161234 97.0 676.0 8.0 573.0 60929.0 
628.0038085003025 0.040322580645161234 96.0 678.0 8.0 573.0 60929.0 
630.0038085003025 0.040322580645161234 101.0 682.0 8.0 574.0 61032.0 
632.0038085003025 0.040322580645161234 98.0 684.0 8.0 577.0 61339.0 
634.0033185934531 0.040322580645161234 101.0 687.0 8.0 577.0 61339.0 
636.0038085003025 0.040322580645161234 102.0 688.0 8.0 579.0 61543.0 
638.0038085003025 0.040322580645161234 103.0 692.0 8.0 580.0 61646.0 
640.0038085003025 0.040322580645161234 105.0 695.0 8.0 582.0 61850.0 
642.0038085003025 0.040322580645161234 105.0 695.0 8.0 584.0 62055.0 
644.0038085003025 0.040322580645161234 106.0 699.0 8.0 584.0 62055.0 
646.0038085003025 0.040322580645161234 109.0 702.0 8.0 585.0 62158.0 
648.0038085003025 0.040322580645161234 110.0 703.0 8.0 585.0 62158.0 
650.0038085003025 0.040322580645161234 110.0 704.0 9.0 585.0 62170.0 
652.0008414872724 0.040322580645161234 111.0 708.0 9.0 586.0 62272.0 
654.0038085003025 0.040322580645161234 114.0 710.0 9.0 587.0 62375.0 
656.0038085003025 0.040322580645161234 115.0 711.0 9.0 587.0 62375.0 
658.0038085003025 0.040322580645161234 115.0 712.0 9.0 588.0 62478.0 
660.0038085003025 0.040322580645161234 116.0 715.0 9.0 588.0 62478.0 
662.0038085003025 0.040322580645161234 119.0 716.0 9.0 589.0 62581.0 
664.0038085003025 0.040322580645161234 119.0 717.0 9.0 589.0 62581.0 
666.0038085003025 0.040322580645161234 118.0 717.0 9.0 591.0 62786.0 
668.0038085003025 0.040322580645161234 117.0 717.0 9.0 592.0 62888.0 
670.0038085003025 0.040322580645161234 115.0 717.0 9.0 593.0 62991.0 
672.0038085003025 0.040322580645161234 117.0 719.0 9.0 594.0 63093.0 
674.0038085003025 0.040322580645161234 116.0 719.0 9.0 595.0 63195.0 
676.0038085003025 0.040322580645161234 116.0 720.0 9.0 596.0 63297.0 
678.0038085003025 0.040322580645161234 117.0 722.0 9.0 596.0 63297.0 
680.0038085003025 0.040322580645161234 117.0 723.0 9.0 596.0 63297.0 
682.0038085003025 0.040322580645161234 117.0 723.0 9.0 598.0 63503.0 
684.0038085003025 0.040322580645161234 115.0 723.0 9.0 600.0 63710.0 
686.0038085003025 0.040322580645161234 115.0 725.0 9.0 601.0 63813.0 
688.0038085003025 0.040322580645161234 114.0 725.0 9.0 603.0 64018.0 
690.0038085003025 0.040322580645161234 113.0 727.0 9.0 606.0 64325.0 
692.0038085003025 0.040322580645161234 111.0 728.0 9.0 610.0 64736.0 
694.0038085003025 0.040322580645161234 109.0 728.0 9.0 610.0 64736.0 
696.0038085003025 0.040322580645161234 109.0 731.0 9.0 614.0 65147.0 
698.0038085003025 0.040322580645161234 108.0 732.0 9.0 615.0 65250.0 
700.0038085003025 0.040322580645161234 108.0 733.0 9.0 618.0 65887.0 
702.0038085003025 0.040322580645161234 106.0 733.0 9.0 618.0 65887.0 
704.0038085003025 0.040322580645161234 104.0 733.0 9.0 622.0 66296.0 
706.0038085003025 0.040322580645161234 100.0 734.0 9.0 626.0 66707.0 
708.0038085003025 0.040322580645161234 101.0 739.0 9.0 627.0 66810.0 
710.0038085003025 0.040322580645161234 101.0 740.0 9.0 633.0 67425.0 
712.0038085003025 0.040322580645161234 99.0 743.0 9.0 636.0 67733.0 
714.0038085003025 0.040322580645161234 99.0 745.0 9.0 637.0 67836.0 
716.0038085003025 0.040322580645161234 100.0 748.0 9.0 639.0 68041.0 
718.0038085003025 0.040322580645161234 102.0 753.0 9.0 642.0 68349.0 
720.0038085003025 0.040322580645161234 102.0 756.0 9.0 646.0 68761.0 
722.0038085003025 0.040322580645161234 100.0 758.0 9.0 651.0 69272.0 
724.0038085003025 0.040322580645161234 98.0 762.0 9.0 654.0 69579.0 
726.0002983316945 0.040322580645161234 97.0 764.0 9.0 659.0 70090.0 
728.0038085003025 0.040322580645161234 95.0 766.0 9.0 662.0 70398.0 
730.0038085003025 0.040322580645161234 95.0 766.0 9.0 663.0 70501.0 
732.0038085003025 0.040322580645161234 95.0 769.0 9.0 668.0 71013.0 
734.0038085003025 0.040322580645161234 92.0 770.0 9.0 669.0 71116.0 
736.0038085003025 0.040322580645161234 91.0 772.0 9.0 672.0 71424.0 
738.0038085003025 0.040322580645161234 92.0 774.0 9.0 674.0 71629.0 
740.0038085003025 0.040322580645161234 95.0 779.0 9.0 676.0 71833.0 
742.0038085003025 0.040322580645161234 95.0 783.0 9.0 680.0 72243.0 
744.0038085003025 0.040322580645161234 100.0 790.0 9.0 680.0 72243.0 
746.0038085003025 0.040322580645161234 100.0 794.0 9.0 683.0 72549.0 
748.0038085003025 0.040322580645161234 104.0 797.0 9.0 685.0 72755.0 
750.0038085003025 0.040322580645161234 104.0 799.0 9.0 687.0 72960.0 
752.0038085003025 0.040322580645161234 103.0 799.0 9.0 687.0 72960.0 
754.0038085003025 0.040322580645161234 102.0 800.0 9.0 689.0 73165.0 
756.0038085003025 0.040322580645161234 102.0 803.0 9.0 693.0 73583.0 
758.0038085003025 0.040322580645161234 100.0 805.0 9.0 695.0 73788.0 
760.0038085003025 0.040322580645161234 104.0 809.0 9.0 697.0 74030.0 
762.0038085003025 0.040322580645161234 105.0 811.0 9.0 698.0 74132.0 
764.0038085003025 0.040322580645161234 102.0 812.0 9.0 701.0 74440.0 
766.0038085003025 0.040322580645161234 106.0 816.0 9.0 702.0 74543.0 
768.0038085003025 0.040322580645161234 106.0 818.0 9.0 702.0 74543.0 
770.0027153618927 0.040322580645161234 108.0 819.0 9.0 702.0 74543.0 
772.0038085003025 0.040322580645161234 108.0 819.0 9.0 702.0 74543.0 
774.0038085003025 0.040322580645161234 111.0 822.0 9.0 704.0 74748.0 
776.0038085003025 0.040322580645161234 109.0 823.0 9.0 704.0 74748.0 
778.0038085003025 0.040322580645161234 111.0 824.0 9.0 705.0 74851.0 
780.0038085003025 0.040322580645161234 109.0 827.0 9.0 707.0 75055.0 
782.0038085003025 0.040322580645161234 112.0 828.0 9.0 707.0 75055.0 
784.0038085003025 0.040322580645161234 111.0 829.0 9.0 708.0 75158.0 
786.0038085003025 0.040322580645161234 113.0 830.0 9.0 708.0 75158.0 
788.0038085003025 0.040322580645161234 113.0 831.0 9.0 711.0 75551.0 
790.0038085003025 0.040322580645161234 114.0 834.0 9.0 711.0 75551.0 
792.0038085003025 0.040322580645161234 116.0 836.0 9.0 713.0 75757.0 
794.0038085003025 0.040322580645161234 114.0 836.0 9.0 713.0 75757.0 
796.0038085003025 0.040322580645161234 114.0 837.0 9.0 714.0 75860.0 
798.0038085003025 0.040322580645161234 114.0 839.0 9.0 716.0 76064.0 
800.0038085003025 0.040322580645161234 115.0 841.0 9.0 717.0 76167.0 
802.0038085003025 0.040322580645161234 115.0 842.0 9.0 718.0 76269.0 
804.0038085003025 0.040322580645161234 116.0 843.0 9.0 718.0 76269.0 
806.0038085003025 0.040322580645161234 116.0 843.0 9.0 718.0 76269.0 
808.0038085003025 0.040322580645161234 118.0 846.0 9.0 718.0 76269.0 
810.0038085003025 0.040322580645161234 118.0 847.0 9.0 722.0 76678.0 
812.0038085003025 0.040322580645161234 114.0 847.0 9.0 725.0 76986.0 
814.0038085003025 0.040322580645161234 112.0 847.0 9.0 728.0 77293.0 
816.0038085003025 0.040322580645161234 111.0 848.0 9.0 729.0 77395.0 
818.0038085003025 0.040322580645161234 109.0 848.0 9.0 732.0 77703.0 
820.0038085003025 0.040322580645161234 105.0 850.0 9.0 737.0 78215.0 
822.0038085003025 0.040322580645161234 104.0 852.0 9.0 741.0 78626.0 
824.0038085003025 0.040322580645161234 103.0 855.0 9.0 742.0 78729.0 
826.0038085003025 0.040322580645161234 104.0 858.0 9.0 745.0 79255.0 
828.0038085003025 0.040322580645161234 102.0 859.0 9.0 747.0 79460.0 
830.0026527423287 0.040322580645161234 104.0 863.0 9.0 748.0 79562.0 
832.0038085003025 0.040322580645161234 105.0 864.0 9.0 749.0 79665.0 
834.0038085003025 0.040322580645161234 105.0 864.0 9.0 752.0 79973.0 
836.0038085003025 0.040322580645161234 104.0 866.0 9.0 753.0 80432.0 
838.0038085003025 0.040322580645161234 105.0 868.0 9.0 755.0 80638.0 
840.0038085003025 0.040322580645161234 104.0 869.0 9.0 757.0 80844.0 
842.0038085003025 0.040322580645161234 102.0 870.0 9.0 762.0 81355.0 
844.0038085003025 0.040322580645161234 101.0 872.0 9.0 765.0 81662.0 
846.0038085003025 0.040322580645161234 93.0 872.0 9.0 773.0 82572.0 
848.0038085003025 0.040322580645161234 91.0 875.0 9.0 776.0 82879.0 
850.0038018211059 0.040322580645161234 94.0 881.0 9.0 781.0 83392.0 
852.0038085003025 0.040322580645161234 94.0 886.0 9.0 783.0 83597.0 
854.0038085003025 0.040322580645161234 98.0 890.0 9.0 783.0 83597.0 
856.0038085003025 0.040322580645161234 101.0 895.0 9.0 784.0 83700.0 
858.0038085003025 0.040322580645161234 104.0 898.0 9.0 786.0 83905.0 
860.0038085003025 0.040322580645161234 104.0 900.0 9.0 788.0 84110.0 
862.0038085003025 0.040322580645161234 100.0 900.0 9.0 793.0 84621.0 
864.0038085003025 0.040322580645161234 99.0 904.0 9.0 795.0 84825.0 
866.0038085003025 0.040322580645161234 101.0 905.0 9.0 796.0 84927.0 
868.0038085003025 0.040322580645161234 102.0 908.0 9.0 799.0 85234.0 
870.0038085003025 0.040322580645161234 101.0 912.0 9.0 801.0 85485.0 
872.0038085003025 0.040322580645161234 101.0 915.0 9.0 803.0 85690.0 
874.0038085003025 0.040322580645161234 104.0 916.0 9.0 803.0 85690.0 
876.0038085003025 0.040322580645161234 106.0 918.0 9.0 805.0 85895.0 
878.0038085003025 0.040322580645161234 105.0 919.0 9.0 805.0 85895.0 
880.0038085003025 0.040322580645161234 105.0 920.0 9.0 807.0 86100.0 
882.0038085003025 0.040322580645161234 104.0 920.0 9.0 808.0 86203.0 
884.0038085003025 0.040322580645161234 104.0 923.0 9.0 811.0 86512.0 
886.0038085003025 0.040322580645161234 106.0 929.0 9.0 811.0 86512.0 
888.0038085003025 0.040322580645161234 109.0 932.0 9.0 813.0 86718.0 
890.0038085003025 0.040322580645161234 115.0 937.0 10.0 814.0 86832.0 
892.0038085003025 0.040322580645161234 112.0 938.0 10.0 817.0 87139.0 
894.0038085003025 0.040322580645161234 111.0 940.0 10.0 820.0 87509.0 
896.0038085003025 0.040322580645161234 112.0 943.0 10.0 821.0 87709.0 
898.0038085003025 0.040322580645161234 112.0 943.0 10.0 822.0 87812.0 
900.0038085003025 0.040322580645161234 111.0 944.0 10.0 823.0 87915.0 
#####################################################################
# End of data export. Simulation finished at: 2020-02-09T18:44+0000 #
#####################################################################
