#####################################################################
# Alchemist log file - simulation started at: 2020-02-18T09:30+0000 #
#####################################################################
# seed = 74.0, taskFrequency = 0.00316, cloudcost = 17.0, algorithm = false
#
# The columns have the following meaning: 
# time taskHops[Mean] hasTask[Sum] tasks[Sum] completedTasks[Sum] giveupTasks[Sum] taskLatency[Sum] 
0.0 NaN 0.0 0.0 0.0 0.0 0.0 
2.0120315528542485 NaN 2.0 2.0 0.0 0.0 0.0 
4.012031552854248 NaN 2.0 2.0 0.0 0.0 0.0 
6.012031552854248 NaN 3.0 3.0 0.0 0.0 0.0 
8.012031552854248 NaN 4.0 5.0 0.0 0.0 0.0 
10.012031552854248 NaN 5.0 5.0 0.0 0.0 0.0 
12.012031552854248 NaN 5.0 5.0 0.0 0.0 0.0 
14.012031552854248 NaN 5.0 6.0 0.0 0.0 0.0 
16.012031552854246 NaN 7.0 8.0 0.0 0.0 0.0 
18.012031552854246 NaN 9.0 9.0 0.0 0.0 0.0 
20.012031552854246 NaN 10.0 10.0 0.0 0.0 0.0 
22.012031552854246 NaN 11.0 11.0 0.0 0.0 0.0 
24.012031552854246 NaN 11.0 11.0 0.0 0.0 0.0 
26.012031552854246 NaN 12.0 12.0 0.0 0.0 0.0 
28.012031552854246 NaN 12.0 12.0 0.0 0.0 0.0 
30.012031552854246 NaN 12.0 12.0 0.0 0.0 0.0 
32.012031552854246 NaN 12.0 13.0 0.0 0.0 0.0 
34.012031552854246 NaN 14.0 14.0 0.0 0.0 0.0 
36.012031552854246 NaN 15.0 15.0 0.0 0.0 0.0 
38.012031552854246 NaN 15.0 15.0 0.0 0.0 0.0 
40.012031552854246 NaN 15.0 15.0 0.0 0.0 0.0 
42.012031552854246 NaN 15.0 16.0 0.0 0.0 0.0 
44.012031552854246 NaN 16.0 16.0 0.0 0.0 0.0 
46.012031552854246 NaN 17.0 17.0 0.0 0.0 0.0 
48.012031552854246 NaN 17.0 17.0 0.0 0.0 0.0 
50.012031552854246 NaN 17.0 17.0 0.0 0.0 0.0 
52.012031552854246 NaN 18.0 19.0 0.0 0.0 0.0 
54.012031552854246 NaN 21.0 21.0 0.0 0.0 0.0 
56.012031552854246 NaN 22.0 22.0 0.0 0.0 0.0 
58.012031552854246 NaN 22.0 22.0 0.0 0.0 0.0 
60.012031552854246 NaN 22.0 22.0 0.0 0.0 0.0 
62.012031552854246 NaN 24.0 25.0 0.0 0.0 0.0 
64.01203155285424 NaN 25.0 25.0 0.0 0.0 0.0 
66.01203155285424 NaN 25.0 25.0 0.0 0.0 0.0 
68.01203155285424 NaN 26.0 26.0 0.0 0.0 0.0 
70.01203155285424 NaN 26.0 26.0 0.0 0.0 0.0 
72.01203155285424 NaN 26.0 26.0 0.0 0.0 0.0 
74.01203155285424 NaN 26.0 26.0 0.0 0.0 0.0 
76.01203155285424 NaN 26.0 26.0 0.0 0.0 0.0 
78.01203155285424 NaN 26.0 26.0 0.0 0.0 0.0 
80.01203155285424 NaN 29.0 29.0 0.0 0.0 0.0 
82.01203155285424 NaN 29.0 29.0 0.0 0.0 0.0 
84.01203155285424 NaN 30.0 30.0 0.0 0.0 0.0 
86.01203155285424 NaN 30.0 30.0 0.0 0.0 0.0 
88.01203155285424 NaN 31.0 31.0 0.0 0.0 0.0 
90.01203155285424 NaN 31.0 31.0 0.0 0.0 0.0 
92.01203155285424 NaN 32.0 32.0 0.0 0.0 0.0 
94.01203155285424 NaN 32.0 32.0 0.0 0.0 0.0 
96.01203155285424 NaN 32.0 32.0 0.0 0.0 0.0 
98.01203155285424 NaN 32.0 32.0 0.0 0.0 0.0 
100.01203155285424 NaN 32.0 33.0 0.0 0.0 0.0 
102.01203155285424 NaN 34.0 34.0 0.0 0.0 0.0 
104.01203155285424 NaN 34.0 34.0 0.0 0.0 0.0 
106.01203155285424 NaN 35.0 35.0 0.0 0.0 0.0 
108.01203155285424 NaN 35.0 35.0 0.0 0.0 0.0 
110.01203155285424 NaN 35.0 35.0 0.0 0.0 0.0 
112.01203155285424 NaN 35.0 35.0 0.0 0.0 0.0 
114.01203155285424 NaN 35.0 35.0 0.0 0.0 0.0 
116.01203155285424 17.0 34.0 35.0 0.0 1.0 109.0 
118.01203155285424 17.0 35.0 36.0 0.0 3.0 329.0 
120.01203155285424 21.25 33.0 37.0 0.0 5.0 432.0 
122.01203155285424 20.4 31.0 37.0 0.0 6.0 546.0 
124.01203155285424 19.833333333333332 30.0 37.0 0.0 7.0 652.0 
126.01203155285424 19.833333333333332 31.0 38.0 0.0 7.0 652.0 
128.01203155285424 19.833333333333332 32.0 39.0 0.0 7.0 652.0 
130.01203155285424 19.833333333333332 32.0 39.0 0.0 7.0 652.0 
132.01203155285424 19.833333333333332 32.0 39.0 0.0 7.0 652.0 
134.01203155285424 19.428571428571427 31.0 39.0 0.0 8.0 760.0 
136.01203155285424 19.125 30.0 39.0 0.0 9.0 863.0 
138.01203155285424 19.125 30.0 39.0 0.0 9.0 863.0 
140.01203155285424 19.125 30.0 40.0 0.0 9.0 863.0 
142.01203155285424 19.125 31.0 41.0 0.0 9.0 863.0 
144.01203155285424 19.0 33.0 42.0 0.0 10.0 993.0 
146.01203155285424 18.8 32.0 43.0 0.0 11.0 1096.0 
148.01203155285424 18.8 33.0 44.0 0.0 11.0 1096.0 
150.01203155285424 18.8 34.0 45.0 0.0 11.0 1096.0 
152.01203155285424 18.8 34.0 45.0 0.0 11.0 1096.0 
154.01203155285424 18.636363636363637 34.0 46.0 0.0 12.0 1199.0 
156.01203155285424 18.384615384615383 33.0 46.0 0.0 14.0 1405.0 
158.01203155285424 18.285714285714285 31.0 46.0 0.0 15.0 1507.0 
160.01203155285424 18.2 30.0 47.0 0.0 16.0 1664.0 
162.01203155285424 18.2 32.0 48.0 0.0 16.0 1664.0 
164.01203155285424 18.058823529411764 31.0 48.0 0.0 18.0 1877.0 
166.01203155285424 18.058823529411764 31.0 50.0 0.0 18.0 1877.0 
168.01203155285424 18.0 31.0 50.0 0.0 19.0 1982.0 
170.01203155285424 17.94736842105263 32.0 51.0 0.0 20.0 2085.0 
172.01203155285424 17.94736842105263 31.0 51.0 0.0 20.0 2085.0 
174.01203155285424 17.94736842105263 31.0 51.0 0.0 20.0 2085.0 
176.01203155285424 17.94736842105263 31.0 51.0 0.0 20.0 2085.0 
178.01203155285424 17.94736842105263 31.0 51.0 0.0 20.0 2085.0 
180.01203155285424 17.94736842105263 31.0 51.0 0.0 20.0 2085.0 
182.01203155285424 17.782608695652176 30.0 52.0 0.0 24.0 2537.0 
184.01203155285424 17.782608695652176 28.0 52.0 0.0 24.0 2537.0 
186.01203155285424 17.782608695652176 28.0 52.0 0.0 24.0 2537.0 
188.01203155285424 17.782608695652176 28.0 52.0 0.0 24.0 2537.0 
190.01203155285424 17.75 28.0 52.0 0.0 25.0 2640.0 
192.01203155285424 17.75 28.0 53.0 0.0 25.0 2640.0 
194.01203155285424 17.72 29.0 54.0 0.0 26.0 2742.0 
196.01203155285424 17.72 29.0 55.0 0.0 26.0 2742.0 
198.01203155285424 17.72 29.0 55.0 0.0 26.0 2742.0 
200.01203155285424 17.72 30.0 57.0 0.0 26.0 2742.0 
202.01203155285424 17.72 32.0 58.0 0.0 26.0 2742.0 
204.01203155285424 18.296296296296298 31.0 59.0 0.0 29.0 2948.0 
206.01203155285424 18.296296296296298 31.0 60.0 0.0 29.0 2948.0 
208.01203155285424 18.25 30.0 60.0 0.0 30.0 3050.0 
210.01203155285424 18.25 30.0 60.0 0.0 30.0 3050.0 
212.01203155285424 18.25 30.0 60.0 0.0 30.0 3050.0 
214.01203155285424 18.25 31.0 61.0 0.0 30.0 3050.0 
216.01203155285424 18.25 31.0 61.0 0.0 30.0 3050.0 
218.01203155285424 18.25 33.0 65.0 0.0 30.0 3050.0 
220.01203155285424 18.20689655172414 35.0 66.0 0.0 31.0 3152.0 
222.01203155285424 18.79310344827586 34.0 66.0 0.0 32.0 3153.0 
224.01203155285424 18.79310344827586 34.0 66.0 0.0 32.0 3153.0 
226.01203155285424 18.79310344827586 35.0 67.0 0.0 32.0 3153.0 
228.01203155285424 19.379310344827587 35.0 67.0 0.0 33.0 3255.0 
230.01203155285424 19.3 35.0 68.0 0.0 34.0 3357.0 
232.01203155285424 19.3 34.0 68.0 0.0 34.0 3357.0 
234.01203155285424 19.3 34.0 69.0 0.0 34.0 3357.0 
236.01203155285424 19.3 35.0 69.0 0.0 34.0 3357.0 
238.01203155285424 19.3 35.0 69.0 0.0 34.0 3357.0 
240.01203155285424 19.3 35.0 70.0 0.0 34.0 3357.0 
242.01203155285424 19.3 36.0 71.0 0.0 34.0 3357.0 
244.01203155285424 19.225806451612904 36.0 72.0 0.0 35.0 3460.0 
246.01203155285424 19.09090909090909 35.0 72.0 0.0 37.0 3665.0 
248.01203155285424 19.09090909090909 35.0 72.0 0.0 37.0 3665.0 
250.01203155285424 19.606060606060606 37.0 74.0 0.0 38.0 3767.0 
252.01203155285424 20.12121212121212 38.0 76.0 0.0 39.0 3870.0 
254.01203155285424 20.12121212121212 37.0 77.0 0.0 39.0 3870.0 
256.01203155285424 20.029411764705884 39.0 80.0 0.0 40.0 4104.0 
258.01203155285424 20.029411764705884 40.0 81.0 0.0 40.0 4104.0 
260.01203155285424 19.942857142857143 42.0 83.0 0.0 41.0 4302.0 
262.01203155285424 19.942857142857143 42.0 83.0 0.0 41.0 4302.0 
264.01203155285424 19.783783783783782 40.0 83.0 0.0 43.0 4507.0 
266.01203155285424 19.783783783783782 40.0 83.0 0.0 43.0 4507.0 
268.01203155285424 20.243243243243242 40.0 83.0 0.0 44.0 4609.0 
270.01203155285424 20.157894736842106 39.0 84.0 0.0 45.0 4712.0 
272.01203155285424 20.076923076923077 42.0 87.0 0.0 46.0 4815.0 
274.01203155285424 20.076923076923077 41.0 87.0 0.0 46.0 4815.0 
276.01203155285424 20.076923076923077 41.0 87.0 0.0 46.0 4815.0 
278.01203155285424 20.076923076923077 41.0 87.0 0.0 46.0 4815.0 
280.01203155285424 20.076923076923077 42.0 88.0 0.0 46.0 4815.0 
282.01203155285424 20.076923076923077 42.0 88.0 0.0 46.0 4815.0 
284.01203155285424 20.0 41.0 89.0 0.0 47.0 4917.0 
286.01203155285424 20.0 42.0 89.0 0.0 47.0 4917.0 
288.01203155285424 20.0 42.0 89.0 0.0 47.0 4917.0 
290.01203155285424 20.0 43.0 90.0 0.0 47.0 4917.0 
292.01203155285424 20.0 43.0 90.0 0.0 47.0 4917.0 
294.01203155285424 19.926829268292682 43.0 90.0 0.0 48.0 5020.0 
296.01203155285424 19.857142857142858 42.0 90.0 0.0 49.0 5123.0 
298.01203155285424 20.186046511627907 40.0 90.0 0.0 51.0 5369.0 
300.01203155285424 20.113636363636363 38.0 90.0 0.0 52.0 5635.0 
302.01203155285424 19.97826086956522 37.0 91.0 0.0 54.0 5955.0 
304.01203155285424 19.914893617021278 36.0 91.0 0.0 55.0 6058.0 
306.01203155285424 19.914893617021278 36.0 91.0 0.0 55.0 6058.0 
308.01203155285424 19.854166666666668 37.0 92.0 0.0 56.0 6161.0 
310.01203155285424 19.854166666666668 37.0 93.0 0.0 56.0 6161.0 
312.01203155285424 19.854166666666668 39.0 95.0 0.0 56.0 6161.0 
314.01203155285424 19.854166666666668 39.0 95.0 0.0 56.0 6161.0 
316.01203155285424 19.79591836734694 39.0 96.0 0.0 57.0 6263.0 
318.01203155285424 19.79591836734694 40.0 97.0 0.0 57.0 6263.0 
320.01203155285424 19.686274509803923 40.0 97.0 0.0 59.0 6469.0 
322.01203155285424 19.634615384615383 39.0 99.0 0.0 60.0 6572.0 
324.01203155285424 19.634615384615383 39.0 99.0 0.0 60.0 6572.0 
326.01203155285424 19.634615384615383 40.0 100.0 0.0 60.0 6572.0 
328.01203155285424 19.634615384615383 41.0 101.0 0.0 60.0 6572.0 
330.01203155285424 19.634615384615383 41.0 101.0 0.0 60.0 6572.0 
332.01203155285424 19.58490566037736 41.0 101.0 0.0 61.0 6675.0 
334.01203155285424 19.58490566037736 40.0 101.0 0.0 61.0 6675.0 
336.01203155285424 19.537037037037038 41.0 103.0 0.0 62.0 6865.0 
338.01203155285424 19.490909090909092 40.0 103.0 0.0 63.0 6968.0 
340.01203155285424 19.490909090909092 40.0 103.0 0.0 63.0 6968.0 
342.01203155285424 19.490909090909092 40.0 103.0 0.0 63.0 6968.0 
344.01203155285424 19.8 39.0 103.0 0.0 64.0 7071.0 
346.01203155285424 20.10909090909091 38.0 103.0 0.0 65.0 7174.0 
348.01203155285424 20.053571428571427 37.0 103.0 0.0 66.0 7277.0 
350.01203155285424 20.053571428571427 38.0 104.0 0.0 66.0 7277.0 
352.01203155285424 20.0 39.0 105.0 0.0 67.0 7380.0 
354.01203155285424 19.85 37.0 105.0 0.0 70.0 7920.0 
356.01203155285424 19.85 36.0 106.0 0.0 70.0 7920.0 
358.01203155285424 19.758064516129032 35.0 107.0 0.0 72.0 8125.0 
360.01203155285424 19.714285714285715 34.0 107.0 0.0 73.0 8228.0 
362.01203155285424 19.9375 33.0 108.0 0.0 75.0 8433.0 
364.01203155285424 19.892307692307693 32.0 108.0 0.0 76.0 8536.0 
366.01203155285424 19.892307692307693 32.0 109.0 0.0 76.0 8536.0 
368.01203155285424 19.892307692307693 33.0 109.0 0.0 76.0 8536.0 
370.01203155285424 19.892307692307693 33.0 109.0 0.0 76.0 8536.0 
372.01203155285424 19.892307692307693 33.0 109.0 0.0 76.0 8536.0 
374.01203155285424 20.014705882352942 35.0 111.0 0.0 80.0 9017.0 
376.01203155285424 20.014705882352942 31.0 111.0 0.0 80.0 9017.0 
378.01203155285424 20.014705882352942 32.0 112.0 0.0 80.0 9017.0 
380.01203155285424 20.014705882352942 32.0 113.0 0.0 80.0 9017.0 
382.01203155285424 19.971014492753625 32.0 113.0 0.0 81.0 9119.0 
384.01203155285424 19.971014492753625 32.0 113.0 0.0 81.0 9119.0 
386.01203155285424 19.971014492753625 33.0 114.0 0.0 81.0 9119.0 
388.01203155285424 20.217391304347824 32.0 114.0 0.0 82.0 9222.0 
390.01203155285424 20.217391304347824 32.0 114.0 0.0 82.0 9222.0 
392.01203155285424 20.217391304347824 32.0 114.0 0.0 82.0 9222.0 
394.0083156718263 20.217391304347824 32.0 115.0 0.0 82.0 9222.0 
396.01203155285424 20.217391304347824 33.0 115.0 0.0 82.0 9222.0 
398.01203155285424 20.217391304347824 33.0 115.0 0.0 82.0 9222.0 
400.01203155285424 20.217391304347824 33.0 115.0 0.0 82.0 9222.0 
402.01203155285424 20.217391304347824 33.0 115.0 0.0 82.0 9222.0 
404.01203155285424 20.217391304347824 33.0 115.0 0.0 82.0 9222.0 
406.01203155285424 20.463768115942027 33.0 116.0 0.0 83.0 9325.0 
408.01203155285424 20.463768115942027 33.0 116.0 0.0 83.0 9325.0 
410.01203155285424 20.414285714285715 34.0 118.0 0.0 84.0 9427.0 
412.01203155285424 20.414285714285715 36.0 120.0 0.0 84.0 9427.0 
414.01203155285424 20.273972602739725 37.0 124.0 0.0 87.0 9795.0 
416.01203155285424 20.22972972972973 38.0 125.0 0.0 88.0 9956.0 
418.01203155285424 20.186666666666667 36.0 126.0 0.0 89.0 10058.0 
420.01203155285424 20.144736842105264 36.0 127.0 0.0 90.0 10160.0 
422.01203155285424 20.144736842105264 37.0 128.0 0.0 90.0 10160.0 
424.01203155285424 20.103896103896105 38.0 128.0 0.0 91.0 10262.0 
426.01203155285424 20.103896103896105 37.0 128.0 0.0 91.0 10262.0 
428.01203155285424 20.025316455696203 36.0 128.0 0.0 93.0 10745.0 
430.01203155285424 19.9875 35.0 129.0 0.0 94.0 10847.0 
432.01203155285424 19.9875 35.0 129.0 0.0 94.0 10847.0 
434.01203155285424 19.9875 35.0 129.0 0.0 94.0 10847.0 
436.01203155285424 19.9875 35.0 129.0 0.0 94.0 10847.0 
438.01203155285424 20.160493827160494 36.0 130.0 0.0 96.0 11052.0 
440.01203155285424 20.160493827160494 35.0 131.0 0.0 96.0 11052.0 
442.01203155285424 20.160493827160494 35.0 131.0 0.0 96.0 11052.0 
444.01203155285424 20.160493827160494 37.0 133.0 0.0 96.0 11052.0 
446.01203155285424 20.160493827160494 37.0 133.0 0.0 96.0 11052.0 
448.01203155285424 20.160493827160494 37.0 133.0 0.0 96.0 11052.0 
450.01203155285424 20.160493827160494 37.0 133.0 0.0 96.0 11052.0 
452.01203155285424 20.121951219512194 37.0 133.0 0.0 97.0 11155.0 
454.01203155285424 20.121951219512194 36.0 134.0 0.0 97.0 11155.0 
456.01203155285424 20.121951219512194 37.0 134.0 0.0 97.0 11155.0 
458.01203155285424 20.329268292682926 36.0 134.0 0.0 98.0 11257.0 
460.01203155285424 20.289156626506024 36.0 135.0 0.0 99.0 11359.0 
462.01203155285424 20.289156626506024 36.0 135.0 0.0 99.0 11359.0 
464.01203155285424 20.289156626506024 36.0 135.0 0.0 99.0 11359.0 
466.01203155285424 20.25 36.0 136.0 0.0 100.0 11462.0 
468.01203155285424 20.25 36.0 136.0 0.0 100.0 11462.0 
470.01203155285424 20.452380952380953 35.0 137.0 0.0 101.0 11565.0 
472.01203155285424 20.452380952380953 36.0 138.0 0.0 101.0 11565.0 
474.01203155285424 20.654761904761905 38.0 139.0 0.0 102.0 11688.0 
476.01203155285424 20.811764705882354 37.0 139.0 0.0 104.0 12041.0 
478.01203155285424 20.811764705882354 35.0 139.0 0.0 104.0 12041.0 
480.01203155285424 21.011764705882353 36.0 141.0 0.0 105.0 12143.0 
482.01203155285424 21.011764705882353 37.0 142.0 0.0 105.0 12143.0 
484.01203155285424 20.96511627906977 38.0 144.0 0.0 106.0 12246.0 
486.01203155285424 20.96511627906977 41.0 147.0 0.0 106.0 12246.0 
488.01203155285424 21.16279069767442 43.0 149.0 0.0 107.0 12348.0 
490.01203155285424 21.16279069767442 44.0 151.0 0.0 107.0 12348.0 
492.01203155285424 21.16279069767442 44.0 151.0 0.0 107.0 12348.0 
494.01203155285424 21.06818181818182 43.0 152.0 0.0 109.0 12736.0 
496.01203155285424 21.06818181818182 43.0 153.0 0.0 109.0 12736.0 
498.01203155285424 21.02247191011236 43.0 153.0 0.0 110.0 12838.0 
500.01203155285424 21.02247191011236 43.0 153.0 0.0 110.0 12838.0 
502.01203155285424 21.02247191011236 43.0 153.0 0.0 110.0 12838.0 
504.01203155285424 21.02247191011236 43.0 153.0 0.0 110.0 12838.0 
506.01203155285424 21.02247191011236 43.0 153.0 0.0 110.0 12838.0 
508.01203155285424 20.97777777777778 43.0 153.0 0.0 111.0 12940.0 
510.01203155285424 20.97777777777778 42.0 153.0 0.0 111.0 12940.0 
512.0120315528543 20.891304347826086 41.0 153.0 0.0 113.0 13321.0 
514.0120315528543 21.26086956521739 38.0 153.0 0.0 115.0 13526.0 
516.0120315528543 21.397849462365592 38.0 153.0 0.0 117.0 13731.0 
518.0120315528543 21.763440860215052 36.0 154.0 0.0 119.0 13936.0 
520.0120315528543 21.763440860215052 35.0 154.0 0.0 119.0 13936.0 
522.0120315528543 21.946236559139784 35.0 155.0 0.0 120.0 14039.0 
524.0120315528543 22.12903225806452 34.0 155.0 0.0 121.0 14142.0 
526.0120315528543 22.311827956989248 33.0 155.0 0.0 122.0 14245.0 
528.0120315528543 22.311827956989248 33.0 156.0 0.0 122.0 14245.0 
530.0120315528543 22.311827956989248 34.0 157.0 0.0 122.0 14245.0 
532.0120315528543 22.494623655913976 35.0 157.0 0.0 123.0 14348.0 
534.0120315528543 22.494623655913976 34.0 157.0 0.0 123.0 14348.0 
536.0120315528543 22.494623655913976 34.0 157.0 0.0 123.0 14348.0 
538.0120315528543 22.494623655913976 35.0 159.0 0.0 123.0 14348.0 
540.0120315528543 22.43617021276596 37.0 160.0 0.0 124.0 14450.0 
542.0120315528543 22.378947368421052 36.0 160.0 0.0 125.0 14553.0 
544.0120315528543 22.378947368421052 35.0 160.0 0.0 125.0 14553.0 
546.0120315528543 22.55789473684211 35.0 160.0 0.0 126.0 14656.0 
548.0120315528543 22.55789473684211 35.0 161.0 0.0 126.0 14656.0 
550.0120315528543 22.55789473684211 36.0 163.0 0.0 126.0 14656.0 
552.0120315528543 22.55789473684211 37.0 163.0 0.0 126.0 14656.0 
554.0120315528543 22.55789473684211 38.0 164.0 0.0 126.0 14656.0 
556.0120315528543 22.55789473684211 39.0 166.0 0.0 126.0 14656.0 
558.0120315528543 22.736842105263158 39.0 166.0 0.0 127.0 14759.0 
560.0120315528543 22.736842105263158 40.0 167.0 0.0 127.0 14759.0 
562.0120315528543 22.677083333333336 40.0 167.0 0.0 128.0 14862.0 
564.0120315528543 22.677083333333336 39.0 167.0 0.0 128.0 14862.0 
566.0120315528543 22.677083333333336 39.0 167.0 0.0 128.0 14862.0 
568.0120315528543 22.61855670103093 39.0 167.0 0.0 129.0 14965.0 
570.0120315528543 22.61855670103093 38.0 167.0 0.0 129.0 14965.0 
572.0120315528543 22.61855670103093 38.0 167.0 0.0 129.0 14965.0 
574.0035838255257 22.56122448979592 38.0 168.0 0.0 130.0 15068.0 
576.0120315528543 22.908163265306122 36.0 169.0 0.0 132.0 15273.0 
578.0120315528543 22.908163265306122 37.0 169.0 0.0 132.0 15273.0 
580.0120315528543 22.908163265306122 37.0 169.0 0.0 132.0 15273.0 
582.0120315528543 23.428571428571427 37.0 169.0 0.0 135.0 15616.0 
584.0120315528543 23.60204081632653 34.0 170.0 0.0 136.0 15718.0 
586.0120315528543 23.948979591836736 34.0 170.0 0.0 138.0 15923.0 
588.0120315528543 23.98 31.0 170.0 0.0 141.0 16231.0 
590.0120315528543 24.07920792079208 28.0 170.0 0.0 143.0 16511.0 
592.0120315528543 24.176470588235297 27.0 170.0 0.0 145.0 16716.0 
594.0120315528543 24.176470588235297 26.0 171.0 0.0 145.0 16716.0 
596.0120315528543 24.34313725490196 26.0 171.0 0.0 146.0 16818.0 
598.0120315528543 24.34313725490196 26.0 172.0 0.0 146.0 16818.0 
600.0120315528543 24.271844660194176 26.0 173.0 0.0 147.0 16921.0 
602.0120315528543 24.271844660194176 29.0 176.0 0.0 147.0 16921.0 
604.0120315528543 24.271844660194176 30.0 177.0 0.0 147.0 16921.0 
606.0120315528543 24.271844660194176 32.0 179.0 0.0 147.0 16921.0 
608.0120315528543 24.271844660194176 33.0 180.0 0.0 147.0 16921.0 
610.0120315528543 24.271844660194176 34.0 181.0 0.0 147.0 16921.0 
612.0120315528543 24.271844660194176 35.0 183.0 0.0 147.0 16921.0 
614.0120315528543 24.271844660194176 37.0 184.0 0.0 147.0 16921.0 
616.0120315528543 24.271844660194176 37.0 184.0 0.0 147.0 16921.0 
618.0120315528543 24.271844660194176 37.0 184.0 0.0 147.0 16921.0 
620.0120315528543 24.436893203883493 36.0 184.0 0.0 148.0 17023.0 
622.0120315528543 24.436893203883493 36.0 184.0 0.0 148.0 17023.0 
624.0120315528543 24.436893203883493 36.0 184.0 0.0 148.0 17023.0 
626.0120315528543 24.436893203883493 36.0 184.0 0.0 148.0 17023.0 
628.0120315528543 24.436893203883493 36.0 184.0 0.0 148.0 17023.0 
630.0120315528543 24.436893203883493 36.0 184.0 0.0 148.0 17023.0 
632.0120315528543 24.601941747572816 36.0 185.0 0.0 149.0 17126.0 
634.0120315528543 24.766990291262136 35.0 185.0 0.0 150.0 17229.0 
636.0120315528543 24.766990291262136 35.0 185.0 0.0 150.0 17229.0 
638.0120315528543 24.766990291262136 35.0 185.0 0.0 150.0 17229.0 
640.0120315528543 24.932038834951456 36.0 186.0 0.0 151.0 17332.0 
642.0120315528543 25.097087378640776 34.0 186.0 0.0 152.0 17435.0 
644.0120315528543 25.097087378640776 35.0 187.0 0.0 152.0 17435.0 
646.0120315528543 25.2621359223301 36.0 188.0 0.0 153.0 17760.0 
648.0120315528543 25.2621359223301 35.0 188.0 0.0 153.0 17760.0 
650.0120315528543 25.182692307692307 35.0 188.0 0.0 154.0 17862.0 
652.0120315528543 25.182692307692307 35.0 189.0 0.0 154.0 17862.0 
654.0120315528543 25.104761904761904 34.0 189.0 0.0 155.0 17965.0 
656.0120315528543 25.266666666666666 35.0 190.0 0.0 156.0 18068.0 
658.0120315528543 25.428571428571427 34.0 190.0 0.0 157.0 18171.0 
660.0120315528543 25.59047619047619 33.0 191.0 0.0 158.0 18274.0 
662.0120315528543 25.752380952380953 33.0 191.0 0.0 159.0 18377.0 
664.0120315528543 25.752380952380953 32.0 191.0 0.0 159.0 18377.0 
666.0120315528543 25.752380952380953 33.0 192.0 0.0 159.0 18377.0 
668.0120315528543 25.752380952380953 33.0 193.0 0.0 159.0 18377.0 
670.0120315528543 25.752380952380953 34.0 194.0 0.0 159.0 18377.0 
672.0120315528543 25.752380952380953 36.0 195.0 0.0 159.0 18377.0 
674.0120315528543 25.752380952380953 36.0 195.0 0.0 159.0 18377.0 
676.0120315528543 25.914285714285715 36.0 195.0 0.0 160.0 18480.0 
678.0120315528543 25.914285714285715 35.0 196.0 0.0 160.0 18480.0 
680.0120315528543 26.076190476190476 35.0 196.0 0.0 161.0 18583.0 
682.0120315528543 26.076190476190476 35.0 196.0 0.0 161.0 18583.0 
684.0120315528543 26.076190476190476 36.0 197.0 0.0 161.0 18583.0 
686.0120315528543 26.076190476190476 36.0 197.0 0.0 161.0 18583.0 
688.0120315528543 26.076190476190476 37.0 198.0 0.0 161.0 18583.0 
690.0120315528543 26.076190476190476 37.0 198.0 0.0 161.0 18583.0 
692.0120315528543 26.076190476190476 37.0 198.0 0.0 161.0 18583.0 
694.0120315528543 26.076190476190476 37.0 198.0 0.0 161.0 18583.0 
696.0120315528543 26.238095238095237 37.0 198.0 0.0 162.0 18685.0 
698.0120315528543 26.238095238095237 36.0 200.0 0.0 162.0 18685.0 
700.0120315528543 26.150943396226417 39.0 202.0 0.0 163.0 18788.0 
702.0120315528543 26.31132075471698 39.0 202.0 0.0 164.0 18890.0 
704.0120315528543 26.12727272727273 36.0 202.0 0.0 169.0 19597.0 
706.0120315528543 26.045045045045047 33.0 202.0 0.0 170.0 19699.0 
708.0120315528543 26.504504504504506 31.0 202.0 0.0 173.0 20009.0 
710.0120315528543 26.65765765765766 28.0 202.0 0.0 174.0 20111.0 
712.0120315528543 26.65765765765766 29.0 204.0 0.0 174.0 20111.0 
714.0120315528543 26.963963963963963 30.0 206.0 0.0 176.0 20317.0 
716.0120315528543 27.27027027027027 30.0 208.0 0.0 178.0 20522.0 
718.0120315528543 27.27027027027027 32.0 210.0 0.0 178.0 20522.0 
720.0120315528543 27.27027027027027 32.0 210.0 0.0 178.0 20522.0 
722.0120315528543 27.27027027027027 32.0 210.0 0.0 178.0 20522.0 
724.0120315528543 27.27027027027027 32.0 210.0 0.0 178.0 20522.0 
726.0120315528543 27.27027027027027 32.0 210.0 0.0 178.0 20522.0 
728.0120315528543 27.27027027027027 32.0 210.0 0.0 178.0 20522.0 
730.0120315528543 27.27027027027027 32.0 210.0 0.0 178.0 20522.0 
732.0120315528543 27.27027027027027 32.0 210.0 0.0 178.0 20522.0 
734.0120315528543 27.423423423423422 31.0 210.0 0.0 179.0 20624.0 
736.0120315528543 27.423423423423422 33.0 212.0 0.0 179.0 20624.0 
738.0120315528543 27.423423423423422 33.0 212.0 0.0 179.0 20624.0 
740.0120315528543 27.423423423423422 34.0 213.0 0.0 179.0 20624.0 
742.0120315528543 27.576576576576578 34.0 214.0 0.0 180.0 20726.0 
744.0120315528543 27.576576576576578 34.0 214.0 0.0 180.0 20726.0 
746.0120315528543 27.882882882882882 34.0 215.0 0.0 182.0 21087.0 
748.0120315528543 27.785714285714285 32.0 215.0 0.0 183.0 21189.0 
750.0120315528543 27.785714285714285 33.0 216.0 0.0 183.0 21189.0 
752.0120315528543 27.785714285714285 33.0 217.0 0.0 183.0 21189.0 
754.0120315528543 27.9375 35.0 218.0 0.0 184.0 21291.0 
756.0120315528543 27.9375 34.0 218.0 0.0 184.0 21291.0 
758.0120315528543 27.9375 35.0 219.0 0.0 184.0 21291.0 
760.0120315528543 27.9375 36.0 220.0 0.0 184.0 21291.0 
762.0120315528543 28.08928571428571 36.0 221.0 0.0 185.0 21393.0 
764.0120315528543 28.08928571428571 36.0 221.0 0.0 185.0 21393.0 
766.0120315528543 28.08928571428571 36.0 221.0 0.0 185.0 21393.0 
768.0120315528543 28.08928571428571 36.0 221.0 0.0 185.0 21393.0 
770.0120315528543 28.08928571428571 36.0 221.0 0.0 185.0 21393.0 
772.0120315528543 28.241071428571427 35.0 221.0 0.0 186.0 21496.0 
774.0120315528543 28.544642857142858 35.0 222.0 0.0 188.0 21701.0 
776.0120315528543 28.544642857142858 34.0 222.0 0.0 188.0 21701.0 
778.0120315528543 28.544642857142858 34.0 222.0 0.0 188.0 21701.0 
780.0120315528543 28.544642857142858 34.0 223.0 0.0 188.0 21701.0 
782.0120315528543 28.696428571428573 34.0 223.0 0.0 189.0 21804.0 
784.0120315528543 28.696428571428573 34.0 223.0 0.0 189.0 21804.0 
786.0120315528543 28.848214285714285 34.0 223.0 0.0 190.0 21907.0 
788.0120315528543 28.848214285714285 34.0 224.0 0.0 190.0 21907.0 
790.0120315528543 28.743362831858406 34.0 225.0 0.0 191.0 22010.0 
792.0120315528543 28.743362831858406 35.0 227.0 0.0 191.0 22010.0 
794.0120315528543 28.743362831858406 36.0 227.0 0.0 191.0 22010.0 
796.0120315528543 28.743362831858406 36.0 227.0 0.0 191.0 22010.0 
798.0120315528543 28.743362831858406 36.0 227.0 0.0 191.0 22010.0 
800.0120315528543 28.743362831858406 36.0 228.0 0.0 191.0 22010.0 
802.0120315528543 28.68695652173913 34.0 228.0 0.0 194.0 22318.0 
804.0120315528543 28.834782608695654 33.0 228.0 0.0 195.0 22421.0 
806.0120315528543 28.834782608695654 33.0 228.0 0.0 195.0 22421.0 
808.0120315528543 28.834782608695654 34.0 229.0 0.0 195.0 22421.0 
810.0120315528543 28.834782608695654 34.0 229.0 0.0 195.0 22421.0 
812.0120315528543 28.834782608695654 35.0 230.0 0.0 195.0 22421.0 
814.0120315528543 28.982608695652175 35.0 232.0 0.0 196.0 22523.0 
816.0120315528543 29.278260869565216 36.0 233.0 0.0 198.0 22728.0 
818.0120315528543 29.721739130434784 34.0 233.0 0.0 201.0 23037.0 
820.0120315528543 29.721739130434784 34.0 235.0 0.0 201.0 23037.0 
822.0120315528543 29.721739130434784 34.0 235.0 0.0 201.0 23037.0 
824.0120315528543 29.721739130434784 34.0 235.0 0.0 201.0 23037.0 
826.0120315528543 29.721739130434784 34.0 235.0 0.0 201.0 23037.0 
828.0120315528543 29.721739130434784 34.0 235.0 0.0 201.0 23037.0 
830.0120315528543 29.721739130434784 34.0 236.0 0.0 201.0 23037.0 
832.0120315528543 29.721739130434784 35.0 236.0 0.0 201.0 23037.0 
834.0120315528543 29.721739130434784 35.0 236.0 0.0 201.0 23037.0 
836.0120315528543 29.721739130434784 35.0 236.0 0.0 201.0 23037.0 
838.0120315528543 30.017391304347825 35.0 236.0 0.0 203.0 23242.0 
840.0120315528543 30.017391304347825 33.0 236.0 0.0 203.0 23242.0 
842.0120315528543 30.165217391304346 32.0 236.0 0.0 204.0 23344.0 
844.0120315528543 30.051724137931036 32.0 236.0 0.0 205.0 23779.0 
846.0120315528543 30.198275862068964 31.0 237.0 0.0 206.0 23883.0 
848.0120315528543 30.344827586206897 31.0 237.0 0.0 207.0 23986.0 
850.0120315528543 30.344827586206897 30.0 237.0 0.0 207.0 23986.0 
852.0120315528543 30.49137931034483 29.0 237.0 0.0 208.0 24088.0 
854.0120315528543 30.49137931034483 29.0 239.0 0.0 208.0 24088.0 
856.0120315528543 30.78448275862069 30.0 239.0 0.0 210.0 24294.0 
858.0120315528543 30.78448275862069 29.0 239.0 0.0 210.0 24294.0 
860.0120315528543 30.93103448275862 29.0 239.0 0.0 211.0 24396.0 
862.0120315528543 31.07758620689655 28.0 239.0 0.0 212.0 24499.0 
864.0120315528543 31.224137931034484 27.0 239.0 0.0 213.0 24602.0 
866.0120315528543 31.51724137931034 26.0 239.0 0.0 215.0 24961.0 
868.0120315528543 31.51724137931034 24.0 239.0 0.0 215.0 24961.0 
870.0120315528543 31.51724137931034 25.0 240.0 0.0 215.0 24961.0 
872.0120315528543 31.51724137931034 25.0 240.0 0.0 215.0 24961.0 
874.0120315528543 31.51724137931034 25.0 241.0 0.0 215.0 24961.0 
876.0120315528543 31.663793103448274 27.0 242.0 0.0 216.0 25064.0 
878.0120315528543 31.663793103448274 26.0 242.0 0.0 216.0 25064.0 
880.0120315528543 31.663793103448274 27.0 243.0 0.0 216.0 25064.0 
882.0120315528543 31.663793103448274 27.0 243.0 0.0 216.0 25064.0 
884.0120315528543 31.810344827586206 26.0 243.0 0.0 217.0 25167.0 
886.0120315528543 31.810344827586206 26.0 243.0 0.0 217.0 25167.0 
888.0120315528543 31.683760683760685 25.0 243.0 0.0 218.0 25836.0 
890.0120315528543 31.43697478991597 24.0 245.0 0.0 220.0 26819.0 
892.0120315528543 31.43697478991597 25.0 245.0 0.0 220.0 26819.0 
894.0120315528543 31.72268907563025 24.0 245.0 0.0 222.0 27025.0 
896.0120315528543 31.865546218487395 23.0 246.0 0.0 223.0 27128.0 
898.0120315528543 31.865546218487395 23.0 246.0 0.0 223.0 27128.0 
900.0120315528543 31.865546218487395 23.0 246.0 0.0 223.0 27128.0 
#####################################################################
# End of data export. Simulation finished at: 2020-02-18T09:31+0000 #
#####################################################################
