#####################################################################
# Alchemist log file - simulation started at: 2020-01-16T15:45+0000 #
#####################################################################
# seed = 8.0, taskFrequency = 0.0075, cloudcost = 6.0, algorithm = true
#
# The columns have the following meaning: 
# time taskHops[Mean] hasTask[Sum] tasks[Sum] completedTasks[Sum] giveupTasks[Sum] taskLatency[Sum] 
0.0 NaN 0.0 0.0 0.0 0.0 0.0 
2.0416052432325023 NaN 2.0 3.0 0.0 0.0 0.0 
4.041605243232502 NaN 4.0 4.0 0.0 0.0 0.0 
6.041605243232502 NaN 4.0 4.0 0.0 0.0 0.0 
8.041605243232503 NaN 5.0 6.0 0.0 0.0 0.0 
10.041605243232503 NaN 8.0 8.0 0.0 0.0 0.0 
12.041605243232503 NaN 8.0 9.0 0.0 0.0 0.0 
14.041605243232503 2.5 10.0 10.0 2.0 0.0 26.0 
16.041605243232503 2.0 10.0 13.0 3.0 0.0 40.0 
18.041605243232503 1.75 9.0 13.0 4.0 0.0 53.0 
20.041605243232503 1.75 14.0 18.0 4.0 0.0 53.0 
22.041605243232503 1.6666666666666667 16.0 22.0 6.0 0.0 80.0 
24.041605243232503 1.5714285714285714 18.0 25.0 7.0 0.0 94.0 
26.041605243232503 1.625 18.0 25.0 8.0 0.0 108.0 
28.041605243232503 1.8 18.0 27.0 10.0 0.0 141.0 
30.041605243232503 1.7272727272727273 18.0 28.0 11.0 0.0 155.0 
32.0416052432325 1.8461538461538463 18.0 30.0 13.0 0.0 181.0 
34.0416052432325 1.8571428571428572 18.0 33.0 14.0 0.0 195.0 
36.0416052432325 1.9333333333333333 18.0 33.0 15.0 0.0 208.0 
38.0416052432325 1.8235294117647058 18.0 35.0 17.0 0.0 235.0 
40.0416052432325 1.9473684210526314 18.0 35.0 19.0 0.0 276.0 
42.0416052432325 1.8636363636363638 16.0 37.0 22.0 0.0 329.0 
44.0416052432325 1.9130434782608696 17.0 40.0 24.0 0.0 342.0 
46.0416052432325 1.875 16.0 41.0 25.0 0.0 361.0 
48.0416052432325 1.9615384615384615 16.0 42.0 27.0 0.0 403.0 
50.0416052432325 1.925925925925926 16.0 43.0 28.0 0.0 421.0 
52.0416052432325 1.925925925925926 16.0 45.0 28.0 0.0 421.0 
54.0416052432325 1.9310344827586206 16.0 45.0 30.0 0.0 460.0 
56.0416052432325 1.9666666666666666 16.0 46.0 31.0 0.0 501.0 
58.0416052432325 1.9696969696969697 15.0 48.0 35.0 0.0 566.0 
60.0416052432325 1.9696969696969697 15.0 50.0 35.0 0.0 566.0 
62.0037713316437 1.9696969696969697 16.0 52.0 35.0 0.0 566.0 
64.00372708097201 1.9166666666666665 15.0 53.0 38.0 0.0 627.0 
66.04160524323251 1.9189189189189189 15.0 54.0 39.0 0.0 647.0 
68.04160524323251 2.0 14.0 54.0 42.0 0.0 727.0 
70.04160524323251 2.0 14.0 56.0 42.0 0.0 727.0 
72.04160524323251 2.0 15.0 57.0 42.0 0.0 727.0 
74.04160524323251 2.0 17.0 60.0 44.0 0.0 762.0 
76.04160524323251 2.0232558139534884 15.0 61.0 45.0 0.0 785.0 
78.04160524323251 2.0697674418604652 15.0 61.0 46.0 0.0 805.0 
80.04160524323251 2.0454545454545454 18.0 64.0 47.0 0.0 819.0 
82.04160524323251 2.108695652173913 16.0 64.0 49.0 0.0 861.0 
84.04160524323251 2.108695652173913 16.0 68.0 49.0 0.0 861.0 
86.04160524323251 2.0833333333333335 18.0 68.0 51.0 0.0 934.0 
88.04160524323251 2.08 17.0 69.0 53.0 0.0 967.0 
90.04160524323251 2.1372549019607843 16.0 69.0 55.0 0.0 1001.0 
92.04160524323251 2.1320754716981134 17.0 73.0 57.0 0.0 1041.0 
94.04160524323251 2.1454545454545455 15.0 74.0 60.0 0.0 1109.0 
96.04160524323251 2.2 14.0 76.0 61.0 0.0 1142.0 
98.04160524323251 2.1785714285714284 16.0 78.0 62.0 0.0 1156.0 
100.04160524323251 2.192982456140351 15.0 78.0 63.0 0.0 1182.0 
102.04160524323251 2.192982456140351 17.0 81.0 63.0 0.0 1182.0 
104.04160524323251 2.2711864406779663 18.0 83.0 67.0 0.0 1255.0 
106.04160524323251 2.2459016393442623 19.0 86.0 69.0 0.0 1282.0 
108.04160524323251 2.2580645161290325 18.0 88.0 70.0 0.0 1370.0 
110.04160524323251 2.3015873015873014 20.0 91.0 72.0 0.0 1403.0 
112.04160524323251 2.276923076923077 21.0 94.0 74.0 0.0 1432.0 
114.04160524323251 2.276923076923077 24.0 99.0 74.0 0.0 1432.0 
116.04160524323251 2.3384615384615386 24.0 99.0 76.0 0.0 1477.0 
118.03795380227729 2.3636363636363638 26.0 103.0 78.0 0.0 1504.0 
120.04160524323251 2.3636363636363638 26.0 106.0 78.0 0.0 1504.0 
122.04160524323251 2.373134328358209 29.0 107.0 79.0 0.0 1524.0 
124.04160524323251 2.3676470588235294 28.0 108.0 81.0 0.0 1573.0 
126.04160524323251 2.3676470588235294 27.0 109.0 81.0 0.0 1573.0 
128.0416052432325 2.4285714285714284 28.0 110.0 86.0 0.0 1663.0 
130.0416052432325 2.436619718309859 24.0 113.0 88.0 0.0 1700.0 
132.0416052432325 2.436619718309859 27.0 115.0 88.0 0.0 1700.0 
134.0416052432325 2.4788732394366195 27.0 117.0 90.0 0.0 1741.0 
136.0416052432325 2.5205479452054798 27.0 117.0 93.0 0.0 1814.0 
138.0416052432325 2.5405405405405403 22.0 117.0 96.0 0.0 1864.0 
140.0416052432325 2.6 22.0 120.0 98.0 0.0 1923.0 
142.0416052432325 2.6133333333333333 23.0 122.0 99.0 0.0 1937.0 
144.0416052432325 2.6103896103896105 22.0 122.0 101.0 0.0 1969.0 
146.0416052432325 2.6025641025641026 21.0 123.0 103.0 0.0 2022.0 
148.0416052432325 2.6025641025641026 22.0 126.0 103.0 0.0 2022.0 
150.0416052432325 2.607594936708861 22.0 126.0 104.0 0.0 2041.0 
152.0416052432325 2.670886075949367 23.0 128.0 105.0 0.0 2083.0 
154.0416052432325 2.6341463414634143 22.0 129.0 108.0 0.0 2138.0 
156.0416052432325 2.6341463414634143 21.0 129.0 108.0 0.0 2138.0 
158.0416052432325 2.6341463414634143 22.0 130.0 108.0 0.0 2138.0 
160.0416052432325 2.6506024096385543 22.0 130.0 111.0 0.0 2219.0 
162.0416052432325 2.662650602409639 20.0 131.0 112.0 0.0 2233.0 
164.0416052432325 2.662650602409639 19.0 132.0 112.0 0.0 2233.0 
166.0416052432325 2.666666666666667 19.0 132.0 113.0 0.0 2253.0 
168.0416052432325 2.7441860465116283 19.0 134.0 115.0 0.0 2326.0 
170.0416052432325 2.8023255813953485 19.0 135.0 117.0 0.0 2366.0 
172.0416052432325 2.8023255813953485 19.0 136.0 117.0 0.0 2366.0 
174.0416052432325 2.8023255813953485 21.0 138.0 117.0 0.0 2366.0 
176.0416052432325 2.8275862068965516 21.0 140.0 119.0 0.0 2407.0 
178.0416052432325 2.8390804597701154 21.0 141.0 120.0 0.0 2450.0 
180.0416052432325 2.875 21.0 141.0 120.0 1.0 2551.0 
182.0416052432325 3.0227272727272725 20.0 142.0 121.0 3.0 2646.0 
184.0416052432325 3.0681818181818183 19.0 145.0 122.0 3.0 2678.0 
186.0416052432325 3.0681818181818183 22.0 147.0 122.0 3.0 2678.0 
188.0416052432325 3.0555555555555554 23.0 148.0 124.0 3.0 2752.0 
190.0416052432325 3.032967032967033 20.0 148.0 125.0 3.0 2766.0 
192.0416052432325 3.065934065934066 18.0 148.0 127.0 3.0 2806.0 
194.0416052432325 3.065934065934066 19.0 150.0 127.0 3.0 2806.0 
196.0416052432325 3.065934065934066 21.0 154.0 127.0 3.0 2806.0 
198.0416052432325 3.043478260869565 24.0 154.0 128.0 3.0 2830.0 
200.0416052432325 3.043478260869565 23.0 155.0 128.0 3.0 2830.0 
202.0416052432325 3.130434782608696 24.0 157.0 130.0 3.0 2937.0 
204.0416052432325 3.1956521739130435 26.0 161.0 130.0 4.0 3038.0 
206.0416052432325 3.2717391304347827 25.0 162.0 131.0 5.0 3060.0 
208.0416052432325 3.276595744680851 26.0 164.0 134.0 5.0 3125.0 
210.0416052432325 3.276595744680851 25.0 164.0 134.0 5.0 3125.0 
212.0416052432325 3.308510638297873 28.0 168.0 135.0 5.0 3154.0 
214.0416052432325 3.340425531914894 31.0 171.0 136.0 5.0 3154.0 
216.0416052432325 3.4893617021276597 29.0 172.0 139.0 6.0 3247.0 
218.0416052432325 3.4893617021276597 29.0 175.0 139.0 6.0 3247.0 
220.0416052432325 3.5157894736842104 30.0 177.0 139.0 7.0 3349.0 
222.00603547161433 3.5473684210526315 31.0 179.0 140.0 7.0 3374.0 
224.0416052432325 3.71578947368421 32.0 180.0 140.0 9.0 3487.0 
226.0416052432325 3.71578947368421 32.0 182.0 140.0 9.0 3487.0 
228.0416052432325 3.726315789473684 35.0 184.0 141.0 9.0 3504.0 
230.0284130406077 3.71875 36.0 187.0 142.0 9.0 3534.0 
232.0416052432325 3.71875 36.0 187.0 142.0 9.0 3534.0 
234.0416052432325 3.71875 37.0 188.0 142.0 9.0 3534.0 
236.0416052432325 3.739583333333333 37.0 188.0 143.0 9.0 3559.0 
238.0416052432325 3.7604166666666665 35.0 189.0 144.0 9.0 3579.0 
240.0416052432325 3.802083333333333 38.0 193.0 145.0 9.0 3604.0 
242.0416052432325 4.161616161616162 38.0 194.0 147.0 14.0 3925.0 
244.0416052432325 4.161616161616162 33.0 194.0 147.0 14.0 3925.0 
246.0416052432325 4.161616161616162 33.0 195.0 147.0 14.0 3925.0 
248.0416052432325 4.222222222222222 33.0 196.0 150.0 14.0 3964.0 
250.0416052432325 4.220000000000001 34.0 199.0 152.0 14.0 4004.0 
252.0416052432325 4.220000000000001 33.0 200.0 152.0 14.0 4004.0 
254.0416052432325 4.2299999999999995 35.0 203.0 153.0 14.0 4019.0 
256.04160524323254 4.239999999999999 36.0 204.0 154.0 14.0 4020.0 
258.04160524323254 4.25 37.0 205.0 155.0 14.0 4038.0 
260.04160524323254 4.25 36.0 206.0 155.0 14.0 4038.0 
262.04160524323254 4.25 37.0 206.0 155.0 14.0 4038.0 
264.04160524323254 4.277227722772277 37.0 208.0 155.0 15.0 4140.0 
266.04160524323254 4.336633663366337 38.0 209.0 155.0 16.0 4199.0 
268.04160524323254 4.431372549019609 39.0 212.0 157.0 17.0 4387.0 
270.04160524323254 4.549019607843138 38.0 213.0 157.0 19.0 4521.0 
272.04160524323254 4.58252427184466 38.0 215.0 157.0 20.0 4623.0 
274.04160524323254 4.58252427184466 38.0 215.0 157.0 20.0 4623.0 
276.04160524323254 4.557692307692308 40.0 217.0 158.0 20.0 4642.0 
278.04160524323254 4.586538461538463 40.0 218.0 160.0 20.0 4680.0 
280.04160524323254 4.634615384615384 41.0 222.0 162.0 20.0 4736.0 
282.04160524323254 4.634615384615384 41.0 224.0 162.0 20.0 4736.0 
284.04160524323254 4.682692307692308 42.0 225.0 163.0 20.0 4771.0 
286.0391108790733 4.826923076923077 41.0 227.0 164.0 21.0 4920.0 
288.02329201810744 4.826923076923077 42.0 228.0 164.0 21.0 4920.0 
290.04160524323254 4.894230769230769 42.0 229.0 166.0 21.0 4980.0 
292.04160524323254 4.894230769230769 43.0 231.0 166.0 21.0 4980.0 
294.04160524323254 4.894230769230769 44.0 231.0 166.0 21.0 4980.0 
296.04160524323254 4.933333333333333 46.0 233.0 168.0 22.0 5123.0 
298.04160524323254 4.9907407407407405 43.0 234.0 170.0 24.0 5406.0 
300.04160524323254 5.0 40.0 234.0 171.0 24.0 5495.0 
302.04160524323254 5.064220183486238 40.0 235.0 172.0 25.0 5614.0 
304.04160524323254 5.174311926605505 37.0 236.0 172.0 27.0 5644.0 
306.04160524323254 5.174311926605505 37.0 236.0 172.0 27.0 5644.0 
308.04160524323254 5.266055045871559 37.0 237.0 174.0 28.0 5837.0 
310.04160524323254 5.336363636363636 34.0 239.0 175.0 30.0 6038.0 
312.04160524323254 5.336363636363636 34.0 240.0 175.0 30.0 6038.0 
314.04160524323254 5.390909090909091 35.0 240.0 175.0 31.0 6140.0 
316.04160524323254 5.445454545454545 34.0 241.0 175.0 32.0 6195.0 
318.04160524323254 5.536363636363637 33.0 242.0 178.0 32.0 6358.0 
320.04160524323254 5.663636363636364 31.0 243.0 179.0 34.0 6585.0 
322.04160524323254 5.718181818181818 30.0 244.0 179.0 35.0 6666.0 
324.04160524323254 5.8545454545454545 30.0 247.0 180.0 37.0 6797.0 
326.04160524323254 5.945454545454545 29.0 248.0 182.0 38.0 6918.0 
328.04160524323254 5.973214285714286 28.0 249.0 183.0 40.0 7131.0 
330.04160524323254 6.026785714285714 25.0 249.0 183.0 41.0 7185.0 
332.04160524323254 6.080357142857143 26.0 250.0 185.0 41.0 7250.0 
334.04160524323254 6.080357142857143 25.0 253.0 185.0 41.0 7250.0 
336.04160524323254 6.0892857142857135 26.0 253.0 186.0 41.0 7310.0 
338.04160524323254 6.1517857142857135 24.0 254.0 189.0 41.0 7371.0 
340.04160524323254 6.1607142857142865 24.0 255.0 190.0 41.0 7393.0 
342.04160524323254 6.25 29.0 261.0 193.0 42.0 7517.0 
344.04160524323254 6.303571428571429 28.0 263.0 193.0 43.0 7521.0 
346.04160524323254 6.300884955752212 27.0 264.0 195.0 43.0 7559.0 
348.04160524323254 6.31858407079646 26.0 264.0 196.0 43.0 7576.0 
350.04160524323254 6.31858407079646 25.0 264.0 196.0 43.0 7576.0 
352.04160524323254 6.353982300884956 28.0 268.0 197.0 43.0 7661.0 
354.04160524323254 6.3628318584070795 28.0 269.0 198.0 43.0 7674.0 
356.04160524323254 6.389380530973451 27.0 270.0 199.0 43.0 7688.0 
358.04160524323254 6.389380530973451 29.0 271.0 199.0 43.0 7688.0 
360.04160524323254 6.389380530973451 29.0 271.0 199.0 43.0 7688.0 
362.04160524323254 6.460176991150443 31.0 273.0 200.0 44.0 7717.0 
364.04160524323254 6.460176991150443 30.0 274.0 200.0 44.0 7717.0 
366.04160524323254 6.447368421052632 27.0 274.0 203.0 44.0 7881.0 
368.04160524323254 6.469565217391304 28.0 275.0 204.0 45.0 8006.0 
370.04160524323254 6.695652173913044 25.0 276.0 207.0 47.0 8209.0 
372.04160524323254 6.695652173913044 23.0 277.0 207.0 47.0 8209.0 
374.04160524323254 6.8 22.0 278.0 207.0 49.0 8313.0 
376.04160524323254 6.869565217391305 20.0 279.0 209.0 50.0 8403.0 
378.04160524323254 6.869565217391305 20.0 279.0 209.0 50.0 8403.0 
380.04160524323254 6.869565217391305 21.0 280.0 209.0 50.0 8403.0 
382.04160524323254 6.921739130434783 21.0 282.0 209.0 51.0 8504.0 
384.04160524323254 7.0 25.0 285.0 211.0 52.0 8644.0 
386.04160524323254 6.9655172413793105 24.0 287.0 212.0 52.0 8661.0 
388.04160524323254 6.974137931034482 25.0 291.0 213.0 52.0 8675.0 
390.04160524323254 7.025862068965518 27.0 293.0 215.0 52.0 8812.0 
392.04160524323254 7.129310344827586 27.0 294.0 215.0 54.0 8920.0 
394.0191941286515 7.293103448275862 25.0 296.0 216.0 57.0 8984.0 
396.04160524323254 7.318965517241379 24.0 298.0 217.0 57.0 9027.0 
398.04160524323254 7.353448275862069 22.0 298.0 219.0 57.0 9128.0 
400.04160524323254 7.482758620689655 22.0 300.0 220.0 59.0 9259.0 
402.0046551834389 7.5 23.0 302.0 221.0 59.0 9278.0 
404.04160524323254 7.508620689655173 21.0 302.0 222.0 59.0 9291.0 
406.04160524323254 7.543103448275862 20.0 303.0 223.0 59.0 9311.0 
408.04160524323254 7.568965517241379 20.0 303.0 225.0 59.0 9340.0 
410.04160524323254 7.581196581196581 19.0 305.0 226.0 60.0 9475.0 
412.0232220401581 7.632478632478632 20.0 308.0 226.0 61.0 9475.0 
414.04160524323254 7.632478632478632 24.0 311.0 226.0 61.0 9475.0 
416.04160524323254 7.6752136752136755 22.0 312.0 229.0 61.0 9531.0 
418.04160524323254 7.6923076923076925 23.0 315.0 230.0 61.0 9565.0 
420.04160524323254 7.7094017094017095 23.0 315.0 231.0 61.0 9584.0 
422.04160524323254 7.726495726495727 23.0 315.0 232.0 61.0 9611.0 
424.04160524323254 7.82051282051282 21.0 316.0 234.0 62.0 9766.0 
426.04160524323254 7.905982905982906 20.0 318.0 237.0 63.0 9891.0 
428.04160524323254 7.905982905982906 19.0 319.0 237.0 63.0 9891.0 
430.04160524323254 7.923076923076923 18.0 321.0 238.0 63.0 9907.0 
432.04160524323254 7.932203389830509 16.0 322.0 243.0 63.0 10016.0 
434.04160524323254 7.991525423728813 15.0 323.0 244.0 64.0 10133.0 
436.04160524323254 8.059322033898304 16.0 324.0 244.0 65.0 10235.0 
438.04160524323254 8.059322033898304 16.0 325.0 244.0 65.0 10235.0 
440.04160524323254 8.110169491525424 18.0 328.0 246.0 65.0 10296.0 
442.04160524323254 8.14406779661017 17.0 329.0 248.0 65.0 10330.0 
444.04160524323254 8.211864406779661 19.0 334.0 249.0 65.0 10385.0 
446.04160524323254 8.211864406779661 20.0 334.0 249.0 65.0 10385.0 
448.04160524323254 8.245762711864407 20.0 335.0 252.0 65.0 10442.0 
450.04160524323254 8.254237288135593 17.0 335.0 253.0 65.0 10489.0 
452.04160524323254 8.26271186440678 16.0 335.0 254.0 65.0 10504.0 
454.04160524323254 8.218487394957982 15.0 335.0 256.0 65.0 10533.0 
456.04160524323254 8.277310924369749 15.0 336.0 256.0 66.0 10635.0 
458.04160524323254 8.285714285714286 16.0 339.0 257.0 66.0 10648.0 
460.04160524323254 8.319327731092438 15.0 339.0 258.0 66.0 10677.0 
462.04160524323254 8.361344537815127 14.0 340.0 261.0 66.0 10726.0 
464.04160524323254 8.403361344537815 11.0 342.0 263.0 66.0 10768.0 
466.04160524323254 8.403361344537815 15.0 344.0 263.0 66.0 10768.0 
468.04160524323254 8.403361344537815 15.0 345.0 263.0 66.0 10768.0 
470.0255333615859 8.403361344537815 18.0 348.0 263.0 66.0 10768.0 
472.04160524323254 8.420168067226891 18.0 348.0 264.0 66.0 10830.0 
474.04160524323254 8.478991596638656 18.0 350.0 264.0 67.0 10859.0 
476.04160524323254 8.521008403361344 19.0 352.0 266.0 67.0 10892.0 
478.04160524323254 8.529411764705882 19.0 353.0 267.0 67.0 10913.0 
480.04160524323254 8.529411764705882 19.0 353.0 267.0 67.0 10913.0 
482.04160524323254 8.529411764705882 20.0 354.0 267.0 67.0 10913.0 
484.04160524323254 8.588235294117647 21.0 355.0 269.0 67.0 10990.0 
486.04160524323254 8.596638655462185 19.0 357.0 270.0 67.0 11006.0 
488.04160524323254 8.621848739495798 20.0 359.0 271.0 67.0 11036.0 
490.04160524323254 8.575 24.0 362.0 272.0 67.0 11058.0 
492.04160524323254 8.6 23.0 362.0 274.0 67.0 11094.0 
494.04160524323254 8.6 21.0 362.0 274.0 67.0 11094.0 
496.04160524323254 8.616666666666667 20.0 362.0 275.0 67.0 11113.0 
498.04160524323254 8.641666666666667 21.0 363.0 276.0 67.0 11135.0 
500.04160524323254 8.65 20.0 364.0 277.0 67.0 11160.0 
502.04160524323254 8.65 20.0 364.0 277.0 67.0 11160.0 
504.04160524323254 8.666666666666666 21.0 365.0 278.0 67.0 11179.0 
506.04160524323254 8.741666666666667 20.0 366.0 282.0 67.0 11325.0 
508.04160524323254 8.741666666666667 19.0 368.0 282.0 67.0 11325.0 
510.04160524323254 8.741666666666667 20.0 369.0 282.0 67.0 11325.0 
512.0416052432325 8.783333333333333 19.0 370.0 285.0 67.0 11398.0 
514.029194324842 8.791666666666666 18.0 371.0 286.0 67.0 11424.0 
516.0416052432325 8.791666666666666 19.0 372.0 286.0 67.0 11424.0 
518.0416052432325 8.8 19.0 372.0 287.0 67.0 11437.0 
520.0416052432325 8.825 17.0 372.0 289.0 67.0 11479.0 
522.0416052432325 8.841666666666667 17.0 374.0 290.0 67.0 11498.0 
524.0416052432325 8.883333333333333 17.0 375.0 291.0 67.0 11552.0 
526.0416052432325 8.891666666666667 19.0 377.0 292.0 67.0 11571.0 
528.0416052432325 8.925 18.0 377.0 293.0 67.0 11590.0 
530.0416052432325 8.95 20.0 382.0 294.0 67.0 11609.0 
532.0416052432325 8.95 21.0 383.0 294.0 67.0 11609.0 
534.0416052432325 8.95 25.0 386.0 294.0 67.0 11609.0 
536.0416052432325 8.958333333333334 25.0 386.0 295.0 67.0 11623.0 
538.0416052432325 8.966666666666667 25.0 387.0 296.0 67.0 11637.0 
540.0416052432325 9.049586776859504 24.0 388.0 298.0 69.0 11875.0 
542.0416052432325 9.074380165289256 20.0 388.0 299.0 69.0 11943.0 
544.0416052432325 9.09090909090909 22.0 390.0 300.0 69.0 11957.0 
546.0416052432325 9.115702479338843 21.0 391.0 301.0 69.0 11977.0 
548.0416052432325 9.132231404958677 21.0 392.0 302.0 69.0 11995.0 
550.0416052432325 9.132231404958677 22.0 393.0 302.0 69.0 11995.0 
552.0416052432325 9.132231404958677 23.0 394.0 302.0 69.0 11995.0 
554.0299267061228 9.223140495867769 21.0 396.0 307.0 69.0 12168.0 
556.0416052432325 9.239669421487603 21.0 398.0 308.0 69.0 12168.0 
558.0279309452342 9.289256198347108 20.0 400.0 308.0 70.0 12270.0 
560.0416052432325 9.322314049586776 23.0 401.0 309.0 70.0 12290.0 
562.0416052432325 9.347107438016529 23.0 402.0 310.0 70.0 12308.0 
564.0416052432325 9.37190082644628 22.0 402.0 311.0 70.0 12327.0 
566.0416052432325 9.37190082644628 25.0 406.0 311.0 70.0 12327.0 
568.0416052432325 9.388429752066116 24.0 407.0 313.0 70.0 12354.0 
570.0416052432325 9.413223140495868 25.0 408.0 314.0 70.0 12366.0 
572.0416052432325 9.570247933884298 21.0 408.0 319.0 70.0 12566.0 
574.0105205911383 9.570247933884298 19.0 409.0 319.0 70.0 12566.0 
576.0416052432325 9.570247933884298 21.0 410.0 319.0 70.0 12566.0 
578.0416052432325 9.570247933884298 21.0 410.0 319.0 70.0 12566.0 
580.0416052432325 9.578512396694215 20.0 410.0 320.0 70.0 12584.0 
582.0416052432325 9.619834710743802 19.0 411.0 322.0 70.0 12633.0 
584.0416052432325 9.614754098360656 19.0 414.0 323.0 71.0 12773.0 
586.0416052432325 9.62295081967213 20.0 415.0 324.0 71.0 12789.0 
588.0416052432325 9.721311475409836 20.0 416.0 326.0 72.0 12933.0 
590.0416052432325 9.754098360655737 17.0 416.0 328.0 72.0 12971.0 
592.0416052432325 9.778688524590164 17.0 417.0 329.0 72.0 13055.0 
594.0416052432325 9.778688524590164 16.0 418.0 329.0 72.0 13055.0 
596.0416052432325 9.795081967213115 17.0 419.0 330.0 72.0 13068.0 
598.0416052432325 9.811475409836065 17.0 420.0 331.0 72.0 13082.0 
600.0293196457213 9.819672131147541 17.0 423.0 332.0 72.0 13096.0 
602.0416052432325 9.860655737704919 19.0 423.0 334.0 72.0 13204.0 
604.0416052432325 9.860655737704919 19.0 425.0 334.0 72.0 13204.0 
606.0416052432325 9.87704918032787 19.0 426.0 335.0 72.0 13221.0 
608.0416052432325 9.87704918032787 19.0 426.0 335.0 72.0 13221.0 
610.0416052432325 9.975409836065573 18.0 426.0 337.0 72.0 13379.0 
612.0416052432325 10.008196721311474 16.0 427.0 340.0 72.0 13428.0 
614.0416052432325 10.024590163934427 14.0 427.0 342.0 72.0 13461.0 
616.0416052432325 10.040983606557377 15.0 430.0 344.0 72.0 13489.0 
618.0416052432325 10.057377049180328 13.0 430.0 345.0 72.0 13576.0 
620.0416052432325 10.057377049180328 13.0 431.0 345.0 72.0 13576.0 
622.0317912588139 10.081967213114755 14.0 431.0 347.0 72.0 13655.0 
624.0416052432325 10.073170731707318 13.0 433.0 348.0 73.0 13797.0 
626.0416052432325 10.121951219512194 11.0 434.0 348.0 74.0 13867.0 
628.0416052432325 10.121951219512194 13.0 436.0 348.0 74.0 13867.0 
630.0416052432325 10.178861788617887 14.0 437.0 351.0 74.0 13925.0 
632.0416052432325 10.195121951219512 11.0 437.0 352.0 74.0 13981.0 
634.0416052432325 10.195121951219512 12.0 439.0 352.0 74.0 13981.0 
636.0416052432325 10.227642276422765 13.0 440.0 354.0 74.0 14071.0 
638.0416052432325 10.235772357723578 12.0 441.0 355.0 74.0 14093.0 
640.0416052432325 10.235772357723578 13.0 443.0 355.0 74.0 14093.0 
642.0416052432325 10.252032520325203 16.0 445.0 356.0 74.0 14112.0 
644.0416052432325 10.268292682926829 15.0 445.0 357.0 74.0 14141.0 
646.0416052432325 10.276422764227643 16.0 447.0 358.0 74.0 14167.0 
648.031759006005 10.333333333333334 12.0 448.0 361.0 74.0 14206.0 
650.0416052432325 10.341463414634147 16.0 451.0 362.0 74.0 14220.0 
652.0416052432325 10.34959349593496 16.0 452.0 363.0 74.0 14234.0 
654.0416052432325 10.373983739837398 16.0 453.0 364.0 74.0 14255.0 
656.0416052432325 10.387096774193548 13.0 453.0 367.0 74.0 14320.0 
658.0416052432325 10.39516129032258 13.0 455.0 368.0 74.0 14337.0 
660.0416052432325 10.39516129032258 15.0 457.0 368.0 74.0 14337.0 
662.0416052432325 10.435483870967742 13.0 457.0 370.0 74.0 14411.0 
664.0416052432325 10.475806451612904 11.0 458.0 374.0 74.0 14483.0 
666.0098554933733 10.491935483870968 11.0 461.0 375.0 74.0 14496.0 
668.0327818130512 10.491935483870968 12.0 461.0 375.0 74.0 14496.0 
670.0416052432325 10.540322580645162 13.0 465.0 379.0 74.0 14573.0 
672.0416052432325 10.556451612903226 11.0 466.0 380.0 74.0 14595.0 
674.0416052432325 10.588709677419354 10.0 467.0 383.0 74.0 14644.0 
676.0416052432325 10.588709677419354 11.0 468.0 383.0 74.0 14644.0 
678.0416052432325 10.620967741935484 13.0 470.0 384.0 74.0 14663.0 
680.0416052432325 10.653225806451612 10.0 470.0 387.0 74.0 14703.0 
682.0416052432325 10.653225806451612 10.0 471.0 387.0 74.0 14703.0 
684.0416052432325 10.67741935483871 13.0 474.0 388.0 74.0 14717.0 
686.0416052432325 10.709677419354838 14.0 476.0 390.0 74.0 14748.0 
688.0416052432325 10.741935483870968 12.0 477.0 392.0 74.0 14779.0 
690.0416052432325 10.774193548387096 12.0 479.0 394.0 74.0 14813.0 
692.0416052432325 10.774193548387096 11.0 479.0 394.0 74.0 14813.0 
694.0416052432325 10.774193548387096 11.0 479.0 394.0 74.0 14813.0 
696.0416052432325 10.78225806451613 11.0 481.0 395.0 74.0 14830.0 
698.0416052432325 10.798387096774194 12.0 482.0 396.0 74.0 14844.0 
700.0416052432325 10.806451612903226 11.0 484.0 397.0 74.0 14858.0 
702.0416052432325 10.744 14.0 486.0 399.0 74.0 14895.0 
704.0416052432325 10.784 13.0 489.0 401.0 74.0 14928.0 
706.0416052432325 10.784 15.0 490.0 401.0 74.0 14928.0 
708.0416052432325 10.832 15.0 490.0 403.0 74.0 14969.0 
710.0416052432325 10.848 14.0 491.0 404.0 74.0 14997.0 
712.0416052432325 10.896 16.0 494.0 406.0 74.0 15042.0 
714.0416052432325 10.896 17.0 497.0 406.0 74.0 15042.0 
716.0416052432325 10.896 18.0 498.0 406.0 74.0 15042.0 
718.0416052432325 10.904 20.0 500.0 407.0 74.0 15056.0 
720.0416052432325 10.952 18.0 501.0 411.0 74.0 15106.0 
722.0416052432325 10.952 21.0 507.0 411.0 74.0 15106.0 
724.0416052432325 11.032 22.0 508.0 414.0 74.0 15167.0 
726.0416052432325 11.032 20.0 510.0 414.0 74.0 15167.0 
728.0416052432325 11.08 21.0 512.0 416.0 74.0 15207.0 
730.0416052432325 11.096 23.0 515.0 418.0 74.0 15249.0 
732.0416052432325 11.096 24.0 517.0 418.0 74.0 15249.0 
734.0416052432325 11.144 25.0 521.0 421.0 74.0 15316.0 
736.0416052432325 11.16 24.0 521.0 423.0 74.0 15350.0 
738.0416052432325 11.168 26.0 523.0 424.0 74.0 15367.0 
740.0416052432325 11.192 24.0 523.0 426.0 74.0 15397.0 
742.0274407508075 11.24 24.0 528.0 429.0 74.0 15475.0 
744.0416052432325 11.24 26.0 531.0 429.0 74.0 15475.0 
746.0416052432325 11.272 28.0 532.0 432.0 74.0 15533.0 
748.0416052432325 11.304 27.0 533.0 433.0 74.0 15552.0 
750.0416052432325 11.336 26.0 535.0 437.0 74.0 15618.0 
752.01051348427 11.344 26.0 540.0 438.0 74.0 15636.0 
754.0416052432325 11.344 28.0 540.0 438.0 74.0 15636.0 
756.0416052432325 11.352 29.0 543.0 439.0 74.0 15650.0 
758.0416052432325 11.408 31.0 545.0 442.0 74.0 15715.0 
760.0416052432325 11.416 30.0 547.0 443.0 74.0 15731.0 
762.0416052432325 11.416 30.0 547.0 443.0 74.0 15731.0 
764.0416052432325 11.488 29.0 547.0 447.0 74.0 15797.0 
766.0416052432325 11.544 26.0 547.0 448.0 74.0 15861.0 
768.0416052432325 11.568 25.0 548.0 449.0 74.0 15894.0 
770.0416052432325 11.584 24.0 548.0 450.0 74.0 15914.0 
772.0416052432325 11.656 23.0 549.0 453.0 74.0 15977.0 
774.0416052432325 11.656 24.0 553.0 453.0 74.0 15977.0 
776.0416052432325 11.672 26.0 553.0 454.0 74.0 16002.0 
778.0416052432325 11.696 25.0 555.0 456.0 74.0 16045.0 
780.0416052432325 11.744 25.0 556.0 458.0 74.0 16075.0 
782.0416052432325 11.776 24.0 557.0 459.0 74.0 16135.0 
784.0416052432325 11.776 27.0 560.0 459.0 74.0 16135.0 
786.0416052432325 11.808 26.0 561.0 460.0 74.0 16176.0 
788.0416052432325 11.84 27.0 563.0 462.0 74.0 16221.0 
790.0416052432325 11.84 27.0 563.0 462.0 74.0 16221.0 
792.0374568091407 11.92 27.0 568.0 466.0 74.0 16302.0 
794.0416052432325 11.943999999999999 29.0 572.0 467.0 74.0 16336.0 
796.0416052432325 11.943999999999999 31.0 572.0 467.0 74.0 16336.0 
798.0416052432325 11.943999999999999 34.0 575.0 467.0 74.0 16336.0 
800.0416052432325 11.943999999999999 35.0 576.0 467.0 74.0 16336.0 
802.0416052432325 11.96 39.0 580.0 468.0 74.0 16355.0 
804.0416052432325 12.0 38.0 581.0 469.0 74.0 16425.0 
806.0416052432325 12.032 37.0 581.0 471.0 74.0 16461.0 
808.0416052432325 12.2 38.0 584.0 477.0 74.0 16646.0 
810.0416052432325 12.216 35.0 586.0 478.0 74.0 16659.0 
812.0416052432325 12.224 33.0 586.0 479.0 74.0 16677.0 
814.0416052432325 12.256 33.0 587.0 481.0 74.0 16709.0 
816.0416052432325 12.256 32.0 588.0 481.0 74.0 16709.0 
818.0416052432325 12.368 32.0 588.0 481.0 76.0 16912.0 
820.0416052432325 12.424 31.0 589.0 483.0 76.0 16958.0 
822.0416052432325 12.472 32.0 591.0 483.0 77.0 16986.0 
824.0416052432325 12.544 31.0 592.0 485.0 78.0 17131.0 
826.0416052432325 12.544 30.0 593.0 485.0 78.0 17131.0 
828.0416052432325 12.687999999999999 30.0 595.0 487.0 79.0 17323.0 
830.0416052432325 12.832 29.0 596.0 487.0 82.0 17471.0 
832.0416052432325 12.832 28.0 597.0 487.0 82.0 17471.0 
834.0416052432325 12.879999999999999 26.0 597.0 489.0 82.0 17522.0 
836.0416052432325 12.879999999999999 27.0 599.0 489.0 82.0 17522.0 
838.0416052432325 12.928 28.0 600.0 491.0 82.0 17568.0 
840.0416052432325 12.928 27.0 601.0 491.0 82.0 17568.0 
842.0416052432325 13.008000000000001 29.0 602.0 491.0 83.0 17669.0 
844.0416052432325 13.064 29.0 603.0 492.0 84.0 17778.0 
846.0416052432325 13.104 27.0 605.0 495.0 84.0 17892.0 
848.0416052432325 13.104 26.0 605.0 495.0 84.0 17892.0 
850.0416052432325 13.112 26.0 606.0 496.0 84.0 17917.0 
852.0416052432325 13.136 27.0 608.0 497.0 84.0 17961.0 
854.0416052432325 13.224 26.0 609.0 500.0 85.0 18119.0 
856.0416052432325 13.272 25.0 611.0 500.0 86.0 18129.0 
858.0416052432325 13.288 24.0 614.0 501.0 86.0 18151.0 
860.0416052432325 13.328 27.0 615.0 502.0 86.0 18201.0 
862.0416052432325 13.328 27.0 615.0 502.0 86.0 18201.0 
864.0416052432325 13.408 25.0 616.0 505.0 86.0 18340.0 
866.0416052432325 13.424 26.0 618.0 506.0 86.0 18360.0 
868.0416052432325 13.424 27.0 619.0 506.0 86.0 18360.0 
870.0416052432325 13.431999999999999 28.0 620.0 507.0 86.0 18376.0 
872.0416052432325 13.472 26.0 621.0 509.0 86.0 18468.0 
874.0416052432325 13.536 28.0 624.0 510.0 87.0 18565.0 
876.0416052432325 13.592 28.0 626.0 511.0 88.0 18749.0 
878.0237120077013 13.664 26.0 627.0 513.0 89.0 18788.0 
880.0416052432325 13.728 27.0 629.0 516.0 89.0 18914.0 
882.0416052432325 13.776 23.0 630.0 518.0 89.0 19042.0 
884.0416052432325 13.832 25.0 632.0 520.0 89.0 19090.0 
886.0416052432325 13.879999999999999 22.0 632.0 520.0 90.0 19192.0 
888.0416052432325 13.928 21.0 632.0 520.0 91.0 19221.0 
890.0416052432325 13.968 21.0 635.0 523.0 91.0 19267.0 
892.0416052432325 14.064 22.0 638.0 526.0 91.0 19371.0 
894.0416052432325 14.08 22.0 641.0 527.0 91.0 19390.0 
896.0416052432325 14.096 22.0 641.0 529.0 91.0 19430.0 
898.0416052432325 14.096 21.0 641.0 529.0 91.0 19430.0 
900.0416052432325 14.112 21.0 642.0 530.0 91.0 19447.0 
#####################################################################
# End of data export. Simulation finished at: 2020-01-16T16:16+0000 #
#####################################################################
