#####################################################################
# Alchemist log file - simulation started at: 2020-01-16T05:28+0000 #
#####################################################################
# seed = 22.0, taskFrequency = 2.4E-4, cloudcost = 1.0, algorithm = true
#
# The columns have the following meaning: 
# time taskHops[Mean] hasTask[Sum] tasks[Sum] completedTasks[Sum] giveupTasks[Sum] taskLatency[Sum] 
0.0 NaN 0.0 0.0 0.0 0.0 0.0 
2.002494918592731 NaN 0.0 0.0 0.0 0.0 0.0 
4.002494918592731 NaN 0.0 0.0 0.0 0.0 0.0 
6.002494918592731 NaN 0.0 0.0 0.0 0.0 0.0 
8.002494918592731 NaN 0.0 0.0 0.0 0.0 0.0 
10.002494918592731 NaN 0.0 0.0 0.0 0.0 0.0 
12.002494918592731 NaN 1.0 1.0 0.0 0.0 0.0 
14.002494918592731 NaN 1.0 1.0 0.0 0.0 0.0 
16.00249491859273 NaN 1.0 1.0 0.0 0.0 0.0 
18.00249491859273 NaN 1.0 1.0 0.0 0.0 0.0 
20.00249491859273 NaN 1.0 1.0 0.0 0.0 0.0 
22.00249491859273 NaN 1.0 1.0 0.0 0.0 0.0 
24.00249491859273 NaN 1.0 1.0 0.0 0.0 0.0 
26.00249491859273 1.0 0.0 1.0 1.0 0.0 14.0 
28.00249491859273 1.0 0.0 1.0 1.0 0.0 14.0 
30.00249491859273 1.0 0.0 1.0 1.0 0.0 14.0 
32.00249491859273 1.0 0.0 1.0 1.0 0.0 14.0 
34.00249491859273 1.0 0.0 1.0 1.0 0.0 14.0 
36.00249491859273 1.0 0.0 1.0 1.0 0.0 14.0 
38.00249491859273 1.0 0.0 1.0 1.0 0.0 14.0 
40.00249491859273 1.0 0.0 1.0 1.0 0.0 14.0 
42.00249491859273 1.0 0.0 1.0 1.0 0.0 14.0 
44.00249491859273 1.0 0.0 1.0 1.0 0.0 14.0 
46.00249491859273 1.0 0.0 1.0 1.0 0.0 14.0 
48.00249491859273 1.0 0.0 1.0 1.0 0.0 14.0 
50.00249491859273 1.0 0.0 1.0 1.0 0.0 14.0 
52.00249491859273 1.0 0.0 1.0 1.0 0.0 14.0 
54.00249491859273 1.0 0.0 1.0 1.0 0.0 14.0 
56.00249491859273 1.0 0.0 1.0 1.0 0.0 14.0 
58.00249491859273 1.0 0.0 1.0 1.0 0.0 14.0 
60.00249491859273 1.0 0.0 1.0 1.0 0.0 14.0 
62.00249491859273 1.0 0.0 1.0 1.0 0.0 14.0 
64.00249491859273 1.0 0.0 1.0 1.0 0.0 14.0 
66.00249491859273 1.0 0.0 1.0 1.0 0.0 14.0 
68.00249491859273 1.0 0.0 2.0 1.0 0.0 14.0 
70.00249491859273 1.0 1.0 2.0 1.0 0.0 14.0 
72.00249491859273 1.0 1.0 2.0 1.0 0.0 14.0 
74.00249491859273 1.0 1.0 2.0 1.0 0.0 14.0 
76.00249491859273 1.0 1.0 2.0 1.0 0.0 14.0 
78.00249491859273 1.0 2.0 3.0 1.0 0.0 14.0 
80.00249491859273 1.0 2.0 3.0 1.0 0.0 14.0 
82.00249491859273 1.0 2.0 3.0 2.0 0.0 28.0 
84.00249491859273 1.0 1.0 3.0 2.0 0.0 28.0 
86.00249491859273 1.0 1.0 3.0 2.0 0.0 28.0 
88.00249491859273 1.0 1.0 3.0 2.0 0.0 28.0 
90.00249491859273 1.0 1.0 3.0 2.0 0.0 28.0 
92.00249491859273 1.0 0.0 3.0 3.0 0.0 41.0 
94.00249491859273 1.0 0.0 3.0 3.0 0.0 41.0 
96.00249491859273 1.0 0.0 3.0 3.0 0.0 41.0 
98.00249491859273 1.0 0.0 3.0 3.0 0.0 41.0 
100.00249491859273 1.0 1.0 4.0 3.0 0.0 41.0 
102.00249491859273 1.0 1.0 4.0 3.0 0.0 41.0 
104.00249491859273 1.0 1.0 4.0 3.0 0.0 41.0 
106.00249491859273 1.0 1.0 4.0 3.0 0.0 41.0 
108.00249491859273 1.0 1.0 4.0 3.0 0.0 41.0 
110.00249491859273 1.0 1.0 4.0 3.0 0.0 41.0 
112.00249491859273 1.0 1.0 4.0 4.0 0.0 54.0 
114.00249491859273 1.0 0.0 4.0 4.0 0.0 54.0 
116.00249491859273 1.0 0.0 4.0 4.0 0.0 54.0 
118.00249491859273 1.0 0.0 4.0 4.0 0.0 54.0 
120.00249491859273 1.0 0.0 4.0 4.0 0.0 54.0 
122.00249491859273 1.0 0.0 4.0 4.0 0.0 54.0 
124.00249491859273 1.0 0.0 4.0 4.0 0.0 54.0 
126.00249491859273 1.0 0.0 4.0 4.0 0.0 54.0 
128.00249491859273 1.0 0.0 4.0 4.0 0.0 54.0 
130.00249491859273 1.0 0.0 4.0 4.0 0.0 54.0 
132.00249491859273 1.0 0.0 4.0 4.0 0.0 54.0 
134.00249491859273 1.0 0.0 4.0 4.0 0.0 54.0 
136.00249491859273 1.0 0.0 4.0 4.0 0.0 54.0 
138.00249491859273 1.0 0.0 4.0 4.0 0.0 54.0 
140.00249491859273 1.0 0.0 4.0 4.0 0.0 54.0 
142.00249491859273 1.0 0.0 5.0 4.0 0.0 54.0 
144.00249491859273 1.0 1.0 5.0 4.0 0.0 54.0 
146.00249491859273 1.0 2.0 6.0 4.0 0.0 54.0 
148.00249491859273 1.0 2.0 6.0 4.0 0.0 54.0 
150.00249491859273 1.0 3.0 7.0 4.0 0.0 54.0 
152.00249491859273 1.0 3.0 7.0 4.0 0.0 54.0 
154.00249491859273 1.0 3.0 7.0 4.0 0.0 54.0 
156.00249491859273 1.0 3.0 7.0 5.0 0.0 68.0 
158.00249491859273 1.0 2.0 7.0 5.0 0.0 68.0 
160.00249491859273 1.1666666666666667 1.0 7.0 6.0 0.0 82.0 
162.00249491859273 1.1666666666666667 1.0 7.0 6.0 0.0 82.0 
164.00249491859273 1.1428571428571428 0.0 7.0 7.0 0.0 95.0 
166.00249491859273 1.1428571428571428 0.0 7.0 7.0 0.0 95.0 
168.00249491859273 1.1428571428571428 0.0 7.0 7.0 0.0 95.0 
170.00249491859273 1.1428571428571428 0.0 7.0 7.0 0.0 95.0 
172.00249491859273 1.1428571428571428 0.0 7.0 7.0 0.0 95.0 
174.00249491859273 1.1428571428571428 0.0 7.0 7.0 0.0 95.0 
176.00249491859273 1.1428571428571428 1.0 8.0 7.0 0.0 95.0 
178.00249491859273 1.1428571428571428 1.0 8.0 7.0 0.0 95.0 
180.00249491859273 1.1428571428571428 1.0 8.0 7.0 0.0 95.0 
182.00249491859273 1.1428571428571428 1.0 8.0 7.0 0.0 95.0 
184.00249491859273 1.1428571428571428 1.0 8.0 7.0 0.0 95.0 
186.00249491859273 1.1428571428571428 1.0 8.0 7.0 0.0 95.0 
188.00249491859273 1.125 2.0 9.0 8.0 0.0 108.0 
190.00249491859273 1.125 1.0 9.0 8.0 0.0 108.0 
192.00249491859273 1.125 1.0 9.0 8.0 0.0 108.0 
194.00249491859273 1.125 1.0 9.0 8.0 0.0 108.0 
196.00249491859273 1.125 1.0 9.0 8.0 0.0 108.0 
198.00249491859273 1.125 1.0 9.0 8.0 0.0 108.0 
200.00249491859273 1.125 1.0 9.0 8.0 0.0 108.0 
202.00249491859273 1.3333333333333333 0.0 9.0 9.0 0.0 122.0 
204.00249491859273 1.3333333333333333 0.0 9.0 9.0 0.0 122.0 
206.00249491859273 1.3333333333333333 0.0 9.0 9.0 0.0 122.0 
208.00249491859273 1.3333333333333333 0.0 9.0 9.0 0.0 122.0 
210.00249491859273 1.3333333333333333 0.0 9.0 9.0 0.0 122.0 
212.00249491859273 1.3333333333333333 0.0 9.0 9.0 0.0 122.0 
214.00249491859273 1.3333333333333333 0.0 9.0 9.0 0.0 122.0 
216.00249491859273 1.3333333333333333 0.0 9.0 9.0 0.0 122.0 
218.00249491859273 1.3333333333333333 0.0 9.0 9.0 0.0 122.0 
220.00249491859273 1.3333333333333333 0.0 9.0 9.0 0.0 122.0 
222.00249491859273 1.3333333333333333 0.0 9.0 9.0 0.0 122.0 
224.00249491859273 1.3333333333333333 0.0 9.0 9.0 0.0 122.0 
226.00249491859273 1.3333333333333333 0.0 9.0 9.0 0.0 122.0 
228.00249491859273 1.3333333333333333 0.0 9.0 9.0 0.0 122.0 
230.00249491859273 1.3333333333333333 0.0 9.0 9.0 0.0 122.0 
232.00249491859273 1.3333333333333333 0.0 9.0 9.0 0.0 122.0 
234.00249491859273 1.3333333333333333 0.0 9.0 9.0 0.0 122.0 
236.00249491859273 1.3333333333333333 0.0 9.0 9.0 0.0 122.0 
238.00249491859273 1.3333333333333333 0.0 9.0 9.0 0.0 122.0 
240.00249491859273 1.3333333333333333 0.0 9.0 9.0 0.0 122.0 
242.00249491859273 1.3333333333333333 0.0 9.0 9.0 0.0 122.0 
244.00249491859273 1.3333333333333333 0.0 9.0 9.0 0.0 122.0 
246.00249491859273 1.3333333333333333 0.0 9.0 9.0 0.0 122.0 
248.00249491859273 1.3333333333333333 1.0 10.0 9.0 0.0 122.0 
250.00249491859273 1.3333333333333333 1.0 10.0 9.0 0.0 122.0 
252.00249491859273 1.3333333333333333 2.0 11.0 9.0 0.0 122.0 
254.00249491859273 1.3333333333333333 2.0 11.0 9.0 0.0 122.0 
256.00249491859273 1.3333333333333333 2.0 11.0 9.0 0.0 122.0 
258.00249491859273 1.3333333333333333 2.0 11.0 9.0 0.0 122.0 
260.00249491859273 1.4 2.0 11.0 10.0 0.0 135.0 
262.00249491859273 1.4 1.0 11.0 10.0 0.0 135.0 
264.00249491859273 1.4 1.0 11.0 10.0 0.0 135.0 
266.00249491859273 1.4545454545454546 0.0 11.0 11.0 0.0 149.0 
268.00249491859273 1.4545454545454546 0.0 11.0 11.0 0.0 149.0 
270.00249491859273 1.4545454545454546 0.0 11.0 11.0 0.0 149.0 
272.00249491859273 1.4545454545454546 0.0 11.0 11.0 0.0 149.0 
274.00249491859273 1.4545454545454546 0.0 11.0 11.0 0.0 149.0 
276.00249491859273 1.4545454545454546 0.0 11.0 11.0 0.0 149.0 
278.00249491859273 1.4545454545454546 0.0 11.0 11.0 0.0 149.0 
280.00249491859273 1.4545454545454546 0.0 11.0 11.0 0.0 149.0 
282.00249491859273 1.4545454545454546 0.0 11.0 11.0 0.0 149.0 
284.00249491859273 1.4545454545454546 0.0 11.0 11.0 0.0 149.0 
286.00249491859273 1.4545454545454546 0.0 11.0 11.0 0.0 149.0 
288.00249491859273 1.4545454545454546 0.0 11.0 11.0 0.0 149.0 
290.00249491859273 1.4545454545454546 0.0 11.0 11.0 0.0 149.0 
292.00249491859273 1.4545454545454546 0.0 11.0 11.0 0.0 149.0 
294.00249491859273 1.4545454545454546 0.0 11.0 11.0 0.0 149.0 
296.00249491859273 1.4545454545454546 0.0 11.0 11.0 0.0 149.0 
298.00249491859273 1.4545454545454546 0.0 11.0 11.0 0.0 149.0 
300.00249491859273 1.4545454545454546 0.0 11.0 11.0 0.0 149.0 
302.00249491859273 1.4545454545454546 0.0 11.0 11.0 0.0 149.0 
304.00249491859273 1.4545454545454546 0.0 11.0 11.0 0.0 149.0 
306.00249491859273 1.4545454545454546 0.0 11.0 11.0 0.0 149.0 
308.00249491859273 1.4545454545454546 0.0 11.0 11.0 0.0 149.0 
310.00249491859273 1.4545454545454546 0.0 11.0 11.0 0.0 149.0 
312.00249491859273 1.4545454545454546 0.0 11.0 11.0 0.0 149.0 
314.00249491859273 1.4545454545454546 0.0 11.0 11.0 0.0 149.0 
316.00249491859273 1.4545454545454546 1.0 12.0 11.0 0.0 149.0 
318.00249491859273 1.4545454545454546 1.0 12.0 11.0 0.0 149.0 
320.00249491859273 1.4545454545454546 1.0 12.0 11.0 0.0 149.0 
322.00249491859273 1.4545454545454546 1.0 12.0 11.0 0.0 149.0 
324.00249491859273 1.4545454545454546 1.0 12.0 11.0 0.0 149.0 
326.00249491859273 1.4545454545454546 1.0 12.0 11.0 0.0 149.0 
328.00249491859273 1.6363636363636365 1.0 12.0 12.0 0.0 162.0 
330.00249491859273 1.6363636363636365 0.0 12.0 12.0 0.0 162.0 
332.00249491859273 1.6363636363636365 1.0 13.0 12.0 0.0 162.0 
334.00249491859273 1.6363636363636365 1.0 13.0 12.0 0.0 162.0 
336.00249491859273 1.6363636363636365 1.0 13.0 12.0 0.0 162.0 
338.00249491859273 1.6363636363636365 1.0 13.0 12.0 0.0 162.0 
340.00249491859273 1.6363636363636365 1.0 13.0 12.0 0.0 162.0 
342.00249491859273 1.6363636363636365 1.0 13.0 12.0 0.0 162.0 
344.00249491859273 1.75 1.0 13.0 13.0 0.0 175.0 
346.00249491859273 1.75 0.0 13.0 13.0 0.0 175.0 
348.00249491859273 1.75 0.0 13.0 13.0 0.0 175.0 
350.00249491859273 1.75 1.0 14.0 13.0 0.0 175.0 
352.00249491859273 1.75 1.0 14.0 13.0 0.0 175.0 
354.00249491859273 1.75 1.0 14.0 13.0 0.0 175.0 
356.00249491859273 1.75 1.0 14.0 13.0 0.0 175.0 
358.00249491859273 1.75 1.0 14.0 13.0 0.0 175.0 
360.00249491859273 1.75 1.0 14.0 13.0 0.0 175.0 
362.00249491859273 1.75 1.0 14.0 13.0 0.0 175.0 
364.00249491859273 1.6923076923076923 0.0 14.0 14.0 0.0 188.0 
366.00249491859273 1.6923076923076923 0.0 14.0 14.0 0.0 188.0 
368.00249491859273 1.6923076923076923 0.0 14.0 14.0 0.0 188.0 
370.00249491859273 1.6923076923076923 0.0 14.0 14.0 0.0 188.0 
372.00249491859273 1.6923076923076923 0.0 14.0 14.0 0.0 188.0 
374.00249491859273 1.6923076923076923 0.0 14.0 14.0 0.0 188.0 
376.00249491859273 1.6923076923076923 0.0 14.0 14.0 0.0 188.0 
378.00249491859273 1.6923076923076923 0.0 14.0 14.0 0.0 188.0 
380.00249491859273 1.6923076923076923 0.0 14.0 14.0 0.0 188.0 
382.00249491859273 1.6923076923076923 0.0 14.0 14.0 0.0 188.0 
384.00249491859273 1.6923076923076923 0.0 14.0 14.0 0.0 188.0 
386.00249491859273 1.6923076923076923 0.0 14.0 14.0 0.0 188.0 
388.00249491859273 1.6923076923076923 0.0 14.0 14.0 0.0 188.0 
390.00249491859273 1.6923076923076923 0.0 14.0 14.0 0.0 188.0 
392.00249491859273 1.6923076923076923 0.0 14.0 14.0 0.0 188.0 
394.00249491859273 1.6923076923076923 0.0 14.0 14.0 0.0 188.0 
396.00249491859273 1.6923076923076923 0.0 14.0 14.0 0.0 188.0 
398.00249491859273 1.6923076923076923 0.0 14.0 14.0 0.0 188.0 
400.00249491859273 1.6923076923076923 0.0 14.0 14.0 0.0 188.0 
402.00249491859273 1.6923076923076923 0.0 14.0 14.0 0.0 188.0 
404.00249491859273 1.6923076923076923 0.0 14.0 14.0 0.0 188.0 
406.00249491859273 1.6923076923076923 0.0 14.0 14.0 0.0 188.0 
408.00249491859273 1.6923076923076923 0.0 15.0 14.0 0.0 188.0 
410.00249491859273 1.6923076923076923 1.0 15.0 14.0 0.0 188.0 
412.00249491859273 1.6923076923076923 1.0 15.0 14.0 0.0 188.0 
414.00249491859273 1.6923076923076923 1.0 15.0 14.0 0.0 188.0 
416.00249491859273 1.6923076923076923 1.0 15.0 14.0 0.0 188.0 
418.00249491859273 1.6923076923076923 1.0 15.0 14.0 0.0 188.0 
420.00249491859273 1.6923076923076923 1.0 15.0 14.0 0.0 188.0 
422.00249491859273 1.6428571428571428 1.0 15.0 15.0 0.0 202.0 
424.00249491859273 1.6428571428571428 0.0 15.0 15.0 0.0 202.0 
426.00249491859273 1.6428571428571428 0.0 15.0 15.0 0.0 202.0 
428.00249491859273 1.6428571428571428 0.0 15.0 15.0 0.0 202.0 
430.00249491859273 1.6428571428571428 0.0 15.0 15.0 0.0 202.0 
432.00249491859273 1.6428571428571428 0.0 15.0 15.0 0.0 202.0 
434.00249491859273 1.6428571428571428 0.0 15.0 15.0 0.0 202.0 
436.00249491859273 1.6428571428571428 0.0 15.0 15.0 0.0 202.0 
438.00249491859273 1.6428571428571428 0.0 15.0 15.0 0.0 202.0 
440.00249491859273 1.6428571428571428 0.0 15.0 15.0 0.0 202.0 
442.00249491859273 1.6428571428571428 1.0 16.0 15.0 0.0 202.0 
444.00249491859273 1.6428571428571428 1.0 16.0 15.0 0.0 202.0 
446.00249491859273 1.6428571428571428 1.0 16.0 15.0 0.0 202.0 
448.00249491859273 1.6428571428571428 1.0 16.0 15.0 0.0 202.0 
450.00249491859273 1.6428571428571428 1.0 16.0 15.0 0.0 202.0 
452.00249491859273 1.6428571428571428 1.0 16.0 15.0 0.0 202.0 
454.00249491859273 1.6 1.0 16.0 16.0 0.0 215.0 
456.00249491859273 1.6 0.0 16.0 16.0 0.0 215.0 
458.00249491859273 1.6 0.0 16.0 16.0 0.0 215.0 
460.00249491859273 1.6 0.0 16.0 16.0 0.0 215.0 
462.00249491859273 1.6 0.0 16.0 16.0 0.0 215.0 
464.00249491859273 1.6 0.0 16.0 16.0 0.0 215.0 
466.00249491859273 1.6 0.0 16.0 16.0 0.0 215.0 
468.00249491859273 1.6 0.0 16.0 16.0 0.0 215.0 
470.00249491859273 1.6 0.0 16.0 16.0 0.0 215.0 
472.00249491859273 1.6 1.0 17.0 16.0 0.0 215.0 
474.00249491859273 1.6 1.0 17.0 16.0 0.0 215.0 
476.00249491859273 1.6 1.0 17.0 16.0 0.0 215.0 
478.00249491859273 1.6 1.0 17.0 16.0 0.0 215.0 
480.00249491859273 1.6 1.0 17.0 16.0 0.0 215.0 
482.00249491859273 1.6 2.0 18.0 16.0 0.0 215.0 
484.00249491859273 1.625 2.0 18.0 17.0 0.0 228.0 
486.00249491859273 1.625 1.0 18.0 17.0 0.0 228.0 
488.00249491859273 1.625 1.0 18.0 17.0 0.0 228.0 
490.00249491859273 1.625 1.0 18.0 17.0 0.0 228.0 
492.00249491859273 1.625 1.0 18.0 17.0 0.0 228.0 
494.00249491859273 1.625 1.0 18.0 17.0 0.0 228.0 
496.00249491859273 1.588235294117647 0.0 18.0 18.0 0.0 242.0 
498.00249491859273 1.588235294117647 0.0 18.0 18.0 0.0 242.0 
500.00249491859273 1.588235294117647 0.0 18.0 18.0 0.0 242.0 
502.00249491859273 1.588235294117647 1.0 19.0 18.0 0.0 242.0 
504.00249491859273 1.588235294117647 1.0 19.0 18.0 0.0 242.0 
506.00249491859273 1.588235294117647 1.0 19.0 18.0 0.0 242.0 
508.00249491859273 1.588235294117647 2.0 20.0 18.0 0.0 242.0 
510.00249491859273 1.588235294117647 2.0 20.0 18.0 0.0 242.0 
512.0024949185927 1.588235294117647 2.0 20.0 18.0 0.0 242.0 
514.0024949185927 1.6666666666666667 2.0 20.0 19.0 0.0 255.0 
516.0024949185927 1.6666666666666667 1.0 20.0 19.0 0.0 255.0 
518.0024949185927 1.6666666666666667 1.0 20.0 19.0 0.0 255.0 
520.0024949185927 1.631578947368421 1.0 20.0 20.0 0.0 268.0 
522.0024949185927 1.631578947368421 0.0 20.0 20.0 0.0 268.0 
524.0024949185927 1.631578947368421 0.0 20.0 20.0 0.0 268.0 
526.0024949185927 1.631578947368421 0.0 20.0 20.0 0.0 268.0 
528.0024949185927 1.631578947368421 0.0 20.0 20.0 0.0 268.0 
530.0024949185927 1.631578947368421 0.0 20.0 20.0 0.0 268.0 
532.0024949185927 1.631578947368421 0.0 20.0 20.0 0.0 268.0 
534.0024949185927 1.631578947368421 0.0 21.0 20.0 0.0 268.0 
536.0024949185927 1.631578947368421 1.0 21.0 20.0 0.0 268.0 
538.0024949185927 1.631578947368421 1.0 21.0 20.0 0.0 268.0 
540.0024949185927 1.631578947368421 1.0 21.0 20.0 0.0 268.0 
542.0024949185927 1.631578947368421 1.0 21.0 20.0 0.0 268.0 
544.0024949185927 1.631578947368421 1.0 21.0 20.0 0.0 268.0 
546.0024949185927 1.631578947368421 1.0 21.0 20.0 0.0 268.0 
548.0024949185927 1.6 1.0 21.0 21.0 0.0 282.0 
550.0024949185927 1.6 0.0 21.0 21.0 0.0 282.0 
552.0024949185927 1.6 0.0 21.0 21.0 0.0 282.0 
554.0024949185927 1.6 0.0 21.0 21.0 0.0 282.0 
556.0024949185927 1.6 0.0 21.0 21.0 0.0 282.0 
558.0024949185927 1.6 0.0 21.0 21.0 0.0 282.0 
560.0024949185927 1.6 0.0 21.0 21.0 0.0 282.0 
562.0024949185927 1.6 0.0 21.0 21.0 0.0 282.0 
564.0024949185927 1.6 0.0 21.0 21.0 0.0 282.0 
566.0024949185927 1.6 0.0 21.0 21.0 0.0 282.0 
568.0024949185927 1.6 1.0 22.0 21.0 0.0 282.0 
570.0024949185927 1.6 1.0 22.0 21.0 0.0 282.0 
572.0024949185927 1.6 1.0 22.0 21.0 0.0 282.0 
574.0024949185927 1.6 1.0 22.0 21.0 0.0 282.0 
576.0024949185927 1.6 1.0 22.0 21.0 0.0 282.0 
578.0024949185927 1.6 1.0 22.0 21.0 0.0 282.0 
580.0024949185927 1.6 1.0 22.0 21.0 0.0 282.0 
582.0024949185927 1.5714285714285714 0.0 22.0 22.0 0.0 295.0 
584.0024949185927 1.5714285714285714 0.0 22.0 22.0 0.0 295.0 
586.0024949185927 1.5714285714285714 0.0 22.0 22.0 0.0 295.0 
588.0024949185927 1.5714285714285714 0.0 22.0 22.0 0.0 295.0 
590.0024949185927 1.5714285714285714 0.0 22.0 22.0 0.0 295.0 
592.0024949185927 1.5714285714285714 0.0 22.0 22.0 0.0 295.0 
594.0024949185927 1.5714285714285714 0.0 22.0 22.0 0.0 295.0 
596.0024949185927 1.5714285714285714 0.0 22.0 22.0 0.0 295.0 
598.0024949185927 1.5714285714285714 0.0 22.0 22.0 0.0 295.0 
600.0024949185927 1.5714285714285714 0.0 22.0 22.0 0.0 295.0 
602.0024949185927 1.5714285714285714 0.0 22.0 22.0 0.0 295.0 
604.0024949185927 1.5714285714285714 0.0 22.0 22.0 0.0 295.0 
606.0024949185927 1.5714285714285714 0.0 22.0 22.0 0.0 295.0 
608.0024949185927 1.5714285714285714 0.0 22.0 22.0 0.0 295.0 
610.0024949185927 1.5714285714285714 0.0 22.0 22.0 0.0 295.0 
612.0024949185927 1.5714285714285714 0.0 22.0 22.0 0.0 295.0 
614.0024949185927 1.5714285714285714 0.0 22.0 22.0 0.0 295.0 
616.0024949185927 1.5714285714285714 0.0 22.0 22.0 0.0 295.0 
618.0024949185927 1.5714285714285714 0.0 22.0 22.0 0.0 295.0 
620.0024949185927 1.5714285714285714 0.0 22.0 22.0 0.0 295.0 
622.0024949185927 1.5714285714285714 0.0 22.0 22.0 0.0 295.0 
624.0024949185927 1.5714285714285714 0.0 22.0 22.0 0.0 295.0 
626.0024949185927 1.5714285714285714 0.0 22.0 22.0 0.0 295.0 
628.0024949185927 1.5714285714285714 0.0 22.0 22.0 0.0 295.0 
630.0024949185927 1.5714285714285714 0.0 22.0 22.0 0.0 295.0 
632.0024949185927 1.5714285714285714 0.0 22.0 22.0 0.0 295.0 
634.0024949185927 1.5714285714285714 0.0 22.0 22.0 0.0 295.0 
636.0024949185927 1.5714285714285714 0.0 22.0 22.0 0.0 295.0 
638.0024949185927 1.5714285714285714 0.0 22.0 22.0 0.0 295.0 
640.0024949185927 1.5714285714285714 0.0 22.0 22.0 0.0 295.0 
642.0024949185927 1.5714285714285714 1.0 23.0 22.0 0.0 295.0 
644.0024949185927 1.5714285714285714 1.0 23.0 22.0 0.0 295.0 
646.0024949185927 1.5714285714285714 1.0 23.0 22.0 0.0 295.0 
648.0024949185927 1.5714285714285714 1.0 23.0 22.0 0.0 295.0 
650.0024949185927 1.5714285714285714 1.0 23.0 22.0 0.0 295.0 
652.0024949185927 1.5714285714285714 1.0 23.0 22.0 0.0 295.0 
654.0024949185927 1.5714285714285714 1.0 24.0 22.0 0.0 295.0 
656.0024949185927 1.5454545454545454 1.0 24.0 23.0 0.0 309.0 
658.0024949185927 1.5454545454545454 1.0 24.0 23.0 0.0 309.0 
660.0024949185927 1.5454545454545454 1.0 24.0 23.0 0.0 309.0 
662.0024949185927 1.5454545454545454 2.0 25.0 23.0 0.0 309.0 
664.0024949185927 1.5454545454545454 2.0 25.0 23.0 0.0 309.0 
666.0024949185927 1.5454545454545454 2.0 25.0 23.0 0.0 309.0 
668.0024949185927 1.6363636363636362 2.0 25.0 24.0 0.0 323.0 
670.0024949185927 1.6363636363636362 1.0 25.0 24.0 0.0 323.0 
672.0024949185927 1.6363636363636362 1.0 25.0 24.0 0.0 323.0 
674.0024949185927 1.6363636363636362 1.0 25.0 24.0 0.0 323.0 
676.0024949185927 1.608695652173913 0.0 25.0 25.0 0.0 337.0 
678.0024949185927 1.608695652173913 0.0 25.0 25.0 0.0 337.0 
680.0024949185927 1.608695652173913 0.0 25.0 25.0 0.0 337.0 
682.0024949185927 1.608695652173913 0.0 25.0 25.0 0.0 337.0 
684.0024949185927 1.608695652173913 0.0 25.0 25.0 0.0 337.0 
686.0024949185927 1.608695652173913 0.0 25.0 25.0 0.0 337.0 
688.0024949185927 1.608695652173913 0.0 25.0 25.0 0.0 337.0 
690.0024949185927 1.608695652173913 0.0 25.0 25.0 0.0 337.0 
692.0024949185927 1.608695652173913 0.0 25.0 25.0 0.0 337.0 
694.0024949185927 1.608695652173913 0.0 25.0 25.0 0.0 337.0 
696.0024949185927 1.608695652173913 0.0 25.0 25.0 0.0 337.0 
698.0024949185927 1.608695652173913 0.0 25.0 25.0 0.0 337.0 
700.0024949185927 1.608695652173913 0.0 25.0 25.0 0.0 337.0 
702.0024949185927 1.608695652173913 0.0 25.0 25.0 0.0 337.0 
704.0024949185927 1.608695652173913 0.0 25.0 25.0 0.0 337.0 
706.0024949185927 1.608695652173913 0.0 25.0 25.0 0.0 337.0 
708.0024949185927 1.608695652173913 0.0 25.0 25.0 0.0 337.0 
710.0024949185927 1.608695652173913 0.0 25.0 25.0 0.0 337.0 
712.0024949185927 1.608695652173913 0.0 25.0 25.0 0.0 337.0 
714.0024949185927 1.608695652173913 1.0 26.0 25.0 0.0 337.0 
716.0024949185927 1.608695652173913 1.0 26.0 25.0 0.0 337.0 
718.0024949185927 1.608695652173913 1.0 26.0 25.0 0.0 337.0 
720.0024949185927 1.608695652173913 1.0 26.0 25.0 0.0 337.0 
722.0024949185927 1.608695652173913 2.0 27.0 25.0 0.0 337.0 
724.0024949185927 1.608695652173913 2.0 27.0 25.0 0.0 337.0 
726.0024949185927 1.5833333333333335 2.0 27.0 26.0 0.0 350.0 
728.0024949185927 1.5833333333333335 1.0 27.0 26.0 0.0 350.0 
730.0024949185927 1.5833333333333335 1.0 27.0 26.0 0.0 350.0 
732.0024949185927 1.5833333333333335 1.0 27.0 26.0 0.0 350.0 
734.0024949185927 1.6 1.0 27.0 27.0 0.0 363.0 
736.0024949185927 1.6 0.0 27.0 27.0 0.0 363.0 
738.0024949185927 1.6 0.0 27.0 27.0 0.0 363.0 
740.0024949185927 1.6 0.0 27.0 27.0 0.0 363.0 
742.0024949185927 1.6 0.0 27.0 27.0 0.0 363.0 
744.0024949185927 1.6 0.0 27.0 27.0 0.0 363.0 
746.0024949185927 1.6 0.0 27.0 27.0 0.0 363.0 
748.0024949185927 1.6 0.0 27.0 27.0 0.0 363.0 
750.0024949185927 1.6 0.0 27.0 27.0 0.0 363.0 
752.0024949185927 1.6 0.0 27.0 27.0 0.0 363.0 
754.0024949185927 1.6 1.0 28.0 27.0 0.0 363.0 
756.0024949185927 1.6 1.0 28.0 27.0 0.0 363.0 
758.0024949185927 1.6 1.0 28.0 27.0 0.0 363.0 
760.0024949185927 1.6 1.0 28.0 27.0 0.0 363.0 
762.0024949185927 1.6 1.0 28.0 27.0 0.0 363.0 
764.0024949185927 1.6 1.0 28.0 27.0 0.0 363.0 
766.0024949185927 1.6 1.0 28.0 27.0 0.0 363.0 
768.0024949185927 1.576923076923077 0.0 28.0 28.0 0.0 376.0 
770.0024949185927 1.576923076923077 0.0 28.0 28.0 0.0 376.0 
772.0024949185927 1.576923076923077 0.0 28.0 28.0 0.0 376.0 
774.0024949185927 1.576923076923077 0.0 28.0 28.0 0.0 376.0 
776.0024949185927 1.576923076923077 0.0 28.0 28.0 0.0 376.0 
778.0024949185927 1.576923076923077 2.0 30.0 28.0 0.0 376.0 
780.0024949185927 1.576923076923077 2.0 30.0 28.0 0.0 376.0 
782.0024949185927 1.576923076923077 2.0 30.0 28.0 0.0 376.0 
784.0024949185927 1.576923076923077 2.0 30.0 28.0 0.0 376.0 
786.0024949185927 1.576923076923077 2.0 30.0 28.0 0.0 376.0 
788.0024949185927 1.576923076923077 2.0 30.0 28.0 0.0 376.0 
790.0024949185927 1.576923076923077 2.0 30.0 28.0 0.0 376.0 
792.0024949185927 1.6296296296296295 0.0 30.0 30.0 0.0 402.0 
794.0024949185927 1.6296296296296295 0.0 30.0 30.0 0.0 402.0 
796.0024949185927 1.6296296296296295 0.0 30.0 30.0 0.0 402.0 
798.0024949185927 1.6296296296296295 0.0 30.0 30.0 0.0 402.0 
800.0024949185927 1.6296296296296295 0.0 30.0 30.0 0.0 402.0 
802.0024949185927 1.6296296296296295 0.0 30.0 30.0 0.0 402.0 
804.0024949185927 1.6296296296296295 0.0 30.0 30.0 0.0 402.0 
806.0024949185927 1.6296296296296295 0.0 30.0 30.0 0.0 402.0 
808.0024949185927 1.6296296296296295 0.0 30.0 30.0 0.0 402.0 
810.0024949185927 1.6296296296296295 0.0 30.0 30.0 0.0 402.0 
812.0024949185927 1.6296296296296295 0.0 30.0 30.0 0.0 402.0 
814.0024949185927 1.6296296296296295 0.0 30.0 30.0 0.0 402.0 
816.0024949185927 1.6296296296296295 0.0 30.0 30.0 0.0 402.0 
818.0024949185927 1.6296296296296295 0.0 30.0 30.0 0.0 402.0 
820.0024949185927 1.6296296296296295 0.0 30.0 30.0 0.0 402.0 
822.0024949185927 1.6296296296296295 2.0 32.0 30.0 0.0 402.0 
824.0024949185927 1.6296296296296295 2.0 32.0 30.0 0.0 402.0 
826.0024949185927 1.6296296296296295 2.0 32.0 30.0 0.0 402.0 
828.0024949185927 1.6296296296296295 2.0 32.0 30.0 0.0 402.0 
830.0024949185927 1.6296296296296295 2.0 32.0 30.0 0.0 402.0 
832.0024949185927 1.6296296296296295 2.0 32.0 30.0 0.0 402.0 
834.0024949185927 1.6296296296296295 2.0 32.0 30.0 0.0 402.0 
836.0024949185927 1.6551724137931036 0.0 32.0 32.0 0.0 429.0 
838.0024949185927 1.6551724137931036 0.0 32.0 32.0 0.0 429.0 
840.0024949185927 1.6551724137931036 0.0 32.0 32.0 0.0 429.0 
842.0024949185927 1.6551724137931036 0.0 32.0 32.0 0.0 429.0 
844.0024949185927 1.6551724137931036 0.0 32.0 32.0 0.0 429.0 
846.0024949185927 1.6551724137931036 0.0 32.0 32.0 0.0 429.0 
848.0024949185927 1.6551724137931036 0.0 32.0 32.0 0.0 429.0 
850.0024949185927 1.6551724137931036 0.0 32.0 32.0 0.0 429.0 
852.0024949185927 1.6551724137931036 0.0 32.0 32.0 0.0 429.0 
854.0024949185927 1.6551724137931036 0.0 32.0 32.0 0.0 429.0 
856.0024949185927 1.6551724137931036 0.0 32.0 32.0 0.0 429.0 
858.0024949185927 1.6551724137931036 0.0 32.0 32.0 0.0 429.0 
860.0024949185927 1.6551724137931036 0.0 32.0 32.0 0.0 429.0 
862.0024949185927 1.6551724137931036 0.0 32.0 32.0 0.0 429.0 
864.0024949185927 1.6551724137931036 0.0 32.0 32.0 0.0 429.0 
866.0024949185927 1.6551724137931036 0.0 32.0 32.0 0.0 429.0 
868.0024949185927 1.6551724137931036 0.0 32.0 32.0 0.0 429.0 
870.0024949185927 1.6551724137931036 0.0 32.0 32.0 0.0 429.0 
872.0024949185927 1.6551724137931036 0.0 32.0 32.0 0.0 429.0 
874.0024949185927 1.6551724137931036 0.0 32.0 32.0 0.0 429.0 
876.0024949185927 1.6551724137931036 0.0 32.0 32.0 0.0 429.0 
878.0024949185927 1.6551724137931036 0.0 32.0 32.0 0.0 429.0 
880.0024949185927 1.6551724137931036 0.0 33.0 32.0 0.0 429.0 
882.0024949185927 1.6551724137931036 1.0 33.0 32.0 0.0 429.0 
884.0024949185927 1.6551724137931036 1.0 34.0 32.0 0.0 429.0 
886.0024949185927 1.6551724137931036 2.0 34.0 32.0 0.0 429.0 
888.0024949185927 1.6551724137931036 2.0 34.0 32.0 0.0 429.0 
890.0024949185927 1.6551724137931036 2.0 34.0 32.0 0.0 429.0 
892.0024949185927 1.6551724137931036 2.0 34.0 32.0 0.0 429.0 
894.0024949185927 1.6896551724137931 2.0 35.0 33.0 0.0 443.0 
896.0024949185927 1.6896551724137931 2.0 35.0 33.0 0.0 443.0 
898.0024949185927 1.6666666666666665 2.0 35.0 34.0 0.0 457.0 
900.0024949185927 1.6666666666666665 1.0 35.0 34.0 0.0 457.0 
#####################################################################
# End of data export. Simulation finished at: 2020-01-16T05:29+0000 #
#####################################################################
