#####################################################################
# Alchemist log file - simulation started at: 2020-02-07T08:09+0000 #
#####################################################################
# seed = 59.0, taskFrequency = 0.04217, cloudcost = 10.0, algorithm = false
#
# The columns have the following meaning: 
# time taskHops[Mean] hasTask[Sum] tasks[Sum] completedTasks[Sum] giveupTasks[Sum] taskLatency[Sum] 
0.0 NaN 0.0 0.0 0.0 0.0 0.0 
2.0029349002746484 NaN 4.0 6.0 0.0 0.0 0.0 
4.002934900274648 NaN 10.0 12.0 0.0 0.0 0.0 
6.002934900274648 NaN 19.0 19.0 0.0 0.0 0.0 
8.00293490027465 NaN 24.0 25.0 0.0 0.0 0.0 
10.00293490027465 NaN 32.0 34.0 0.0 0.0 0.0 
12.00293490027465 NaN 37.0 41.0 0.0 0.0 0.0 
14.00293490027465 NaN 45.0 45.0 0.0 0.0 0.0 
16.00293490027465 NaN 52.0 54.0 0.0 0.0 0.0 
18.00293490027465 NaN 57.0 60.0 0.0 0.0 0.0 
20.002210007555398 NaN 67.0 68.0 0.0 0.0 0.0 
22.00293490027465 NaN 72.0 73.0 0.0 0.0 0.0 
24.00293490027465 NaN 75.0 76.0 0.0 0.0 0.0 
26.00293490027465 NaN 80.0 83.0 0.0 0.0 0.0 
28.00293490027465 NaN 86.0 87.0 0.0 0.0 0.0 
30.00293490027465 NaN 92.0 92.0 0.0 0.0 0.0 
32.00293490027465 NaN 93.0 93.0 0.0 0.0 0.0 
34.00293490027465 NaN 96.0 96.0 0.0 0.0 0.0 
36.00293490027465 NaN 97.0 97.0 0.0 0.0 0.0 
38.00293490027465 NaN 99.0 99.0 0.0 0.0 0.0 
40.00293490027465 NaN 99.0 99.0 0.0 0.0 0.0 
42.00293490027465 NaN 101.0 101.0 0.0 0.0 0.0 
44.00293490027465 NaN 104.0 104.0 0.0 0.0 0.0 
46.00293490027465 NaN 106.0 107.0 0.0 0.0 0.0 
48.00293490027465 NaN 109.0 109.0 0.0 0.0 0.0 
50.00293490027465 NaN 110.0 111.0 0.0 0.0 0.0 
52.00293490027465 NaN 111.0 111.0 0.0 0.0 0.0 
54.00293490027465 NaN 111.0 111.0 0.0 0.0 0.0 
56.00293490027465 NaN 111.0 111.0 0.0 0.0 0.0 
58.00293490027465 NaN 112.0 112.0 0.0 0.0 0.0 
60.00293490027465 NaN 115.0 115.0 0.0 0.0 0.0 
62.00293490027465 NaN 116.0 116.0 0.0 0.0 0.0 
64.00293490027465 NaN 116.0 116.0 0.0 0.0 0.0 
66.00293490027465 NaN 116.0 116.0 0.0 0.0 0.0 
68.00293490027465 NaN 117.0 117.0 0.0 0.0 0.0 
70.00147346207844 NaN 117.0 118.0 0.0 0.0 0.0 
72.00293490027465 NaN 119.0 119.0 0.0 0.0 0.0 
74.00293490027465 NaN 119.0 119.0 0.0 0.0 0.0 
76.00293490027465 NaN 119.0 120.0 0.0 0.0 0.0 
78.00293490027465 NaN 120.0 120.0 0.0 0.0 0.0 
80.00293490027465 NaN 120.0 120.0 0.0 0.0 0.0 
82.00293490027465 NaN 120.0 120.0 0.0 0.0 0.0 
84.00293490027465 NaN 122.0 122.0 0.0 0.0 0.0 
86.00293490027465 NaN 122.0 122.0 0.0 0.0 0.0 
88.00293490027465 NaN 122.0 122.0 0.0 0.0 0.0 
90.00293490027465 NaN 122.0 122.0 0.0 0.0 0.0 
92.00293490027465 NaN 123.0 123.0 0.0 0.0 0.0 
94.00293490027465 NaN 123.0 123.0 0.0 0.0 0.0 
96.00293490027465 NaN 123.0 123.0 0.0 0.0 0.0 
98.00293490027465 NaN 123.0 123.0 0.0 0.0 0.0 
100.00293490027465 NaN 123.0 124.0 0.0 0.0 0.0 
102.00293490027465 NaN 124.0 124.0 0.0 0.0 0.0 
104.00293490027465 NaN 124.0 124.0 0.0 0.0 0.0 
106.00293490027465 10.0 123.0 124.0 0.0 3.0 307.0 
108.00293490027465 10.0 113.0 124.0 0.0 15.0 1547.0 
110.00293490027465 10.047619047619047 107.0 124.0 0.0 21.0 2168.0 
112.00293490027465 10.037037037037036 102.0 124.0 0.0 27.0 2784.0 
114.00293490027465 10.029411764705882 94.0 125.0 0.0 34.0 3512.0 
116.00293490027465 10.024390243902438 86.0 126.0 0.0 41.0 4231.0 
118.00293490027465 10.020408163265307 84.0 126.0 0.0 49.0 5063.0 
120.00293490027465 10.018518518518519 73.0 128.0 0.0 54.0 5575.0 
122.00293490027465 10.016129032258064 74.0 132.0 0.0 62.0 6395.0 
124.00293490027465 10.014925373134329 67.0 132.0 0.0 67.0 6906.0 
126.00293490027465 10.014285714285714 64.0 134.0 0.0 70.0 7213.0 
128.00293490027465 10.013333333333334 61.0 135.0 0.0 75.0 7725.0 
130.00293490027465 10.0125 56.0 135.0 0.0 80.0 8238.0 
132.00293490027465 10.011627906976743 52.0 137.0 0.0 86.0 8852.0 
134.00293490027465 10.011494252873563 54.0 140.0 0.0 87.0 8954.0 
136.00293490027465 10.011111111111111 54.0 142.0 0.0 90.0 9262.0 
138.00293490027465 10.010989010989011 51.0 143.0 0.0 91.0 9364.0 
140.00293490027465 10.010752688172044 53.0 144.0 0.0 93.0 9569.0 
142.00293490027465 10.010752688172044 53.0 147.0 0.0 93.0 9569.0 
144.00293490027465 10.010526315789473 55.0 148.0 0.0 95.0 9775.0 
146.00293490027465 10.010204081632653 56.0 152.0 0.0 98.0 10082.0 
148.00293490027465 10.01 55.0 153.0 0.0 100.0 10287.0 
150.00293490027465 10.009708737864077 53.0 155.0 0.0 103.0 10595.0 
152.00293490027465 10.009615384615385 52.0 156.0 0.0 104.0 10697.0 
154.00293490027465 10.00952380952381 54.0 161.0 0.0 105.0 10800.0 
156.00293490027465 10.00952380952381 60.0 165.0 0.0 105.0 10800.0 
158.00293490027465 10.00952380952381 64.0 170.0 0.0 105.0 10800.0 
160.00293490027465 10.00952380952381 66.0 171.0 0.0 105.0 10800.0 
162.00293490027465 10.009345794392523 69.0 174.0 0.0 107.0 11005.0 
164.00293490027465 10.00925925925926 69.0 177.0 0.0 108.0 11108.0 
166.00293490027465 10.00925925925926 71.0 180.0 0.0 108.0 11108.0 
168.00293490027465 10.00925925925926 73.0 181.0 0.0 108.0 11108.0 
170.00293490027465 10.009174311926605 76.0 184.0 0.0 109.0 11210.0 
172.00293490027465 10.009174311926605 77.0 186.0 0.0 109.0 11210.0 
174.00293490027465 10.00900900900901 78.0 192.0 0.0 111.0 11415.0 
176.00293490027465 10.00900900900901 83.0 194.0 0.0 111.0 11415.0 
178.00293490027465 10.00900900900901 83.0 194.0 0.0 111.0 11415.0 
180.00293490027465 10.008928571428571 85.0 197.0 0.0 112.0 11518.0 
182.00293490027465 10.008928571428571 86.0 198.0 0.0 112.0 11518.0 
184.00293490027465 10.008928571428571 89.0 201.0 0.0 112.0 11518.0 
186.00293490027465 10.008771929824562 88.0 203.0 0.0 114.0 11722.0 
188.00293490027465 10.008771929824562 91.0 205.0 0.0 114.0 11722.0 
190.00293490027465 10.008771929824562 94.0 208.0 0.0 114.0 11722.0 
192.00293490027465 10.008771929824562 94.0 208.0 0.0 114.0 11722.0 
194.00293490027465 10.008695652173913 97.0 212.0 0.0 115.0 11824.0 
196.00293490027465 10.008695652173913 97.0 214.0 0.0 115.0 11824.0 
198.00293490027465 10.008695652173913 101.0 216.0 0.0 115.0 11824.0 
200.00293490027465 10.008695652173913 102.0 217.0 0.0 115.0 11824.0 
202.00293490027465 10.008695652173913 103.0 218.0 0.0 115.0 11824.0 
204.00293490027465 10.008547008547009 102.0 218.0 0.0 117.0 12113.0 
206.00293490027465 10.008547008547009 101.0 219.0 0.0 117.0 12113.0 
208.00293490027465 10.008547008547009 103.0 221.0 0.0 117.0 12113.0 
210.00293490027465 10.008547008547009 105.0 222.0 0.0 117.0 12113.0 
212.00293490027465 10.008547008547009 105.0 222.0 0.0 117.0 12113.0 
214.00293490027465 10.008547008547009 106.0 223.0 0.0 117.0 12113.0 
216.00293490027465 10.094017094017094 107.0 224.0 0.0 118.0 12216.0 
218.00293490027465 10.094017094017094 107.0 225.0 0.0 118.0 12216.0 
220.00293490027465 10.179487179487179 106.0 225.0 0.0 119.0 12319.0 
222.00293490027465 10.264957264957266 105.0 226.0 0.0 120.0 12422.0 
224.00293490027465 10.596638655462185 103.0 226.0 0.0 126.0 13244.0 
226.00293490027465 10.596638655462185 101.0 227.0 0.0 126.0 13244.0 
228.00293490027465 10.764705882352942 101.0 227.0 0.0 128.0 13449.0 
230.00293490027465 10.764705882352942 99.0 227.0 0.0 128.0 13449.0 
232.00293490027465 10.84873949579832 98.0 227.0 0.0 129.0 13552.0 
234.00293490027465 11.016806722689076 98.0 228.0 0.0 131.0 13757.0 
236.00293490027465 11.258333333333333 97.0 228.0 0.0 135.0 14244.0 
238.00293490027465 11.341666666666667 96.0 231.0 0.0 136.0 14346.0 
240.00293490027465 11.413223140495868 94.0 231.0 0.0 138.0 14688.0 
242.00293490027465 11.552845528455284 93.0 233.0 0.0 142.0 15343.0 
244.00293490027465 11.715447154471544 90.0 234.0 0.0 144.0 15547.0 
246.00293490027465 11.862903225806452 89.0 234.0 0.0 147.0 15939.0 
248.00293490027465 12.024193548387096 85.0 234.0 0.0 149.0 16143.0 
250.00293490027465 12.185483870967742 84.0 235.0 0.0 151.0 16348.0 
252.00293490027465 12.266129032258064 85.0 238.0 0.0 152.0 16450.0 
254.00293490027465 12.42741935483871 87.0 240.0 0.0 154.0 16656.0 
256.0029349002747 12.669354838709678 84.0 240.0 0.0 157.0 16963.0 
258.0029349002747 13.153225806451612 83.0 243.0 0.0 163.0 17580.0 
260.0029349002747 13.475806451612904 81.0 246.0 0.0 167.0 17989.0 
262.0029349002747 13.637096774193548 78.0 246.0 0.0 169.0 18195.0 
264.0029349002747 13.879032258064516 78.0 249.0 0.0 172.0 18501.0 
266.0029349002747 13.959677419354838 77.0 249.0 0.0 173.0 18604.0 
268.0029349002747 14.201612903225806 76.0 251.0 0.0 176.0 18911.0 
270.0029349002747 14.362903225806452 74.0 251.0 0.0 178.0 19116.0 
272.0029349002747 14.60483870967742 73.0 253.0 0.0 181.0 19424.0 
274.0029349002747 14.766129032258064 72.0 255.0 0.0 183.0 19630.0 
276.0029349002747 15.008064516129032 71.0 257.0 0.0 186.0 19936.0 
278.0029349002747 15.411290322580644 68.0 258.0 1.0 191.0 20474.0 
280.0029349002747 15.411290322580644 66.0 258.0 1.0 191.0 20474.0 
282.0029349002747 15.653225806451612 68.0 262.0 1.0 194.0 20780.0 
284.0029349002747 15.733870967741936 69.0 266.0 1.0 195.0 20882.0 
286.0029349002747 15.975806451612904 71.0 268.0 1.0 198.0 21189.0 
288.0029349002747 16.056451612903224 69.0 268.0 1.0 199.0 21292.0 
290.0029349002747 16.298387096774192 69.0 270.0 1.0 202.0 21600.0 
292.0029349002747 16.54032258064516 66.0 271.0 1.0 205.0 21908.0 
294.0029349002747 16.54032258064516 67.0 273.0 1.0 205.0 21908.0 
296.0029349002747 16.782258064516128 68.0 274.0 1.0 208.0 22217.0 
298.0029349002747 16.862903225806452 64.0 275.0 1.0 209.0 22320.0 
300.0029349002747 17.18548387096774 64.0 279.0 1.0 213.0 22731.0 
302.0029349002747 17.266129032258064 66.0 280.0 1.0 214.0 22833.0 
304.0029349002747 17.346774193548388 67.0 282.0 1.0 215.0 22935.0 
306.0029349002747 17.346774193548388 68.0 284.0 1.0 215.0 22935.0 
308.0029349002747 17.346774193548388 72.0 288.0 1.0 215.0 22935.0 
310.0029349002747 17.508064516129032 74.0 291.0 1.0 217.0 23140.0 
312.0029349002747 17.669354838709676 74.0 295.0 1.0 219.0 23346.0 
314.0029349002747 17.669354838709676 76.0 297.0 1.0 219.0 23346.0 
316.0029349002747 17.75 78.0 298.0 1.0 220.0 23448.0 
318.0029349002747 17.830645161290324 77.0 298.0 1.0 221.0 23550.0 
320.0029349002747 17.911290322580648 77.0 299.0 1.0 222.0 23653.0 
322.0029349002747 17.911290322580648 77.0 300.0 1.0 222.0 23653.0 
324.0029349002747 17.911290322580648 77.0 300.0 1.0 222.0 23653.0 
326.0029349002747 17.991935483870968 81.0 306.0 1.0 223.0 23756.0 
328.0029349002747 18.07258064516129 85.0 310.0 1.0 224.0 23858.0 
330.0029349002747 18.07258064516129 85.0 311.0 1.0 224.0 23858.0 
332.0029349002747 18.07258064516129 86.0 313.0 1.0 224.0 23858.0 
334.0029349002747 18.07258064516129 88.0 314.0 1.0 224.0 23858.0 
336.0029349002747 18.153225806451612 89.0 315.0 1.0 225.0 23960.0 
338.0029349002747 18.153225806451612 90.0 318.0 1.0 225.0 23960.0 
340.0029349002747 18.395161290322584 93.0 320.0 1.0 228.0 24268.0 
342.0029349002747 18.395161290322584 93.0 322.0 1.0 228.0 24268.0 
344.0029349002747 18.475806451612904 95.0 325.0 1.0 229.0 24370.0 
346.0029349002747 18.556451612903224 96.0 328.0 1.0 230.0 24472.0 
348.0029349002747 18.556451612903224 98.0 329.0 1.0 230.0 24472.0 
350.0029349002747 18.556451612903224 101.0 332.0 1.0 230.0 24472.0 
352.0029349002747 18.637096774193544 101.0 333.0 1.0 231.0 24574.0 
354.0029349002747 18.717741935483872 101.0 334.0 1.0 232.0 24677.0 
356.0029349002747 18.87903225806452 99.0 334.0 1.0 234.0 24882.0 
358.0029349002747 18.87903225806452 99.0 334.0 1.0 234.0 24882.0 
360.0029349002747 18.959677419354836 99.0 335.0 1.0 235.0 24984.0 
362.0029349002747 19.201612903225808 98.0 336.0 1.0 238.0 25293.0 
364.0029349002747 19.282258064516128 96.0 337.0 1.0 239.0 25396.0 
366.0029349002747 19.443548387096776 97.0 338.0 1.0 241.0 25601.0 
368.0029349002747 19.524193548387093 95.0 340.0 1.0 242.0 25704.0 
370.0029349002747 19.68548387096774 97.0 341.0 1.0 244.0 25909.0 
372.0029349002747 19.68548387096774 97.0 343.0 1.0 244.0 25909.0 
374.0029349002747 19.68548387096774 99.0 344.0 1.0 244.0 25909.0 
376.0029349002747 19.766129032258064 99.0 345.0 1.0 245.0 26012.0 
378.0029349002747 20.008064516129036 98.0 346.0 1.0 248.0 26320.0 
380.0029349002747 20.169354838709676 98.0 348.0 1.0 250.0 26526.0 
382.0029349002747 20.169354838709676 97.0 351.0 1.0 250.0 26526.0 
384.0029349002747 20.411290322580648 101.0 352.0 1.0 253.0 26833.0 
386.0029349002747 20.733870967741936 96.0 353.0 1.0 257.0 27243.0 
388.0029349002747 21.05645161290322 92.0 353.0 1.0 261.0 27686.0 
390.0029349002747 21.05645161290322 92.0 354.0 1.0 261.0 27686.0 
392.0029349002747 21.217741935483872 92.0 356.0 1.0 263.0 27892.0 
394.0029349002747 21.217741935483872 92.0 356.0 1.0 263.0 27892.0 
396.0029349002747 21.459677419354833 91.0 356.0 1.0 266.0 28200.0 
398.0029349002747 21.62096774193548 89.0 356.0 1.0 268.0 28428.0 
400.0029349002747 21.62096774193548 87.0 356.0 1.0 268.0 28428.0 
402.0029349002747 21.782258064516128 85.0 357.0 1.0 270.0 28633.0 
404.0029349002747 22.18548387096774 85.0 358.0 1.0 275.0 29209.0 
406.00254508103245 22.34677419354839 81.0 358.0 1.0 277.0 29413.0 
408.0029349002747 22.588709677419352 79.0 359.0 1.0 280.0 29861.0 
410.0029349002747 22.911290322580648 80.0 362.0 1.0 284.0 30271.0 
412.0029349002747 23.15322580645161 74.0 362.0 1.0 287.0 30577.0 
414.0029349002747 23.31451612903226 76.0 364.0 1.0 289.0 30782.0 
416.0029349002747 23.556451612903224 74.0 367.0 1.0 292.0 31090.0 
418.0029349002747 23.717741935483872 75.0 369.0 1.0 294.0 31296.0 
420.0029349002747 23.717741935483872 75.0 370.0 1.0 294.0 31296.0 
422.0029349002747 23.798387096774192 74.0 370.0 1.0 295.0 31398.0 
424.0029349002747 23.879032258064516 76.0 372.0 1.0 296.0 31500.0 
426.0029349002747 23.879032258064516 76.0 373.0 1.0 296.0 31500.0 
428.0029349002747 24.282258064516128 78.0 377.0 1.0 301.0 32014.0 
430.0029349002747 24.68548387096774 76.0 380.0 1.0 306.0 32526.0 
432.0029349002747 24.68548387096774 73.0 381.0 1.0 306.0 32526.0 
434.0029349002747 24.766129032258064 76.0 385.0 1.0 307.0 32629.0 
436.0029349002747 24.92741935483871 77.0 387.0 1.0 309.0 32835.0 
438.0029349002747 25.008064516129036 76.0 387.0 1.0 310.0 32938.0 
440.0029349002747 25.169354838709676 76.0 389.0 1.0 312.0 33144.0 
442.0029349002747 25.491935483870964 76.0 394.0 1.0 316.0 33554.0 
444.0029349002747 25.65322580645161 77.0 396.0 1.0 318.0 33758.0 
446.0029349002747 25.895161290322584 78.0 398.0 1.0 321.0 34066.0 
448.0029349002747 26.056451612903224 79.0 401.0 1.0 323.0 34271.0 
450.0029349002747 26.217741935483872 77.0 403.0 1.0 325.0 34476.0 
452.0029349002747 26.37903225806452 78.0 405.0 1.0 327.0 34680.0 
454.0029349002747 26.37903225806452 79.0 407.0 1.0 327.0 34680.0 
456.0029349002747 26.37903225806452 79.0 407.0 1.0 327.0 34680.0 
458.0029349002747 26.459677419354836 82.0 413.0 1.0 328.0 34783.0 
460.0029349002747 26.540322580645164 84.0 413.0 1.0 329.0 34893.0 
462.0029349002747 26.62096774193548 82.0 414.0 1.0 330.0 34995.0 
464.0029349002747 26.62096774193548 86.0 417.0 1.0 330.0 34995.0 
466.0029349002747 26.701612903225808 89.0 421.0 1.0 331.0 35098.0 
468.0029349002747 26.87096774193548 88.0 422.0 1.0 333.0 35304.0 
470.0029349002747 26.87096774193548 89.0 423.0 1.0 333.0 35304.0 
472.0029349002747 27.032258064516128 87.0 423.0 1.0 335.0 35510.0 
474.0029349002747 27.193548387096776 86.0 425.0 1.0 337.0 35715.0 
476.0029349002747 27.354838709677416 89.0 429.0 1.0 339.0 35920.0 
478.0029349002747 27.43548387096774 90.0 432.0 1.0 340.0 36023.0 
480.0029349002747 27.59677419354839 93.0 434.0 1.0 342.0 36253.0 
482.0029349002747 27.758064516129036 91.0 436.0 1.0 344.0 36457.0 
484.0029349002747 27.758064516129036 91.0 437.0 1.0 344.0 36457.0 
486.0029349002747 28.080645161290324 90.0 438.0 1.0 348.0 36868.0 
488.0029349002747 28.080645161290324 94.0 443.0 1.0 348.0 36868.0 
490.0029349002747 28.161290322580648 93.0 443.0 1.0 349.0 36971.0 
492.0029349002747 28.161290322580648 94.0 444.0 1.0 349.0 36971.0 
494.0029349002747 28.161290322580648 94.0 444.0 1.0 349.0 36971.0 
496.0029349002747 28.241935483870964 94.0 445.0 1.0 350.0 37074.0 
498.0029349002747 28.241935483870964 97.0 450.0 1.0 350.0 37074.0 
500.0029349002747 28.241935483870964 99.0 450.0 1.0 350.0 37074.0 
502.0029349002747 28.241935483870964 101.0 452.0 1.0 350.0 37074.0 
504.0029349002747 28.241935483870964 103.0 454.0 1.0 350.0 37074.0 
506.0029349002747 28.40322580645161 101.0 454.0 1.0 352.0 37279.0 
508.0029349002747 28.40322580645161 102.0 455.0 1.0 352.0 37279.0 
510.0029349002747 28.483870967741936 102.0 455.0 1.0 353.0 37381.0 
512.0029349002747 28.725806451612907 101.0 456.0 1.0 356.0 37688.0 
514.0029349002747 28.725806451612907 99.0 456.0 1.0 356.0 37688.0 
516.0029349002747 28.887096774193544 99.0 458.0 1.0 358.0 37893.0 
518.0029349002747 29.12903225806452 99.0 460.0 1.0 361.0 38199.0 
520.0029349002747 29.209677419354833 99.0 461.0 1.0 362.0 38302.0 
522.0029349002747 29.290322580645167 99.0 462.0 1.0 363.0 38405.0 
524.0029349002747 29.290322580645167 99.0 463.0 1.0 363.0 38405.0 
526.0029349002747 29.451612903225808 102.0 466.0 1.0 365.0 38609.0 
528.0029349002747 29.451612903225808 100.0 467.0 1.0 365.0 38609.0 
530.0029349002747 29.612903225806452 101.0 467.0 1.0 367.0 38814.0 
532.0029349002747 30.016129032258064 99.0 469.0 1.0 372.0 39327.0 
534.0029349002747 30.016129032258064 98.0 472.0 1.0 372.0 39327.0 
536.0029349002747 30.338709677419352 97.0 473.0 1.0 376.0 39777.0 
538.0029349002747 30.580645161290324 93.0 473.0 1.0 379.0 40084.0 
540.0029349002747 30.661290322580648 93.0 475.0 1.0 380.0 40233.0 
542.0029349002747 30.74193548387096 94.0 475.0 1.0 381.0 40335.0 
544.0029349002747 31.06451612903226 93.0 477.0 1.0 385.0 40744.0 
546.0029349002747 31.306451612903224 90.0 478.0 1.0 388.0 41052.0 
548.0029349002747 31.467741935483872 89.0 479.0 1.0 390.0 41256.0 
550.0029349002747 31.709677419354836 88.0 481.0 1.0 393.0 41562.0 
552.0029349002747 31.87096774193548 86.0 481.0 1.0 395.0 41767.0 
554.0029349002747 31.951612903225808 86.0 484.0 1.0 396.0 41869.0 
556.0029349002747 32.193548387096776 86.0 485.0 1.0 399.0 42177.0 
558.0029349002747 32.193548387096776 86.0 486.0 1.0 399.0 42177.0 
560.0029349002747 32.516129032258064 89.0 489.0 1.0 403.0 42587.0 
562.0029349002747 32.677419354838705 83.0 490.0 1.0 405.0 42793.0 
564.0029349002747 32.677419354838705 86.0 493.0 1.0 405.0 42793.0 
566.00263294885 33.0 86.0 494.0 1.0 409.0 43203.0 
568.0029349002747 33.322580645161295 86.0 497.0 1.0 413.0 43611.0 
570.0029349002747 33.322580645161295 84.0 499.0 1.0 413.0 43611.0 
572.0029349002747 33.64516129032258 84.0 501.0 1.0 417.0 44117.0 
574.0029349002747 33.64516129032258 87.0 506.0 1.0 417.0 44117.0 
576.0029349002747 33.725806451612904 87.0 506.0 1.0 418.0 44219.0 
578.0029349002747 33.96774193548387 87.0 507.0 1.0 421.0 44528.0 
580.0029349002747 34.12903225806452 84.0 507.0 1.0 423.0 44734.0 
582.0029349002747 34.45161290322581 82.0 508.0 1.0 427.0 45145.0 
584.0029349002747 34.45161290322581 81.0 510.0 1.0 427.0 45145.0 
586.0029349002747 34.61290322580645 81.0 512.0 2.0 429.0 45363.0 
588.0029349002747 34.774193548387096 82.0 515.0 2.0 431.0 45569.0 
590.0029349002747 35.177419354838705 81.0 517.0 2.0 436.0 46080.0 
592.0029349002747 35.177419354838705 82.0 520.0 2.0 436.0 46080.0 
594.0029349002747 35.25806451612904 82.0 520.0 2.0 437.0 46183.0 
596.0029349002747 35.25806451612904 83.0 522.0 2.0 437.0 46183.0 
598.0029349002747 35.33870967741935 82.0 522.0 2.0 438.0 46285.0 
600.0029349002747 35.58064516129033 84.0 525.0 2.0 441.0 46593.0 
602.0029349002747 35.66129032258065 81.0 525.0 2.0 442.0 46696.0 
604.0029349002747 35.822580645161295 82.0 526.0 2.0 444.0 46901.0 
606.0029349002747 35.983870967741936 79.0 527.0 2.0 446.0 47105.0 
608.0029349002747 35.983870967741936 82.0 530.0 2.0 446.0 47105.0 
610.0029349002747 36.064516129032256 82.0 530.0 2.0 447.0 47207.0 
612.0029349002747 36.064516129032256 82.0 532.0 2.0 447.0 47207.0 
614.0029349002747 36.064516129032256 85.0 534.0 2.0 447.0 47207.0 
616.0029349002747 36.14516129032258 85.0 536.0 2.0 448.0 47310.0 
618.0029349002747 36.225806451612904 87.0 537.0 2.0 449.0 47413.0 
620.0029349002747 36.38709677419355 85.0 538.0 2.0 451.0 47618.0 
622.0029349002747 36.54838709677419 86.0 540.0 2.0 453.0 47824.0 
624.0029349002747 36.62903225806452 84.0 541.0 2.0 454.0 47926.0 
626.0029349002747 36.70967741935483 85.0 542.0 2.0 455.0 48028.0 
628.0029349002747 36.95161290322581 86.0 545.0 2.0 458.0 48334.0 
630.0029349002747 37.03225806451613 88.0 550.0 2.0 459.0 48522.0 
632.0029349002747 37.193548387096776 90.0 552.0 2.0 461.0 48823.0 
634.0029349002747 37.35483870967742 90.0 555.0 2.0 463.0 49028.0 
636.0029349002747 37.516129032258064 89.0 557.0 2.0 465.0 49233.0 
638.0029349002747 37.677419354838705 89.0 557.0 2.0 467.0 49438.0 
640.0029349002747 37.75806451612903 89.0 560.0 2.0 468.0 49601.0 
642.0029349002747 37.83870967741935 90.0 561.0 2.0 469.0 49704.0 
644.0029349002747 37.91935483870968 89.0 561.0 2.0 470.0 49807.0 
646.0029349002747 38.08064516129032 90.0 563.0 2.0 472.0 50012.0 
648.0029349002747 38.08064516129032 91.0 565.0 2.0 472.0 50012.0 
650.0029349002747 38.16129032258065 95.0 570.0 2.0 473.0 50115.0 
652.0029349002747 38.403225806451616 96.0 572.0 2.0 476.0 50422.0 
654.0029349002747 38.403225806451616 94.0 573.0 2.0 476.0 50422.0 
656.0029349002747 38.564516129032256 93.0 574.0 2.0 478.0 50626.0 
658.0029349002747 38.725806451612904 95.0 576.0 2.0 480.0 50831.0 
660.0029349002747 38.806451612903224 94.0 576.0 2.0 481.0 50933.0 
662.0029349002747 38.96774193548387 94.0 577.0 2.0 483.0 51137.0 
664.0029349002747 38.96774193548387 92.0 578.0 2.0 483.0 51137.0 
666.0029349002747 39.12903225806452 97.0 583.0 2.0 485.0 51342.0 
668.0029349002747 39.20967741935483 95.0 583.0 2.0 486.0 51445.0 
670.0029349002747 39.45161290322581 94.0 583.0 2.0 489.0 51751.0 
672.0029349002747 39.53225806451613 92.0 584.0 2.0 490.0 51853.0 
674.0029349002747 39.693548387096776 94.0 587.0 2.0 492.0 52058.0 
676.0029349002747 40.01612903225807 95.0 591.0 2.0 496.0 52469.0 
678.0029349002747 40.096774193548384 93.0 592.0 2.0 497.0 52572.0 
680.0029349002747 40.177419354838705 93.0 592.0 2.0 498.0 52674.0 
682.0029349002747 40.177419354838705 92.0 592.0 2.0 498.0 52674.0 
684.0029349002747 40.25806451612904 93.0 593.0 2.0 499.0 52776.0 
686.0029349002747 40.33870967741935 93.0 594.0 2.0 500.0 52879.0 
688.0029349002747 40.58064516129033 91.0 595.0 2.0 503.0 53186.0 
690.0029349002747 40.74193548387096 92.0 598.0 2.0 505.0 53391.0 
692.0029349002747 41.064516129032256 89.0 598.0 2.0 509.0 53892.0 
694.0029349002747 41.38709677419355 86.0 598.0 2.0 513.0 54330.0 
696.0029349002747 41.38709677419355 84.0 599.0 2.0 513.0 54330.0 
698.0029349002747 41.54838709677419 86.0 601.0 2.0 515.0 54535.0 
700.0029349002747 41.54838709677419 85.0 602.0 2.0 515.0 54535.0 
702.0029349002747 41.70967741935483 86.0 605.0 2.0 517.0 54740.0 
704.0029349002747 41.79032258064517 86.0 606.0 2.0 518.0 54843.0 
706.0029349002747 41.87096774193548 87.0 608.0 2.0 519.0 54946.0 
708.0029349002747 41.95161290322581 87.0 609.0 2.0 520.0 55048.0 
710.0029349002747 42.193548387096776 86.0 610.0 2.0 523.0 55355.0 
712.0029349002747 42.193548387096776 87.0 612.0 2.0 523.0 55355.0 
714.0029349002747 42.27419354838709 89.0 615.0 2.0 524.0 55457.0 
716.0029349002747 42.51612903225807 89.0 616.0 2.0 527.0 55764.0 
718.0029349002747 42.596774193548384 86.0 616.0 2.0 528.0 55866.0 
720.0029349002747 42.75806451612904 88.0 621.0 2.0 530.0 56071.0 
722.0029349002747 42.83870967741935 89.0 621.0 2.0 531.0 56174.0 
724.0029349002747 43.08064516129033 88.0 622.0 2.0 534.0 56537.0 
726.0029349002747 43.08064516129033 89.0 625.0 2.0 534.0 56537.0 
728.0029349002747 43.322580645161295 90.0 628.0 2.0 537.0 57213.0 
730.0029349002747 43.48387096774193 92.0 631.0 2.0 539.0 57418.0 
732.0029349002747 43.806451612903224 90.0 632.0 2.0 543.0 57828.0 
734.0029349002747 44.12903225806452 86.0 634.0 2.0 547.0 58238.0 
736.0029349002747 44.29032258064517 85.0 635.0 2.0 549.0 58443.0 
738.0029349002747 44.45161290322581 85.0 637.0 2.0 551.0 58648.0 
740.0029349002747 44.53225806451613 83.0 637.0 2.0 552.0 58751.0 
742.0029349002747 44.693548387096776 83.0 638.0 2.0 554.0 58956.0 
744.0029349002747 44.77419354838709 82.0 641.0 2.0 555.0 59059.0 
746.0029349002747 44.85483870967742 86.0 644.0 2.0 556.0 59162.0 
748.0029349002747 45.01612903225807 86.0 645.0 2.0 558.0 59367.0 
750.0029349002747 45.177419354838705 85.0 648.0 2.0 560.0 59571.0 
752.0029349002747 45.58064516129033 85.0 648.0 2.0 565.0 60082.0 
754.0029349002747 45.74193548387096 80.0 648.0 2.0 567.0 60287.0 
756.0029349002747 45.74193548387096 81.0 650.0 2.0 567.0 60287.0 
758.0029349002747 45.822580645161295 83.0 656.0 2.0 568.0 60390.0 
760.0029349002747 45.98387096774193 88.0 659.0 2.0 570.0 60596.0 
762.0029349002747 45.98387096774193 88.0 660.0 2.0 570.0 60596.0 
764.0029349002747 46.064516129032256 88.0 660.0 2.0 571.0 60699.0 
766.0029349002747 46.064516129032256 89.0 662.0 2.0 571.0 60699.0 
768.0029349002747 46.54838709677419 86.0 664.0 2.0 577.0 61312.0 
770.0029349002747 46.62903225806452 86.0 666.0 2.0 578.0 61522.0 
772.0029349002747 46.62903225806452 87.0 669.0 2.0 578.0 61522.0 
774.0029349002747 46.70967741935483 88.0 669.0 2.0 579.0 61624.0 
776.0029349002747 46.95161290322581 88.0 671.0 2.0 582.0 61930.0 
778.0029349002747 47.193548387096776 87.0 673.0 2.0 585.0 62236.0 
780.0029349002747 47.35483870967742 86.0 676.0 2.0 587.0 62441.0 
782.0029349002747 47.35483870967742 89.0 679.0 2.0 587.0 62441.0 
784.0029349002747 47.35483870967742 91.0 681.0 2.0 587.0 62441.0 
786.0029349002747 47.435483870967744 94.0 684.0 2.0 588.0 62543.0 
788.0029349002747 47.51612903225807 97.0 687.0 2.0 589.0 62646.0 
790.0029349002747 47.596774193548384 96.0 687.0 2.0 590.0 62749.0 
792.0029349002747 47.75806451612904 96.0 688.0 2.0 592.0 62953.0 
794.0029349002747 47.83870967741935 94.0 689.0 2.0 593.0 63056.0 
796.0029349002747 47.83870967741935 94.0 689.0 2.0 593.0 63056.0 
798.0029349002747 47.91935483870967 97.0 692.0 2.0 594.0 63159.0 
800.0029349002747 48.08064516129033 96.0 694.0 2.0 596.0 63363.0 
802.0029349002747 48.16129032258065 96.0 695.0 2.0 597.0 63466.0 
804.0029349002747 48.24193548387096 97.0 696.0 2.0 598.0 63568.0 
806.0029349002747 48.403225806451616 96.0 699.0 2.0 600.0 63773.0 
808.0029349002747 48.48387096774193 100.0 702.0 2.0 601.0 63875.0 
810.0029349002747 48.64516129032258 97.0 702.0 2.0 603.0 64080.0 
812.0029349002747 48.64516129032258 97.0 702.0 2.0 603.0 64080.0 
814.002932808543 48.88709677419355 96.0 703.0 2.0 606.0 64388.0 
816.0029349002747 49.12903225806452 93.0 704.0 2.0 609.0 64694.0 
818.0029349002747 49.20967741935483 95.0 707.0 2.0 610.0 64796.0 
820.0029349002747 49.20967741935483 95.0 707.0 2.0 610.0 64796.0 
822.0029349002747 49.37096774193548 94.0 708.0 2.0 612.0 65001.0 
824.0029349002747 49.53225806451613 93.0 710.0 2.0 614.0 65207.0 
826.0029349002747 49.53225806451613 94.0 710.0 2.0 614.0 65207.0 
828.0029349002747 49.85483870967742 98.0 716.0 2.0 618.0 65618.0 
830.0029349002747 50.01612903225807 96.0 717.0 2.0 620.0 65823.0 
832.0029349002747 50.25806451612904 96.0 719.0 2.0 623.0 66132.0 
834.0029349002747 50.33870967741935 95.0 721.0 2.0 624.0 66235.0 
836.0029349002747 50.58064516129033 92.0 722.0 2.0 627.0 66555.0 
838.0029349002747 50.74193548387096 93.0 722.0 2.0 629.0 66839.0 
840.0029349002747 50.903225806451616 93.0 726.0 2.0 631.0 67044.0 
842.0029349002747 50.903225806451616 94.0 727.0 2.0 631.0 67044.0 
844.0029349002747 51.064516129032256 94.0 728.0 2.0 633.0 67288.0 
846.0029349002747 51.14516129032258 93.0 728.0 2.0 634.0 67390.0 
848.0029349002747 51.54838709677419 91.0 731.0 2.0 639.0 67903.0 
850.0029349002747 51.54838709677419 91.0 732.0 2.0 639.0 67903.0 
852.0029349002747 51.70967741935483 92.0 734.0 2.0 641.0 68109.0 
854.0029349002747 51.70967741935483 93.0 736.0 2.0 641.0 68109.0 
856.0029349002747 51.70967741935483 93.0 736.0 2.0 641.0 68109.0 
858.0029349002747 51.87096774193548 92.0 736.0 2.0 643.0 68313.0 
860.0029349002747 52.11290322580645 92.0 738.0 2.0 646.0 68621.0 
862.0029349002747 52.596774193548384 88.0 739.0 2.0 652.0 69237.0 
864.0029349002747 52.677419354838705 84.0 739.0 2.0 653.0 69339.0 
866.0029349002747 52.677419354838705 85.0 741.0 2.0 653.0 69339.0 
868.0029349002747 52.83870967741935 87.0 743.0 2.0 655.0 69543.0 
870.0029349002747 52.91935483870967 87.0 744.0 2.0 656.0 69646.0 
872.0029349002747 53.16129032258065 85.0 745.0 2.0 659.0 69953.0 
874.0029349002747 53.24193548387096 86.0 748.0 2.0 660.0 70055.0 
876.0029349002747 53.403225806451616 85.0 749.0 2.0 662.0 70261.0 
878.0029349002747 53.403225806451616 86.0 750.0 2.0 662.0 70261.0 
880.0029349002747 53.64516129032258 85.0 751.0 2.0 665.0 70569.0 
882.0029349002747 53.72580645161291 85.0 754.0 2.0 666.0 70671.0 
884.0029349002747 54.04838709677419 83.0 754.0 2.0 670.0 71082.0 
886.0029349002747 54.20967741935483 82.0 756.0 3.0 672.0 71299.0 
888.0029349002747 54.53225806451613 78.0 756.0 3.0 676.0 71708.0 
890.0029349002747 54.774193548387096 79.0 758.0 3.0 679.0 72016.0 
892.0029349002747 54.774193548387096 77.0 759.0 3.0 679.0 72016.0 
894.0029349002747 54.935483870967744 79.0 761.0 3.0 681.0 72284.0 
896.0029349002747 55.01612903225807 78.0 762.0 3.0 682.0 72387.0 
898.0004323753686 55.01612903225807 78.0 764.0 3.0 682.0 72387.0 
900.0029349002747 55.25806451612904 79.0 765.0 3.0 685.0 72694.0 
#####################################################################
# End of data export. Simulation finished at: 2020-02-07T08:11+0000 #
#####################################################################
