#####################################################################
# Alchemist log file - simulation started at: 2020-01-15T19:30+0000 #
#####################################################################
# seed = 5.0, taskFrequency = 2.4E-4, cloudcost = 3.0, algorithm = false
#
# The columns have the following meaning: 
# time taskHops[Mean] hasTask[Sum] tasks[Sum] completedTasks[Sum] giveupTasks[Sum] taskLatency[Sum] 
0.0 NaN 0.0 0.0 0.0 0.0 0.0 
2.005246120607407 NaN 0.0 0.0 0.0 0.0 0.0 
4.005246120607406 NaN 0.0 0.0 0.0 0.0 0.0 
6.005246120607406 NaN 0.0 0.0 0.0 0.0 0.0 
8.005246120607406 NaN 0.0 0.0 0.0 0.0 0.0 
10.005246120607406 NaN 0.0 0.0 0.0 0.0 0.0 
12.005246120607406 NaN 0.0 0.0 0.0 0.0 0.0 
14.005246120607406 NaN 0.0 0.0 0.0 0.0 0.0 
16.005246120607406 NaN 0.0 0.0 0.0 0.0 0.0 
18.005246120607406 NaN 0.0 0.0 0.0 0.0 0.0 
20.005246120607406 NaN 0.0 0.0 0.0 0.0 0.0 
22.005246120607406 NaN 0.0 0.0 0.0 0.0 0.0 
24.005246120607406 NaN 0.0 0.0 0.0 0.0 0.0 
26.005246120607406 NaN 0.0 0.0 0.0 0.0 0.0 
28.005246120607406 NaN 0.0 0.0 0.0 0.0 0.0 
30.005246120607406 NaN 0.0 0.0 0.0 0.0 0.0 
32.00524612060741 NaN 0.0 0.0 0.0 0.0 0.0 
34.00524612060741 NaN 0.0 0.0 0.0 0.0 0.0 
36.00524612060741 NaN 0.0 0.0 0.0 0.0 0.0 
38.00524612060741 NaN 0.0 0.0 0.0 0.0 0.0 
40.00524612060741 NaN 0.0 0.0 0.0 0.0 0.0 
42.00524612060741 NaN 0.0 0.0 0.0 0.0 0.0 
44.00524612060741 NaN 0.0 0.0 0.0 0.0 0.0 
46.00524612060741 NaN 0.0 0.0 0.0 0.0 0.0 
48.00524612060741 NaN 0.0 0.0 0.0 0.0 0.0 
50.00524612060741 NaN 1.0 1.0 0.0 0.0 0.0 
52.00524612060741 NaN 1.0 1.0 0.0 0.0 0.0 
54.00524612060741 NaN 1.0 1.0 0.0 0.0 0.0 
56.00524612060741 NaN 1.0 1.0 0.0 0.0 0.0 
58.00524612060741 NaN 1.0 1.0 0.0 0.0 0.0 
60.00524612060741 NaN 1.0 1.0 0.0 0.0 0.0 
62.00524612060741 NaN 1.0 1.0 0.0 0.0 0.0 
64.00524612060741 NaN 1.0 1.0 0.0 0.0 0.0 
66.00524612060741 NaN 1.0 1.0 0.0 0.0 0.0 
68.00524612060741 NaN 1.0 1.0 0.0 0.0 0.0 
70.00524612060741 NaN 1.0 1.0 0.0 0.0 0.0 
72.00524612060741 NaN 1.0 1.0 0.0 0.0 0.0 
74.00524612060741 NaN 1.0 1.0 0.0 0.0 0.0 
76.00524612060741 NaN 1.0 1.0 0.0 0.0 0.0 
78.00524612060741 NaN 1.0 1.0 0.0 0.0 0.0 
80.00524612060741 NaN 1.0 1.0 0.0 0.0 0.0 
82.00524612060741 NaN 1.0 1.0 0.0 0.0 0.0 
84.00524612060741 NaN 1.0 1.0 0.0 0.0 0.0 
86.00524612060741 NaN 1.0 1.0 0.0 0.0 0.0 
88.00524612060741 NaN 1.0 1.0 0.0 0.0 0.0 
90.00524612060741 NaN 1.0 1.0 0.0 0.0 0.0 
92.00524612060741 NaN 1.0 1.0 0.0 0.0 0.0 
94.00524612060741 NaN 1.0 1.0 0.0 0.0 0.0 
96.00524612060741 NaN 1.0 1.0 0.0 0.0 0.0 
98.00524612060741 NaN 1.0 1.0 0.0 0.0 0.0 
100.00524612060741 NaN 1.0 1.0 0.0 0.0 0.0 
102.00524612060741 NaN 1.0 1.0 0.0 0.0 0.0 
104.00524612060741 NaN 1.0 1.0 0.0 0.0 0.0 
106.00524612060741 NaN 1.0 1.0 0.0 0.0 0.0 
108.00524612060741 NaN 1.0 1.0 0.0 0.0 0.0 
110.00524612060741 NaN 1.0 1.0 0.0 0.0 0.0 
112.00524612060741 NaN 1.0 1.0 0.0 0.0 0.0 
114.00524612060741 NaN 1.0 1.0 0.0 0.0 0.0 
116.00524612060741 NaN 1.0 1.0 0.0 0.0 0.0 
118.00524612060741 NaN 1.0 1.0 0.0 0.0 0.0 
120.00524612060741 NaN 1.0 1.0 0.0 0.0 0.0 
122.00524612060741 NaN 1.0 1.0 0.0 0.0 0.0 
124.00524612060741 NaN 1.0 1.0 0.0 0.0 0.0 
126.00524612060741 NaN 1.0 1.0 0.0 0.0 0.0 
128.0052461206074 NaN 1.0 1.0 0.0 0.0 0.0 
130.0052461206074 NaN 1.0 1.0 0.0 0.0 0.0 
132.0052461206074 NaN 1.0 1.0 0.0 0.0 0.0 
134.0052461206074 NaN 1.0 1.0 0.0 0.0 0.0 
136.0052461206074 NaN 1.0 1.0 0.0 0.0 0.0 
138.0052461206074 NaN 1.0 1.0 0.0 0.0 0.0 
140.0052461206074 NaN 1.0 1.0 0.0 0.0 0.0 
142.0052461206074 NaN 1.0 1.0 0.0 0.0 0.0 
144.0052461206074 NaN 1.0 1.0 0.0 0.0 0.0 
146.0052461206074 NaN 1.0 1.0 0.0 0.0 0.0 
148.0052461206074 NaN 1.0 1.0 0.0 0.0 0.0 
150.0052461206074 NaN 1.0 1.0 0.0 0.0 0.0 
152.0052461206074 NaN 1.0 1.0 0.0 0.0 0.0 
154.0052461206074 NaN 1.0 1.0 0.0 0.0 0.0 
156.0052461206074 NaN 1.0 1.0 0.0 0.0 0.0 
158.0052461206074 NaN 1.0 1.0 0.0 0.0 0.0 
160.0052461206074 NaN 1.0 1.0 0.0 0.0 0.0 
162.0052461206074 NaN 1.0 1.0 0.0 0.0 0.0 
164.0052461206074 NaN 1.0 1.0 0.0 0.0 0.0 
166.0052461206074 NaN 1.0 1.0 0.0 0.0 0.0 
168.0052461206074 NaN 1.0 1.0 0.0 0.0 0.0 
170.0052461206074 NaN 1.0 1.0 0.0 0.0 0.0 
172.0052461206074 NaN 1.0 1.0 0.0 0.0 0.0 
174.0052461206074 NaN 1.0 1.0 0.0 0.0 0.0 
176.0052461206074 NaN 1.0 1.0 0.0 0.0 0.0 
178.0052461206074 NaN 1.0 1.0 0.0 0.0 0.0 
180.0052461206074 NaN 1.0 1.0 0.0 0.0 0.0 
182.0052461206074 NaN 1.0 1.0 0.0 0.0 0.0 
184.0052461206074 NaN 1.0 1.0 0.0 0.0 0.0 
186.0052461206074 NaN 1.0 1.0 0.0 0.0 0.0 
188.0052461206074 NaN 1.0 1.0 0.0 0.0 0.0 
190.0052461206074 NaN 1.0 1.0 0.0 0.0 0.0 
192.0052461206074 NaN 1.0 1.0 0.0 0.0 0.0 
194.0052461206074 NaN 1.0 1.0 0.0 0.0 0.0 
196.0052461206074 NaN 1.0 1.0 0.0 0.0 0.0 
198.0052461206074 NaN 2.0 2.0 0.0 0.0 0.0 
200.0052461206074 NaN 2.0 2.0 0.0 0.0 0.0 
202.0052461206074 NaN 3.0 3.0 0.0 0.0 0.0 
204.0052461206074 NaN 3.0 3.0 0.0 0.0 0.0 
206.0052461206074 NaN 3.0 3.0 0.0 0.0 0.0 
208.0052461206074 NaN 3.0 3.0 0.0 0.0 0.0 
210.0052461206074 NaN 4.0 4.0 0.0 0.0 0.0 
212.0052461206074 NaN 4.0 4.0 0.0 0.0 0.0 
214.0052461206074 NaN 4.0 4.0 0.0 0.0 0.0 
216.0052461206074 NaN 4.0 5.0 0.0 0.0 0.0 
218.0052461206074 NaN 6.0 6.0 0.0 0.0 0.0 
220.0052461206074 NaN 6.0 6.0 0.0 0.0 0.0 
222.0052461206074 NaN 6.0 6.0 0.0 0.0 0.0 
224.0052461206074 NaN 6.0 6.0 0.0 0.0 0.0 
226.0052461206074 NaN 6.0 6.0 0.0 0.0 0.0 
228.0052461206074 NaN 6.0 6.0 0.0 0.0 0.0 
230.0052461206074 NaN 6.0 6.0 0.0 0.0 0.0 
232.0052461206074 NaN 6.0 6.0 0.0 0.0 0.0 
234.0052461206074 NaN 6.0 6.0 0.0 0.0 0.0 
236.0052461206074 NaN 6.0 6.0 0.0 0.0 0.0 
238.0052461206074 NaN 6.0 6.0 0.0 0.0 0.0 
240.0052461206074 NaN 6.0 6.0 0.0 0.0 0.0 
242.0052461206074 NaN 6.0 6.0 0.0 0.0 0.0 
244.0052461206074 NaN 6.0 6.0 0.0 0.0 0.0 
246.0052461206074 NaN 6.0 6.0 0.0 0.0 0.0 
248.0052461206074 NaN 6.0 6.0 0.0 0.0 0.0 
250.0052461206074 NaN 6.0 6.0 0.0 0.0 0.0 
252.0052461206074 NaN 6.0 6.0 0.0 0.0 0.0 
254.0052461206074 NaN 6.0 6.0 0.0 0.0 0.0 
256.0052461206074 NaN 6.0 6.0 0.0 0.0 0.0 
258.0052461206074 NaN 6.0 6.0 0.0 0.0 0.0 
260.0052461206074 NaN 6.0 6.0 0.0 0.0 0.0 
262.0052461206074 NaN 6.0 6.0 0.0 0.0 0.0 
264.0052461206074 NaN 6.0 6.0 0.0 0.0 0.0 
266.0052461206074 NaN 6.0 6.0 0.0 0.0 0.0 
268.0052461206074 NaN 6.0 6.0 0.0 0.0 0.0 
270.0052461206074 NaN 6.0 6.0 0.0 0.0 0.0 
272.0052461206074 NaN 6.0 6.0 0.0 0.0 0.0 
274.0052461206074 NaN 6.0 6.0 0.0 0.0 0.0 
276.0052461206074 NaN 6.0 6.0 0.0 0.0 0.0 
278.0052461206074 NaN 6.0 6.0 0.0 0.0 0.0 
280.0052461206074 NaN 6.0 6.0 0.0 0.0 0.0 
282.0052461206074 NaN 6.0 6.0 0.0 0.0 0.0 
284.0052461206074 NaN 6.0 6.0 0.0 0.0 0.0 
286.0052461206074 NaN 6.0 6.0 0.0 0.0 0.0 
288.0052461206074 NaN 6.0 7.0 0.0 0.0 0.0 
290.0052461206074 NaN 7.0 7.0 0.0 0.0 0.0 
292.0052461206074 NaN 7.0 7.0 0.0 0.0 0.0 
294.0052461206074 NaN 7.0 7.0 0.0 0.0 0.0 
296.0052461206074 NaN 7.0 7.0 0.0 0.0 0.0 
298.0052461206074 NaN 7.0 7.0 0.0 0.0 0.0 
300.0052461206074 NaN 7.0 7.0 0.0 0.0 0.0 
302.0052461206074 NaN 7.0 7.0 0.0 0.0 0.0 
304.0052461206074 NaN 7.0 7.0 0.0 0.0 0.0 
306.0052461206074 NaN 7.0 7.0 0.0 0.0 0.0 
308.0052461206074 NaN 7.0 7.0 0.0 0.0 0.0 
310.0052461206074 NaN 7.0 7.0 0.0 0.0 0.0 
312.0052461206074 3.0 7.0 7.0 0.0 1.0 102.0 
314.0052461206074 3.0 7.0 8.0 0.0 1.0 102.0 
316.0052461206074 3.0 7.0 8.0 0.0 1.0 102.0 
318.0052461206074 3.0 7.0 8.0 0.0 1.0 102.0 
320.0052461206074 3.0 7.0 8.0 0.0 2.0 205.0 
322.0052461206074 3.0 6.0 8.0 0.0 2.0 205.0 
324.0052461206074 3.0 6.0 8.0 0.0 2.0 205.0 
326.0052461206074 3.0 6.0 8.0 0.0 2.0 205.0 
328.0052461206074 3.0 6.0 8.0 0.0 2.0 205.0 
330.0052461206074 3.0 6.0 8.0 0.0 2.0 205.0 
332.0052461206074 3.0 6.0 8.0 0.0 2.0 205.0 
334.0052461206074 3.0 6.0 8.0 0.0 2.0 205.0 
336.0052461206074 3.0 6.0 8.0 0.0 2.0 205.0 
338.0052461206074 3.0 6.0 8.0 0.0 2.0 205.0 
340.0052461206074 3.0 6.0 8.0 0.0 2.0 205.0 
342.0052461206074 3.0 6.0 8.0 0.0 2.0 205.0 
344.0052461206074 3.0 6.0 8.0 0.0 2.0 205.0 
346.0052461206074 3.0 6.0 8.0 0.0 2.0 205.0 
348.0052461206074 3.0 6.0 8.0 0.0 2.0 205.0 
350.0052461206074 3.0 6.0 8.0 0.0 2.0 205.0 
352.0052461206074 3.0 6.0 8.0 0.0 2.0 205.0 
354.0052461206074 3.0 6.0 8.0 0.0 2.0 205.0 
356.0052461206074 3.0 6.0 8.0 0.0 2.0 205.0 
358.0052461206074 3.0 6.0 8.0 0.0 2.0 205.0 
360.0052461206074 3.0 6.0 8.0 0.0 2.0 205.0 
362.0052461206074 3.0 7.0 9.0 0.0 2.0 205.0 
364.0052461206074 3.0 7.0 9.0 0.0 2.0 205.0 
366.0052461206074 3.0 7.0 9.0 0.0 2.0 205.0 
368.0052461206074 3.0 7.0 10.0 0.0 2.0 205.0 
370.0052461206074 3.0 8.0 10.0 0.0 2.0 205.0 
372.0052461206074 3.0 8.0 10.0 0.0 2.0 205.0 
374.0052461206074 3.0 8.0 10.0 0.0 2.0 205.0 
376.0052461206074 3.0 8.0 10.0 0.0 2.0 205.0 
378.0052461206074 3.0 8.0 10.0 0.0 2.0 205.0 
380.0052461206074 3.0 9.0 11.0 0.0 2.0 205.0 
382.0052461206074 3.0 9.0 11.0 0.0 2.0 205.0 
384.0052461206074 3.0 9.0 11.0 0.0 2.0 205.0 
386.0052461206074 3.0 9.0 11.0 0.0 2.0 205.0 
388.0052461206074 3.0 9.0 11.0 0.0 2.0 205.0 
390.0052461206074 3.0 9.0 11.0 0.0 2.0 205.0 
392.0052461206074 3.0 8.0 11.0 0.0 3.0 308.0 
394.0052461206074 3.0 8.0 11.0 0.0 3.0 308.0 
396.0052461206074 3.0 8.0 11.0 0.0 3.0 308.0 
398.0052461206074 3.0 8.0 11.0 0.0 3.0 308.0 
400.0052461206074 3.0 8.0 11.0 0.0 3.0 308.0 
402.0052461206074 3.0 8.0 11.0 0.0 3.0 308.0 
404.0052461206074 3.0 8.0 11.0 0.0 3.0 308.0 
406.0052461206074 3.0 8.0 11.0 0.0 3.0 308.0 
408.0052461206074 3.0 8.0 11.0 0.0 3.0 308.0 
410.0052461206074 3.0 8.0 11.0 0.0 3.0 308.0 
412.0052461206074 3.0 8.0 11.0 0.0 3.0 308.0 
414.0052461206074 3.0 8.0 11.0 0.0 3.0 308.0 
416.0052461206074 3.0 8.0 11.0 0.0 3.0 308.0 
418.0052461206074 3.0 8.0 11.0 0.0 3.0 308.0 
420.0052461206074 3.25 7.0 11.0 0.0 4.0 677.0 
422.0052461206074 3.25 7.0 11.0 0.0 4.0 677.0 
424.0052461206074 3.25 7.0 11.0 0.0 4.0 677.0 
426.0052461206074 3.25 7.0 11.0 0.0 4.0 677.0 
428.0052461206074 3.25 7.0 11.0 0.0 4.0 677.0 
430.0052461206074 3.25 7.0 11.0 0.0 4.0 677.0 
432.0052461206074 3.25 7.0 12.0 0.0 4.0 677.0 
434.0052461206074 3.25 8.0 12.0 0.0 4.0 677.0 
436.0052461206074 3.25 8.0 12.0 0.0 4.0 677.0 
438.0052461206074 3.25 8.0 12.0 0.0 4.0 677.0 
440.0052461206074 3.25 8.0 12.0 0.0 4.0 677.0 
442.0052461206074 3.25 8.0 12.0 0.0 4.0 677.0 
444.0052461206074 3.25 8.0 12.0 0.0 4.0 677.0 
446.0052461206074 3.25 8.0 12.0 0.0 4.0 677.0 
448.0052461206074 3.25 8.0 12.0 0.0 4.0 677.0 
450.0052461206074 3.25 8.0 12.0 0.0 4.0 677.0 
452.0052461206074 3.25 8.0 12.0 0.0 4.0 677.0 
454.0052461206074 3.25 8.0 12.0 0.0 4.0 677.0 
456.0052461206074 3.25 8.0 12.0 0.0 4.0 677.0 
458.0052461206074 3.25 8.0 12.0 0.0 4.0 677.0 
460.0052461206074 3.25 8.0 12.0 0.0 4.0 677.0 
462.0052461206074 3.25 8.0 12.0 0.0 4.0 677.0 
464.0052461206074 3.2 8.0 12.0 0.0 5.0 925.0 
466.0052461206074 3.2 7.0 12.0 0.0 5.0 925.0 
468.0052461206074 3.2 7.0 12.0 0.0 5.0 925.0 
470.0052461206074 3.2 7.0 12.0 0.0 5.0 925.0 
472.0052461206074 3.2 7.0 12.0 0.0 5.0 925.0 
474.0052461206074 3.2 7.0 12.0 0.0 5.0 925.0 
476.0052461206074 3.2 7.0 12.0 0.0 5.0 925.0 
478.0052461206074 3.2 7.0 12.0 0.0 5.0 925.0 
480.0052461206074 3.2 7.0 12.0 0.0 5.0 925.0 
482.0052461206074 3.1666666666666665 7.0 13.0 0.0 6.0 1028.0 
484.0052461206074 3.1666666666666665 7.0 13.0 0.0 6.0 1028.0 
486.0052461206074 3.1666666666666665 7.0 13.0 0.0 6.0 1028.0 
488.0052461206074 3.1666666666666665 7.0 13.0 0.0 6.0 1028.0 
490.0052461206074 3.1666666666666665 7.0 13.0 0.0 6.0 1028.0 
492.0052461206074 3.1666666666666665 7.0 13.0 0.0 6.0 1028.0 
494.0052461206074 3.1666666666666665 7.0 13.0 0.0 6.0 1028.0 
496.0052461206074 3.1666666666666665 7.0 13.0 0.0 6.0 1028.0 
498.0052461206074 3.1666666666666665 7.0 13.0 0.0 6.0 1028.0 
500.0052461206074 3.1666666666666665 7.0 13.0 0.0 6.0 1028.0 
502.0052461206074 3.1666666666666665 8.0 14.0 0.0 6.0 1028.0 
504.0052461206074 3.1666666666666665 8.0 14.0 0.0 6.0 1028.0 
506.0052461206074 3.1666666666666665 8.0 14.0 0.0 6.0 1028.0 
508.0052461206074 3.1666666666666665 8.0 14.0 0.0 6.0 1028.0 
510.0052461206074 3.1666666666666665 8.0 14.0 0.0 6.0 1028.0 
512.0052461206074 3.1666666666666665 8.0 14.0 0.0 6.0 1028.0 
514.0052461206074 3.1666666666666665 8.0 14.0 0.0 6.0 1028.0 
516.0052461206074 3.1666666666666665 8.0 14.0 0.0 6.0 1028.0 
518.0052461206074 3.1666666666666665 8.0 14.0 0.0 6.0 1028.0 
520.0052461206074 3.1666666666666665 8.0 14.0 0.0 6.0 1028.0 
522.0052461206074 3.1666666666666665 8.0 14.0 0.0 6.0 1028.0 
524.0052461206074 3.1666666666666665 8.0 14.0 0.0 6.0 1028.0 
526.0052461206074 3.1666666666666665 8.0 14.0 0.0 6.0 1028.0 
528.0052461206074 3.1666666666666665 8.0 14.0 0.0 6.0 1028.0 
530.0052461206074 3.1666666666666665 8.0 14.0 0.0 6.0 1028.0 
532.0052461206074 3.1666666666666665 8.0 14.0 0.0 6.0 1028.0 
534.0052461206074 3.1666666666666665 8.0 14.0 0.0 6.0 1028.0 
536.0052461206074 3.25 6.0 14.0 0.0 8.0 1584.0 
538.0052461206074 3.25 6.0 14.0 0.0 8.0 1584.0 
540.0052461206074 3.25 6.0 14.0 0.0 8.0 1584.0 
542.0052461206074 3.25 6.0 14.0 0.0 8.0 1584.0 
544.0052461206074 3.25 6.0 14.0 0.0 8.0 1584.0 
546.0052461206074 3.25 6.0 15.0 0.0 8.0 1584.0 
548.0052461206074 3.25 7.0 15.0 0.0 8.0 1584.0 
550.0052461206074 3.25 7.0 15.0 0.0 8.0 1584.0 
552.0052461206074 3.25 7.0 15.0 0.0 8.0 1584.0 
554.0052461206074 3.25 7.0 15.0 0.0 8.0 1584.0 
556.0052461206074 3.25 7.0 15.0 0.0 8.0 1584.0 
558.0052461206074 3.25 7.0 15.0 0.0 8.0 1584.0 
560.0052461206074 3.25 7.0 15.0 0.0 8.0 1584.0 
562.0052461206074 3.25 7.0 15.0 0.0 8.0 1584.0 
564.0052461206074 3.25 7.0 15.0 0.0 8.0 1584.0 
566.0052461206074 3.25 7.0 15.0 0.0 8.0 1584.0 
568.0052461206074 3.25 7.0 15.0 0.0 8.0 1584.0 
570.0052461206074 3.25 7.0 15.0 0.0 8.0 1584.0 
572.0052461206074 3.25 7.0 15.0 0.0 8.0 1584.0 
574.0052461206074 3.25 7.0 16.0 0.0 8.0 1584.0 
576.0052461206074 3.25 8.0 16.0 0.0 8.0 1584.0 
578.0052461206074 3.25 8.0 16.0 0.0 8.0 1584.0 
580.0052461206074 3.25 8.0 16.0 0.0 8.0 1584.0 
582.0052461206074 3.25 8.0 16.0 0.0 8.0 1584.0 
584.0052461206074 3.25 8.0 16.0 0.0 8.0 1584.0 
586.0052461206074 3.25 8.0 16.0 0.0 8.0 1584.0 
588.0052461206074 3.25 8.0 16.0 0.0 8.0 1584.0 
590.0052461206074 3.25 8.0 16.0 0.0 8.0 1584.0 
592.0052461206074 3.25 9.0 17.0 0.0 8.0 1584.0 
594.0052461206074 3.25 9.0 17.0 0.0 8.0 1584.0 
596.0052461206074 3.25 9.0 17.0 0.0 8.0 1584.0 
598.0052461206074 3.25 9.0 17.0 0.0 8.0 1584.0 
600.0052461206074 3.25 9.0 17.0 0.0 8.0 1584.0 
602.0052461206074 3.25 9.0 17.0 0.0 8.0 1584.0 
604.0052461206074 3.25 9.0 17.0 0.0 8.0 1584.0 
606.0052461206074 3.25 10.0 18.0 0.0 8.0 1584.0 
608.0052461206074 3.25 10.0 18.0 0.0 8.0 1584.0 
610.0052461206074 3.25 11.0 19.0 0.0 8.0 1584.0 
612.0052461206074 3.25 11.0 19.0 0.0 8.0 1584.0 
614.0052461206074 3.25 11.0 19.0 0.0 8.0 1584.0 
616.0052461206074 3.25 11.0 19.0 0.0 8.0 1584.0 
618.0052461206074 3.25 11.0 19.0 0.0 8.0 1584.0 
620.0052461206074 3.25 11.0 19.0 0.0 8.0 1584.0 
622.0052461206074 3.25 11.0 19.0 0.0 8.0 1584.0 
624.0052461206074 3.25 11.0 19.0 0.0 8.0 1584.0 
626.0052461206074 3.25 11.0 19.0 0.0 8.0 1584.0 
628.0052461206074 3.25 11.0 19.0 0.0 8.0 1584.0 
630.0052461206074 3.25 11.0 19.0 0.0 8.0 1584.0 
632.0052461206074 3.25 11.0 19.0 0.0 8.0 1584.0 
634.0052461206074 3.25 11.0 19.0 0.0 8.0 1584.0 
636.0052461206074 3.25 11.0 19.0 0.0 8.0 1584.0 
638.0052461206074 3.25 11.0 19.0 0.0 8.0 1584.0 
640.0052461206074 3.25 11.0 19.0 0.0 8.0 1584.0 
642.0052461206074 3.25 11.0 19.0 0.0 8.0 1584.0 
644.0052461206074 3.25 11.0 19.0 0.0 8.0 1584.0 
646.0052461206074 3.25 11.0 19.0 0.0 8.0 1584.0 
648.0052461206074 3.25 11.0 19.0 0.0 8.0 1584.0 
650.0052461206074 3.25 11.0 19.0 0.0 8.0 1584.0 
652.0052461206074 3.25 11.0 19.0 0.0 8.0 1584.0 
654.0052461206074 3.25 11.0 19.0 0.0 8.0 1584.0 
656.0052461206074 3.25 11.0 19.0 0.0 8.0 1584.0 
658.0052461206074 3.25 11.0 19.0 0.0 8.0 1584.0 
660.0052461206074 3.25 11.0 19.0 0.0 8.0 1584.0 
662.0052461206074 3.25 11.0 19.0 0.0 8.0 1584.0 
664.0052461206074 3.25 11.0 19.0 0.0 8.0 1584.0 
666.0052461206074 3.25 11.0 19.0 0.0 8.0 1584.0 
668.0052461206074 3.25 11.0 19.0 0.0 8.0 1584.0 
670.0052461206074 3.25 11.0 19.0 0.0 8.0 1584.0 
672.0052461206074 3.25 11.0 19.0 0.0 8.0 1584.0 
674.0052461206074 3.25 11.0 19.0 0.0 8.0 1584.0 
676.0052461206074 3.25 11.0 19.0 0.0 8.0 1584.0 
678.0052461206074 3.25 11.0 19.0 0.0 8.0 1584.0 
680.0052461206074 3.25 11.0 19.0 0.0 8.0 1584.0 
682.0052461206074 3.25 11.0 19.0 0.0 8.0 1584.0 
684.0052461206074 3.25 11.0 19.0 0.0 8.0 1584.0 
686.0052461206074 3.25 11.0 19.0 0.0 8.0 1584.0 
688.0052461206074 3.25 11.0 19.0 0.0 8.0 1584.0 
690.0052461206074 3.25 11.0 19.0 0.0 8.0 1584.0 
692.0052461206074 3.25 11.0 19.0 0.0 8.0 1584.0 
694.0052461206074 3.2222222222222223 11.0 19.0 0.0 9.0 1686.0 
696.0052461206074 3.2222222222222223 10.0 19.0 0.0 9.0 1686.0 
698.0052461206074 3.2222222222222223 10.0 19.0 0.0 9.0 1686.0 
700.0052461206074 3.2222222222222223 10.0 19.0 0.0 9.0 1686.0 
702.0052461206074 3.2222222222222223 10.0 19.0 0.0 9.0 1686.0 
704.0052461206074 3.2222222222222223 10.0 19.0 0.0 9.0 1686.0 
706.0052461206074 3.2222222222222223 10.0 19.0 0.0 9.0 1686.0 
708.0052461206074 3.1818181818181817 9.0 19.0 0.0 11.0 2127.0 
710.0052461206074 3.1818181818181817 8.0 19.0 0.0 11.0 2127.0 
712.0052461206074 3.1818181818181817 8.0 19.0 0.0 11.0 2127.0 
714.0052461206074 3.1818181818181817 8.0 19.0 0.0 11.0 2127.0 
716.0052461206074 3.1818181818181817 8.0 20.0 0.0 11.0 2127.0 
718.0052461206074 3.1666666666666665 9.0 20.0 0.0 12.0 2236.0 
720.0052461206074 3.1666666666666665 8.0 20.0 0.0 12.0 2236.0 
722.0052461206074 3.1666666666666665 8.0 20.0 0.0 12.0 2236.0 
724.0052461206074 3.1666666666666665 8.0 20.0 0.0 12.0 2236.0 
726.0052461206074 3.1666666666666665 8.0 20.0 0.0 12.0 2236.0 
728.0052461206074 3.1666666666666665 8.0 20.0 0.0 12.0 2236.0 
730.0052461206074 3.1666666666666665 8.0 20.0 0.0 12.0 2236.0 
732.0052461206074 3.1666666666666665 8.0 20.0 0.0 12.0 2236.0 
734.0052461206074 3.1666666666666665 8.0 20.0 0.0 12.0 2236.0 
736.0052461206074 3.1666666666666665 8.0 20.0 0.0 12.0 2236.0 
738.0052461206074 3.1666666666666665 8.0 20.0 0.0 12.0 2236.0 
740.0052461206074 3.1666666666666665 8.0 20.0 0.0 12.0 2236.0 
742.0052461206074 3.1666666666666665 9.0 21.0 0.0 12.0 2236.0 
744.0052461206074 3.1666666666666665 9.0 21.0 0.0 12.0 2236.0 
746.0052461206074 3.1666666666666665 10.0 22.0 0.0 12.0 2236.0 
748.0052461206074 3.1666666666666665 10.0 22.0 0.0 12.0 2236.0 
750.0052461206074 3.1666666666666665 10.0 22.0 0.0 12.0 2236.0 
752.0052461206074 3.1666666666666665 10.0 22.0 0.0 12.0 2236.0 
754.0052461206074 3.1666666666666665 10.0 22.0 0.0 12.0 2236.0 
756.0052461206074 3.1666666666666665 10.0 22.0 0.0 12.0 2236.0 
758.0052461206074 3.1666666666666665 10.0 22.0 0.0 12.0 2236.0 
760.0052461206074 3.1666666666666665 10.0 22.0 0.0 12.0 2236.0 
762.0052461206074 3.1666666666666665 11.0 23.0 0.0 12.0 2236.0 
764.0052461206074 3.1666666666666665 11.0 23.0 0.0 12.0 2236.0 
766.0052461206074 3.1666666666666665 11.0 23.0 0.0 12.0 2236.0 
768.0052461206074 3.1666666666666665 11.0 23.0 0.0 12.0 2236.0 
770.0052461206074 3.1666666666666665 11.0 23.0 0.0 12.0 2236.0 
772.0052461206074 3.1666666666666665 11.0 23.0 0.0 12.0 2236.0 
774.0052461206074 3.1666666666666665 11.0 23.0 0.0 12.0 2236.0 
776.0052461206074 3.1666666666666665 11.0 23.0 0.0 12.0 2236.0 
778.0052461206074 3.1666666666666665 11.0 23.0 0.0 12.0 2236.0 
780.0052461206074 3.1666666666666665 11.0 23.0 0.0 12.0 2236.0 
782.0052461206074 3.1666666666666665 11.0 23.0 0.0 12.0 2236.0 
784.0052461206074 3.1666666666666665 11.0 23.0 0.0 12.0 2236.0 
786.0052461206074 3.1666666666666665 11.0 23.0 0.0 12.0 2236.0 
788.0052461206074 3.1666666666666665 12.0 24.0 0.0 12.0 2236.0 
790.0052461206074 3.1666666666666665 12.0 24.0 0.0 12.0 2236.0 
792.0052461206074 3.1666666666666665 12.0 24.0 0.0 12.0 2236.0 
794.0052461206074 3.1666666666666665 12.0 24.0 0.0 12.0 2236.0 
796.0052461206074 3.1666666666666665 12.0 24.0 0.0 12.0 2236.0 
798.0052461206074 3.1666666666666665 12.0 24.0 0.0 12.0 2236.0 
800.0052461206074 3.1666666666666665 12.0 24.0 0.0 12.0 2236.0 
802.0052461206074 3.1666666666666665 12.0 24.0 0.0 12.0 2236.0 
804.0052461206074 3.1666666666666665 12.0 24.0 0.0 12.0 2236.0 
806.0052461206074 3.1666666666666665 12.0 24.0 0.0 12.0 2236.0 
808.0052461206074 3.1666666666666665 12.0 24.0 0.0 12.0 2236.0 
810.0052461206074 3.1666666666666665 12.0 24.0 0.0 12.0 2236.0 
812.0052461206074 3.1666666666666665 12.0 24.0 0.0 12.0 2236.0 
814.0052461206074 3.1666666666666665 12.0 24.0 0.0 12.0 2236.0 
816.0052461206074 3.1666666666666665 12.0 24.0 0.0 12.0 2236.0 
818.0052461206074 3.1538461538461537 11.0 24.0 0.0 13.0 2856.0 
820.0052461206074 3.1538461538461537 11.0 24.0 0.0 13.0 2856.0 
822.0052461206074 3.1538461538461537 11.0 24.0 0.0 13.0 2856.0 
824.0052461206074 3.1538461538461537 11.0 24.0 0.0 13.0 2856.0 
826.0052461206074 3.1538461538461537 11.0 24.0 0.0 13.0 2856.0 
828.0052461206074 3.1538461538461537 11.0 24.0 0.0 13.0 2856.0 
830.0052461206074 3.1538461538461537 11.0 24.0 0.0 13.0 2856.0 
832.0052461206074 3.1538461538461537 11.0 24.0 0.0 13.0 2856.0 
834.0052461206074 3.1538461538461537 11.0 24.0 0.0 13.0 2856.0 
836.0052461206074 3.1538461538461537 11.0 24.0 0.0 13.0 2856.0 
838.0052461206074 3.1538461538461537 11.0 24.0 0.0 13.0 2856.0 
840.0052461206074 3.1538461538461537 11.0 24.0 0.0 13.0 2856.0 
842.0052461206074 3.1538461538461537 11.0 24.0 0.0 13.0 2856.0 
844.0052461206074 3.142857142857143 11.0 24.0 0.0 14.0 3126.0 
846.0052461206074 3.1333333333333333 9.0 24.0 0.0 15.0 3425.0 
848.0052461206074 3.4 9.0 24.0 0.0 16.0 3527.0 
850.0052461206074 3.4 8.0 24.0 0.0 16.0 3527.0 
852.0052461206074 3.4 8.0 24.0 0.0 16.0 3527.0 
854.0052461206074 3.4 8.0 24.0 0.0 16.0 3527.0 
856.0052461206074 3.4 8.0 24.0 0.0 16.0 3527.0 
858.0052461206074 3.4 8.0 24.0 0.0 16.0 3527.0 
860.0052461206074 3.4 8.0 24.0 0.0 16.0 3527.0 
862.0052461206074 3.4 8.0 24.0 0.0 16.0 3527.0 
864.0052461206074 3.4375 8.0 24.0 0.0 17.0 3629.0 
866.0052461206074 3.4375 7.0 24.0 0.0 17.0 3629.0 
868.0052461206074 3.4375 7.0 24.0 0.0 17.0 3629.0 
870.0052461206074 3.4375 7.0 24.0 0.0 17.0 3629.0 
872.0052461206074 3.4375 7.0 24.0 0.0 17.0 3629.0 
874.0052461206074 3.4375 7.0 24.0 0.0 17.0 3629.0 
876.0052461206074 3.4375 7.0 24.0 0.0 17.0 3629.0 
878.0052461206074 3.4375 7.0 24.0 0.0 17.0 3629.0 
880.0052461206074 3.4375 8.0 25.0 0.0 17.0 3629.0 
882.0052461206074 3.4375 8.0 25.0 0.0 17.0 3629.0 
884.0052461206074 3.4375 8.0 25.0 0.0 17.0 3629.0 
886.0052461206074 3.4375 8.0 25.0 0.0 17.0 3629.0 
888.0052461206074 3.4375 8.0 25.0 0.0 17.0 3629.0 
890.0052461206074 3.411764705882353 8.0 25.0 0.0 18.0 4037.0 
892.0052461206074 3.411764705882353 8.0 26.0 0.0 18.0 4037.0 
894.0052461206074 3.411764705882353 8.0 26.0 0.0 18.0 4037.0 
896.0052461206074 3.411764705882353 8.0 26.0 0.0 18.0 4037.0 
898.0052461206074 3.411764705882353 8.0 26.0 0.0 18.0 4037.0 
900.0052461206074 3.411764705882353 8.0 26.0 0.0 18.0 4037.0 
#####################################################################
# End of data export. Simulation finished at: 2020-01-15T19:32+0000 #
#####################################################################
