#####################################################################
# Alchemist log file - simulation started at: 2020-02-28T14:40+0000 #
#####################################################################
# seed = 94.0, taskFrequency = 0.01778, cloudcost = 6.0, algorithm = false
#
# The columns have the following meaning: 
# time taskHops[Mean] hasTask[Sum] tasks[Sum] completedTasks[Sum] giveupTasks[Sum] taskLatency[Sum] 
0.0 NaN 0.0 0.0 0.0 0.0 0.0 
2.002470146810194 NaN 2.0 3.0 0.0 0.0 0.0 
4.002470146810194 NaN 4.0 6.0 0.0 0.0 0.0 
6.002470146810194 NaN 8.0 9.0 0.0 0.0 0.0 
8.002470146810193 NaN 15.0 16.0 0.0 0.0 0.0 
10.002470146810193 NaN 16.0 17.0 0.0 0.0 0.0 
12.002470146810193 NaN 18.0 19.0 0.0 0.0 0.0 
14.002470146810193 NaN 24.0 25.0 0.0 0.0 0.0 
16.002470146810193 NaN 27.0 28.0 0.0 0.0 0.0 
18.002470146810193 NaN 31.0 33.0 0.0 0.0 0.0 
20.002470146810193 NaN 37.0 38.0 0.0 0.0 0.0 
22.002470146810193 NaN 42.0 42.0 0.0 0.0 0.0 
24.00038945935844 NaN 42.0 44.0 0.0 0.0 0.0 
26.002470146810193 NaN 46.0 46.0 0.0 0.0 0.0 
28.002470146810193 NaN 48.0 48.0 0.0 0.0 0.0 
30.002470146810193 NaN 50.0 50.0 0.0 0.0 0.0 
32.0024701468102 NaN 51.0 51.0 0.0 0.0 0.0 
34.0024701468102 NaN 52.0 52.0 0.0 0.0 0.0 
36.0024701468102 NaN 55.0 55.0 0.0 0.0 0.0 
38.0024701468102 NaN 59.0 59.0 0.0 0.0 0.0 
40.0024701468102 NaN 59.0 59.0 0.0 0.0 0.0 
42.0024701468102 NaN 60.0 60.0 0.0 0.0 0.0 
44.0024701468102 NaN 60.0 60.0 0.0 0.0 0.0 
46.0024701468102 NaN 62.0 62.0 0.0 0.0 0.0 
48.0024701468102 NaN 64.0 64.0 0.0 0.0 0.0 
50.0024701468102 NaN 65.0 65.0 0.0 0.0 0.0 
52.0024701468102 NaN 65.0 67.0 0.0 0.0 0.0 
54.0024701468102 NaN 69.0 70.0 0.0 0.0 0.0 
56.0024701468102 NaN 72.0 73.0 0.0 0.0 0.0 
58.0024701468102 NaN 74.0 74.0 0.0 0.0 0.0 
60.0024701468102 NaN 78.0 79.0 0.0 0.0 0.0 
62.0024701468102 NaN 79.0 79.0 0.0 0.0 0.0 
64.0024701468102 NaN 80.0 80.0 0.0 0.0 0.0 
66.0024701468102 NaN 80.0 80.0 0.0 0.0 0.0 
68.0024701468102 NaN 81.0 81.0 0.0 0.0 0.0 
70.0024701468102 NaN 82.0 83.0 0.0 0.0 0.0 
72.0024701468102 NaN 83.0 83.0 0.0 0.0 0.0 
74.0024701468102 NaN 84.0 84.0 0.0 0.0 0.0 
76.0024701468102 NaN 85.0 85.0 0.0 0.0 0.0 
78.0024701468102 NaN 85.0 85.0 0.0 0.0 0.0 
80.0024701468102 NaN 88.0 88.0 0.0 0.0 0.0 
82.0024701468102 NaN 89.0 89.0 0.0 0.0 0.0 
84.0024701468102 NaN 92.0 92.0 0.0 0.0 0.0 
86.0024701468102 NaN 94.0 95.0 0.0 0.0 0.0 
88.0024701468102 NaN 96.0 96.0 0.0 0.0 0.0 
90.0024701468102 NaN 97.0 98.0 0.0 0.0 0.0 
92.0024701468102 NaN 98.0 98.0 0.0 0.0 0.0 
94.0024701468102 NaN 98.0 98.0 0.0 0.0 0.0 
96.0024701468102 NaN 99.0 99.0 0.0 0.0 0.0 
98.0024701468102 NaN 99.0 100.0 0.0 0.0 0.0 
100.0024701468102 NaN 100.0 100.0 0.0 0.0 0.0 
102.0024701468102 NaN 102.0 102.0 0.0 0.0 0.0 
104.0024701468102 NaN 103.0 104.0 0.0 0.0 0.0 
106.0024701468102 NaN 104.0 104.0 0.0 0.0 0.0 
108.0024701468102 6.0 100.0 104.0 0.0 5.0 519.0 
110.0024701468102 6.0 98.0 104.0 0.0 9.0 934.0 
112.0024701468102 6.0 95.0 105.0 0.0 10.0 1037.0 
114.0024701468102 6.0 95.0 106.0 0.0 13.0 1351.0 
116.0024701468102 6.0 89.0 106.0 0.0 19.0 1964.0 
118.0024701468102 6.0 88.0 107.0 0.0 22.0 2278.0 
120.0024701468102 6.0 82.0 108.0 0.0 29.0 3034.0 
122.0024701468102 6.0 77.0 109.0 0.0 34.0 3545.0 
124.0024701468102 6.0 76.0 111.0 0.0 38.0 3955.0 
126.0024701468102 6.0 74.0 112.0 0.0 38.0 3955.0 
128.0024701468102 6.0 74.0 115.0 0.0 42.0 4366.0 
130.0024701468102 6.0 74.0 116.0 0.0 43.0 4469.0 
132.0024701468102 6.0 72.0 117.0 0.0 46.0 4783.0 
134.0024701468102 6.0 71.0 118.0 0.0 47.0 4885.0 
136.0024701468102 6.0 71.0 118.0 0.0 48.0 4988.0 
138.0024701468102 6.0 69.0 119.0 0.0 52.0 5419.0 
140.0024701468102 6.0 67.0 120.0 0.0 56.0 5827.0 
142.0024701468102 6.0 65.0 121.0 0.0 56.0 5827.0 
144.0024701468102 6.0 65.0 122.0 0.0 57.0 5929.0 
146.0024701468102 6.0 65.0 122.0 0.0 57.0 5929.0 
148.0024701468102 6.0 66.0 124.0 0.0 59.0 6134.0 
150.0024701468102 6.0 65.0 124.0 0.0 61.0 6339.0 
152.0024701468102 6.0 63.0 125.0 0.0 62.0 6442.0 
154.0024701468102 6.0 64.0 126.0 0.0 62.0 6442.0 
156.0024701468102 6.0 65.0 128.0 0.0 65.0 6751.0 
158.0024701468102 6.0 63.0 131.0 0.0 68.0 7059.0 
160.0024701468102 6.0 63.0 132.0 0.0 70.0 7265.0 
162.0024701468102 6.0 62.0 132.0 0.0 74.0 7675.0 
164.0024701468102 6.0 58.0 133.0 0.0 75.0 7778.0 
166.0024701468102 6.0 59.0 134.0 0.0 76.0 7881.0 
168.0024701468102 6.0 59.0 136.0 0.0 76.0 7881.0 
170.0024701468102 6.0 60.0 136.0 0.0 77.0 7984.0 
172.0024701468102 6.0 60.0 137.0 0.0 77.0 7984.0 
174.0024701468102 6.0 60.0 138.0 0.0 78.0 8087.0 
176.0024701468102 6.0 60.0 138.0 0.0 79.0 8189.0 
178.0024701468102 6.0 60.0 139.0 0.0 79.0 8189.0 
180.0024701468102 6.0 61.0 140.0 0.0 79.0 8189.0 
182.0024701468102 6.0 61.0 141.0 0.0 81.0 8393.0 
184.0024701468102 6.0 60.0 141.0 0.0 81.0 8393.0 
186.0024701468102 6.0 60.0 143.0 0.0 84.0 8700.0 
188.0024701468102 6.0 58.0 144.0 0.0 87.0 9022.0 
190.0024701468102 6.0 56.0 145.0 0.0 90.0 9399.0 
192.0024701468102 6.0 54.0 145.0 0.0 91.0 9501.0 
194.0024701468102 6.0 53.0 145.0 0.0 92.0 9604.0 
196.0024701468102 6.0 54.0 146.0 0.0 92.0 9604.0 
198.0024701468102 6.0 55.0 147.0 0.0 93.0 9706.0 
200.0024701468102 6.0 55.0 148.0 0.0 93.0 9706.0 
202.0024701468102 6.0 56.0 149.0 0.0 93.0 9706.0 
204.0024701468102 6.0 55.0 149.0 0.0 94.0 9808.0 
206.0024701468102 6.0 55.0 150.0 0.0 95.0 9910.0 
208.0024701468102 6.0 54.0 151.0 0.0 96.0 10013.0 
210.0024701468102 6.0 56.0 152.0 0.0 96.0 10013.0 
212.0024701468102 6.0 59.0 156.0 0.0 96.0 10013.0 
214.0024701468102 6.0 60.0 156.0 0.0 97.0 10116.0 
216.0024701468102 6.01010101010101 58.0 157.0 0.0 99.0 10425.0 
218.0024701468102 6.01010101010101 58.0 157.0 0.0 99.0 10425.0 
220.0024701468102 6.01 58.0 157.0 0.0 100.0 10528.0 
222.0024701468102 6.01 57.0 157.0 0.0 100.0 10528.0 
224.0024701468102 6.068627450980392 56.0 157.0 0.0 103.0 10857.0 
226.0024701468102 6.0673076923076925 55.0 158.0 0.0 105.0 11061.0 
228.0024701468102 6.066666666666666 54.0 160.0 0.0 106.0 11163.0 
230.0024701468102 6.065420560747664 54.0 160.0 0.0 108.0 11367.0 
232.0024701468102 6.177570093457944 51.0 160.0 0.0 110.0 11572.0 
234.0024701468102 6.233644859813084 53.0 164.0 0.0 111.0 11674.0 
236.0024701468102 6.231481481481482 56.0 168.0 0.0 112.0 11776.0 
238.0024701468102 6.231481481481482 58.0 170.0 0.0 112.0 11776.0 
240.0024701468102 6.287037037037037 58.0 174.0 0.0 113.0 11878.0 
242.0024701468102 6.342592592592593 61.0 174.0 0.0 114.0 11980.0 
244.0024701468102 6.339449541284404 59.0 175.0 0.0 115.0 12082.0 
246.0024701468102 6.336363636363636 61.0 176.0 0.0 116.0 12184.0 
248.0024701468102 6.336363636363636 63.0 179.0 0.0 116.0 12184.0 
250.0024701468102 6.387387387387387 62.0 179.0 0.0 118.0 12388.0 
252.0024701468102 6.387387387387387 64.0 182.0 0.0 118.0 12388.0 
254.0024701468102 6.383928571428571 63.0 182.0 0.0 119.0 12562.0 
256.0024701468102 6.491071428571429 65.0 185.0 0.0 121.0 12767.0 
258.0024701468102 6.539823008849558 65.0 186.0 0.0 123.0 12972.0 
260.0024701468102 6.646017699115044 65.0 189.0 0.0 125.0 13178.0 
262.0024701468102 6.699115044247788 64.0 189.0 0.0 126.0 13281.0 
264.0024701468102 6.699115044247788 63.0 190.0 0.0 126.0 13281.0 
266.0024701468102 6.752212389380531 64.0 190.0 0.0 127.0 13383.0 
268.0024701468102 6.8053097345132745 65.0 192.0 0.0 128.0 13485.0 
270.0024701468102 6.8053097345132745 66.0 195.0 0.0 128.0 13485.0 
272.0024701468102 6.8584070796460175 67.0 196.0 0.0 129.0 13588.0 
274.0024701468102 6.911504424778761 68.0 197.0 0.0 130.0 13691.0 
276.0024701468102 6.9035087719298245 69.0 199.0 0.0 131.0 13793.0 
278.0024701468102 6.9035087719298245 68.0 199.0 0.0 131.0 13793.0 
280.0024701468102 6.895652173913043 69.0 200.0 0.0 132.0 13895.0 
282.0024701468102 6.947826086956522 70.0 202.0 0.0 133.0 13997.0 
284.0024701468102 7.0 71.0 204.0 0.0 134.0 14099.0 
286.0024701468102 7.0 71.0 205.0 0.0 134.0 14099.0 
288.0024701468102 7.043103448275862 71.0 206.0 0.0 136.0 14304.0 
290.0024701468102 7.094827586206897 70.0 207.0 0.0 137.0 14406.0 
292.0024701468102 7.146551724137931 71.0 208.0 0.0 138.0 14508.0 
294.0024701468102 7.146551724137931 70.0 208.0 0.0 138.0 14508.0 
296.0024701468102 7.198275862068965 73.0 213.0 0.0 139.0 14645.0 
298.0024701468102 7.25 74.0 214.0 0.0 140.0 14747.0 
300.0024701468102 7.301724137931034 74.0 214.0 0.0 141.0 14849.0 
302.0024701468102 7.290598290598291 72.0 215.0 0.0 142.0 14951.0 
304.0024701468102 7.341880341880342 72.0 216.0 0.0 143.0 15053.0 
306.0024701468102 7.341880341880342 73.0 216.0 0.0 143.0 15053.0 
308.0024701468102 7.3931623931623935 73.0 216.0 0.0 144.0 15155.0 
310.0024701468102 7.3931623931623935 72.0 216.0 0.0 144.0 15155.0 
312.0024701468102 7.432203389830509 73.0 218.0 0.0 146.0 15361.0 
314.0024701468102 7.533898305084746 72.0 219.0 0.0 148.0 15565.0 
316.0024701468102 7.584745762711864 71.0 220.0 0.0 149.0 15668.0 
318.0024701468102 7.635593220338983 72.0 222.0 0.0 150.0 15770.0 
320.0024701468102 7.635593220338983 72.0 222.0 0.0 150.0 15770.0 
322.0024701468102 7.635593220338983 75.0 225.0 0.0 150.0 15770.0 
324.0024701468102 7.635593220338983 75.0 225.0 0.0 150.0 15770.0 
326.0024701468102 7.635593220338983 76.0 226.0 0.0 150.0 15770.0 
328.0024701468102 7.686440677966101 77.0 227.0 0.0 151.0 15873.0 
330.0024701468102 7.788135593220339 75.0 229.0 0.0 153.0 16077.0 
332.0024701468102 7.788135593220339 77.0 231.0 0.0 153.0 16077.0 
334.0024701468102 7.788135593220339 79.0 232.0 0.0 153.0 16077.0 
336.0024701468102 7.940677966101695 77.0 233.0 0.0 156.0 16385.0 
338.0024701468102 8.194915254237289 74.0 233.0 0.0 161.0 16898.0 
340.0024701468102 8.296610169491526 71.0 233.0 0.0 163.0 17102.0 
342.0024701468102 8.347457627118644 70.0 233.0 0.0 164.0 17205.0 
344.0024701468102 8.428571428571429 66.0 233.0 0.0 167.0 17514.0 
346.0024701468102 8.428571428571429 67.0 234.0 0.0 167.0 17514.0 
348.0024701468102 8.529411764705882 68.0 236.0 0.0 169.0 17720.0 
350.0024701468102 8.680672268907562 67.0 237.0 0.0 172.0 18026.0 
352.0024701468102 8.731092436974789 65.0 238.0 0.0 173.0 18210.0 
354.0024701468102 8.858333333333333 63.0 238.0 0.0 177.0 18818.0 
356.0024701468102 8.858333333333333 61.0 238.0 0.0 177.0 18818.0 
358.0024701468102 9.008333333333333 62.0 240.0 0.0 180.0 19125.0 
360.0024701468102 9.058333333333334 60.0 243.0 0.0 181.0 19227.0 
362.0024701468102 9.03305785123967 62.0 243.0 0.0 182.0 19329.0 
364.0024701468102 9.082644628099173 60.0 243.0 0.0 183.0 19432.0 
366.0024701468102 9.082644628099173 61.0 245.0 0.0 183.0 19432.0 
368.0024701468102 9.132231404958677 61.0 245.0 0.0 184.0 19535.0 
370.0024701468102 9.231404958677686 61.0 247.0 0.0 186.0 19740.0 
372.0024701468102 9.330578512396693 59.0 247.0 0.0 188.0 19944.0 
374.0024701468102 9.429752066115702 57.0 249.0 0.0 190.0 20149.0 
376.0024701468102 9.450819672131148 58.0 250.0 0.0 192.0 20545.0 
378.0024701468102 9.549180327868852 58.0 250.0 0.0 194.0 20750.0 
380.0024701468102 9.549180327868852 56.0 250.0 0.0 194.0 20750.0 
382.0024701468102 9.56910569105691 58.0 253.0 0.0 196.0 21158.0 
384.0024701468102 9.666666666666668 58.0 255.0 0.0 198.0 21364.0 
386.0024701468102 9.764227642276422 56.0 255.0 0.0 200.0 21568.0 
388.0024701468102 9.8130081300813 56.0 257.0 0.0 201.0 21670.0 
390.0024701468102 9.86178861788618 56.0 257.0 0.0 202.0 21772.0 
392.0024701468102 9.86178861788618 55.0 258.0 0.0 202.0 21772.0 
394.0024701468102 9.910569105691058 57.0 260.0 0.0 203.0 21874.0 
396.0024701468102 9.910569105691058 60.0 263.0 0.0 203.0 21874.0 
398.0024701468102 10.056910569105693 59.0 263.0 0.0 206.0 22182.0 
400.0024701468102 10.154471544715445 60.0 267.0 0.0 208.0 22387.0 
402.0024701468102 10.203252032520325 59.0 268.0 0.0 209.0 22577.0 
404.0024701468102 10.203252032520325 60.0 270.0 0.0 209.0 22577.0 
406.0024701468102 10.252032520325205 61.0 271.0 0.0 210.0 22680.0 
408.0024701468102 10.300813008130083 60.0 271.0 0.0 211.0 22783.0 
410.0024701468102 10.300813008130083 61.0 273.0 0.0 211.0 22783.0 
412.0024701468102 10.300813008130083 63.0 274.0 0.0 211.0 22783.0 
414.0024701468102 10.398373983739837 64.0 276.0 0.0 213.0 22987.0 
416.0024701468102 10.447154471544717 63.0 277.0 0.0 214.0 23090.0 
418.0024701468102 10.495934959349592 65.0 280.0 0.0 215.0 23192.0 
420.0024701468102 10.54471544715447 65.0 280.0 0.0 216.0 23294.0 
422.0024701468102 10.59349593495935 63.0 281.0 0.0 217.0 23397.0 
424.0024701468102 10.691056910569108 65.0 283.0 0.0 219.0 23601.0 
426.0024701468102 10.691056910569108 64.0 284.0 0.0 219.0 23601.0 
428.0024701468102 10.739837398373982 65.0 284.0 0.0 220.0 23703.0 
430.0024701468102 10.788617886178862 64.0 285.0 0.0 221.0 23805.0 
432.0024701468102 10.83739837398374 64.0 285.0 0.0 222.0 23907.0 
434.0024701468102 10.934959349593495 63.0 286.0 0.0 224.0 24112.0 
436.0024701468102 11.032520325203253 66.0 291.0 0.0 226.0 24317.0 
438.0024701468102 11.032520325203253 65.0 291.0 0.0 226.0 24317.0 
440.0024701468102 11.081300813008133 65.0 292.0 0.0 227.0 24420.0 
442.0024701468102 11.130081300813007 65.0 293.0 0.0 228.0 24566.0 
444.0024701468102 11.130081300813007 65.0 293.0 0.0 228.0 24566.0 
446.0024701468102 11.130081300813007 66.0 294.0 0.0 228.0 24566.0 
448.0024701468102 11.178861788617887 67.0 296.0 0.0 229.0 24669.0 
450.0024701468102 11.276422764227641 70.0 299.0 0.0 231.0 24874.0 
452.0024701468102 11.32520325203252 67.0 300.0 0.0 232.0 24976.0 
454.0024701468102 11.373983739837398 68.0 300.0 0.0 233.0 25078.0 
456.0024701468102 11.373983739837398 67.0 300.0 0.0 233.0 25078.0 
458.0024701468102 11.373983739837398 67.0 300.0 0.0 233.0 25078.0 
460.0024701468102 11.471544715447155 66.0 301.0 0.0 235.0 25282.0 
462.0024701468102 11.520325203252034 67.0 302.0 0.0 236.0 25385.0 
464.0024701468102 11.617886178861788 64.0 302.0 0.0 238.0 25591.0 
466.0024701468102 11.617886178861788 64.0 302.0 0.0 238.0 25591.0 
468.0024701468102 11.666666666666668 64.0 302.0 0.0 239.0 25694.0 
470.0024701468102 11.715447154471544 62.0 302.0 0.0 240.0 25797.0 
472.0024701468102 11.764227642276422 64.0 304.0 0.0 241.0 25899.0 
474.0024701468102 11.8130081300813 63.0 305.0 0.0 242.0 26002.0 
476.0024701468102 11.8130081300813 63.0 305.0 0.0 242.0 26002.0 
478.0024701468102 11.910569105691057 63.0 307.0 0.0 244.0 26208.0 
480.0024701468102 11.959349593495935 63.0 308.0 0.0 245.0 26311.0 
482.0024701468102 11.959349593495935 65.0 310.0 0.0 245.0 26311.0 
484.0024701468102 12.105691056910569 66.0 311.0 0.0 248.0 26618.0 
486.0024701468102 12.154471544715447 64.0 313.0 0.0 249.0 26720.0 
488.0024701468102 12.203252032520325 64.0 314.0 0.0 250.0 26823.0 
490.0024701468102 12.300813008130081 63.0 314.0 0.0 252.0 27027.0 
492.0024701468102 12.300813008130081 63.0 315.0 0.0 252.0 27027.0 
494.0024701468102 12.300813008130081 64.0 316.0 0.0 252.0 27027.0 
496.0024701468102 12.447154471544716 64.0 317.0 0.0 255.0 27335.0 
498.0024701468102 12.54471544715447 60.0 317.0 0.0 257.0 27539.0 
500.0024701468102 12.54471544715447 60.0 317.0 0.0 257.0 27539.0 
502.0024701468102 12.739837398373982 59.0 318.0 0.0 261.0 27948.0 
504.0024701468102 12.788617886178862 58.0 319.0 0.0 262.0 28051.0 
506.0024701468102 12.83739837398374 57.0 319.0 0.0 263.0 28154.0 
508.0024701468102 12.934959349593495 56.0 320.0 0.0 265.0 28359.0 
510.0024701468102 12.934959349593495 58.0 324.0 0.0 265.0 28359.0 
512.0024701468102 12.983739837398375 59.0 324.0 0.0 266.0 28461.0 
514.0024701468102 13.08130081300813 59.0 327.0 0.0 268.0 28666.0 
516.0024701468102 13.130081300813007 60.0 329.0 0.0 269.0 28768.0 
518.0024701468102 13.178861788617887 59.0 329.0 0.0 270.0 28871.0 
520.0024701468102 13.373983739837398 60.0 332.0 0.0 274.0 29283.0 
522.0024701468102 13.373983739837398 58.0 332.0 0.0 274.0 29283.0 
524.0024701468102 13.373983739837398 59.0 333.0 0.0 274.0 29283.0 
526.0024701468102 13.471544715447155 59.0 334.0 0.0 276.0 29488.0 
528.0024701468102 13.471544715447155 60.0 336.0 0.0 276.0 29488.0 
530.0024701468102 13.56910569105691 60.0 338.0 0.0 278.0 29725.0 
532.0024701468102 13.617886178861788 60.0 338.0 0.0 279.0 29827.0 
534.0024701468102 13.666666666666668 59.0 338.0 0.0 280.0 29939.0 
536.0024701468102 13.715447154471544 57.0 338.0 0.0 281.0 30041.0 
538.0024701468102 13.86178861788618 57.0 342.0 0.0 284.0 30348.0 
540.0024701468102 13.910569105691058 58.0 342.0 0.0 285.0 30453.0 
542.0024701468102 13.959349593495935 56.0 342.0 0.0 286.0 30555.0 
544.0024701468102 13.959349593495935 56.0 342.0 0.0 286.0 30555.0 
546.0024701468102 14.008130081300813 57.0 345.0 0.0 287.0 30658.0 
548.0024701468102 14.056910569105693 58.0 346.0 0.0 288.0 30760.0 
550.0024701468102 14.105691056910567 58.0 346.0 0.0 289.0 30863.0 
552.0024701468102 14.252032520325205 56.0 347.0 0.0 292.0 31171.0 
554.0024701468102 14.252032520325205 56.0 348.0 0.0 292.0 31171.0 
556.0024701468102 14.300813008130083 55.0 348.0 0.0 293.0 31274.0 
558.0024701468102 14.300813008130083 55.0 348.0 0.0 293.0 31274.0 
560.0024701468102 14.300813008130083 57.0 351.0 0.0 293.0 31274.0 
562.0024701468102 14.349593495934958 59.0 352.0 0.0 294.0 31376.0 
564.0024701468102 14.398373983739837 60.0 354.0 0.0 295.0 31478.0 
566.0024701468102 14.398373983739837 60.0 355.0 0.0 295.0 31478.0 
568.0024701468102 14.398373983739837 62.0 357.0 0.0 295.0 31478.0 
570.0024701468102 14.398373983739837 62.0 357.0 0.0 295.0 31478.0 
572.0024701468102 14.398373983739837 64.0 359.0 0.0 295.0 31478.0 
574.0024701468102 14.398373983739837 66.0 361.0 0.0 295.0 31478.0 
576.0024701468102 14.447154471544717 68.0 363.0 0.0 296.0 31580.0 
578.0024701468102 14.447154471544717 67.0 363.0 0.0 296.0 31580.0 
580.0024701468102 14.54471544715447 68.0 364.0 0.0 298.0 31784.0 
582.0024701468102 14.59349593495935 66.0 365.0 0.0 299.0 31886.0 
584.0024701468102 14.691056910569108 65.0 366.0 0.0 301.0 32091.0 
586.0024701468102 14.739837398373982 65.0 367.0 0.0 302.0 32193.0 
588.0024701468102 14.83739837398374 66.0 369.0 0.0 304.0 32397.0 
590.0024701468102 14.886178861788617 66.0 370.0 0.0 305.0 32499.0 
592.0024701468102 14.886178861788617 66.0 371.0 0.0 305.0 32499.0 
594.0024701468102 14.934959349593495 66.0 373.0 0.0 306.0 32601.0 
596.0024701468102 14.983739837398375 66.0 374.0 0.0 307.0 32703.0 
598.0024701468102 15.032520325203253 68.0 375.0 0.0 308.0 32806.0 
600.0024701468102 15.032520325203253 67.0 376.0 0.0 308.0 32806.0 
602.0024701468102 15.032520325203253 69.0 377.0 0.0 308.0 32806.0 
604.0024701468102 15.081300813008133 70.0 378.0 0.0 309.0 32909.0 
606.0024701468102 15.130081300813007 70.0 379.0 0.0 310.0 33011.0 
608.0024701468102 15.130081300813007 69.0 379.0 0.0 310.0 33011.0 
610.0024701468102 15.178861788617887 70.0 380.0 0.0 311.0 33114.0 
612.0024701468102 15.32520325203252 70.0 381.0 0.0 314.0 33422.0 
614.0024701468102 15.373983739837398 66.0 382.0 0.0 315.0 33525.0 
616.0024701468102 15.520325203252035 68.0 384.0 0.0 318.0 33833.0 
618.0024701468102 15.569105691056912 66.0 384.0 0.0 319.0 33936.0 
620.0024701468102 15.617886178861786 64.0 385.0 0.0 320.0 34039.0 
622.0024701468102 15.666666666666666 64.0 385.0 0.0 321.0 34141.0 
624.0024701468102 15.715447154471542 64.0 386.0 0.0 322.0 34244.0 
626.0024701468102 15.764227642276422 63.0 386.0 0.0 323.0 34346.0 
628.0024701468102 15.764227642276422 64.0 387.0 0.0 323.0 34346.0 
630.0024701468102 15.91056910569106 65.0 391.0 0.0 326.0 34654.0 
632.0024701468102 16.008130081300816 64.0 392.0 0.0 328.0 34858.0 
634.0024701468102 16.008130081300816 66.0 395.0 0.0 328.0 34858.0 
636.0024701468102 16.008130081300816 67.0 395.0 0.0 328.0 34858.0 
638.0024701468102 16.008130081300816 67.0 395.0 0.0 328.0 34858.0 
640.0024701468102 16.15447154471545 67.0 395.0 0.0 331.0 35164.0 
642.0024701468102 16.252032520325205 64.0 396.0 0.0 333.0 35459.0 
644.0024701468102 16.252032520325205 63.0 396.0 0.0 333.0 35459.0 
646.0024701468102 16.300813008130085 64.0 397.0 0.0 334.0 35634.0 
648.0024701468102 16.398373983739834 64.0 398.0 0.0 336.0 35839.0 
650.0024701468102 16.49593495934959 63.0 402.0 0.0 338.0 36044.0 
652.0024701468102 16.411290322580648 66.0 405.0 0.0 339.0 36598.0 
654.0024701468102 16.459677419354836 68.0 407.0 0.0 340.0 36700.0 
656.0024701468102 16.508064516129036 68.0 408.0 0.0 341.0 36803.0 
658.0024701468102 16.508064516129036 69.0 410.0 0.0 341.0 36803.0 
660.0024701468102 16.508064516129036 70.0 411.0 0.0 341.0 36803.0 
662.0024701468102 16.604838709677416 71.0 412.0 0.0 343.0 37009.0 
664.0024701468102 16.701612903225808 67.0 412.0 0.0 345.0 37214.0 
666.0024701468102 16.75 68.0 413.0 0.0 346.0 37317.0 
668.0024701468102 16.798387096774192 67.0 414.0 0.0 347.0 37419.0 
670.0024701468102 16.895161290322584 67.0 415.0 0.0 349.0 37625.0 
672.0024701468102 16.895161290322584 70.0 419.0 0.0 349.0 37625.0 
674.0024701468102 16.991935483870964 71.0 421.0 0.0 351.0 37831.0 
676.0024701468102 17.088709677419352 72.0 424.0 0.0 353.0 38036.0 
678.0024701468102 17.18548387096774 69.0 425.0 0.0 355.0 38240.0 
680.0024701468102 17.18548387096774 72.0 427.0 0.0 355.0 38240.0 
682.0024701468102 17.233870967741936 71.0 427.0 0.0 356.0 38342.0 
684.0024701468102 17.282258064516128 71.0 427.0 0.0 357.0 38444.0 
686.0024701468102 17.282258064516128 71.0 428.0 0.0 357.0 38444.0 
688.0024701468102 17.330645161290324 71.0 429.0 0.0 358.0 38546.0 
690.0024701468102 17.42741935483871 72.0 430.0 0.0 360.0 38752.0 
692.0024701468102 17.475806451612907 71.0 431.0 0.0 361.0 38854.0 
694.0024701468102 17.57258064516129 71.0 432.0 0.0 363.0 39086.0 
696.0024701468102 17.62096774193548 69.0 433.0 0.0 364.0 39189.0 
698.0024701468102 17.669354838709676 70.0 435.0 0.0 365.0 39292.0 
700.0024701468102 17.766129032258064 72.0 438.0 0.0 367.0 39497.0 
702.0024701468102 17.766129032258064 71.0 438.0 0.0 367.0 39497.0 
704.0024701468102 17.862903225806456 70.0 438.0 0.0 369.0 39703.0 
706.0024701468102 17.959677419354836 69.0 439.0 0.0 371.0 40188.0 
708.0024701468102 18.008064516129036 67.0 440.0 0.0 372.0 40290.0 
710.0024701468102 18.008064516129036 70.0 442.0 0.0 372.0 40290.0 
712.0024701468102 18.056451612903224 72.0 444.0 0.0 373.0 40393.0 
714.0024701468102 18.104838709677416 70.0 444.0 0.0 374.0 40495.0 
716.0024701468102 18.104838709677416 71.0 445.0 0.0 374.0 40495.0 
718.0024701468102 18.25 72.0 447.0 0.0 377.0 40804.0 
720.0024701468102 18.25 71.0 448.0 0.0 377.0 40804.0 
722.0024701468102 18.25 73.0 450.0 0.0 377.0 40804.0 
724.0024701468102 18.298387096774192 72.0 450.0 0.0 378.0 40907.0 
726.0024701468102 18.346774193548388 71.0 450.0 0.0 379.0 41009.0 
728.0024701468102 18.346774193548388 73.0 452.0 0.0 379.0 41009.0 
730.0024701468102 18.395161290322584 73.0 452.0 0.0 380.0 41112.0 
732.0024701468102 18.491935483870964 72.0 454.0 0.0 382.0 41317.0 
734.0024701468102 18.68548387096774 70.0 455.0 0.0 386.0 41626.0 
736.0024701468102 18.782258064516128 69.0 456.0 0.0 388.0 41832.0 
738.0024701468102 18.830645161290324 68.0 458.0 0.0 389.0 41935.0 
740.0024701468102 18.830645161290324 69.0 458.0 0.0 389.0 41935.0 
742.0024701468102 18.830645161290324 70.0 459.0 0.0 389.0 41935.0 
744.0024701468102 18.87903225806452 70.0 460.0 0.0 390.0 42037.0 
746.0024701468102 18.87903225806452 71.0 462.0 0.0 390.0 42037.0 
748.0024701468102 18.92741935483871 72.0 462.0 0.0 391.0 42139.0 
750.0024701468102 18.92741935483871 72.0 463.0 0.0 391.0 42139.0 
752.0024701468102 19.024193548387093 73.0 464.0 0.0 393.0 42344.0 
754.0024701468102 19.217741935483872 68.0 464.0 0.0 397.0 42755.0 
756.0024701468102 19.362903225806456 65.0 466.0 0.0 400.0 43062.0 
758.0024701468102 19.459677419354836 66.0 467.0 0.0 402.0 43339.0 
760.0024701468102 19.556451612903224 65.0 467.0 0.0 404.0 43543.0 
762.0024701468102 19.604838709677416 62.0 467.0 0.0 405.0 43645.0 
764.0024701468102 19.701612903225808 62.0 468.0 0.0 407.0 44039.0 
766.0024701468102 19.701612903225808 61.0 469.0 0.0 407.0 44039.0 
768.0024701468102 19.75 62.0 469.0 0.0 408.0 44141.0 
770.0024701468102 19.75 62.0 470.0 0.0 408.0 44141.0 
772.0024701468102 19.846774193548388 62.0 471.0 0.0 410.0 44347.0 
774.0024701468102 20.040322580645164 61.0 472.0 0.0 414.0 44757.0 
776.0024701468102 20.088709677419352 60.0 474.0 0.0 415.0 44859.0 
778.0002464653081 20.282258064516128 58.0 475.0 0.0 419.0 45269.0 
780.0024701468102 20.282258064516128 57.0 476.0 0.0 419.0 45269.0 
782.0024701468102 20.42741935483871 54.0 477.0 0.0 422.0 45576.0 
784.0024701468102 20.42741935483871 56.0 478.0 0.0 422.0 45576.0 
786.0024701468102 20.42741935483871 58.0 480.0 0.0 422.0 45576.0 
788.0024701468102 20.475806451612907 60.0 482.0 0.0 423.0 45678.0 
790.0024701468102 20.524193548387093 58.0 482.0 0.0 424.0 45780.0 
792.0024701468102 20.57258064516129 60.0 486.0 0.0 425.0 45883.0 
794.0024701468102 20.62096774193548 63.0 488.0 0.0 426.0 45986.0 
796.0024701468102 20.669354838709676 65.0 491.0 0.0 427.0 46089.0 
798.0024701468102 20.669354838709676 68.0 495.0 0.0 427.0 46089.0 
800.0024701468102 20.766129032258064 68.0 496.0 0.0 429.0 46293.0 
802.0024701468102 20.911290322580648 65.0 496.0 0.0 432.0 46599.0 
804.0024701468102 20.911290322580648 65.0 497.0 0.0 432.0 46599.0 
806.0024701468102 20.911290322580648 66.0 499.0 0.0 432.0 46599.0 
808.0024701468102 20.959677419354836 67.0 499.0 0.0 433.0 46702.0 
810.0024701468102 20.959677419354836 67.0 500.0 0.0 433.0 46702.0 
812.0024701468102 21.05645161290322 70.0 503.0 0.0 435.0 46908.0 
814.0024701468102 21.15322580645161 70.0 505.0 0.0 437.0 47113.0 
816.0024701468102 21.15322580645161 69.0 506.0 0.0 437.0 47113.0 
818.0024701468102 21.201612903225808 70.0 508.0 0.0 438.0 47215.0 
820.0024701468102 21.298387096774192 70.0 508.0 0.0 440.0 47419.0 
822.0024701468102 21.34677419354839 70.0 511.0 0.0 441.0 47521.0 
824.0024701468102 21.443548387096776 68.0 511.0 0.0 443.0 47725.0 
826.0024701468102 21.443548387096776 70.0 513.0 0.0 443.0 47725.0 
828.0024701468102 21.443548387096776 73.0 516.0 0.0 443.0 47725.0 
830.0024701468102 21.540322580645164 72.0 516.0 0.0 445.0 47930.0 
832.0024701468102 21.540322580645164 71.0 516.0 0.0 445.0 47930.0 
834.0024701468102 21.588709677419352 71.0 516.0 0.0 446.0 48032.0 
836.0024701468102 21.637096774193544 71.0 518.0 0.0 447.0 48135.0 
838.0024701468102 21.637096774193544 71.0 518.0 0.0 447.0 48135.0 
840.0024701468102 21.733870967741936 71.0 520.0 0.0 449.0 48340.0 
842.0024701468102 21.782258064516128 70.0 520.0 0.0 450.0 48443.0 
844.0024701468102 21.830645161290324 69.0 520.0 0.0 451.0 48545.0 
846.0024701468102 21.87903225806452 70.0 521.0 0.0 452.0 48647.0 
848.0024701468102 21.92741935483871 70.0 522.0 0.0 453.0 48750.0 
850.0024701468102 21.975806451612907 68.0 522.0 0.0 454.0 48853.0 
852.0024701468102 22.024193548387093 70.0 524.0 0.0 455.0 48955.0 
854.0024701468102 22.07258064516129 70.0 525.0 0.0 456.0 49057.0 
856.0024701468102 22.07258064516129 70.0 526.0 0.0 456.0 49057.0 
858.0024701468102 22.12096774193548 71.0 527.0 0.0 457.0 49159.0 
860.0024701468102 22.169354838709676 69.0 527.0 0.0 458.0 49262.0 
862.0024701468102 22.217741935483872 71.0 530.0 0.0 459.0 49365.0 
864.0024701468102 22.217741935483872 71.0 530.0 0.0 459.0 49365.0 
866.0024701468102 22.266129032258064 73.0 533.0 0.0 460.0 49468.0 
868.0024701468102 22.31451612903226 73.0 533.0 0.0 461.0 49628.0 
870.0024701468102 22.31451612903226 72.0 533.0 0.0 461.0 49628.0 
872.0024701468102 22.362903225806456 72.0 533.0 0.0 462.0 49730.0 
874.0024701468102 22.411290322580648 73.0 535.0 0.0 463.0 49833.0 
876.0024701468102 22.459677419354836 73.0 538.0 0.0 464.0 49936.0 
878.0024701468102 22.556451612903224 74.0 538.0 0.0 466.0 50140.0 
880.0024701468102 22.604838709677416 73.0 539.0 0.0 467.0 50254.0 
882.0024701468102 22.653225806451612 72.0 539.0 0.0 468.0 50356.0 
884.0024701468102 22.653225806451612 73.0 541.0 0.0 468.0 50356.0 
886.0024701468102 22.75 73.0 543.0 0.0 470.0 50561.0 
888.0024701468102 22.846774193548388 72.0 543.0 0.0 472.0 50766.0 
890.0024701468102 22.991935483870964 70.0 544.0 0.0 475.0 51213.0 
892.0024701468102 23.040322580645164 70.0 545.0 0.0 476.0 51586.0 
894.0024701468102 23.137096774193544 67.0 546.0 0.0 478.0 51790.0 
896.0024701468102 23.330645161290324 65.0 546.0 0.0 482.0 52200.0 
898.0024701468102 23.42741935483871 65.0 547.0 0.0 484.0 52405.0 
900.0024701468102 23.62096774193548 66.0 550.0 0.0 488.0 52815.0 
#####################################################################
# End of data export. Simulation finished at: 2020-02-28T14:45+0000 #
#####################################################################
