#####################################################################
# Alchemist log file - simulation started at: 2020-01-30T05:06+0000 #
#####################################################################
# seed = 48.0, taskFrequency = 0.1, cloudcost = 2.0, algorithm = true
#
# The columns have the following meaning: 
# time taskHops[Mean] hasTask[Sum] tasks[Sum] completedTasks[Sum] giveupTasks[Sum] taskLatency[Sum] 
0.0 NaN 0.0 0.0 0.0 0.0 0.0 
2.0007818389235252 NaN 15.0 20.0 0.0 0.0 0.0 
4.000781838923525 NaN 32.0 34.0 0.0 0.0 0.0 
6.000781838923525 NaN 46.0 47.0 0.0 0.0 0.0 
8.000781838923526 NaN 60.0 65.0 0.0 0.0 0.0 
10.000781838923526 NaN 72.0 77.0 0.0 0.0 0.0 
12.000781838923526 NaN 87.0 89.0 0.0 0.0 0.0 
14.000781838923526 1.2 94.0 96.0 5.0 0.0 66.0 
16.000781838923526 1.5555555555555556 91.0 99.0 9.0 0.0 121.0 
18.000781838923526 1.5555555555555556 93.0 106.0 9.0 0.0 121.0 
20.000781838923526 1.5 100.0 109.0 10.0 0.0 134.0 
22.000781838923526 1.5 102.0 113.0 12.0 0.0 172.0 
24.000781838923526 1.6428571428571428 102.0 115.0 14.0 0.0 212.0 
26.000781838923526 1.6428571428571428 107.0 122.0 14.0 0.0 212.0 
28.000781838923526 1.6428571428571428 110.0 124.0 14.0 0.0 212.0 
30.000781838923526 1.625 110.0 126.0 16.0 0.0 257.0 
32.00078183892353 1.6111111111111112 109.0 127.0 18.0 0.0 299.0 
34.00078183892353 1.6111111111111112 111.0 131.0 18.0 0.0 299.0 
36.00078183892353 1.6 116.0 134.0 20.0 0.0 342.0 
38.00078183892353 1.6 114.0 134.0 20.0 0.0 342.0 
40.00078183892353 1.65 113.0 136.0 21.0 0.0 355.0 
42.00078183892353 1.9090909090909092 114.0 136.0 23.0 0.0 423.0 
44.00078183892353 1.9090909090909092 113.0 137.0 23.0 0.0 423.0 
46.00078183892353 1.8695652173913042 115.0 138.0 24.0 0.0 443.0 
48.00078183892353 1.96 113.0 138.0 27.0 0.0 513.0 
50.00078183892353 2.0 111.0 139.0 28.0 0.0 513.0 
52.00078183892353 2.0384615384615383 112.0 140.0 29.0 0.0 558.0 
54.00078183892353 2.230769230769231 113.0 142.0 31.0 0.0 590.0 
56.00078183892353 2.230769230769231 112.0 144.0 31.0 0.0 590.0 
58.00078183892353 2.333333333333333 115.0 146.0 32.0 0.0 641.0 
60.00078183892353 2.3703703703703702 114.0 147.0 33.0 0.0 654.0 
62.00078183892353 2.413793103448276 114.0 149.0 35.0 0.0 746.0 
64.00078183892353 2.6206896551724137 113.0 150.0 37.0 0.0 802.0 
66.00078183892353 2.666666666666667 113.0 150.0 38.0 0.0 842.0 
68.00078183892353 2.666666666666667 112.0 151.0 38.0 0.0 842.0 
70.00078183892353 2.7 113.0 152.0 39.0 0.0 859.0 
72.00078183892353 2.7666666666666666 114.0 153.0 40.0 0.0 879.0 
74.00078183892353 2.7666666666666666 115.0 155.0 40.0 0.0 879.0 
76.00078183892353 2.8 116.0 157.0 41.0 0.0 892.0 
78.00078183892353 2.870967741935484 117.0 158.0 42.0 0.0 961.0 
80.00078183892353 3.03125 115.0 158.0 43.0 0.0 1019.0 
82.00078183892353 3.0625 115.0 158.0 44.0 0.0 1033.0 
84.00078183892353 3.088235294117647 115.0 161.0 46.0 0.0 1134.0 
86.00078183892353 3.088235294117647 116.0 162.0 46.0 0.0 1134.0 
88.00078183892353 3.1470588235294117 116.0 164.0 48.0 0.0 1164.0 
90.00078183892353 3.1470588235294117 116.0 164.0 48.0 0.0 1164.0 
92.00078183892353 3.2941176470588234 115.0 164.0 50.0 0.0 1212.0 
94.00078183892353 3.2941176470588234 118.0 168.0 50.0 0.0 1212.0 
96.00078183892353 3.3529411764705883 117.0 168.0 51.0 0.0 1234.0 
98.00078183892353 3.3428571428571425 116.0 169.0 53.0 0.0 1348.0 
100.00078183892353 3.3428571428571425 118.0 171.0 53.0 0.0 1348.0 
102.00078183892353 3.324324324324324 118.0 171.0 54.0 2.0 1564.0 
104.00078183892353 3.1 110.0 171.0 55.0 16.0 2972.0 
106.00071496159505 3.115942028985507 87.0 174.0 55.0 46.0 5108.0 
108.00078183892353 2.967391304347826 62.0 180.0 56.0 73.0 7303.0 
110.00078183892353 2.9705882352941178 46.0 184.0 56.0 88.0 8512.0 
112.00078183892353 2.9279279279279273 38.0 187.0 56.0 99.0 9372.0 
114.00078183892353 2.967213114754098 31.0 194.0 56.0 117.0 10523.0 
116.00078183892353 3.0731707317073162 24.0 204.0 56.0 125.0 10656.0 
118.00078183892353 3.1440000000000006 26.0 217.0 57.0 130.0 10936.0 
120.00078183892353 3.192 38.0 227.0 57.0 133.0 10982.0 
122.00078183892353 3.2640000000000002 44.0 238.0 59.0 136.0 10999.0 
124.00078183892353 3.4 46.0 251.0 60.0 144.0 11020.0 
126.00078183892353 3.496 52.0 261.0 60.0 150.0 11078.0 
128.00078183892353 3.592 51.0 267.0 62.0 155.0 11219.0 
130.00078183892353 3.6239999999999997 54.0 278.0 62.0 157.0 11312.0 
132.00078183892353 3.6399999999999997 61.0 283.0 62.0 158.0 11414.0 
134.00078183892353 3.7199999999999998 66.0 290.0 63.0 162.0 11472.0 
136.00078183892353 3.776 69.0 299.0 65.0 164.0 11614.0 
138.00078183892353 3.8319999999999994 74.0 305.0 67.0 165.0 11650.0 
140.00078183892353 3.8480000000000003 75.0 310.0 68.0 165.0 11663.0 
142.00078183892353 3.888 80.0 314.0 69.0 166.0 11694.0 
144.00078183892353 3.952 82.0 320.0 71.0 168.0 11734.0 
146.00078183892353 3.9760000000000004 83.0 325.0 72.0 168.0 11761.0 
148.00078183892353 4.040000000000001 87.0 332.0 72.0 172.0 11805.0 
150.00078183892353 4.055999999999999 91.0 337.0 73.0 172.0 11825.0 
152.00078183892353 4.064 95.0 341.0 74.0 172.0 11838.0 
154.00078183892353 4.104000000000001 96.0 343.0 75.0 172.0 11878.0 
156.00078183892353 4.183999999999999 98.0 347.0 78.0 173.0 11965.0 
158.00078183892353 4.279999999999999 97.0 351.0 79.0 178.0 12100.0 
160.00078183892353 4.392 96.0 359.0 79.0 185.0 12266.0 
162.00078183892353 4.4399999999999995 93.0 360.0 79.0 188.0 12337.0 
164.00078183892353 4.464 97.0 365.0 80.0 188.0 12365.0 
166.00078183892353 4.464 102.0 370.0 80.0 188.0 12365.0 
168.00078183892353 4.464 103.0 371.0 80.0 188.0 12365.0 
170.00078183892353 4.464 103.0 372.0 80.0 188.0 12365.0 
172.00078183892353 4.5600000000000005 104.0 372.0 85.0 188.0 12477.0 
174.00078183892353 4.5920000000000005 101.0 374.0 85.0 190.0 12516.0 
176.00078183892353 4.656000000000001 100.0 376.0 85.0 194.0 12559.0 
178.00078183892353 4.696000000000001 98.0 377.0 86.0 195.0 12643.0 
180.00078183892353 4.696000000000001 99.0 380.0 86.0 195.0 12643.0 
182.00078183892353 4.768 99.0 382.0 89.0 195.0 12710.0 
184.00078183892353 4.832 100.0 388.0 91.0 196.0 12777.0 
186.00078183892353 4.896 103.0 392.0 92.0 198.0 12896.0 
188.00078183892353 4.959999999999999 102.0 396.0 92.0 202.0 13116.0 
190.00078183892353 4.959999999999999 104.0 398.0 92.0 202.0 13116.0 
192.00078183892353 4.959999999999999 109.0 403.0 92.0 202.0 13116.0 
194.00078183892353 4.984 108.0 404.0 93.0 202.0 13136.0 
196.00078183892353 5.119999999999999 107.0 408.0 94.0 209.0 13453.0 
198.00078183892353 5.119999999999999 106.0 409.0 94.0 209.0 13453.0 
200.00078183892353 5.128 105.0 409.0 95.0 209.0 13494.0 
202.00078183892353 5.168000000000001 106.0 412.0 96.0 211.0 13579.0 
204.00078183892353 5.168000000000001 106.0 414.0 96.0 211.0 13579.0 
206.00078183892353 5.200000000000001 110.0 418.0 98.0 211.0 13612.0 
208.00078183892353 5.247999999999999 109.0 420.0 99.0 213.0 13703.0 
210.00078183892353 5.279999999999999 107.0 420.0 99.0 215.0 13799.0 
212.00078183892353 5.4719999999999995 99.0 422.0 99.0 227.0 14533.0 
214.00078183892353 5.5040000000000004 96.0 424.0 99.0 229.0 14556.0 
216.00078183892353 5.576 96.0 426.0 100.0 231.0 14707.0 
218.00078183892353 5.816000000000001 94.0 431.0 100.0 246.0 15783.0 
220.00078183892353 6.2 73.0 434.0 101.0 269.0 16932.0 
222.00078183892353 6.311999999999999 65.0 440.0 101.0 276.0 17421.0 
224.00078183892353 6.4959999999999996 62.0 444.0 101.0 287.0 17894.0 
226.00078183892353 6.648 51.0 448.0 102.0 295.0 18458.0 
228.00078183892353 7.016 42.0 454.0 103.0 315.0 19484.0 
230.00078183892353 7.096 35.0 460.0 103.0 320.0 19523.0 
232.00078183892353 7.208 40.0 471.0 103.0 327.0 19632.0 
234.00078183892353 7.288 47.0 481.0 105.0 330.0 19727.0 
236.00078183892353 7.424 47.0 489.0 106.0 337.0 20205.0 
238.00078183892353 7.552 51.0 504.0 106.0 345.0 20488.0 
240.00078183892353 7.672 53.0 509.0 107.0 351.0 20571.0 
242.00078183892353 7.784000000000001 61.0 522.0 107.0 358.0 20682.0 
244.00038465572678 7.864 63.0 530.0 108.0 361.0 20728.0 
246.00078183892353 7.959999999999999 65.0 539.0 110.0 364.0 20829.0 
248.00078183892353 8.056000000000001 68.0 547.0 110.0 370.0 20902.0 
250.00078183892353 8.28 67.0 557.0 112.0 381.0 21162.0 
252.00078183892353 8.368 68.0 566.0 113.0 385.0 21196.0 
254.00078183892353 8.528 69.0 577.0 114.0 394.0 21306.0 
256.00078183892356 8.687999999999999 71.0 585.0 116.0 400.0 21419.0 
258.00078183892356 8.768 73.0 593.0 116.0 405.0 21472.0 
260.00078183892356 8.784 75.0 597.0 117.0 405.0 21508.0 
262.00078183892356 8.912 74.0 603.0 117.0 413.0 21601.0 
264.00078183892356 9.04 73.0 609.0 118.0 418.0 21700.0 
266.00078183892356 9.088 78.0 617.0 118.0 421.0 21722.0 
268.00078183892356 9.216 80.0 625.0 120.0 427.0 21822.0 
270.00078183892356 9.248000000000001 84.0 631.0 121.0 428.0 21835.0 
272.00078183892356 9.28 84.0 634.0 123.0 428.0 21871.0 
274.00078183892356 9.288 89.0 641.0 124.0 428.0 21888.0 
276.00078183892356 9.303999999999998 92.0 647.0 124.0 429.0 21897.0 
278.00078183892356 9.384 95.0 651.0 125.0 433.0 21951.0 
280.00078183892356 9.416 94.0 655.0 125.0 435.0 21961.0 
282.00078183892356 9.495999999999999 93.0 662.0 125.0 440.0 22018.0 
284.00078183892356 9.512 98.0 665.0 125.0 441.0 22022.0 
286.00078183892356 9.68 98.0 668.0 127.0 448.0 22439.0 
288.00078183892356 9.792 95.0 672.0 127.0 455.0 22571.0 
290.00078183892356 9.856 91.0 676.0 129.0 457.0 22632.0 
292.00078183892356 9.936 92.0 685.0 129.0 462.0 22807.0 
294.00078183892356 10.024 92.0 685.0 130.0 467.0 22916.0 
296.00078183892356 10.064 89.0 690.0 131.0 469.0 22982.0 
298.00078183892356 10.128 90.0 695.0 131.0 473.0 23133.0 
300.00078183892356 10.2 94.0 698.0 132.0 476.0 23273.0 
302.00078183892356 10.2 93.0 702.0 132.0 476.0 23273.0 
304.00078183892356 10.344 96.0 705.0 136.0 479.0 23469.0 
306.00078183892356 10.344 94.0 711.0 136.0 479.0 23469.0 
308.00078183892356 10.36 98.0 713.0 136.0 480.0 23482.0 
310.00078183892356 10.368 99.0 715.0 137.0 480.0 23496.0 
312.00078183892356 10.368 102.0 720.0 137.0 480.0 23496.0 
314.00078183892356 10.368 106.0 726.0 137.0 480.0 23496.0 
316.00078183892356 10.416 111.0 728.0 139.0 480.0 23593.0 
318.00078183892356 10.416 113.0 732.0 139.0 480.0 23593.0 
320.00078183892356 10.544 111.0 734.0 141.0 486.0 24038.0 
322.00078183892356 10.608 107.0 734.0 141.0 490.0 24314.0 
324.00078183892356 10.687999999999999 102.0 738.0 141.0 495.0 24509.0 
326.00078183892356 10.728 101.0 739.0 143.0 496.0 24538.0 
328.00078183892356 10.792 104.0 744.0 143.0 500.0 24556.0 
330.00078183892356 10.904 99.0 746.0 144.0 506.0 24848.0 
332.00078183892356 11.032 96.0 748.0 144.0 514.0 25312.0 
334.00078183892356 11.24 87.0 753.0 145.0 526.0 25970.0 
336.00078183892356 11.424 77.0 755.0 145.0 537.0 26612.0 
338.00078183892356 11.648 73.0 764.0 145.0 548.0 27058.0 
340.00078183892356 11.936 67.0 768.0 145.0 566.0 27841.0 
342.00078183892356 12.208 54.0 772.0 147.0 579.0 28480.0 
344.00078183892356 12.32 53.0 784.0 147.0 586.0 28680.0 
346.00078183892356 12.4 57.0 794.0 147.0 591.0 28815.0 
348.00078183892356 12.592 55.0 802.0 147.0 603.0 29217.0 
350.00078183892356 12.84 47.0 813.0 148.0 617.0 29494.0 
352.00078183892356 13.016 47.0 820.0 148.0 627.0 29562.0 
354.00078183892356 13.096 50.0 829.0 148.0 632.0 29691.0 
356.00078183892356 13.288 52.0 838.0 149.0 642.0 29766.0 
358.00078183892356 13.448 55.0 853.0 149.0 652.0 29924.0 
360.00078183892356 13.536 59.0 863.0 150.0 657.0 29957.0 
362.00078183892356 13.632000000000001 66.0 877.0 150.0 663.0 29983.0 
364.00078183892356 13.768 66.0 885.0 152.0 669.0 30049.0 
366.00078183892356 13.896 65.0 897.0 152.0 677.0 30191.0 
368.00078183892356 13.976 66.0 900.0 152.0 682.0 30230.0 
370.00078183892356 14.168 73.0 913.0 152.0 694.0 30387.0 
372.00078183892356 14.367999999999999 63.0 919.0 154.0 704.0 30690.0 
374.00078183892356 14.464 64.0 928.0 155.0 709.0 30762.0 
376.00078183892356 14.544 67.0 932.0 155.0 714.0 30823.0 
378.00078183892356 14.656 67.0 945.0 155.0 721.0 30968.0 
380.00078183892356 14.744 69.0 948.0 157.0 723.0 31164.0 
382.00078183892356 14.815999999999999 70.0 952.0 158.0 727.0 31212.0 
384.00078183892356 14.896 67.0 959.0 159.0 731.0 31361.0 
386.00078183892356 15.008000000000001 69.0 965.0 159.0 738.0 31635.0 
388.00078183892356 15.072 69.0 972.0 161.0 741.0 31724.0 
390.00078183892356 15.144 72.0 980.0 163.0 743.0 31770.0 
392.00078183892356 15.16 79.0 989.0 163.0 744.0 31776.0 
394.00078183892356 15.336 81.0 992.0 163.0 754.0 32040.0 
396.00078183892356 15.431999999999999 77.0 1000.0 163.0 760.0 32100.0 
398.00078183892356 15.479999999999999 82.0 1008.0 164.0 762.0 32134.0 
400.00078183892356 15.559999999999999 86.0 1013.0 164.0 767.0 32236.0 
402.00078183892356 15.672 84.0 1019.0 164.0 774.0 32394.0 
404.00078183892356 15.768 86.0 1029.0 166.0 778.0 32460.0 
406.00078183892356 15.872 81.0 1032.0 167.0 784.0 32512.0 
408.00078183892356 15.936 85.0 1039.0 167.0 788.0 32618.0 
410.00078183892356 16.064 76.0 1039.0 167.0 796.0 32882.0 
412.00078183892356 16.104 77.0 1042.0 170.0 796.0 32978.0 
414.00078183892356 16.12 81.0 1048.0 170.0 797.0 32981.0 
416.00078183892356 16.128 83.0 1054.0 171.0 797.0 32994.0 
418.00078183892356 16.224 89.0 1061.0 171.0 803.0 33115.0 
420.00078183892356 16.336 90.0 1067.0 174.0 807.0 33204.0 
422.00078183892356 16.368000000000002 85.0 1068.0 174.0 809.0 33288.0 
424.00078183892356 16.4 86.0 1071.0 174.0 811.0 33346.0 
426.00078183892356 16.424 89.0 1075.0 175.0 812.0 33390.0 
428.00078183892356 16.512 89.0 1080.0 176.0 816.0 33479.0 
430.00078183892356 16.512 93.0 1087.0 176.0 816.0 33479.0 
432.0000519529965 16.544 98.0 1092.0 177.0 816.0 33532.0 
434.00078183892356 16.584 100.0 1095.0 178.0 817.0 33594.0 
436.00078183892356 16.752 98.0 1099.0 179.0 826.0 33823.0 
438.00078183892356 16.832 91.0 1100.0 179.0 831.0 33981.0 
440.00078183892356 16.912 93.0 1105.0 179.0 836.0 34173.0 
442.00078183892356 16.992 91.0 1110.0 180.0 840.0 34318.0 
444.00078183892356 17.056 93.0 1116.0 181.0 843.0 34388.0 
446.00078183892356 17.328 88.0 1117.0 182.0 856.0 34850.0 
448.00078183892356 17.52 74.0 1122.0 183.0 867.0 35204.0 
450.00078183892356 17.672 69.0 1128.0 187.0 873.0 35547.0 
452.00078183892356 17.904 59.0 1133.0 188.0 887.0 36098.0 
454.00078183892356 18.096 57.0 1139.0 188.0 899.0 36446.0 
456.00078183892356 18.168 56.0 1148.0 189.0 903.0 36593.0 
458.00078183892356 18.344 58.0 1154.0 189.0 914.0 37124.0 
460.00078183892356 18.584 50.0 1160.0 189.0 929.0 37744.0 
462.00078183892356 18.759999999999998 36.0 1167.0 189.0 940.0 38047.0 
464.00078183892356 18.912 45.0 1181.0 190.0 948.0 38200.0 
466.00078183892356 19.056 48.0 1193.0 190.0 957.0 38213.0 
468.00078183892356 19.152 47.0 1198.0 190.0 963.0 38446.0 
470.00078183892356 19.264 43.0 1207.0 193.0 968.0 38630.0 
472.00078183892356 19.344 53.0 1218.0 193.0 973.0 38651.0 
474.00078183892356 19.375999999999998 55.0 1224.0 193.0 975.0 38662.0 
476.00078183892356 19.552 63.0 1235.0 193.0 986.0 38771.0 
478.00078183892356 19.712 59.0 1244.0 193.0 996.0 38901.0 
480.00078183892356 19.792 60.0 1251.0 193.0 1001.0 38951.0 
482.00078183892356 19.952 57.0 1265.0 193.0 1011.0 39051.0 
484.00078183892356 19.984 65.0 1273.0 194.0 1012.0 39065.0 
486.00078183892356 20.032 74.0 1284.0 195.0 1014.0 39084.0 
488.00078183892356 20.12 75.0 1288.0 196.0 1018.0 39138.0 
490.00078183892356 20.264 76.0 1296.0 197.0 1026.0 39235.0 
492.00078183892356 20.336 75.0 1301.0 198.0 1029.0 39296.0 
494.00078183892356 20.464 74.0 1305.0 198.0 1037.0 39447.0 
496.00078183892356 20.576 68.0 1310.0 198.0 1044.0 39593.0 
498.00078183892356 20.656 73.0 1317.0 198.0 1049.0 39617.0 
500.00078183892356 20.776 70.0 1325.0 199.0 1056.0 39775.0 
502.00078183892356 20.896 70.0 1330.0 200.0 1063.0 39888.0 
504.00078183892356 20.912 73.0 1337.0 200.0 1064.0 39971.0 
506.00078183892356 20.944 82.0 1350.0 200.0 1066.0 39993.0 
508.00078183892356 21.0 84.0 1352.0 202.0 1068.0 40048.0 
510.00078183892356 21.032 83.0 1356.0 203.0 1069.0 40102.0 
512.0007818389236 21.064 86.0 1361.0 203.0 1071.0 40144.0 
514.0007818389236 21.112000000000002 89.0 1364.0 203.0 1074.0 40260.0 
516.0007818389236 21.176 94.0 1374.0 203.0 1078.0 40375.0 
518.0007818389236 21.296 94.0 1379.0 204.0 1084.0 40543.0 
520.0007818389236 21.328 92.0 1382.0 205.0 1085.0 40600.0 
522.0007818389236 21.344 94.0 1386.0 205.0 1086.0 40605.0 
524.0007818389236 21.544 90.0 1392.0 208.0 1096.0 40984.0 
526.0007818389236 21.576 91.0 1395.0 208.0 1098.0 41012.0 
528.0007818389236 21.592 92.0 1398.0 208.0 1099.0 41094.0 
530.0007818389236 21.664 90.0 1401.0 210.0 1102.0 41134.0 
532.0007818389236 21.776 89.0 1406.0 211.0 1108.0 41321.0 
534.0007818389236 21.848 87.0 1411.0 213.0 1110.0 41400.0 
536.0007818389236 21.880000000000003 94.0 1421.0 213.0 1112.0 41463.0 
538.0007818389236 21.928 94.0 1422.0 214.0 1114.0 41494.0 
540.0007818389236 21.944 95.0 1425.0 214.0 1115.0 41494.0 
542.0007818389236 22.016000000000002 98.0 1430.0 215.0 1118.0 41635.0 
544.0007818389236 22.104 94.0 1432.0 216.0 1122.0 41762.0 
546.0007818389236 22.224 97.0 1439.0 217.0 1128.0 41923.0 
548.0007818389236 22.336 93.0 1443.0 219.0 1134.0 42123.0 
550.0007818389236 22.384 93.0 1449.0 219.0 1137.0 42330.0 
552.0007818389236 22.496000000000002 90.0 1450.0 221.0 1141.0 42603.0 
554.0007818389236 22.616 86.0 1452.0 224.0 1145.0 42822.0 
556.0007818389236 22.72 85.0 1457.0 225.0 1150.0 43144.0 
558.0001586947496 22.784 84.0 1460.0 225.0 1154.0 43186.0 
560.0007818389236 22.96 76.0 1463.0 225.0 1165.0 43774.0 
562.0007818389236 23.08 76.0 1468.0 226.0 1171.0 44052.0 
564.0007818389236 23.144 73.0 1475.0 228.0 1173.0 44100.0 
566.0007818389236 23.448 71.0 1482.0 228.0 1192.0 44622.0 
568.0007818389236 23.784 65.0 1493.0 229.0 1212.0 45469.0 
570.0007818389236 23.848 60.0 1504.0 229.0 1216.0 45565.0 
572.0007818389236 23.96 66.0 1513.0 229.0 1223.0 45786.0 
574.0007818389236 24.112000000000002 63.0 1520.0 229.0 1231.0 45824.0 
576.0007818389236 24.288 61.0 1528.0 229.0 1242.0 46198.0 
578.0007818389236 24.432 58.0 1536.0 230.0 1250.0 46336.0 
580.0007818389236 24.528 59.0 1545.0 230.0 1256.0 46448.0 
582.0007818389236 24.8 52.0 1551.0 230.0 1273.0 46696.0 
584.0007818389236 24.96 47.0 1557.0 230.0 1283.0 46853.0 
586.0007818389236 25.184 40.0 1563.0 230.0 1297.0 47225.0 
588.0007818389236 25.312 44.0 1578.0 230.0 1305.0 47380.0 
590.0007818389236 25.344 48.0 1585.0 230.0 1307.0 47482.0 
592.0007818389236 25.392 51.0 1593.0 230.0 1310.0 47522.0 
594.0007818389236 25.52 52.0 1597.0 231.0 1316.0 47569.0 
596.0007818389236 25.536 53.0 1601.0 232.0 1316.0 47575.0 
598.0007818389236 25.656 59.0 1612.0 233.0 1322.0 47694.0 
600.0007818389236 25.816 63.0 1622.0 233.0 1332.0 47791.0 
602.0007818389236 26.024 62.0 1632.0 233.0 1345.0 47867.0 
604.0007818389236 26.104 63.0 1644.0 233.0 1350.0 47880.0 
606.0007818389236 26.184 65.0 1654.0 233.0 1355.0 47953.0 
608.0007818389236 26.344 70.0 1662.0 233.0 1365.0 48018.0 
610.0007818389236 26.392 69.0 1672.0 233.0 1368.0 48087.0 
612.0007818389236 26.424 73.0 1677.0 233.0 1370.0 48112.0 
614.0007818389236 26.472 78.0 1685.0 233.0 1373.0 48142.0 
616.0007818389236 26.616 82.0 1693.0 235.0 1380.0 48396.0 
618.0007818389236 26.759999999999998 84.0 1703.0 235.0 1389.0 48558.0 
620.0007818389236 26.92 79.0 1710.0 235.0 1399.0 48630.0 
622.0007818389236 26.92 80.0 1714.0 235.0 1399.0 48630.0 
624.0007818389236 26.936 84.0 1720.0 235.0 1400.0 48674.0 
626.0007818389236 27.024 85.0 1721.0 236.0 1404.0 48814.0 
628.0007818389236 27.112000000000002 82.0 1729.0 238.0 1406.0 48914.0 
630.0007818389236 27.136 86.0 1732.0 239.0 1407.0 48940.0 
632.0002873315672 27.184 86.0 1737.0 239.0 1410.0 49024.0 
634.0007818389236 27.240000000000002 89.0 1742.0 240.0 1413.0 49092.0 
636.0007818389236 27.328 90.0 1748.0 241.0 1418.0 49245.0 
638.0007818389236 27.456 86.0 1752.0 244.0 1423.0 49354.0 
640.0007818389236 27.608 80.0 1752.0 245.0 1429.0 49542.0 
642.0003473124116 27.656 77.0 1755.0 245.0 1432.0 49698.0 
644.0007818389236 27.656 80.0 1758.0 245.0 1432.0 49698.0 
646.0007818389236 27.664 86.0 1764.0 246.0 1432.0 49715.0 
648.0007818389236 27.824 86.0 1768.0 248.0 1440.0 49958.0 
650.0007818389236 28.032 78.0 1775.0 249.0 1452.0 50235.0 
652.0007818389236 28.144 77.0 1781.0 250.0 1458.0 50409.0 
654.0007818389236 28.192 77.0 1791.0 250.0 1461.0 50450.0 
656.0007818389236 28.224 81.0 1795.0 251.0 1462.0 50471.0 
658.0007818389236 28.352 89.0 1804.0 253.0 1468.0 50556.0 
660.0007818389236 28.448 83.0 1806.0 253.0 1474.0 50797.0 
662.0007818389236 28.472 80.0 1809.0 254.0 1475.0 50877.0 
664.0007818389236 28.48 83.0 1815.0 255.0 1475.0 50895.0 
666.0007818389236 28.592 87.0 1822.0 257.0 1481.0 51080.0 
668.0007818389236 28.872 77.0 1827.0 260.0 1495.0 51610.0 
670.0007818389236 29.064 72.0 1832.0 260.0 1507.0 51988.0 
672.0007818389236 29.208 59.0 1836.0 262.0 1514.0 52233.0 
674.0007818389236 29.336 63.0 1845.0 262.0 1522.0 52469.0 
676.0007818389236 29.448 64.0 1851.0 262.0 1529.0 52628.0 
678.0007818389236 29.656 60.0 1858.0 262.0 1542.0 52833.0 
680.0007818389236 29.712 61.0 1867.0 263.0 1545.0 53053.0 
682.0007818389236 29.792 62.0 1876.0 263.0 1550.0 53087.0 
684.0007818389236 29.912 71.0 1887.0 264.0 1556.0 53299.0 
686.0007818389236 29.928 75.0 1896.0 265.0 1556.0 53313.0 
688.0007818389236 30.032 76.0 1901.0 267.0 1560.0 53586.0 
690.0007818389236 30.16 70.0 1906.0 267.0 1568.0 53727.0 
692.0007818389236 30.272 71.0 1912.0 267.0 1575.0 53879.0 
694.0007818389236 30.352 73.0 1920.0 267.0 1580.0 53975.0 
696.0007818389236 30.48 69.0 1925.0 267.0 1588.0 54079.0 
698.0007818389236 30.528 74.0 1932.0 267.0 1591.0 54123.0 
700.0007818389236 30.736 75.0 1937.0 267.0 1604.0 54388.0 
702.0007818389236 30.976 62.0 1942.0 267.0 1619.0 54931.0 
704.0007818389236 31.2 49.0 1946.0 267.0 1633.0 55194.0 
706.0007818389236 31.416 40.0 1952.0 268.0 1645.0 55518.0 
708.0007818389236 31.52 41.0 1960.0 269.0 1651.0 55609.0 
710.0007818389236 31.552 48.0 1970.0 269.0 1653.0 55623.0 
712.0007818389236 31.696 54.0 1980.0 269.0 1662.0 55819.0 
714.0007818389236 31.759999999999998 54.0 1989.0 271.0 1663.0 55864.0 
716.0007818389236 31.792 57.0 1993.0 271.0 1665.0 55892.0 
718.0007818389236 32.048 50.0 2001.0 272.0 1680.0 56044.0 
720.0007818389236 32.192 56.0 2014.0 272.0 1689.0 56103.0 
722.0007818389236 32.24 58.0 2022.0 273.0 1691.0 56116.0 
724.0007818389236 32.392 60.0 2031.0 274.0 1699.0 56275.0 
726.0007818389236 32.408 61.0 2037.0 274.0 1700.0 56278.0 
728.0007818389236 32.424 66.0 2041.0 274.0 1701.0 56279.0 
730.0007818389236 32.472 74.0 2052.0 274.0 1704.0 56338.0 
732.0007818389236 32.608 73.0 2058.0 277.0 1709.0 56438.0 
734.0007818389236 32.752 74.0 2066.0 283.0 1711.0 56538.0 
736.0007818389236 32.768 76.0 2072.0 283.0 1712.0 56539.0 
738.0007818389236 32.848 76.0 2075.0 285.0 1715.0 56635.0 
740.0007818389236 32.92 78.0 2082.0 286.0 1719.0 56724.0 
742.0007818389236 32.936 81.0 2088.0 287.0 1719.0 56728.0 
744.0007818389236 32.952 87.0 2094.0 288.0 1719.0 56746.0 
746.0007818389236 33.048 89.0 2100.0 288.0 1725.0 56891.0 
748.0007818389236 33.136 88.0 2106.0 289.0 1730.0 56986.0 
750.0007818389236 33.264 89.0 2112.0 291.0 1736.0 57142.0 
752.0007818389236 33.312 84.0 2112.0 291.0 1739.0 57293.0 
754.0007818389236 33.456 81.0 2117.0 291.0 1748.0 57575.0 
756.0007818389236 33.696 75.0 2123.0 293.0 1761.0 57926.0 
758.0007818389236 33.88 64.0 2126.0 295.0 1770.0 58212.0 
760.0007818389236 33.944 65.0 2131.0 295.0 1774.0 58312.0 
762.0007818389236 34.008 62.0 2137.0 295.0 1778.0 58374.0 
764.0007818389236 34.032 68.0 2144.0 296.0 1779.0 58399.0 
766.0007818389236 34.064 72.0 2148.0 296.0 1781.0 58498.0 
768.0007818389236 34.152 75.0 2160.0 297.0 1785.0 58595.0 
770.0007818389236 34.248 82.0 2167.0 298.0 1790.0 58703.0 
772.0007818389236 34.28 82.0 2171.0 298.0 1792.0 58744.0 
774.0007818389236 34.424 83.0 2177.0 299.0 1800.0 59006.0 
776.0007818389236 34.616 75.0 2179.0 301.0 1809.0 59335.0 
778.0007818389236 34.744 71.0 2187.0 301.0 1817.0 59529.0 
780.0007818389236 34.808 75.0 2194.0 301.0 1821.0 59656.0 
782.0007818389236 34.92 71.0 2196.0 301.0 1828.0 59793.0 
784.0007818389236 35.024 68.0 2203.0 302.0 1834.0 59885.0 
786.0007818389236 35.088 67.0 2204.0 302.0 1838.0 59941.0 
788.0007818389236 35.152 69.0 2214.0 303.0 1841.0 59989.0 
790.0007818389236 35.272 72.0 2218.0 303.0 1848.0 60060.0 
792.0007818389236 35.32 70.0 2221.0 303.0 1851.0 60278.0 
794.0007818389236 35.488 67.0 2226.0 305.0 1860.0 60601.0 
796.0007818389236 35.632 67.0 2242.0 305.0 1869.0 60743.0 
798.0007818389236 35.688 71.0 2246.0 306.0 1870.0 60817.0 
800.0007818389236 35.8 72.0 2253.0 306.0 1877.0 60931.0 
802.0007818389236 35.856 74.0 2260.0 307.0 1879.0 61018.0 
804.0007818389236 36.016 71.0 2266.0 307.0 1889.0 61469.0 
806.0007818389236 36.048 73.0 2272.0 307.0 1891.0 61480.0 
808.0007818389236 36.152 74.0 2278.0 308.0 1896.0 61717.0 
810.0007818389236 36.336 72.0 2283.0 310.0 1905.0 62194.0 
812.0007818389236 36.448 70.0 2287.0 310.0 1912.0 62316.0 
814.0007818389236 36.624 59.0 2290.0 310.0 1923.0 62559.0 
816.0007818389236 36.792 55.0 2300.0 311.0 1932.0 62724.0 
818.0007818389236 36.904 59.0 2307.0 311.0 1939.0 62797.0 
820.0007818389236 37.0 61.0 2316.0 311.0 1945.0 62980.0 
822.0007818389236 37.28 53.0 2322.0 312.0 1959.0 63305.0 
824.0005191374809 37.424 55.0 2335.0 312.0 1967.0 63358.0 
826.0007818389236 37.488 66.0 2348.0 312.0 1971.0 63385.0 
828.0003262112032 37.568 67.0 2352.0 312.0 1976.0 63448.0 
830.0007818389236 37.696 66.0 2359.0 313.0 1982.0 63565.0 
832.0007818389236 37.872 63.0 2367.0 313.0 1993.0 63752.0 
834.0007818389236 37.92 67.0 2377.0 313.0 1996.0 63808.0 
836.0007818389236 38.016 70.0 2384.0 313.0 2002.0 63860.0 
838.0007818389236 38.096 66.0 2387.0 313.0 2007.0 63930.0 
840.0007818389236 38.264 69.0 2395.0 313.0 2017.0 64103.0 
842.0007818389236 38.36 68.0 2401.0 314.0 2022.0 64204.0 
844.0007818389236 38.472 64.0 2406.0 314.0 2029.0 64274.0 
846.0007818389236 38.552 75.0 2423.0 314.0 2034.0 64326.0 
848.0007818389236 38.648 78.0 2428.0 314.0 2040.0 64392.0 
850.0007818389236 38.712 81.0 2438.0 315.0 2043.0 64427.0 
852.0007818389236 38.92 77.0 2443.0 315.0 2056.0 64646.0 
854.0007818389236 39.0 76.0 2455.0 315.0 2061.0 64825.0 
856.0007818389236 39.016 84.0 2461.0 315.0 2062.0 64825.0 
858.0007818389236 39.224 87.0 2467.0 317.0 2070.0 65084.0 
860.0007818389236 39.272 84.0 2474.0 319.0 2072.0 65150.0 
862.0007818389236 39.288 86.0 2480.0 319.0 2073.0 65159.0 
864.0007818389236 39.304 93.0 2488.0 320.0 2073.0 65183.0 
866.0007818389236 39.432 95.0 2489.0 320.0 2081.0 65347.0 
868.0007818389236 39.512 88.0 2490.0 320.0 2086.0 65488.0 
870.0007818389236 39.56 85.0 2494.0 320.0 2089.0 65668.0 
872.0007818389236 39.944 76.0 2498.0 320.0 2113.0 66332.0 
874.0007818389236 40.12 65.0 2508.0 321.0 2123.0 66528.0 
876.0007818389236 40.128 71.0 2520.0 322.0 2123.0 66545.0 
878.0007818389236 40.2 79.0 2528.0 325.0 2124.0 66612.0 
880.0007818389236 40.248 80.0 2531.0 325.0 2127.0 66621.0 
882.0007818389236 40.344 82.0 2538.0 325.0 2133.0 66710.0 
884.0007818389236 40.456 80.0 2541.0 326.0 2138.0 66823.0 
886.0007818389236 40.52 80.0 2547.0 326.0 2142.0 66974.0 
888.0007818389236 40.616 79.0 2551.0 326.0 2148.0 67247.0 
890.0007818389236 40.664 79.0 2554.0 326.0 2151.0 67292.0 
892.0007818389236 40.856 72.0 2560.0 328.0 2159.0 67479.0 
894.0007818389236 40.872 75.0 2562.0 328.0 2160.0 67519.0 
896.0007818389236 41.032 77.0 2573.0 330.0 2168.0 67706.0 
898.0007818389236 41.336 72.0 2579.0 330.0 2187.0 68170.0 
900.0007818389236 41.519999999999996 61.0 2584.0 331.0 2198.0 68628.0 
#####################################################################
# End of data export. Simulation finished at: 2020-01-30T08:54+0000 #
#####################################################################
