#####################################################################
# Alchemist log file - simulation started at: 2020-02-05T16:23+0000 #
#####################################################################
# seed = 57.0, taskFrequency = 0.01778, cloudcost = 29.0, algorithm = false
#
# The columns have the following meaning: 
# time taskHops[Mean] hasTask[Sum] tasks[Sum] completedTasks[Sum] giveupTasks[Sum] taskLatency[Sum] 
0.0 NaN 0.0 0.0 0.0 0.0 0.0 
2.001983051053726 NaN 1.0 4.0 0.0 0.0 0.0 
4.001983051053726 NaN 10.0 11.0 0.0 0.0 0.0 
6.001983051053726 NaN 14.0 14.0 0.0 0.0 0.0 
8.001983051053726 NaN 22.0 22.0 0.0 0.0 0.0 
10.001983051053726 NaN 24.0 26.0 0.0 0.0 0.0 
12.001983051053726 NaN 29.0 29.0 0.0 0.0 0.0 
14.001983051053726 NaN 30.0 31.0 0.0 0.0 0.0 
16.001983051053728 NaN 36.0 36.0 0.0 0.0 0.0 
18.001983051053728 2.0 39.0 39.0 1.0 0.0 13.0 
20.001983051053728 2.0 42.0 44.0 1.0 0.0 13.0 
22.001983051053728 2.0 45.0 47.0 1.0 0.0 13.0 
24.001983051053728 2.0 50.0 52.0 1.0 0.0 13.0 
26.001983051053728 2.0 51.0 53.0 1.0 0.0 13.0 
28.001983051053728 2.0 52.0 54.0 1.0 0.0 13.0 
30.001983051053728 2.0 55.0 56.0 1.0 0.0 13.0 
32.00198305105373 2.0 57.0 59.0 1.0 0.0 13.0 
34.00198305105373 2.0 60.0 62.0 1.0 0.0 13.0 
36.00198305105373 2.0 63.0 64.0 1.0 0.0 13.0 
38.00198305105373 2.0 65.0 66.0 1.0 0.0 13.0 
40.00198305105373 2.0 67.0 69.0 1.0 0.0 13.0 
42.00198305105373 2.0 72.0 74.0 1.0 0.0 13.0 
44.00198305105373 2.0 74.0 76.0 1.0 0.0 13.0 
46.00198305105373 2.0 77.0 78.0 1.0 0.0 13.0 
48.00198305105373 2.0 77.0 79.0 1.0 0.0 13.0 
50.00198305105373 2.0 78.0 79.0 1.0 0.0 13.0 
52.00198305105373 2.0 82.0 83.0 1.0 0.0 13.0 
54.00198305105373 2.0 82.0 83.0 1.0 0.0 13.0 
56.00198305105373 2.0 84.0 86.0 1.0 0.0 13.0 
58.00198305105373 2.0 85.0 87.0 1.0 0.0 13.0 
60.00198305105373 2.0 89.0 90.0 1.0 0.0 13.0 
62.00198305105373 2.0 89.0 91.0 1.0 0.0 13.0 
64.00198305105373 2.0 91.0 92.0 1.0 0.0 13.0 
66.00198305105373 2.0 91.0 93.0 1.0 0.0 13.0 
68.00198305105373 2.0 93.0 95.0 1.0 0.0 13.0 
70.00198305105373 2.0 95.0 96.0 1.0 0.0 13.0 
72.00198305105373 2.0 99.0 100.0 1.0 0.0 13.0 
74.00198305105373 2.0 99.0 101.0 1.0 0.0 13.0 
76.00198305105373 2.0 100.0 101.0 1.0 0.0 13.0 
78.00198305105373 2.0 101.0 102.0 1.0 0.0 13.0 
80.00198305105373 2.0 102.0 103.0 1.0 0.0 13.0 
82.00198305105373 2.0 102.0 103.0 1.0 0.0 13.0 
84.00198305105373 2.0 102.0 103.0 1.0 0.0 13.0 
86.00198305105373 2.0 102.0 103.0 1.0 0.0 13.0 
88.00198305105373 2.0 102.0 103.0 1.0 0.0 13.0 
90.00198305105373 2.0 103.0 105.0 1.0 0.0 13.0 
92.00198305105373 2.0 106.0 107.0 1.0 0.0 13.0 
94.00198305105373 2.0 106.0 108.0 1.0 0.0 13.0 
96.00198305105373 2.0 107.0 108.0 1.0 0.0 13.0 
98.00198305105373 2.0 107.0 108.0 1.0 0.0 13.0 
100.00198305105373 2.0 108.0 109.0 1.0 0.0 13.0 
102.00198305105373 2.0 109.0 110.0 1.0 0.0 13.0 
104.00198305105373 2.0 109.0 110.0 1.0 0.0 13.0 
106.00198305105373 22.25 107.0 110.0 1.0 3.0 321.0 
108.00198305105373 26.0 105.0 111.0 1.0 8.0 842.0 
110.00198305105373 27.2 100.0 111.0 1.0 14.0 1459.0 
112.00198305105373 27.41176470588235 95.0 111.0 1.0 16.0 1674.0 
114.00198305105373 27.772727272727273 91.0 111.0 1.0 21.0 2195.0 
116.00198305105373 27.772727272727273 89.0 111.0 1.0 21.0 2195.0 
118.00198305105373 28.035714285714285 87.0 111.0 1.0 27.0 2816.0 
120.00198305105373 28.129032258064516 83.0 111.0 1.0 30.0 3123.0 
122.00198305105373 28.307692307692307 79.0 112.0 1.0 38.0 3978.0 
124.00198305105373 28.341463414634145 73.0 114.0 1.0 40.0 4197.0 
126.00198305105373 29.044444444444444 71.0 114.0 1.0 45.0 4711.0 
128.00198305105374 29.043478260869566 67.0 115.0 1.0 46.0 4814.0 
130.00198305105374 29.041666666666668 67.0 115.0 1.0 48.0 5044.0 
132.00198305105374 29.03921568627451 66.0 116.0 1.0 51.0 5352.0 
134.00198305105374 29.037735849056602 63.0 117.0 1.0 53.0 5556.0 
136.00198305105374 29.035087719298247 61.0 117.0 1.0 57.0 5990.0 
138.00198305105374 29.033333333333335 60.0 119.0 1.0 60.0 6298.0 
140.00198305105374 29.0327868852459 58.0 119.0 1.0 61.0 6400.0 
142.00198305105374 29.03174603174603 57.0 120.0 1.0 63.0 6605.0 
144.00198305105374 29.029411764705884 56.0 122.0 1.0 68.0 7117.0 
146.00198305105374 29.028985507246375 55.0 125.0 1.0 69.0 7220.0 
148.00198305105374 29.02777777777778 54.0 127.0 1.0 72.0 7527.0 
150.00198305105374 29.02777777777778 55.0 130.0 1.0 72.0 7527.0 
152.00198305105374 29.027397260273972 57.0 132.0 1.0 73.0 7630.0 
154.00198305105374 29.025974025974026 58.0 132.0 1.0 77.0 8040.0 
156.00198305105374 29.025974025974026 54.0 132.0 1.0 77.0 8040.0 
158.00198305105374 29.025316455696203 56.0 134.0 1.0 79.0 8245.0 
160.00198305105374 29.025 55.0 137.0 1.0 80.0 8348.0 
162.00198305105374 29.023809523809526 56.0 140.0 1.0 84.0 8758.0 
164.00198305105374 29.36904761904762 54.0 140.0 1.0 85.0 8759.0 
166.00198305105374 29.36046511627907 53.0 141.0 1.0 87.0 8965.0 
168.00198305105374 29.36046511627907 55.0 143.0 1.0 87.0 8965.0 
170.00198305105374 29.348314606741575 53.0 145.0 1.0 90.0 9318.0 
172.00198305105374 29.34065934065934 52.0 145.0 1.0 92.0 9523.0 
174.00198305105374 29.326315789473686 50.0 147.0 1.0 96.0 9931.0 
176.00198305105374 29.326315789473686 51.0 150.0 1.0 96.0 9931.0 
178.00198305105374 29.322916666666668 53.0 151.0 1.0 97.0 10034.0 
180.00198305105374 29.31958762886598 52.0 152.0 1.0 98.0 10136.0 
182.00198305105374 29.316326530612244 53.0 152.0 1.0 99.0 10239.0 
184.00198305105374 29.316326530612244 54.0 155.0 1.0 99.0 10239.0 
186.00198305105374 29.316326530612244 57.0 157.0 1.0 99.0 10239.0 
188.00198305105374 29.316326530612244 58.0 158.0 1.0 99.0 10239.0 
190.00198305105374 29.316326530612244 58.0 158.0 1.0 99.0 10239.0 
192.00198305105374 29.31313131313131 59.0 160.0 1.0 100.0 10342.0 
194.00198305105374 29.30392156862745 59.0 163.0 1.0 103.0 10649.0 
196.00198305105374 29.30392156862745 59.0 164.0 1.0 103.0 10649.0 
198.00198305105374 29.300970873786408 62.0 168.0 1.0 104.0 10752.0 
200.00198305105374 29.300970873786408 63.0 168.0 1.0 104.0 10752.0 
202.00198305105374 29.300970873786408 66.0 171.0 1.0 104.0 10752.0 
204.00198305105374 29.298076923076923 66.0 172.0 1.0 105.0 10854.0 
206.00198305105374 29.298076923076923 67.0 173.0 1.0 105.0 10854.0 
208.00198305105374 29.298076923076923 67.0 173.0 1.0 105.0 10854.0 
210.00198305105374 29.298076923076923 68.0 174.0 1.0 105.0 10854.0 
212.00198305105374 29.298076923076923 68.0 174.0 1.0 105.0 10854.0 
214.00198305105374 29.298076923076923 68.0 174.0 1.0 105.0 10854.0 
216.00198305105374 29.298076923076923 69.0 175.0 1.0 105.0 10854.0 
218.00198305105374 29.298076923076923 69.0 175.0 1.0 105.0 10854.0 
220.00198305105374 29.298076923076923 69.0 175.0 1.0 105.0 10854.0 
222.00198305105374 29.298076923076923 71.0 177.0 1.0 105.0 10854.0 
224.00198305105374 29.295238095238094 70.0 177.0 1.0 106.0 10956.0 
226.00198305105374 29.566037735849058 72.0 180.0 1.0 108.0 11162.0 
228.00198305105374 29.566037735849058 73.0 182.0 1.0 108.0 11162.0 
230.00198305105374 29.560747663551403 73.0 183.0 1.0 109.0 11349.0 
232.00198305105374 29.555555555555557 72.0 184.0 1.0 110.0 11452.0 
234.00198305105374 29.824074074074073 72.0 184.0 1.0 111.0 11554.0 
236.00198305105374 29.824074074074073 73.0 186.0 1.0 111.0 11554.0 
238.00198305105374 30.09259259259259 74.0 187.0 1.0 112.0 11657.0 
240.00198305105374 30.62962962962963 74.0 188.0 1.0 114.0 11861.0 
242.00198305105374 30.62962962962963 73.0 188.0 1.0 114.0 11861.0 
244.00198305105374 30.61467889908257 75.0 191.0 1.0 115.0 11963.0 
246.00198305105374 30.6 74.0 191.0 1.0 116.0 12065.0 
248.00198305105374 30.8141592920354 73.0 193.0 1.0 120.0 12510.0 
250.00198305105374 31.07079646017699 71.0 193.0 1.0 121.0 12612.0 
252.00198305105374 31.327433628318584 73.0 195.0 1.0 122.0 12715.0 
254.00198305105374 31.815789473684212 70.0 195.0 1.0 125.0 13024.0 
256.00198305105374 32.04347826086956 67.0 195.0 1.0 127.0 13239.0 
258.00198305105374 32.04347826086956 68.0 196.0 1.0 127.0 13239.0 
260.00198305105374 32.54782608695652 66.0 196.0 1.0 129.0 13443.0 
262.00198305105374 32.8 67.0 197.0 1.0 130.0 13545.0 
264.00198305105374 33.55652173913043 64.0 197.0 1.0 133.0 13852.0 
266.00198305105374 33.55652173913043 63.0 197.0 1.0 133.0 13852.0 
268.00198305105374 33.55652173913043 64.0 198.0 1.0 133.0 13852.0 
270.00198305105374 34.06086956521739 64.0 199.0 1.0 135.0 14057.0 
272.00198305105374 34.313043478260866 66.0 203.0 1.0 136.0 14160.0 
274.00198305105374 34.56521739130435 67.0 206.0 1.0 137.0 14263.0 
276.00198305105374 34.42372881355932 67.0 206.0 1.0 140.0 14736.0 
278.00198305105374 34.66949152542373 66.0 207.0 1.0 141.0 14838.0 
280.00198305105374 35.406779661016955 63.0 208.0 1.0 144.0 15146.0 
282.00198305105374 35.352941176470594 65.0 211.0 1.0 145.0 15391.0 
284.00198305105374 35.596638655462186 65.0 212.0 1.0 146.0 15494.0 
286.00198305105374 36.084033613445385 65.0 212.0 1.0 148.0 15700.0 
288.00198305105374 36.815126050420176 62.0 212.0 1.0 151.0 16008.0 
290.00198305105374 37.05882352941177 59.0 212.0 1.0 152.0 16110.0 
292.00198305105374 37.05882352941177 59.0 212.0 1.0 152.0 16110.0 
294.00198305105374 37.30252100840336 60.0 216.0 1.0 153.0 16212.0 
296.00198305105374 37.47500000000001 61.0 216.0 1.0 155.0 16418.0 
298.00198305105374 37.95833333333333 61.0 218.0 1.0 157.0 16626.0 
300.00198305105374 38.68333333333333 59.0 219.0 1.0 160.0 16964.0 
302.00198305105374 38.925 57.0 219.0 1.0 161.0 17067.0 
304.00198305105374 39.561983471074385 56.0 219.0 1.0 165.0 17531.0 
306.00198305105374 39.80165289256199 53.0 219.0 1.0 166.0 17633.0 
308.00198305105374 40.041322314049594 54.0 222.0 1.0 167.0 17735.0 
310.00198305105374 40.041322314049594 55.0 223.0 1.0 167.0 17735.0 
312.00198305105374 40.28099173553719 55.0 224.0 1.0 168.0 17837.0 
314.00198305105374 40.28099173553719 55.0 224.0 1.0 168.0 17837.0 
316.00198305105374 40.28099173553719 56.0 225.0 1.0 168.0 17837.0 
318.00198305105374 40.52066115702479 56.0 225.0 1.0 169.0 17940.0 
320.00198305105374 40.52066115702479 55.0 225.0 1.0 169.0 17940.0 
322.00198305105374 40.52066115702479 56.0 226.0 1.0 169.0 17940.0 
324.00198305105374 41.0 54.0 226.0 1.0 171.0 18144.0 
326.00198305105374 41.0 57.0 229.0 1.0 171.0 18144.0 
328.00198305105374 41.47933884297521 59.0 232.0 1.0 173.0 18350.0 
330.00198305105374 42.19834710743801 58.0 233.0 1.0 176.0 18657.0 
332.00198305105374 42.19834710743801 57.0 235.0 1.0 176.0 18657.0 
334.00198305105374 42.438016528925615 58.0 236.0 1.0 177.0 18760.0 
336.00198305105374 42.67768595041322 57.0 236.0 1.0 178.0 18863.0 
338.00198305105374 42.917355371900825 57.0 237.0 1.0 179.0 18966.0 
340.00198305105374 43.396694214876035 55.0 239.0 1.0 181.0 19171.0 
342.00198305105374 43.63636363636364 57.0 241.0 1.0 182.0 19273.0 
344.00198305105374 43.63636363636364 60.0 243.0 1.0 182.0 19273.0 
346.00198305105374 44.11570247933885 60.0 243.0 1.0 184.0 19478.0 
348.00198305105374 44.35537190082645 57.0 243.0 1.0 185.0 19581.0 
350.00198305105374 44.59504132231405 58.0 246.0 1.0 186.0 19683.0 
352.00198305105374 44.59504132231405 59.0 247.0 1.0 186.0 19683.0 
354.00198305105374 44.83471074380165 61.0 248.0 1.0 187.0 19786.0 
356.00198305105374 44.83471074380165 61.0 249.0 1.0 187.0 19786.0 
358.00198305105374 44.83471074380165 61.0 249.0 1.0 187.0 19786.0 
360.00198305105374 45.074380165289256 60.0 250.0 1.0 188.0 19888.0 
362.00198305105374 45.074380165289256 62.0 252.0 1.0 188.0 19888.0 
364.00198305105374 45.31404958677686 63.0 253.0 1.0 189.0 19990.0 
366.00198305105374 45.31404958677686 63.0 253.0 1.0 189.0 19990.0 
368.00198305105374 45.31404958677686 63.0 253.0 1.0 189.0 19990.0 
370.00198305105374 45.553719008264466 62.0 253.0 1.0 190.0 20092.0 
372.00198305105374 46.03305785123967 62.0 253.0 1.0 192.0 20407.0 
374.00198305105374 46.51239669421487 62.0 256.0 1.0 194.0 20611.0 
376.00198305105374 46.84426229508197 58.0 256.0 1.0 197.0 20918.0 
378.00198305105374 47.08196721311475 59.0 259.0 1.0 198.0 21021.0 
380.00198305105374 47.31967213114754 60.0 259.0 1.0 199.0 21123.0 
382.00198305105374 47.31967213114754 59.0 259.0 1.0 199.0 21123.0 
384.00198305105374 47.79508196721311 59.0 260.0 1.0 201.0 21328.0 
386.00198305105374 48.270491803278695 58.0 263.0 1.0 203.0 21534.0 
388.00198305105374 48.270491803278695 61.0 266.0 1.0 203.0 21534.0 
390.00198305105374 48.270491803278695 64.0 269.0 1.0 203.0 21534.0 
392.00198305105374 48.270491803278695 67.0 271.0 1.0 203.0 21534.0 
394.00198305105374 48.270491803278695 68.0 272.0 1.0 203.0 21534.0 
396.00088150548936 48.74590163934427 67.0 274.0 1.0 205.0 21783.0 
398.00198305105374 49.459016393442624 67.0 276.0 1.0 208.0 22092.0 
400.00198305105374 49.93442622950819 66.0 277.0 1.0 210.0 22296.0 
402.00198305105374 50.17213114754098 65.0 277.0 1.0 211.0 22398.0 
404.00198305105374 50.17213114754098 66.0 278.0 1.0 211.0 22398.0 
406.00198305105374 50.17213114754098 67.0 279.0 1.0 211.0 22398.0 
408.00198305105374 50.17213114754098 67.0 280.0 1.0 211.0 22398.0 
410.00198305105374 50.88524590163935 67.0 282.0 1.0 214.0 22761.0 
412.00198305105374 51.36065573770492 68.0 286.0 1.0 216.0 22966.0 
414.00198305105374 51.83606557377048 69.0 289.0 1.0 218.0 23284.0 
416.00198305105374 51.83606557377048 71.0 290.0 1.0 218.0 23284.0 
418.00198305105374 52.07377049180327 70.0 290.0 1.0 219.0 23386.0 
420.00198305105374 52.07377049180327 70.0 290.0 1.0 219.0 23386.0 
422.00198305105374 52.07377049180327 70.0 290.0 1.0 219.0 23386.0 
424.00198305105374 52.31147540983606 70.0 290.0 1.0 220.0 23488.0 
426.00198305105374 52.31147540983606 69.0 291.0 1.0 220.0 23488.0 
428.00198305105374 53.024590163934434 69.0 292.0 1.0 223.0 23795.0 
430.00198305105374 53.26229508196721 69.0 293.0 1.0 224.0 23898.0 
432.00198305105374 53.73770491803279 68.0 294.0 1.0 226.0 24103.0 
434.00198305105374 53.975409836065566 68.0 295.0 1.0 227.0 24206.0 
436.00198305105374 54.45081967213114 68.0 297.0 1.0 229.0 24412.0 
438.00198305105374 54.45081967213114 70.0 300.0 1.0 229.0 24412.0 
440.00198305105374 54.45081967213114 70.0 300.0 1.0 229.0 24412.0 
442.00198305105374 54.688524590163944 72.0 303.0 1.0 230.0 24515.0 
444.00198305105374 55.877049180327866 69.0 303.0 1.0 235.0 25111.0 
446.00198305105374 56.82786885245902 68.0 305.0 1.0 239.0 25585.0 
448.00198305105374 56.82786885245902 65.0 305.0 1.0 239.0 25585.0 
450.00198305105374 56.82786885245902 65.0 305.0 1.0 239.0 25585.0 
452.00198305105374 57.30327868852459 65.0 305.0 1.0 241.0 25790.0 
454.00198305105374 57.540983606557376 62.0 305.0 1.0 242.0 25893.0 
456.00198305105374 58.01639344262295 61.0 307.0 1.0 244.0 26098.0 
458.00198305105374 58.25409836065573 64.0 309.0 1.0 245.0 26201.0 
460.00198305105374 58.25409836065573 65.0 311.0 1.0 245.0 26201.0 
462.00198305105374 58.25409836065573 65.0 311.0 1.0 245.0 26201.0 
464.00198305105374 58.72950819672131 64.0 311.0 1.0 247.0 26406.0 
466.00198305105374 59.204918032786885 64.0 313.0 1.0 249.0 26611.0 
468.00198305105374 59.204918032786885 64.0 314.0 1.0 249.0 26611.0 
470.00198305105374 59.204918032786885 65.0 316.0 1.0 249.0 26611.0 
472.00198305105374 59.204918032786885 66.0 316.0 1.0 249.0 26611.0 
474.00198305105374 59.204918032786885 66.0 316.0 1.0 249.0 26611.0 
476.00198305105374 59.68032786885246 66.0 317.0 1.0 251.0 26815.0 
478.00198305105374 59.68032786885246 68.0 320.0 1.0 251.0 26815.0 
480.00198305105374 60.155737704918025 68.0 322.0 1.0 253.0 27020.0 
482.00198305105374 60.393442622950815 67.0 322.0 1.0 254.0 27123.0 
484.00198305105374 60.393442622950815 67.0 324.0 1.0 254.0 27123.0 
486.00198305105374 60.63114754098361 70.0 325.0 1.0 255.0 27226.0 
488.00198305105374 60.86885245901639 71.0 327.0 1.0 256.0 27328.0 
490.00198305105374 61.58196721311475 69.0 327.0 1.0 259.0 27637.0 
492.00198305105374 62.29508196721311 67.0 329.0 1.0 262.0 27945.0 
494.00198305105374 62.770491803278695 66.0 330.0 1.0 264.0 28150.0 
496.00198305105374 63.00819672131147 66.0 331.0 1.0 265.0 28253.0 
498.00198305105374 63.00819672131147 66.0 332.0 1.0 265.0 28253.0 
500.00198305105374 63.721311475409834 68.0 335.0 1.0 268.0 28561.0 
502.00198305105374 63.721311475409834 66.0 335.0 1.0 268.0 28561.0 
504.00198305105374 63.959016393442624 66.0 339.0 1.0 269.0 28664.0 
506.00198305105374 64.19672131147541 70.0 341.0 1.0 270.0 28766.0 
508.00198305105374 64.4344262295082 70.0 342.0 1.0 271.0 28868.0 
510.00198305105374 64.4344262295082 71.0 343.0 1.0 271.0 28868.0 
512.0019830510537 64.67213114754098 70.0 344.0 1.0 272.0 28971.0 
514.0019830510537 65.62295081967213 68.0 344.0 1.0 276.0 29383.0 
516.0019830510537 66.3360655737705 66.0 346.0 1.0 279.0 29691.0 
518.0019830510537 67.04918032786885 64.0 347.0 1.0 282.0 30022.0 
520.0019830510537 67.04918032786885 65.0 348.0 1.0 282.0 30022.0 
522.0019830510537 67.04918032786885 66.0 350.0 1.0 282.0 30022.0 
524.0019830510537 67.04918032786885 68.0 351.0 1.0 282.0 30022.0 
526.0019830510537 67.04918032786885 69.0 352.0 1.0 282.0 30022.0 
528.0019830510537 67.04918032786885 71.0 354.0 1.0 282.0 30022.0 
530.0019830510537 67.28688524590163 71.0 355.0 1.0 283.0 30125.0 
532.0019830510537 67.76229508196721 70.0 355.0 1.0 285.0 30331.0 
534.0019830510537 67.44715447154472 69.0 356.0 1.0 286.0 30433.0 
536.0019830510537 67.6829268292683 70.0 357.0 1.0 287.0 30536.0 
538.0019830510537 68.15447154471545 70.0 358.0 1.0 289.0 30740.0 
540.0019830510537 68.86178861788616 69.0 360.0 1.0 292.0 31048.0 
542.0019830510537 68.86178861788616 69.0 362.0 1.0 292.0 31048.0 
544.0019830510537 69.5691056910569 68.0 363.0 1.0 295.0 31355.0 
546.0019830510537 69.5691056910569 69.0 365.0 1.0 295.0 31355.0 
548.0019830510537 70.04065040650406 68.0 365.0 1.0 297.0 31559.0 
550.0019830510537 70.04065040650406 70.0 369.0 1.0 297.0 31559.0 
552.0019830510537 70.27642276422765 72.0 371.0 1.0 298.0 31725.0 
554.0019830510537 70.27642276422765 72.0 371.0 1.0 298.0 31725.0 
556.0019830510537 70.27642276422765 73.0 372.0 1.0 298.0 31725.0 
558.0019830510537 70.51219512195122 73.0 372.0 1.0 299.0 31827.0 
560.0019830510537 71.21951219512195 71.0 372.0 1.0 302.0 32135.0 
562.0019830510537 71.6910569105691 69.0 372.0 1.0 304.0 32340.0 
564.0019830510537 71.6910569105691 67.0 373.0 1.0 304.0 32340.0 
566.0019830510537 71.6910569105691 68.0 373.0 1.0 304.0 32340.0 
568.0019830510537 72.16260162601627 68.0 373.0 1.0 306.0 32545.0 
570.0019830510537 72.39837398373984 67.0 374.0 1.0 307.0 32648.0 
572.0019830510537 72.63414634146342 66.0 374.0 1.0 308.0 32751.0 
574.0019830510537 72.869918699187 66.0 376.0 1.0 309.0 32854.0 
576.0019830510537 72.869918699187 68.0 378.0 1.0 309.0 32854.0 
578.0019830510537 73.10569105691056 69.0 380.0 1.0 310.0 32956.0 
580.0019830510537 73.8130081300813 69.0 381.0 1.0 313.0 33264.0 
582.0019830510537 74.04878048780488 68.0 382.0 1.0 314.0 33367.0 
584.0019830510537 74.28455284552845 67.0 383.0 1.0 315.0 33470.0 
586.0019830510537 74.28455284552845 67.0 383.0 1.0 315.0 33470.0 
588.0019830510537 74.99186991869918 65.0 385.0 1.0 318.0 33778.0 
590.0019830510537 75.46341463414633 66.0 385.0 1.0 320.0 33983.0 
592.0019830510537 75.46341463414633 64.0 387.0 1.0 320.0 33983.0 
594.0019830510537 75.9349593495935 65.0 387.0 1.0 322.0 34188.0 
596.0019830510537 76.17073170731706 65.0 389.0 1.0 323.0 34290.0 
598.0019830510537 76.40650406504065 67.0 391.0 1.0 324.0 34392.0 
600.0019830510537 76.64227642276424 65.0 392.0 1.0 325.0 34494.0 
602.0019830510537 77.11382113821138 67.0 393.0 1.0 327.0 34698.0 
604.0019830510537 77.11382113821138 65.0 393.0 1.0 327.0 34698.0 
606.0019830510537 77.34959349593495 64.0 395.0 1.0 328.0 34800.0 
608.0019830510537 78.29268292682926 64.0 396.0 1.0 332.0 35211.0 
610.0019830510537 78.52845528455285 62.0 396.0 1.0 333.0 35314.0 
612.0019830510537 79.0 61.0 398.0 1.0 335.0 35519.0 
614.0019830510537 79.23577235772356 62.0 399.0 1.0 336.0 35721.0 
616.0019830510537 79.47154471544715 62.0 400.0 1.0 337.0 35824.0 
618.0019830510537 79.70731707317074 62.0 400.0 1.0 338.0 35927.0 
620.0019830510537 79.9430894308943 60.0 400.0 1.0 339.0 36029.0 
622.0019830510537 80.17886178861788 60.0 400.0 1.0 340.0 36132.0 
624.0019830510537 80.41463414634146 59.0 402.0 1.0 341.0 36234.0 
626.0019830510537 80.65040650406505 61.0 403.0 1.0 342.0 36336.0 
628.0019830510537 80.88617886178862 60.0 406.0 1.0 343.0 36438.0 
630.0019830510537 81.35772357723576 61.0 406.0 1.0 345.0 36643.0 
632.0019830510537 81.59349593495935 60.0 406.0 1.0 346.0 36745.0 
634.0019830510537 81.59349593495935 59.0 406.0 1.0 346.0 36745.0 
636.0019830510537 81.59349593495935 62.0 409.0 1.0 346.0 36745.0 
638.0019830510537 81.82926829268294 62.0 410.0 1.0 347.0 36847.0 
640.0019830510537 82.0650406504065 61.0 411.0 1.0 348.0 36949.0 
642.0019830510537 82.53658536585367 63.0 412.0 1.0 350.0 37155.0 
644.0019830510537 83.00813008130082 63.0 415.0 1.0 352.0 37361.0 
646.0019830510537 83.47967479674796 61.0 416.0 1.0 354.0 37586.0 
648.0019830510537 83.95121951219514 62.0 418.0 1.0 356.0 37790.0 
650.0019830510537 83.95121951219514 61.0 418.0 1.0 356.0 37790.0 
652.0019830510537 84.42276422764226 62.0 419.0 1.0 358.0 37994.0 
654.0019830510537 84.89430894308944 60.0 420.0 1.0 360.0 38199.0 
656.0019830510537 85.36585365853658 59.0 422.0 1.0 362.0 38423.0 
658.0019830510537 85.60162601626016 61.0 424.0 1.0 363.0 38526.0 
660.0019830510537 85.60162601626016 60.0 425.0 1.0 363.0 38526.0 
662.0019830510537 85.60162601626016 61.0 426.0 1.0 363.0 38526.0 
664.0019830510537 85.60162601626016 62.0 426.0 1.0 363.0 38526.0 
666.0019830510537 85.60162601626016 64.0 428.0 1.0 363.0 38526.0 
668.0019830510537 85.83739837398373 64.0 429.0 1.0 364.0 38629.0 
670.0019830510537 85.83739837398373 66.0 431.0 1.0 364.0 38629.0 
672.0019830510537 85.83739837398373 67.0 432.0 1.0 364.0 38629.0 
674.0019830510537 85.83739837398373 67.0 432.0 1.0 364.0 38629.0 
676.0019830510537 86.3089430894309 66.0 433.0 1.0 366.0 38834.0 
678.0019830510537 86.78048780487805 65.0 433.0 1.0 368.0 39239.0 
680.0019830510537 87.01626016260164 64.0 436.0 1.0 369.0 39342.0 
682.0019830510537 87.2520325203252 67.0 438.0 1.0 370.0 39445.0 
684.0019830510537 87.48780487804878 69.0 441.0 1.0 371.0 39547.0 
686.0019830510537 87.72357723577235 68.0 442.0 1.0 372.0 39649.0 
688.0019830510537 87.72357723577235 70.0 444.0 1.0 372.0 39649.0 
690.0019830510537 87.95934959349594 72.0 445.0 1.0 373.0 39752.0 
692.0019830510537 88.1951219512195 70.0 445.0 1.0 374.0 39855.0 
694.0019830510537 88.1951219512195 70.0 445.0 1.0 374.0 39855.0 
696.0019830510537 88.66666666666666 68.0 445.0 1.0 376.0 40061.0 
698.0019830510537 88.90243902439026 70.0 447.0 1.0 377.0 40163.0 
700.0019830510537 89.84552845528454 67.0 449.0 1.0 381.0 40973.0 
702.0019830510537 90.08130081300814 67.0 449.0 1.0 382.0 41105.0 
704.0019830510537 90.55284552845528 66.0 450.0 1.0 384.0 41311.0 
706.0019830510537 90.55284552845528 65.0 450.0 1.0 384.0 41311.0 
708.0019830510537 90.55284552845528 65.0 450.0 1.0 384.0 41311.0 
710.0019830510537 91.26016260162602 63.0 451.0 1.0 387.0 41619.0 
712.0019830510537 91.26016260162602 66.0 454.0 1.0 387.0 41619.0 
714.0019830510537 91.4959349593496 66.0 454.0 1.0 388.0 41721.0 
716.0019830510537 91.96747967479673 64.0 455.0 1.0 390.0 41926.0 
718.0019830510537 92.20325203252034 65.0 456.0 1.0 391.0 42029.0 
720.0019830510537 92.20325203252034 65.0 458.0 1.0 391.0 42029.0 
722.0019830510537 92.20325203252034 68.0 460.0 1.0 391.0 42029.0 
724.0019830510537 92.20325203252034 68.0 460.0 1.0 391.0 42029.0 
726.0019830510537 92.4390243902439 68.0 461.0 1.0 392.0 42131.0 
728.0019830510537 92.91056910569107 67.0 461.0 1.0 394.0 42336.0 
730.0019830510537 93.14634146341464 66.0 462.0 1.0 395.0 42489.0 
732.0019830510537 93.6178861788618 65.0 463.0 1.0 397.0 42695.0 
734.0019830510537 93.6178861788618 65.0 463.0 1.0 397.0 42695.0 
736.0019830510537 93.6178861788618 65.0 463.0 1.0 397.0 42695.0 
738.0019830510537 94.32520325203252 67.0 466.0 1.0 400.0 43002.0 
740.0019830510537 94.5609756097561 68.0 470.0 1.0 401.0 43104.0 
742.0019830510537 94.79674796747966 67.0 470.0 1.0 402.0 43297.0 
744.0019830510537 95.03252032520325 67.0 470.0 1.0 403.0 43399.0 
746.0019830510537 95.5040650406504 66.0 470.0 1.0 405.0 43604.0 
748.0019830510537 95.73983739837398 64.0 471.0 1.0 406.0 43706.0 
750.0019830510537 95.97560975609755 64.0 472.0 1.0 407.0 43808.0 
752.0019830510537 96.21138211382113 65.0 474.0 1.0 408.0 43911.0 
754.0019830510537 96.6829268292683 64.0 474.0 1.0 410.0 44188.0 
756.0019830510537 96.91869918699186 64.0 475.0 1.0 411.0 44291.0 
758.0019830510537 97.39024390243904 63.0 477.0 1.0 413.0 44496.0 
760.0019830510537 97.86178861788618 63.0 479.0 1.0 415.0 44700.0 
762.0019830510537 97.86178861788618 63.0 479.0 1.0 415.0 44700.0 
764.0019830510537 98.09756097560975 62.0 479.0 1.0 416.0 44803.0 
766.0019830510537 98.33333333333334 63.0 481.0 1.0 417.0 44906.0 
768.0019830510537 98.8048780487805 62.0 481.0 1.0 419.0 45110.0 
770.0019830510537 99.04065040650406 61.0 481.0 1.0 420.0 45212.0 
772.0019830510537 99.51219512195122 60.0 482.0 1.0 422.0 45416.0 
774.0019830510537 99.7479674796748 60.0 483.0 1.0 423.0 45518.0 
776.0019830510537 99.7479674796748 59.0 483.0 1.0 423.0 45518.0 
778.0019830510537 99.7479674796748 59.0 483.0 1.0 423.0 45518.0 
780.0019830510537 99.98373983739836 59.0 484.0 1.0 424.0 45621.0 
782.0019830510537 99.98373983739836 63.0 488.0 1.0 424.0 45621.0 
784.0019830510537 101.16260162601627 62.0 491.0 1.0 429.0 46136.0 
786.0019830510537 101.63414634146342 61.0 491.0 1.0 431.0 46341.0 
788.0019830510537 101.869918699187 60.0 493.0 1.0 432.0 46500.0 
790.0019830510537 102.34146341463413 60.0 494.0 1.0 434.0 46705.0 
792.0019830510537 102.8130081300813 58.0 494.0 1.0 436.0 46911.0 
794.0019830510537 102.21774193548386 60.0 497.0 1.0 437.0 47606.0 
796.0019830510537 102.21774193548386 61.0 500.0 1.0 437.0 47606.0 
798.0019830510537 102.21774193548386 64.0 502.0 1.0 437.0 47606.0 
800.0019830510537 102.68548387096774 64.0 502.0 1.0 439.0 47812.0 
802.0019830510537 102.91935483870967 62.0 503.0 1.0 440.0 47914.0 
804.0019830510537 103.15322580645163 63.0 505.0 1.0 441.0 48017.0 
806.0019830510537 103.38709677419355 64.0 506.0 1.0 442.0 48119.0 
808.0019830510537 103.38709677419355 63.0 506.0 1.0 442.0 48119.0 
810.0019830510537 103.38709677419355 64.0 507.0 1.0 442.0 48119.0 
812.0019830510537 103.62096774193549 63.0 507.0 1.0 443.0 48221.0 
814.0019830510537 104.3225806451613 63.0 509.0 1.0 446.0 48529.0 
816.0019830510537 104.3225806451613 63.0 511.0 1.0 446.0 48529.0 
818.0019830510537 104.55645161290323 66.0 513.0 1.0 447.0 48631.0 
820.0019830510537 104.79032258064515 64.0 513.0 1.0 448.0 48733.0 
822.0019830510537 105.02419354838712 67.0 516.0 1.0 449.0 48836.0 
824.0019830510537 105.72580645161288 66.0 519.0 1.0 452.0 49143.0 
826.0019830510537 105.72580645161288 67.0 520.0 1.0 452.0 49143.0 
828.0019830510537 106.19354838709677 66.0 521.0 1.0 454.0 49432.0 
830.0019830510537 106.19354838709677 67.0 523.0 1.0 454.0 49432.0 
832.0019830510537 106.4274193548387 68.0 523.0 1.0 455.0 49535.0 
834.0019830510537 106.66129032258067 68.0 525.0 1.0 456.0 49638.0 
836.0019830510537 106.66129032258067 70.0 528.0 1.0 456.0 49638.0 
838.0019830510537 106.66129032258067 71.0 528.0 1.0 456.0 49638.0 
840.0019830510537 107.36290322580645 71.0 529.0 1.0 459.0 49946.0 
842.0019830510537 107.83064516129033 67.0 529.0 1.0 461.0 50150.0 
844.0019830510537 108.06451612903226 66.0 529.0 1.0 462.0 50253.0 
846.0019830510537 108.06451612903226 68.0 531.0 1.0 462.0 50253.0 
848.0019830510537 108.06451612903226 68.0 531.0 1.0 462.0 50253.0 
850.0019830510537 108.29838709677418 68.0 532.0 1.0 463.0 50356.0 
852.0019830510537 108.53225806451614 69.0 533.0 1.0 464.0 50459.0 
854.0019830510537 109.0 68.0 534.0 1.0 466.0 50664.0 
856.0019830510537 109.46774193548386 65.0 534.0 1.0 468.0 51119.0 
858.0019830510537 109.46774193548386 66.0 535.0 1.0 468.0 51119.0 
860.0019830510537 109.46774193548386 67.0 536.0 1.0 468.0 51119.0 
862.0019830510537 109.93548387096774 67.0 537.0 1.0 470.0 51325.0 
864.0019830510537 110.16935483870967 66.0 538.0 1.0 471.0 51428.0 
866.0019830510537 110.16935483870967 69.0 543.0 1.0 471.0 51428.0 
868.0019830510537 110.63709677419355 71.0 545.0 1.0 473.0 51633.0 
870.0019830510537 110.63709677419355 72.0 546.0 1.0 473.0 51633.0 
872.0019830510537 110.63709677419355 74.0 548.0 1.0 473.0 51633.0 
874.0019830510537 110.87096774193549 77.0 551.0 1.0 474.0 51735.0 
876.0019830510537 111.10483870967741 75.0 551.0 1.0 475.0 51837.0 
878.0019830510537 111.10483870967741 76.0 552.0 1.0 475.0 51837.0 
880.0019830510537 111.10483870967741 78.0 554.0 1.0 475.0 51837.0 
882.0019830510537 111.33870967741935 79.0 555.0 1.0 476.0 51939.0 
884.0019830510537 112.27419354838712 78.0 555.0 1.0 480.0 52351.0 
886.0019830510537 112.74193548387096 74.0 556.0 1.0 482.0 52555.0 
888.0019830510537 112.97580645161288 72.0 556.0 1.0 483.0 52658.0 
890.0019830510537 113.44354838709677 73.0 557.0 1.0 485.0 52862.0 
892.0019830510537 113.44354838709677 71.0 558.0 1.0 485.0 52862.0 
894.0019830510537 113.44354838709677 73.0 559.0 1.0 485.0 52862.0 
896.0019830510537 114.37903225806451 71.0 559.0 1.0 489.0 53566.0 
898.0019830510537 114.61290322580645 69.0 559.0 1.0 490.0 53669.0 
900.0019830510537 115.31451612903226 67.0 559.0 1.0 493.0 53976.0 
#####################################################################
# End of data export. Simulation finished at: 2020-02-05T16:24+0000 #
#####################################################################
