#####################################################################
# Alchemist log file - simulation started at: 2020-02-15T01:36+0000 #
#####################################################################
# seed = 69.0, taskFrequency = 0.1, cloudcost = 0.0, algorithm = true
#
# The columns have the following meaning: 
# time taskHops[Mean] hasTask[Sum] tasks[Sum] completedTasks[Sum] giveupTasks[Sum] taskLatency[Sum] 
0.0 NaN 0.0 0.0 0.0 0.0 0.0 
2.003244929081333 NaN 17.0 23.0 0.0 0.0 0.0 
4.003244929081333 NaN 38.0 40.0 0.0 0.0 0.0 
6.003244929081333 NaN 55.0 59.0 0.0 0.0 0.0 
8.003244929081333 NaN 65.0 72.0 0.0 0.0 0.0 
10.003244929081333 NaN 80.0 85.0 0.0 0.0 0.0 
12.003244929081333 NaN 89.0 92.0 0.0 0.0 0.0 
14.003244929081333 1.3333333333333333 100.0 100.0 6.0 0.0 79.0 
16.003244929081333 1.2 92.0 104.0 15.0 0.0 200.0 
18.003244929081333 1.1764705882352942 89.0 108.0 17.0 0.0 228.0 
20.003244929081333 1.1764705882352942 91.0 108.0 17.0 0.0 228.0 
22.003244929081333 1.2380952380952381 95.0 117.0 21.0 0.0 291.0 
24.003244929081333 1.3333333333333333 96.0 121.0 24.0 0.0 342.0 
26.003244929081333 1.3333333333333333 99.0 124.0 24.0 0.0 342.0 
28.003244929081333 1.3333333333333333 101.0 125.0 24.0 0.0 342.0 
30.003244929081333 1.5517241379310345 100.0 129.0 29.0 0.0 441.0 
32.00324492908133 1.6333333333333333 103.0 133.0 31.0 0.0 458.0 
34.00324492908133 1.6333333333333333 103.0 134.0 31.0 0.0 458.0 
36.00324492908133 1.6129032258064515 110.0 143.0 32.0 0.0 472.0 
38.00324492908133 1.6060606060606062 115.0 149.0 35.0 0.0 516.0 
40.003097482257786 1.696969696969697 115.0 150.0 36.0 0.0 534.0 
42.00324492908133 1.7428571428571429 112.0 151.0 38.0 0.0 595.0 
44.00324492908133 1.7777777777777777 115.0 155.0 39.0 0.0 636.0 
46.00324492908133 1.7894736842105263 116.0 156.0 41.0 0.0 677.0 
48.00324492908133 1.853658536585366 115.0 158.0 45.0 0.0 789.0 
50.00324492908133 2.048780487804878 113.0 160.0 47.0 0.0 830.0 
52.00324492908133 2.0714285714285716 112.0 160.0 48.0 0.0 850.0 
54.00324492908133 2.046511627906977 112.0 160.0 49.0 0.0 866.0 
56.00324492908133 2.1136363636363638 109.0 160.0 51.0 0.0 909.0 
58.00324492908133 2.2222222222222223 110.0 163.0 53.0 0.0 969.0 
60.00324492908133 2.2222222222222223 113.0 166.0 53.0 0.0 969.0 
62.00324492908133 2.2666666666666666 112.0 166.0 54.0 0.0 993.0 
64.00324492908133 2.3777777777777778 111.0 168.0 57.0 0.0 1048.0 
66.00324492908133 2.4 111.0 170.0 58.0 0.0 1075.0 
68.00324492908133 2.4444444444444446 111.0 170.0 59.0 0.0 1094.0 
70.00324492908133 2.543478260869565 111.0 170.0 61.0 0.0 1179.0 
72.00324492908133 2.543478260869565 110.0 171.0 61.0 0.0 1179.0 
74.00324492908133 2.543478260869565 111.0 172.0 61.0 0.0 1179.0 
76.00324492908133 2.630434782608696 112.0 174.0 62.0 0.0 1198.0 
78.00324492908133 2.630434782608696 115.0 179.0 62.0 0.0 1198.0 
80.00324492908133 2.847826086956522 117.0 181.0 65.0 0.0 1272.0 
82.00324492908133 2.957446808510638 114.0 181.0 67.0 0.0 1373.0 
84.00324492908133 3.0 114.0 182.0 69.0 0.0 1418.0 
86.00324492908133 3.0 113.0 182.0 69.0 0.0 1418.0 
88.00324492908133 3.085106382978723 113.0 183.0 71.0 0.0 1464.0 
90.00324492908133 3.125 112.0 184.0 73.0 0.0 1564.0 
92.00324492908133 3.208333333333333 112.0 186.0 74.0 0.0 1592.0 
94.00324492908133 3.25 112.0 188.0 75.0 0.0 1611.0 
96.00324492908133 3.2448979591836737 113.0 191.0 77.0 0.0 1715.0 
98.00324492908133 3.2653061224489797 115.0 192.0 78.0 0.0 1734.0 
100.00114655280807 3.387755102040816 112.0 193.0 81.0 0.0 1905.0 
102.00324492908133 3.387755102040816 112.0 193.0 81.0 0.0 1905.0 
104.00324492908133 2.7580645161290325 107.0 194.0 83.0 19.0 3564.0 
106.00324492908133 1.8791208791208789 83.0 197.0 83.0 52.0 6584.0 
108.00324492908133 1.6792452830188676 54.0 200.0 85.0 76.0 8257.0 
110.00324492908133 1.6126126126126132 36.0 204.0 86.0 89.0 8991.0 
112.00324492908133 1.5470085470085466 30.0 212.0 87.0 104.0 9845.0 
114.00324492908133 1.5083333333333337 25.0 222.0 87.0 111.0 10252.0 
116.00324492908133 1.4836065573770496 23.0 227.0 87.0 120.0 10541.0 
118.00324492908133 1.4715447154471542 26.0 237.0 87.0 125.0 10646.0 
120.00324492908133 1.4715447154471542 28.0 243.0 87.0 129.0 10684.0 
122.00324492908133 1.48780487804878 40.0 259.0 88.0 133.0 10693.0 
124.00324492908133 1.5284552845528456 46.0 271.0 89.0 135.0 10902.0 
126.00324492908133 1.516129032258065 49.0 282.0 89.0 143.0 11020.0 
128.00324492908135 1.516129032258065 60.0 295.0 89.0 146.0 11028.0 
130.00324492908135 1.516129032258065 65.0 303.0 89.0 147.0 11029.0 
132.00324492908135 1.516129032258065 73.0 314.0 89.0 151.0 11056.0 
134.00324492908135 1.516129032258065 76.0 321.0 89.0 155.0 11080.0 
136.00324492908135 1.516129032258065 81.0 326.0 89.0 156.0 11098.0 
138.00324492908135 1.536 79.0 330.0 91.0 165.0 11371.0 
140.00324492908135 1.5759999999999996 69.0 335.0 92.0 174.0 11524.0 
142.00324492908135 1.624 71.0 347.0 94.0 181.0 11596.0 
144.00324492908135 1.6399999999999997 75.0 353.0 96.0 182.0 11640.0 
146.00324492908135 1.6399999999999997 83.0 363.0 96.0 184.0 11666.0 
148.00324492908135 1.6560000000000001 83.0 365.0 97.0 187.0 11728.0 
150.00324492908135 1.696 84.0 369.0 99.0 187.0 11765.0 
152.00324492908135 1.696 86.0 375.0 99.0 187.0 11765.0 
154.00324492908135 1.7359999999999998 93.0 380.0 101.0 187.0 11827.0 
156.00324492908135 1.7359999999999998 96.0 387.0 101.0 187.0 11827.0 
158.00324492908135 1.7359999999999998 100.0 389.0 101.0 187.0 11827.0 
160.00324492908135 1.7359999999999998 103.0 391.0 101.0 187.0 11827.0 
162.00324492908135 1.8160000000000003 104.0 397.0 104.0 189.0 11925.0 
164.00324492908135 1.8160000000000003 106.0 399.0 104.0 189.0 11925.0 
166.00324492908135 1.84 109.0 403.0 105.0 189.0 11945.0 
168.00324492908135 1.8800000000000006 111.0 408.0 107.0 189.0 11999.0 
170.00324492908135 1.9440000000000006 116.0 412.0 109.0 189.0 12042.0 
172.00324492908135 1.9520000000000004 114.0 412.0 110.0 189.0 12058.0 
174.00324492908135 1.9520000000000004 113.0 413.0 110.0 192.0 12154.0 
176.00324492908135 2.0080000000000005 111.0 417.0 115.0 194.0 12277.0 
178.00324492908135 2.0080000000000005 109.0 418.0 115.0 194.0 12277.0 
180.00324492908135 2.032 109.0 419.0 116.0 198.0 12466.0 
182.00324492908135 2.0559999999999996 105.0 423.0 117.0 205.0 12868.0 
184.00324492908135 2.0800000000000005 100.0 423.0 119.0 205.0 12928.0 
186.00324492908135 2.0800000000000005 102.0 429.0 119.0 205.0 12928.0 
188.00324492908135 2.087999999999999 104.0 429.0 120.0 205.0 12946.0 
190.00324492908135 2.1040000000000005 106.0 431.0 121.0 205.0 12968.0 
192.00199555772085 2.119999999999999 105.0 434.0 122.0 205.0 12994.0 
194.00324492908135 2.119999999999999 109.0 436.0 122.0 206.0 13022.0 
196.00324492908135 2.119999999999999 109.0 437.0 122.0 208.0 13150.0 
198.00324492908135 2.1360000000000006 108.0 440.0 124.0 208.0 13184.0 
200.00324492908135 2.1440000000000006 107.0 441.0 125.0 210.0 13290.0 
202.00324492908135 2.1519999999999992 105.0 441.0 126.0 210.0 13323.0 
204.00324492908135 2.1839999999999993 103.0 443.0 129.0 210.0 13406.0 
206.00324492908135 2.192 105.0 445.0 130.0 210.0 13420.0 
208.00324492908135 2.2320000000000007 107.0 448.0 130.0 213.0 13681.0 
210.00324492908135 2.2720000000000002 102.0 450.0 131.0 221.0 14007.0 
212.00324492908135 2.2720000000000002 101.0 454.0 131.0 222.0 14008.0 
214.00324492908135 2.2720000000000002 101.0 457.0 131.0 226.0 14317.0 
216.00324492908135 2.28 97.0 459.0 132.0 234.0 14873.0 
218.00324492908135 2.28 90.0 461.0 132.0 241.0 15143.0 
220.00324492908135 2.28 90.0 465.0 132.0 247.0 15483.0 
222.00324492908135 2.288 84.0 468.0 132.0 258.0 16229.0 
224.00324492908135 2.352 78.0 473.0 134.0 272.0 17135.0 
226.00324492908135 2.3920000000000003 62.0 479.0 137.0 287.0 17890.0 
228.00324492908135 2.3920000000000003 57.0 487.0 137.0 298.0 18323.0 
230.00324492908135 2.3920000000000003 48.0 491.0 137.0 311.0 19084.0 
232.00324492908135 2.3920000000000003 45.0 498.0 137.0 320.0 19387.0 
234.00324492908135 2.3920000000000003 40.0 507.0 137.0 331.0 19970.0 
236.00324492908135 2.3920000000000003 39.0 515.0 137.0 344.0 20228.0 
238.00293770369703 2.4320000000000004 38.0 522.0 138.0 348.0 20475.0 
240.00324492908135 2.4479999999999995 42.0 529.0 140.0 348.0 20495.0 
242.00324492908135 2.4479999999999995 44.0 537.0 140.0 355.0 20581.0 
244.00324492908135 2.4880000000000004 50.0 549.0 140.0 360.0 20687.0 
246.00324492908135 2.4880000000000004 53.0 556.0 140.0 366.0 20908.0 
248.00324492908135 2.4880000000000004 55.0 572.0 140.0 376.0 21040.0 
250.00324492908135 2.4880000000000004 57.0 578.0 140.0 384.0 21360.0 
252.00324492908135 2.4880000000000004 58.0 584.0 140.0 387.0 21374.0 
254.00324492908135 2.52 60.0 590.0 142.0 389.0 21419.0 
256.00324492908135 2.52 59.0 595.0 142.0 398.0 21541.0 
258.00324492908135 2.52 57.0 602.0 142.0 404.0 21610.0 
260.00324492908135 2.5280000000000005 64.0 613.0 143.0 408.0 21653.0 
262.00324492908135 2.5280000000000005 60.0 619.0 143.0 415.0 21731.0 
264.00324492908135 2.5600000000000005 68.0 626.0 144.0 417.0 21759.0 
266.00324492908135 2.6160000000000005 72.0 636.0 147.0 420.0 21855.0 
268.00324492908135 2.6160000000000005 73.0 642.0 147.0 422.0 21901.0 
270.00324492908135 2.6160000000000005 73.0 649.0 147.0 430.0 22006.0 
272.00324492908135 2.648 69.0 655.0 147.0 436.0 22178.0 
274.00324492908135 2.648 77.0 661.0 147.0 436.0 22178.0 
276.00324492908135 2.68 79.0 663.0 149.0 437.0 22245.0 
278.00324492908135 2.68 77.0 669.0 149.0 444.0 22414.0 
280.00324492908135 2.68 79.0 674.0 149.0 444.0 22414.0 
282.00324492908135 2.68 89.0 682.0 149.0 444.0 22414.0 
284.00324492908135 2.7039999999999997 94.0 690.0 151.0 444.0 22466.0 
286.00324492908135 2.7039999999999997 98.0 694.0 151.0 444.0 22466.0 
288.00324492908135 2.7039999999999997 101.0 696.0 151.0 450.0 22680.0 
290.00324492908135 2.7039999999999997 95.0 700.0 151.0 450.0 22680.0 
292.00324492908135 2.7039999999999997 102.0 703.0 151.0 451.0 22688.0 
294.00324492908135 2.7279999999999993 96.0 703.0 153.0 455.0 22825.0 
296.00324492908135 2.7359999999999998 95.0 710.0 154.0 459.0 22989.0 
298.00324492908135 2.7359999999999998 98.0 711.0 154.0 459.0 22989.0 
300.00324492908135 2.760000000000001 100.0 714.0 155.0 460.0 23040.0 
302.00324492908135 2.7760000000000002 101.0 718.0 156.0 461.0 23082.0 
304.00324492908135 2.7760000000000002 106.0 724.0 156.0 461.0 23082.0 
306.00324492908135 2.7760000000000002 108.0 725.0 156.0 461.0 23082.0 
308.0021504385729 2.7760000000000002 110.0 729.0 156.0 462.0 23085.0 
310.00324492908135 2.808 111.0 729.0 157.0 462.0 23127.0 
312.00324492908135 2.8160000000000003 110.0 730.0 158.0 462.0 23174.0 
314.00324492908135 2.8160000000000003 112.0 732.0 158.0 462.0 23174.0 
316.00324492908135 2.8160000000000003 112.0 733.0 158.0 466.0 23273.0 
318.00324492908135 2.8160000000000003 106.0 735.0 158.0 469.0 23381.0 
320.00324492908135 2.8160000000000003 112.0 739.0 158.0 469.0 23381.0 
322.00324492908135 2.8160000000000003 112.0 741.0 158.0 477.0 23720.0 
324.00324492908135 2.872 103.0 743.0 160.0 484.0 24001.0 
326.00324492908135 2.872 100.0 746.0 160.0 490.0 24241.0 
328.00324492908135 2.872 95.0 747.0 160.0 492.0 24244.0 
330.00324492908135 2.8800000000000003 91.0 750.0 161.0 506.0 24899.0 
332.00324492908135 2.888000000000001 78.0 753.0 162.0 515.0 25455.0 
334.00324492908135 2.888000000000001 77.0 758.0 162.0 521.0 25672.0 
336.00324492908135 2.888000000000001 78.0 765.0 162.0 527.0 25710.0 
338.00324492908135 2.912000000000001 76.0 769.0 162.0 539.0 26158.0 
340.00258007963333 2.912000000000001 69.0 775.0 162.0 546.0 26584.0 
342.00324492908135 2.912000000000001 70.0 782.0 162.0 560.0 27055.0 
344.00324492908135 2.919999999999999 61.0 791.0 163.0 568.0 27410.0 
346.00324492908135 2.919999999999999 53.0 797.0 163.0 588.0 28335.0 
348.00324492908135 2.919999999999999 47.0 803.0 163.0 592.0 28446.0 
350.00324492908135 2.919999999999999 50.0 812.0 163.0 607.0 28812.0 
352.00324492908135 2.919999999999999 43.0 820.0 163.0 618.0 29008.0 
354.00324492908135 2.919999999999999 41.0 828.0 163.0 626.0 29210.0 
356.00324492908135 2.936 46.0 843.0 164.0 629.0 29299.0 
358.00324492908135 2.983999999999999 56.0 852.0 166.0 641.0 29467.0 
360.00324492908135 3.016000000000001 49.0 865.0 167.0 645.0 29645.0 
362.00324492908135 3.016000000000001 62.0 879.0 167.0 654.0 29751.0 
364.00324492908135 3.0559999999999996 57.0 888.0 169.0 665.0 29916.0 
366.0029149557123 3.0559999999999996 58.0 896.0 169.0 672.0 30049.0 
368.00324492908135 3.0559999999999996 58.0 907.0 169.0 684.0 30318.0 
370.00324492908135 3.0559999999999996 61.0 921.0 169.0 688.0 30331.0 
372.00324492908135 3.0559999999999996 64.0 928.0 169.0 698.0 30621.0 
374.00324492908135 3.0559999999999996 65.0 935.0 169.0 702.0 30629.0 
376.00324492908135 3.0959999999999996 65.0 938.0 172.0 708.0 30755.0 
378.00324492908135 3.1199999999999997 61.0 947.0 173.0 710.0 30847.0 
380.00324492908135 3.128 69.0 954.0 174.0 710.0 30863.0 
382.00324492908135 3.128 72.0 963.0 174.0 714.0 30921.0 
384.00324492908135 3.1839999999999997 76.0 973.0 175.0 721.0 31124.0 
386.00324492908135 3.1839999999999997 81.0 980.0 175.0 728.0 31169.0 
388.00324492908135 3.1839999999999997 77.0 989.0 175.0 739.0 31279.0 
390.00324492908135 3.2159999999999993 73.0 993.0 176.0 744.0 31354.0 
392.00324492908135 3.2159999999999993 79.0 1003.0 176.0 744.0 31354.0 
394.00324492908135 3.2239999999999998 81.0 1007.0 177.0 750.0 31410.0 
396.00324492908135 3.2479999999999998 83.0 1012.0 178.0 751.0 31429.0 
398.00324492908135 3.32 90.0 1019.0 179.0 752.0 31573.0 
400.00324492908135 3.32 84.0 1022.0 179.0 760.0 31770.0 
402.00324492908135 3.3360000000000007 87.0 1026.0 180.0 766.0 31942.0 
404.00324492908135 3.3360000000000007 85.0 1036.0 180.0 770.0 31995.0 
406.00324492908135 3.3439999999999994 87.0 1039.0 181.0 775.0 32093.0 
408.00324492908135 3.3439999999999994 78.0 1041.0 181.0 781.0 32224.0 
410.00324492908135 3.3439999999999994 84.0 1047.0 181.0 782.0 32226.0 
412.00324492908135 3.3439999999999994 86.0 1052.0 181.0 784.0 32353.0 
414.00324492908135 3.3600000000000003 89.0 1058.0 182.0 785.0 32373.0 
416.00324492908135 3.3600000000000003 94.0 1062.0 182.0 787.0 32375.0 
418.00324492908135 3.3600000000000003 98.0 1068.0 182.0 787.0 32375.0 
420.00324492908135 3.376 102.0 1071.0 183.0 788.0 32397.0 
422.00324492908135 3.3839999999999995 101.0 1072.0 184.0 789.0 32421.0 
424.00324492908135 3.4079999999999995 102.0 1076.0 186.0 789.0 32438.0 
426.00324492908135 3.4079999999999995 95.0 1079.0 186.0 798.0 32684.0 
428.00324492908135 3.4079999999999995 97.0 1081.0 186.0 802.0 32893.0 
430.00324492908135 3.44 93.0 1083.0 188.0 805.0 33042.0 
432.00324492908135 3.4800000000000004 91.0 1087.0 190.0 806.0 33106.0 
434.00324492908135 3.496 93.0 1091.0 191.0 807.0 33126.0 
436.00324492908135 3.504 94.0 1094.0 192.0 807.0 33151.0 
438.00324492908135 3.528000000000001 90.0 1096.0 193.0 817.0 33637.0 
440.00324492908135 3.528000000000001 90.0 1102.0 193.0 818.0 33681.0 
442.00324492908135 3.56 92.0 1107.0 194.0 821.0 33813.0 
444.00324492908135 3.56 91.0 1111.0 194.0 835.0 34144.0 
446.00324492908135 3.56 81.0 1114.0 194.0 840.0 34241.0 
448.00324492908135 3.56 83.0 1120.0 194.0 844.0 34419.0 
450.00324492908135 3.5759999999999996 80.0 1122.0 195.0 847.0 34551.0 
452.00324492908135 3.5759999999999996 81.0 1128.0 195.0 850.0 34740.0 
454.00324492908135 3.5839999999999996 85.0 1132.0 196.0 852.0 34916.0 
456.00324492908135 3.5920000000000005 88.0 1138.0 197.0 854.0 34922.0 
458.00324492908135 3.6160000000000005 84.0 1140.0 199.0 862.0 35291.0 
460.00324492908135 3.632 78.0 1146.0 200.0 875.0 36015.0 
462.00324492908135 3.6720000000000006 70.0 1151.0 202.0 883.0 36219.0 
464.00324492908135 3.7119999999999997 69.0 1161.0 202.0 901.0 36814.0 
466.00324492908135 3.727999999999999 54.0 1168.0 203.0 915.0 37329.0 
468.00324492908135 3.7760000000000007 53.0 1176.0 204.0 922.0 37611.0 
470.00324492908135 3.7760000000000007 47.0 1183.0 204.0 935.0 38001.0 
472.00324492908135 3.7760000000000007 46.0 1190.0 204.0 945.0 38421.0 
474.00324492908135 3.7760000000000007 43.0 1201.0 204.0 958.0 38711.0 
476.00324492908135 3.824000000000001 44.0 1214.0 207.0 964.0 38767.0 
478.00324492908135 3.8480000000000008 48.0 1229.0 208.0 970.0 38977.0 
480.00324492908135 3.8880000000000012 58.0 1241.0 210.0 976.0 39209.0 
482.00324492908135 3.8880000000000012 57.0 1247.0 210.0 981.0 39351.0 
484.00324492908135 3.8880000000000012 59.0 1259.0 210.0 986.0 39405.0 
486.00324492908135 3.8880000000000012 64.0 1270.0 210.0 998.0 39512.0 
488.00324492908135 3.8880000000000012 60.0 1279.0 210.0 1010.0 39585.0 
490.00324492908135 3.8880000000000012 61.0 1285.0 210.0 1017.0 39622.0 
492.00324492908135 3.8959999999999995 63.0 1293.0 211.0 1020.0 39675.0 
494.00324492908135 3.936 69.0 1301.0 211.0 1021.0 39690.0 
496.00324492908135 3.9520000000000013 65.0 1310.0 212.0 1032.0 39849.0 
498.00324492908135 3.967999999999999 68.0 1317.0 213.0 1038.0 39987.0 
500.00324492908135 3.967999999999999 70.0 1324.0 213.0 1042.0 40050.0 
502.00324492908135 3.992 70.0 1329.0 214.0 1048.0 40134.0 
504.00324492908135 4.016000000000002 71.0 1338.0 215.0 1052.0 40175.0 
506.00324492908135 4.056 68.0 1343.0 216.0 1060.0 40263.0 
508.00324492908135 4.056 67.0 1348.0 216.0 1066.0 40332.0 
510.00324492908135 4.064 71.0 1355.0 216.0 1068.0 40339.0 
512.0032449290813 4.064 72.0 1362.0 216.0 1076.0 40529.0 
514.0032449290813 4.104000000000001 75.0 1368.0 217.0 1076.0 40548.0 
516.0032449290813 4.12 76.0 1374.0 218.0 1079.0 40655.0 
518.0032449290813 4.12 77.0 1382.0 218.0 1086.0 40831.0 
520.0032449290813 4.128 79.0 1385.0 219.0 1088.0 40876.0 
522.0032449290813 4.144000000000001 82.0 1396.0 220.0 1091.0 40962.0 
524.0032449290813 4.2 86.0 1400.0 222.0 1093.0 41020.0 
526.0032449290813 4.2 87.0 1406.0 222.0 1094.0 41056.0 
528.0032449290813 4.2 89.0 1408.0 222.0 1099.0 41180.0 
530.0032449290813 4.215999999999999 89.0 1412.0 223.0 1103.0 41311.0 
532.0032449290813 4.215999999999999 89.0 1418.0 223.0 1103.0 41311.0 
534.0032449290813 4.215999999999999 92.0 1419.0 223.0 1104.0 41314.0 
536.0032449290813 4.223999999999999 91.0 1422.0 224.0 1107.0 41453.0 
538.0032449290813 4.256 91.0 1426.0 226.0 1111.0 41647.0 
540.0032449290813 4.256 92.0 1434.0 226.0 1114.0 41778.0 
542.0032449290813 4.32 92.0 1435.0 228.0 1117.0 41997.0 
544.0032449290813 4.32 87.0 1437.0 228.0 1124.0 42163.0 
546.0032449290813 4.36 88.0 1441.0 229.0 1125.0 42241.0 
548.0032449290813 4.36 92.0 1447.0 229.0 1125.0 42241.0 
550.0032449290813 4.384 93.0 1449.0 230.0 1131.0 42456.0 
552.0032449290813 4.384 87.0 1452.0 230.0 1134.0 42521.0 
554.0032449290813 4.3919999999999995 91.0 1456.0 231.0 1134.0 42539.0 
556.0032449290813 4.400000000000001 91.0 1458.0 232.0 1137.0 42686.0 
558.0032449290813 4.400000000000001 90.0 1461.0 232.0 1138.0 42775.0 
560.0032449290813 4.431999999999999 85.0 1467.0 234.0 1147.0 43162.0 
562.0032449290813 4.448 85.0 1471.0 235.0 1152.0 43399.0 
564.0032449290813 4.448 83.0 1472.0 235.0 1155.0 43466.0 
566.0025714259407 4.4719999999999995 78.0 1476.0 237.0 1160.0 43650.0 
568.0032449290813 4.4799999999999995 77.0 1483.0 238.0 1171.0 44132.0 
570.0032449290813 4.4799999999999995 75.0 1486.0 238.0 1175.0 44354.0 
572.0032449290813 4.488 72.0 1489.0 238.0 1181.0 44543.0 
574.0032449290813 4.5200000000000005 68.0 1495.0 239.0 1189.0 44982.0 
576.0032449290813 4.535999999999999 72.0 1508.0 240.0 1197.0 45213.0 
578.0032449290813 4.583999999999999 66.0 1517.0 243.0 1220.0 45515.0 
580.0032449290813 4.583999999999999 56.0 1524.0 243.0 1230.0 45768.0 
582.0032449290813 4.599999999999999 45.0 1531.0 244.0 1245.0 46224.0 
584.0032449290813 4.599999999999999 46.0 1539.0 244.0 1248.0 46225.0 
586.0032449290813 4.616 50.0 1547.0 245.0 1255.0 46414.0 
588.0032449290813 4.624 45.0 1553.0 246.0 1261.0 46606.0 
590.0032449290813 4.624 53.0 1565.0 246.0 1263.0 46762.0 
592.0032449290813 4.64 58.0 1578.0 248.0 1272.0 47039.0 
594.0032449290813 4.703999999999999 62.0 1591.0 250.0 1281.0 47170.0 
596.0032449290813 4.703999999999999 62.0 1604.0 250.0 1295.0 47315.0 
598.0032449290813 4.711999999999999 62.0 1612.0 251.0 1299.0 47353.0 
600.0032449290813 4.711999999999999 70.0 1623.0 251.0 1301.0 47459.0 
602.0032449290813 4.711999999999999 69.0 1634.0 251.0 1316.0 47734.0 
604.0032449290813 4.752 67.0 1643.0 253.0 1326.0 47862.0 
606.0032449290813 4.752 64.0 1646.0 253.0 1328.0 47879.0 
608.0032449290813 4.752 68.0 1651.0 253.0 1332.0 47904.0 
610.0032449290813 4.767999999999999 67.0 1653.0 254.0 1337.0 47968.0 
612.0032449290813 4.767999999999999 71.0 1667.0 254.0 1343.0 48002.0 
614.0010725095079 4.8 70.0 1672.0 256.0 1349.0 48160.0 
616.0032449290813 4.8 70.0 1678.0 256.0 1350.0 48186.0 
618.0032449290813 4.8 73.0 1685.0 256.0 1356.0 48305.0 
620.0032449290813 4.8 73.0 1689.0 256.0 1366.0 48575.0 
622.0032449290813 4.8 65.0 1694.0 256.0 1374.0 48647.0 
624.0032449290813 4.824000000000002 70.0 1702.0 257.0 1378.0 48751.0 
626.0032449290813 4.824000000000002 73.0 1715.0 257.0 1382.0 48796.0 
628.0032449290813 4.839999999999999 82.0 1726.0 258.0 1385.0 48834.0 
630.0032449290813 4.864 81.0 1729.0 259.0 1389.0 48948.0 
632.0032449290813 4.888000000000002 84.0 1737.0 261.0 1400.0 49232.0 
634.0032449290813 4.904000000000001 77.0 1740.0 262.0 1402.0 49396.0 
636.0032449290813 4.912000000000001 74.0 1745.0 263.0 1408.0 49480.0 
638.0032449290813 4.912000000000001 77.0 1749.0 263.0 1408.0 49480.0 
640.0032449290813 4.919999999999999 78.0 1751.0 264.0 1408.0 49511.0 
642.0032449290813 4.919999999999999 79.0 1754.0 264.0 1411.0 49610.0 
644.0032449290813 4.944 75.0 1757.0 265.0 1417.0 49779.0 
646.0008737009102 4.952000000000001 79.0 1765.0 266.0 1418.0 49810.0 
648.0032449290813 4.967999999999999 82.0 1768.0 267.0 1422.0 50019.0 
650.0032449290813 4.976000000000001 74.0 1771.0 268.0 1431.0 50331.0 
652.0032449290813 4.976000000000001 76.0 1778.0 268.0 1433.0 50333.0 
654.0032449290813 5.0 79.0 1782.0 269.0 1434.0 50353.0 
656.0032449290813 5.032000000000001 79.0 1789.0 270.0 1441.0 50605.0 
658.0032449290813 5.032000000000001 81.0 1794.0 270.0 1444.0 50678.0 
660.0032449290813 5.071999999999999 81.0 1798.0 271.0 1447.0 50714.0 
662.0032449290813 5.111999999999998 87.0 1805.0 272.0 1450.0 50778.0 
664.0032449290813 5.111999999999998 87.0 1812.0 272.0 1453.0 50865.0 
666.0032449290813 5.192 84.0 1816.0 275.0 1456.0 50998.0 
668.0032449290813 5.192 88.0 1821.0 275.0 1457.0 51021.0 
670.0032449290813 5.199999999999999 94.0 1830.0 276.0 1465.0 51224.0 
672.0032449290813 5.248000000000001 83.0 1835.0 279.0 1472.0 51453.0 
674.0032449290813 5.288000000000001 88.0 1841.0 280.0 1474.0 51508.0 
676.0032449290813 5.296 87.0 1842.0 281.0 1475.0 51606.0 
678.0032449290813 5.327999999999999 86.0 1843.0 282.0 1488.0 51964.0 
680.0032449290813 5.327999999999999 71.0 1850.0 282.0 1496.0 52291.0 
682.0032449290813 5.327999999999999 67.0 1852.0 282.0 1504.0 52536.0 
684.0032449290813 5.36 70.0 1860.0 284.0 1506.0 52570.0 
686.0032449290813 5.36 70.0 1864.0 284.0 1512.0 52780.0 
688.0032449290813 5.36 70.0 1872.0 284.0 1522.0 53164.0 
690.0032449290813 5.3679999999999986 67.0 1877.0 285.0 1524.0 53176.0 
692.0032449290813 5.3679999999999986 71.0 1884.0 285.0 1529.0 53313.0 
694.0032449290813 5.431999999999999 61.0 1891.0 287.0 1543.0 53695.0 
696.0032449290813 5.431999999999999 65.0 1899.0 287.0 1552.0 54047.0 
698.0032449290813 5.431999999999999 64.0 1909.0 287.0 1566.0 54397.0 
700.0032449290813 5.431999999999999 54.0 1918.0 287.0 1582.0 54683.0 
702.0032449290813 5.440000000000001 55.0 1928.0 288.0 1585.0 54713.0 
704.0032449290813 5.440000000000001 60.0 1941.0 288.0 1595.0 54984.0 
706.0032449290813 5.4479999999999995 60.0 1953.0 289.0 1606.0 55231.0 
708.0032449290813 5.455999999999999 60.0 1964.0 290.0 1614.0 55282.0 
710.0032449290813 5.464000000000001 60.0 1969.0 291.0 1618.0 55418.0 
712.0032449290813 5.504000000000001 65.0 1978.0 293.0 1621.0 55515.0 
714.0032449290813 5.504000000000001 69.0 1985.0 293.0 1626.0 55560.0 
716.0032449290813 5.520000000000001 71.0 1994.0 294.0 1627.0 55591.0 
718.0032449290813 5.520000000000001 78.0 2001.0 294.0 1632.0 55618.0 
720.0032449290813 5.568000000000001 75.0 2007.0 296.0 1636.0 55713.0 
722.0032449290813 5.599999999999999 77.0 2016.0 297.0 1640.0 55802.0 
724.0032449290813 5.599999999999999 80.0 2021.0 297.0 1646.0 55932.0 
726.0032449290813 5.599999999999999 84.0 2028.0 297.0 1651.0 56005.0 
728.0032449290813 5.6320000000000014 77.0 2031.0 299.0 1664.0 56421.0 
730.0032449290813 5.64 68.0 2035.0 300.0 1670.0 56514.0 
732.0032449290813 5.663999999999999 74.0 2045.0 301.0 1673.0 56572.0 
734.0032449290813 5.663999999999999 70.0 2047.0 301.0 1681.0 56716.0 
736.0032449290813 5.68 68.0 2052.0 303.0 1683.0 56758.0 
738.0032449290813 5.6960000000000015 69.0 2058.0 304.0 1684.0 56782.0 
740.0032449290813 5.720000000000001 72.0 2063.0 306.0 1686.0 56853.0 
742.0032449290813 5.720000000000001 74.0 2066.0 306.0 1687.0 56955.0 
744.0000475815705 5.720000000000001 80.0 2077.0 306.0 1690.0 57066.0 
746.0032449290813 5.752 81.0 2080.0 307.0 1692.0 57148.0 
748.0032449290813 5.776000000000002 82.0 2087.0 308.0 1703.0 57473.0 
750.0032449290813 5.800000000000001 77.0 2093.0 309.0 1709.0 57613.0 
752.0032449290813 5.808000000000001 79.0 2100.0 310.0 1712.0 57690.0 
754.0032449290813 5.808000000000001 80.0 2109.0 310.0 1718.0 57787.0 
756.0032449290813 5.815999999999999 87.0 2117.0 311.0 1720.0 57808.0 
758.0032449290813 5.848000000000001 86.0 2119.0 311.0 1730.0 58142.0 
760.0032449290813 5.879999999999999 83.0 2127.0 313.0 1734.0 58313.0 
762.0032449290813 5.879999999999999 82.0 2130.0 313.0 1737.0 58368.0 
764.0032449290813 5.912000000000001 81.0 2137.0 315.0 1746.0 58673.0 
766.0032449290813 5.936 72.0 2143.0 316.0 1757.0 58995.0 
768.0032449290813 6.0 75.0 2152.0 318.0 1758.0 59071.0 
770.0032449290813 6.0 79.0 2157.0 318.0 1759.0 59146.0 
772.0032449290813 6.007999999999999 80.0 2160.0 319.0 1762.0 59287.0 
774.0026381960224 6.064000000000001 86.0 2170.0 321.0 1768.0 59491.0 
776.0032449290813 6.088 80.0 2174.0 323.0 1774.0 59761.0 
778.0032449290813 6.104000000000001 82.0 2182.0 324.0 1776.0 59798.0 
780.0032449290813 6.104000000000001 85.0 2191.0 324.0 1777.0 59804.0 
782.0032449290813 6.144000000000001 91.0 2193.0 326.0 1778.0 59962.0 
784.0032449290813 6.144000000000001 84.0 2194.0 326.0 1784.0 60115.0 
786.0032449290813 6.144000000000001 88.0 2199.0 326.0 1787.0 60183.0 
788.0032449290813 6.175999999999998 84.0 2203.0 328.0 1791.0 60333.0 
790.0032449290813 6.191999999999999 87.0 2208.0 330.0 1796.0 60431.0 
792.0032449290813 6.208000000000001 84.0 2214.0 332.0 1797.0 60485.0 
794.0013571375379 6.208000000000001 89.0 2219.0 332.0 1798.0 60491.0 
796.0032449290813 6.256 91.0 2222.0 335.0 1799.0 60562.0 
798.0032449290813 6.288000000000002 91.0 2227.0 337.0 1802.0 60718.0 
800.0032449290813 6.296 89.0 2232.0 338.0 1809.0 60999.0 
802.0032449290813 6.312000000000001 86.0 2239.0 339.0 1815.0 61117.0 
804.0032449290813 6.312000000000001 83.0 2239.0 339.0 1820.0 61333.0 
806.0032449290813 6.3279999999999985 79.0 2244.0 340.0 1829.0 61564.0 
808.0032449290813 6.3279999999999985 77.0 2252.0 340.0 1842.0 61960.0 
810.0032449290813 6.3279999999999985 67.0 2259.0 340.0 1852.0 62322.0 
812.0032449290813 6.3279999999999985 68.0 2265.0 340.0 1857.0 62350.0 
814.0032449290813 6.343999999999999 71.0 2273.0 341.0 1859.0 62422.0 
816.0032449290813 6.384 71.0 2278.0 342.0 1868.0 62875.0 
818.0032449290813 6.3919999999999995 65.0 2282.0 343.0 1874.0 63168.0 
820.0032449290813 6.424 64.0 2290.0 345.0 1880.0 63280.0 
822.0032449290813 6.424 67.0 2299.0 345.0 1886.0 63463.0 
824.0032449290813 6.424 68.0 2306.0 345.0 1893.0 63551.0 
826.0032449290813 6.424 70.0 2310.0 345.0 1898.0 63662.0 
828.0032449290813 6.424 70.0 2320.0 345.0 1904.0 63789.0 
830.0032449290813 6.4479999999999995 71.0 2323.0 346.0 1905.0 63873.0 
832.0032449290813 6.504000000000001 72.0 2328.0 348.0 1909.0 64063.0 
834.0032449290813 6.504000000000001 67.0 2332.0 348.0 1918.0 64343.0 
836.0032449290813 6.512 61.0 2338.0 349.0 1926.0 64491.0 
838.0032449290813 6.512 68.0 2344.0 349.0 1927.0 64541.0 
840.0032449290813 6.512 71.0 2351.0 349.0 1932.0 64604.0 
842.0032449290813 6.512 75.0 2358.0 349.0 1936.0 64749.0 
844.0032449290813 6.512 76.0 2364.0 349.0 1939.0 64782.0 
846.0012740531959 6.5520000000000005 81.0 2371.0 351.0 1939.0 64822.0 
848.0032449290813 6.5520000000000005 85.0 2375.0 351.0 1948.0 64935.0 
850.0032449290813 6.5520000000000005 77.0 2379.0 351.0 1954.0 65218.0 
852.0032449290813 6.5920000000000005 80.0 2385.0 352.0 1956.0 65334.0 
854.0032449290813 6.5920000000000005 83.0 2393.0 352.0 1959.0 65392.0 
856.0032449290813 6.6080000000000005 81.0 2400.0 353.0 1964.0 65532.0 
858.0032449290813 6.616 86.0 2407.0 354.0 1969.0 65625.0 
860.0032449290813 6.616 82.0 2413.0 354.0 1978.0 65708.0 
862.0032449290813 6.624 79.0 2418.0 355.0 1990.0 66076.0 
864.0032449290813 6.624 68.0 2421.0 355.0 1999.0 66364.0 
866.0032449290813 6.624 67.0 2423.0 355.0 2009.0 66703.0 
868.0032449290813 6.663999999999999 60.0 2431.0 356.0 2022.0 67038.0 
870.0032449290813 6.6720000000000015 55.0 2436.0 356.0 2028.0 67254.0 
872.0032449290813 6.6720000000000015 59.0 2445.0 356.0 2031.0 67309.0 
874.0032449290813 6.704 64.0 2451.0 357.0 2031.0 67322.0 
876.0032449290813 6.704 66.0 2458.0 357.0 2037.0 67472.0 
878.0032449290813 6.704 68.0 2467.0 357.0 2041.0 67530.0 
880.0032449290813 6.736000000000001 76.0 2475.0 359.0 2043.0 67643.0 
882.0032449290813 6.751999999999999 76.0 2483.0 360.0 2050.0 67826.0 
884.0032449290813 6.751999999999999 77.0 2489.0 360.0 2053.0 67843.0 
886.0032449290813 6.751999999999999 79.0 2494.0 360.0 2054.0 67854.0 
888.0032449290813 6.768 80.0 2495.0 361.0 2060.0 68011.0 
890.0032449290813 6.784 76.0 2500.0 362.0 2063.0 68122.0 
892.0032449290813 6.784 78.0 2505.0 362.0 2063.0 68122.0 
894.0032449290813 6.784 84.0 2511.0 362.0 2070.0 68228.0 
896.0032449290813 6.784 79.0 2516.0 362.0 2075.0 68247.0 
898.0032449290813 6.784 75.0 2517.0 362.0 2079.0 68348.0 
900.0032449290813 6.784 79.0 2525.0 362.0 2082.0 68485.0 
#####################################################################
# End of data export. Simulation finished at: 2020-02-15T05:12+0000 #
#####################################################################
