#####################################################################
# Alchemist log file - simulation started at: 2020-02-14T23:01+0000 #
#####################################################################
# seed = 69.0, taskFrequency = 0.04217, cloudcost = 6.0, algorithm = false
#
# The columns have the following meaning: 
# time taskHops[Mean] hasTask[Sum] tasks[Sum] completedTasks[Sum] giveupTasks[Sum] taskLatency[Sum] 
0.0 NaN 0.0 0.0 0.0 0.0 0.0 
2.003244929081333 NaN 7.0 12.0 0.0 0.0 0.0 
4.003244929081333 NaN 15.0 18.0 0.0 0.0 0.0 
6.003244929081333 NaN 27.0 30.0 0.0 0.0 0.0 
8.003244929081333 NaN 37.0 38.0 0.0 0.0 0.0 
10.003244929081333 NaN 41.0 43.0 0.0 0.0 0.0 
12.003244929081333 NaN 48.0 51.0 0.0 0.0 0.0 
14.003244929081333 NaN 57.0 59.0 0.0 0.0 0.0 
16.003244929081333 NaN 62.0 62.0 0.0 0.0 0.0 
18.003244929081333 NaN 64.0 66.0 0.0 0.0 0.0 
20.003244929081333 NaN 75.0 76.0 0.0 0.0 0.0 
22.003244929081333 NaN 77.0 78.0 0.0 0.0 0.0 
24.003244929081333 NaN 86.0 86.0 0.0 0.0 0.0 
26.003244929081333 NaN 87.0 88.0 0.0 0.0 0.0 
28.003244929081333 NaN 88.0 91.0 0.0 0.0 0.0 
30.003244929081333 NaN 95.0 97.0 0.0 0.0 0.0 
32.00324492908133 NaN 99.0 99.0 0.0 0.0 0.0 
34.00324492908133 NaN 100.0 101.0 0.0 0.0 0.0 
36.00324492908133 NaN 102.0 102.0 0.0 0.0 0.0 
38.00324492908133 NaN 103.0 104.0 0.0 0.0 0.0 
40.00324492908133 NaN 105.0 105.0 0.0 0.0 0.0 
42.00324492908133 NaN 106.0 106.0 0.0 0.0 0.0 
44.00324492908133 NaN 108.0 108.0 0.0 0.0 0.0 
46.00324492908133 NaN 108.0 108.0 0.0 0.0 0.0 
48.00324492908133 NaN 108.0 108.0 0.0 0.0 0.0 
50.00324492908133 NaN 109.0 109.0 0.0 0.0 0.0 
52.00324492908133 NaN 111.0 111.0 0.0 0.0 0.0 
54.00324492908133 NaN 112.0 112.0 0.0 0.0 0.0 
56.00324492908133 NaN 112.0 112.0 0.0 0.0 0.0 
58.00324492908133 NaN 114.0 114.0 0.0 0.0 0.0 
60.00324492908133 NaN 114.0 114.0 0.0 0.0 0.0 
62.00324492908133 NaN 115.0 115.0 0.0 0.0 0.0 
64.00324492908133 NaN 116.0 116.0 0.0 0.0 0.0 
66.00324492908133 NaN 116.0 116.0 0.0 0.0 0.0 
68.00324492908133 NaN 116.0 117.0 0.0 0.0 0.0 
70.00324492908133 NaN 118.0 118.0 0.0 0.0 0.0 
72.00324492908133 NaN 118.0 118.0 0.0 0.0 0.0 
74.00324492908133 NaN 119.0 119.0 0.0 0.0 0.0 
76.00324492908133 NaN 119.0 119.0 0.0 0.0 0.0 
78.00324492908133 NaN 119.0 119.0 0.0 0.0 0.0 
80.00324492908133 NaN 119.0 120.0 0.0 0.0 0.0 
82.00324492908133 NaN 120.0 120.0 0.0 0.0 0.0 
84.00324492908133 NaN 123.0 123.0 0.0 0.0 0.0 
86.00324492908133 NaN 123.0 123.0 0.0 0.0 0.0 
88.00324492908133 NaN 123.0 123.0 0.0 0.0 0.0 
90.00324492908133 NaN 124.0 124.0 0.0 0.0 0.0 
92.00324492908133 NaN 125.0 125.0 0.0 0.0 0.0 
94.00324492908133 NaN 125.0 125.0 0.0 0.0 0.0 
96.00324492908133 NaN 125.0 125.0 0.0 0.0 0.0 
98.00324492908133 NaN 125.0 125.0 0.0 0.0 0.0 
100.00324492908133 NaN 125.0 125.0 0.0 0.0 0.0 
102.00324492908133 NaN 125.0 125.0 0.0 0.0 0.0 
104.00324492908133 6.0 125.0 125.0 0.0 1.0 103.0 
106.00324492908133 6.0 119.0 125.0 0.0 6.0 617.0 
108.00324492908133 6.0 111.0 125.0 0.0 22.0 2277.0 
110.00324492908133 6.0 100.0 126.0 0.0 33.0 3411.0 
112.00324492908133 6.0 92.0 127.0 0.0 37.0 3827.0 
114.00324492908133 6.0 87.0 127.0 0.0 43.0 4443.0 
116.00324492908133 6.018518518518518 75.0 127.0 0.0 54.0 5593.0 
118.00324492908133 6.016949152542373 74.0 131.0 0.0 59.0 6110.0 
120.00324492908133 6.016393442622951 74.0 133.0 0.0 61.0 6314.0 
122.00324492908133 6.014084507042254 68.0 136.0 0.0 71.0 7337.0 
124.00324492908133 6.013513513513513 69.0 141.0 0.0 74.0 7653.0 
126.00324492908133 6.0120481927710845 65.0 142.0 0.0 83.0 8574.0 
128.00324492908135 6.023809523809524 60.0 143.0 0.0 84.0 8677.0 
130.00324492908135 6.023529411764706 62.0 147.0 0.0 85.0 8780.0 
132.00324492908135 6.021739130434782 60.0 150.0 0.0 92.0 9499.0 
134.00324492908135 6.021052631578947 55.0 150.0 0.0 95.0 9807.0 
136.00324492908135 6.020833333333333 56.0 151.0 0.0 96.0 9910.0 
138.00324492908135 6.020408163265306 55.0 152.0 0.0 98.0 10115.0 
140.00324492908135 6.02020202020202 54.0 153.0 0.0 99.0 10217.0 
142.00324492908135 6.01980198019802 53.0 157.0 0.0 101.0 10422.0 
144.00324492908135 6.019607843137255 59.0 161.0 0.0 102.0 10525.0 
146.00324492908135 6.019230769230769 57.0 161.0 0.0 104.0 10729.0 
148.00324492908135 6.019230769230769 59.0 163.0 0.0 104.0 10729.0 
150.00324492908135 6.019230769230769 60.0 164.0 0.0 104.0 10729.0 
152.00324492908135 6.019047619047619 64.0 168.0 0.0 105.0 10831.0 
154.00324492908135 6.018691588785047 64.0 169.0 0.0 107.0 11037.0 
156.00324492908135 6.018691588785047 67.0 174.0 0.0 107.0 11037.0 
158.00324492908135 6.018691588785047 67.0 176.0 0.0 107.0 11037.0 
160.00324492908135 6.018348623853211 72.0 179.0 0.0 109.0 11242.0 
162.00324492908135 6.018348623853211 74.0 183.0 0.0 109.0 11242.0 
164.00324492908135 6.0181818181818185 76.0 187.0 0.0 110.0 11345.0 
166.00324492908135 6.018018018018018 79.0 189.0 0.0 111.0 11447.0 
168.00324492908135 6.018018018018018 78.0 190.0 0.0 111.0 11447.0 
170.00324492908135 6.018018018018018 81.0 193.0 0.0 111.0 11447.0 
172.00324492908135 6.017857142857143 82.0 195.0 0.0 112.0 11550.0 
174.00324492908135 6.017857142857143 86.0 198.0 0.0 112.0 11550.0 
176.00324492908135 6.017699115044247 86.0 200.0 0.0 113.0 11653.0 
178.00324492908135 6.017699115044247 87.0 201.0 0.0 113.0 11653.0 
180.00324492908135 6.017699115044247 91.0 204.0 0.0 113.0 11653.0 
182.00324492908135 6.017699115044247 91.0 204.0 0.0 113.0 11653.0 
184.00324492908135 6.017543859649122 92.0 207.0 0.0 114.0 11756.0 
186.00324492908135 6.017094017094017 91.0 208.0 0.0 117.0 12062.0 
188.00324492908135 6.017094017094017 91.0 208.0 0.0 117.0 12062.0 
190.00324492908135 6.017094017094017 92.0 209.0 0.0 117.0 12062.0 
192.00324492908135 6.016949152542373 94.0 211.0 0.0 118.0 12164.0 
194.00324492908135 6.016806722689076 94.0 213.0 0.0 119.0 12266.0 
196.00324492908135 6.016806722689076 95.0 215.0 0.0 119.0 12266.0 
198.00324492908135 6.016806722689076 97.0 217.0 0.0 119.0 12266.0 
200.00324492908135 6.016806722689076 99.0 219.0 0.0 119.0 12266.0 
202.00324492908135 6.016806722689076 101.0 220.0 0.0 119.0 12266.0 
204.00324492908135 6.016806722689076 101.0 221.0 0.0 119.0 12266.0 
206.00324492908135 6.016806722689076 102.0 221.0 0.0 119.0 12266.0 
208.00324492908135 6.016806722689076 105.0 224.0 0.0 119.0 12266.0 
210.00324492908135 6.016806722689076 106.0 225.0 0.0 119.0 12266.0 
212.00324492908135 6.016806722689076 106.0 225.0 0.0 119.0 12266.0 
214.00324492908135 6.067226890756302 106.0 226.0 0.0 120.0 12369.0 
216.00324492908135 6.117647058823529 105.0 226.0 0.0 121.0 12472.0 
218.00324492908135 6.117647058823529 106.0 227.0 0.0 121.0 12472.0 
220.00324492908135 6.26890756302521 106.0 227.0 0.0 124.0 12779.0 
222.00324492908135 6.420168067226891 103.0 229.0 0.0 127.0 13087.0 
224.00324492908135 6.470588235294118 102.0 231.0 0.0 128.0 13190.0 
226.00324492908135 6.722689075630251 100.0 231.0 0.0 133.0 13702.0 
228.00324492908135 6.773109243697479 99.0 233.0 0.0 134.0 13804.0 
230.00324492908135 6.773109243697479 99.0 233.0 0.0 134.0 13804.0 
232.00324492908135 7.07563025210084 95.0 233.0 0.0 140.0 14431.0 
234.00324492908135 7.176470588235294 93.0 234.0 0.0 142.0 14636.0 
236.00324492908135 7.206611570247934 93.0 236.0 0.0 145.0 15123.0 
238.00324492908135 7.256198347107437 93.0 239.0 0.0 146.0 15225.0 
240.00324492908135 7.305785123966942 94.0 240.0 0.0 147.0 15328.0 
242.00324492908135 7.3442622950819665 93.0 241.0 0.0 149.0 15640.0 
244.00324492908135 7.393442622950819 93.0 242.0 0.0 150.0 15742.0 
246.00324492908135 7.688524590163935 89.0 242.0 0.0 156.0 16358.0 
248.00324492908135 7.737704918032787 87.0 244.0 0.0 157.0 16461.0 
250.00324492908135 7.821138211382114 87.0 245.0 0.0 160.0 16860.0 
252.00324492908135 7.869918699186991 86.0 246.0 0.0 161.0 16962.0 
254.00324492908135 8.065040650406505 85.0 247.0 0.0 165.0 17372.0 
256.00324492908135 8.113821138211382 82.0 248.0 0.0 166.0 17474.0 
258.00324492908135 8.338709677419356 81.0 251.0 0.0 172.0 18227.0 
260.00324492908135 8.338709677419356 80.0 252.0 0.0 172.0 18227.0 
262.00324492908135 8.580645161290322 80.0 255.0 0.0 177.0 18741.0 
264.00324492908135 8.774193548387096 78.0 256.0 0.0 181.0 19151.0 
266.00324492908135 8.870967741935484 79.0 260.0 0.0 183.0 19357.0 
268.00324492908135 9.064516129032258 75.0 260.0 0.0 187.0 19767.0 
270.00324492908135 9.064516129032258 76.0 264.0 0.0 187.0 19767.0 
272.00324492908135 9.161290322580644 78.0 266.0 0.0 189.0 19972.0 
274.0027557920027 9.258064516129032 79.0 272.0 0.0 191.0 20177.0 
276.00324492908135 9.451612903225806 79.0 273.0 0.0 195.0 20587.0 
278.00324492908135 9.451612903225806 79.0 274.0 0.0 195.0 20587.0 
280.00324492908135 9.548387096774194 77.0 274.0 0.0 197.0 20793.0 
282.00324492908135 9.741935483870968 76.0 276.0 0.0 201.0 21202.0 
284.00324492908135 9.741935483870968 76.0 277.0 0.0 201.0 21202.0 
286.00324492908135 9.838709677419356 79.0 283.0 0.0 203.0 21406.0 
288.00324492908135 9.887096774193548 80.0 284.0 0.0 204.0 21509.0 
290.00324492908135 9.935483870967742 80.0 287.0 0.0 205.0 21612.0 
292.00324492908135 9.983870967741936 83.0 289.0 0.0 206.0 21714.0 
294.00324492908135 10.080645161290324 84.0 291.0 0.0 208.0 21920.0 
296.00324492908135 10.177419354838708 85.0 293.0 0.0 210.0 22125.0 
298.00324492908135 10.225806451612904 83.0 294.0 0.0 211.0 22227.0 
300.00324492908135 10.379032258064516 85.0 297.0 0.0 214.0 22605.0 
302.00324492908135 10.475806451612904 82.0 299.0 0.0 216.0 22810.0 
304.00324492908135 10.57258064516129 84.0 301.0 0.0 218.0 23016.0 
306.00324492908135 10.57258064516129 85.0 303.0 0.0 218.0 23016.0 
308.00324492908135 10.620967741935484 84.0 303.0 0.0 219.0 23119.0 
310.00324492908135 10.766129032258064 85.0 306.0 0.0 222.0 23425.0 
312.00324492908135 10.81451612903226 84.0 307.0 0.0 223.0 23527.0 
314.00324492908135 10.81451612903226 85.0 308.0 0.0 223.0 23527.0 
316.00324492908135 10.862903225806452 88.0 312.0 0.0 224.0 23629.0 
318.00324492908135 10.862903225806452 89.0 313.0 0.0 224.0 23629.0 
320.00324492908135 10.911290322580644 91.0 315.0 0.0 225.0 23732.0 
322.00324492908135 10.911290322580644 90.0 317.0 0.0 225.0 23732.0 
324.00324492908135 10.959677419354838 92.0 319.0 0.0 226.0 23835.0 
326.00324492908135 10.959677419354838 96.0 322.0 0.0 226.0 23835.0 
328.00324492908135 11.056451612903226 96.0 324.0 0.0 228.0 24041.0 
330.00324492908135 11.153225806451612 97.0 327.0 0.0 230.0 24245.0 
332.00324492908135 11.153225806451612 98.0 328.0 0.0 230.0 24245.0 
334.00324492908135 11.153225806451612 98.0 328.0 0.0 230.0 24245.0 
336.00324492908135 11.201612903225806 99.0 329.0 0.0 231.0 24348.0 
338.00324492908135 11.25 99.0 330.0 0.0 232.0 24451.0 
340.00324492908135 11.346774193548388 96.0 330.0 0.0 234.0 24655.0 
342.00324492908135 11.443548387096774 96.0 331.0 0.0 236.0 24860.0 
344.00324492908135 11.491935483870968 96.0 333.0 0.0 237.0 24962.0 
346.00324492908135 11.540322580645162 96.0 333.0 0.0 238.0 25064.0 
348.00324492908135 11.540322580645162 96.0 334.0 0.0 238.0 25064.0 
350.00324492908135 11.637096774193548 96.0 334.0 0.0 240.0 25269.0 
352.00324492908135 11.68548387096774 97.0 337.0 0.0 241.0 25372.0 
354.00324492908135 11.733870967741936 100.0 341.0 0.0 242.0 25474.0 
356.00324492908135 11.78225806451613 101.0 343.0 0.0 243.0 25577.0 
358.00324492908135 11.78225806451613 100.0 343.0 0.0 243.0 25577.0 
360.00324492908135 11.975806451612904 99.0 344.0 0.0 247.0 25986.0 
362.00324492908135 12.072580645161292 97.0 346.0 0.0 249.0 26214.0 
364.00324492908135 12.169354838709676 99.0 348.0 0.0 251.0 26420.0 
366.00324492908135 12.21774193548387 97.0 349.0 0.0 252.0 26522.0 
368.00324492908135 12.411290322580644 97.0 349.0 0.0 256.0 26933.0 
370.00324492908135 12.411290322580644 95.0 351.0 0.0 256.0 26933.0 
372.00324492908135 12.556451612903226 95.0 351.0 0.0 259.0 27241.0 
374.00324492908135 12.75 89.0 352.0 0.0 263.0 27700.0 
376.00324492908135 12.943548387096774 88.0 352.0 0.0 267.0 28109.0 
378.00324492908135 13.040322580645162 84.0 353.0 0.0 269.0 28314.0 
380.00324492908135 13.137096774193548 82.0 353.0 0.0 271.0 28519.0 
382.00324492908135 13.137096774193548 83.0 355.0 0.0 271.0 28519.0 
384.00324492908135 13.18548387096774 85.0 359.0 0.0 272.0 28621.0 
386.00324492908135 13.28225806451613 86.0 359.0 0.0 274.0 28827.0 
388.00324492908135 13.475806451612904 86.0 361.0 0.0 278.0 29237.0 
390.00324492908135 13.620967741935482 82.0 362.0 0.0 281.0 29545.0 
392.00324492908135 13.669354838709676 82.0 363.0 0.0 282.0 29648.0 
394.00324492908135 13.81451612903226 81.0 364.0 0.0 285.0 29956.0 
396.00324492908135 13.862903225806454 79.0 364.0 0.0 286.0 30059.0 
398.00324492908135 14.008064516129032 77.0 365.0 0.0 289.0 30367.0 
400.00324492908135 14.104838709677418 77.0 367.0 0.0 291.0 30700.0 
402.00324492908135 14.201612903225804 77.0 370.0 0.0 293.0 30906.0 
404.00324492908135 14.25 77.0 372.0 0.0 294.0 31008.0 
406.00324492908135 14.443548387096772 78.0 375.0 0.0 298.0 31461.0 
408.00324492908135 14.491935483870968 79.0 377.0 0.0 299.0 31563.0 
410.00324492908135 14.491935483870968 80.0 381.0 0.0 299.0 31563.0 
412.00324492908135 14.588709677419356 84.0 383.0 0.0 301.0 31768.0 
414.00324492908135 14.68548387096774 82.0 385.0 0.0 303.0 31973.0 
416.00324492908135 14.733870967741936 82.0 386.0 0.0 304.0 32076.0 
418.00324492908135 14.879032258064518 84.0 389.0 0.0 307.0 32383.0 
420.00324492908135 14.975806451612904 84.0 393.0 0.0 309.0 32588.0 
422.00324492908135 15.072580645161292 84.0 394.0 0.0 311.0 32794.0 
424.00324492908135 15.072580645161292 84.0 395.0 0.0 311.0 32794.0 
426.00324492908135 15.169354838709676 83.0 396.0 0.0 313.0 33000.0 
428.00324492908135 15.411290322580644 81.0 398.0 0.0 318.0 33512.0 
430.00324492908135 15.508064516129032 83.0 401.0 0.0 320.0 33718.0 
432.00324492908135 15.653225806451612 82.0 404.0 0.0 323.0 34025.0 
434.00324492908135 15.701612903225804 83.0 408.0 0.0 324.0 34127.0 
436.00324492908135 15.701612903225804 85.0 409.0 0.0 324.0 34127.0 
438.00324492908135 15.75 86.0 411.0 0.0 325.0 34230.0 
440.00324492908135 15.798387096774196 86.0 411.0 0.0 326.0 34332.0 
442.00324492908135 15.798387096774196 87.0 413.0 0.0 326.0 34332.0 
444.00324492908135 15.846774193548388 90.0 416.0 0.0 327.0 34434.0 
446.00324492908135 15.895161290322582 90.0 417.0 0.0 328.0 34537.0 
448.00324492908135 15.943548387096772 89.0 419.0 0.0 329.0 34640.0 
450.00324492908135 15.991935483870968 90.0 419.0 0.0 330.0 34743.0 
452.00324492908135 15.991935483870968 92.0 422.0 0.0 330.0 34743.0 
454.00324492908135 16.137096774193548 93.0 424.0 0.0 333.0 35051.0 
456.00324492908135 16.330645161290324 92.0 426.0 0.0 337.0 35462.0 
458.00324492908135 16.475806451612904 87.0 427.0 0.0 340.0 35834.0 
460.00324492908135 16.475806451612904 87.0 428.0 0.0 340.0 35834.0 
462.00324492908135 16.475806451612904 89.0 431.0 0.0 340.0 35834.0 
464.00324492908135 16.57258064516129 90.0 431.0 0.0 342.0 36038.0 
466.00324492908135 16.669354838709676 89.0 432.0 0.0 344.0 36243.0 
468.00324492908135 16.717741935483872 89.0 434.0 0.0 345.0 36345.0 
470.00324492908135 16.717741935483872 89.0 435.0 0.0 345.0 36345.0 
472.00324492908135 16.81451612903226 91.0 436.0 0.0 347.0 36549.0 
474.00324492908135 16.81451612903226 91.0 438.0 0.0 347.0 36549.0 
476.00324492908135 16.81451612903226 92.0 439.0 0.0 347.0 36549.0 
478.00324492908135 16.862903225806452 92.0 440.0 0.0 348.0 36652.0 
480.00324492908135 16.911290322580648 92.0 441.0 0.0 349.0 36754.0 
482.00324492908135 16.911290322580648 93.0 443.0 0.0 349.0 36754.0 
484.00324492908135 16.95967741935484 96.0 445.0 0.0 350.0 36857.0 
486.00324492908135 17.056451612903224 93.0 445.0 0.0 352.0 37062.0 
488.00324492908135 17.153225806451612 92.0 446.0 0.0 354.0 37268.0 
490.00324492908135 17.201612903225808 93.0 448.0 0.0 355.0 37370.0 
492.00324492908135 17.298387096774192 93.0 450.0 0.0 357.0 37575.0 
494.00324492908135 17.346774193548388 92.0 451.0 0.0 358.0 37677.0 
496.00324492908135 17.395161290322584 94.0 453.0 0.0 359.0 37779.0 
498.00324492908135 17.395161290322584 95.0 455.0 0.0 359.0 37779.0 
500.00324492908135 17.443548387096776 96.0 456.0 0.0 360.0 37881.0 
502.00324492908135 17.54032258064516 95.0 457.0 0.0 362.0 38085.0 
504.00324492908135 17.588709677419352 94.0 457.0 0.0 363.0 38187.0 
506.00324492908135 17.68548387096774 92.0 457.0 0.0 365.0 38393.0 
508.00324492908135 17.92741935483871 90.0 457.0 0.0 370.0 39007.0 
510.00324492908135 18.07258064516129 88.0 459.0 0.0 373.0 39315.0 
512.0032449290813 18.169354838709676 87.0 461.0 0.0 375.0 39519.0 
514.0032449290813 18.362903225806456 84.0 461.0 0.0 379.0 39929.0 
516.0032449290813 18.459677419354836 83.0 463.0 0.0 381.0 40134.0 
518.0032449290813 18.459677419354836 86.0 467.0 0.0 381.0 40134.0 
520.0032449290813 18.604838709677416 85.0 469.0 0.0 384.0 40442.0 
522.0032449290813 18.75 85.0 470.0 0.0 387.0 40751.0 
524.0032449290813 18.798387096774192 82.0 470.0 0.0 388.0 40854.0 
526.0032449290813 18.895161290322584 81.0 472.0 0.0 390.0 41059.0 
528.0032449290813 18.943548387096776 85.0 476.0 0.0 391.0 41161.0 
530.0032449290813 19.04032258064516 87.0 479.0 0.0 393.0 41367.0 
532.0032449290813 19.18548387096774 89.0 484.0 0.0 396.0 41674.0 
534.0032449290813 19.330645161290324 89.0 486.0 0.0 399.0 41982.0 
536.0032449290813 19.42741935483871 86.0 486.0 0.0 401.0 42186.0 
538.0032449290813 19.57258064516129 85.0 489.0 0.0 404.0 42494.0 
540.0032449290813 19.62096774193548 86.0 491.0 0.0 405.0 42596.0 
542.0032449290813 19.669354838709676 86.0 492.0 0.0 406.0 42699.0 
544.0032449290813 19.766129032258064 85.0 493.0 0.0 408.0 42926.0 
546.0032449290813 19.911290322580648 85.0 494.0 0.0 411.0 43233.0 
548.0032449290813 19.959677419354836 84.0 495.0 0.0 412.0 43335.0 
550.0032449290813 20.008064516129036 83.0 495.0 0.0 413.0 43438.0 
552.0032449290813 20.056451612903224 81.0 495.0 0.0 414.0 43541.0 
554.0032449290813 20.153225806451612 81.0 495.0 0.0 416.0 43746.0 
556.0032449290813 20.201612903225808 80.0 496.0 0.0 417.0 43848.0 
558.0032449290813 20.346774193548388 80.0 499.0 0.0 420.0 44156.0 
560.0032449290813 20.346774193548388 81.0 502.0 0.0 420.0 44156.0 
562.0032449290813 20.395161290322584 83.0 505.0 0.0 421.0 44259.0 
564.0032449290813 20.491935483870964 83.0 505.0 0.0 423.0 44465.0 
566.0032449290813 20.588709677419352 81.0 506.0 0.0 425.0 44671.0 
568.0032449290813 20.637096774193544 82.0 507.0 0.0 426.0 44773.0 
570.0032449290813 20.68548387096774 84.0 511.0 0.0 427.0 44876.0 
572.0032449290813 20.68548387096774 85.0 513.0 0.0 427.0 44876.0 
574.0032449290813 20.733870967741936 87.0 517.0 0.0 428.0 44979.0 
576.0032449290813 20.830645161290324 90.0 519.0 0.0 430.0 45184.0 
578.0032449290813 20.87903225806452 90.0 522.0 0.0 431.0 45286.0 
580.0032449290813 20.92741935483871 90.0 523.0 0.0 432.0 45388.0 
582.0032449290813 20.92741935483871 92.0 524.0 0.0 432.0 45388.0 
584.0032449290813 21.024193548387096 93.0 529.0 0.0 434.0 45593.0 
586.0032449290813 21.169354838709676 95.0 531.0 0.0 437.0 45901.0 
588.0032449290813 21.169354838709676 94.0 531.0 0.0 437.0 45901.0 
590.0000163768304 21.217741935483872 94.0 532.0 0.0 438.0 46003.0 
592.0032449290813 21.31451612903226 98.0 536.0 0.0 440.0 46208.0 
594.0032449290813 21.411290322580648 96.0 538.0 0.0 442.0 46412.0 
596.0032449290813 21.459677419354836 95.0 538.0 0.0 443.0 46536.0 
598.0032449290813 21.604838709677416 95.0 539.0 0.0 446.0 46844.0 
600.0032449290813 21.653225806451612 93.0 539.0 0.0 447.0 46946.0 
602.0032449290813 21.701612903225808 93.0 541.0 0.0 448.0 47048.0 
604.0032449290813 21.75 96.0 544.0 0.0 449.0 47151.0 
606.0032449290813 21.75 97.0 546.0 0.0 449.0 47151.0 
608.0032449290813 21.75 97.0 546.0 0.0 449.0 47151.0 
610.0032449290813 21.75 99.0 548.0 0.0 449.0 47151.0 
612.0032449290813 21.895161290322584 99.0 549.0 0.0 452.0 47526.0 
614.0032449290813 21.991935483870964 98.0 551.0 0.0 454.0 47731.0 
616.0032449290813 21.991935483870964 97.0 551.0 0.0 454.0 47731.0 
618.0032449290813 21.991935483870964 99.0 554.0 0.0 454.0 47731.0 
620.0032449290813 22.18548387096774 97.0 554.0 0.0 458.0 48140.0 
622.0032449290813 22.233870967741936 100.0 558.0 0.0 459.0 48243.0 
624.0032449290813 22.330645161290324 97.0 559.0 0.0 461.0 48448.0 
626.0032449290813 22.330645161290324 98.0 559.0 0.0 461.0 48448.0 
628.0032449290813 22.37903225806452 98.0 561.0 0.0 462.0 48550.0 
630.0032449290813 22.62096774193548 96.0 561.0 0.0 467.0 49062.0 
632.0032449290813 22.717741935483872 94.0 561.0 0.0 469.0 49267.0 
634.0032449290813 22.959677419354836 92.0 564.0 0.0 474.0 49678.0 
636.0032449290813 23.15322580645161 87.0 564.0 0.0 478.0 50089.0 
638.0032449290813 23.201612903225808 86.0 564.0 0.0 479.0 50212.0 
640.0032449290813 23.34677419354839 83.0 565.0 0.0 482.0 50518.0 
642.0032449290813 23.44354838709678 85.0 567.0 0.0 484.0 50724.0 
644.0032449290813 23.491935483870964 83.0 568.0 0.0 485.0 50826.0 
646.0032449290813 23.491935483870964 84.0 569.0 0.0 485.0 50826.0 
648.0032449290813 23.588709677419352 84.0 571.0 0.0 487.0 51031.0 
650.0032449290813 23.637096774193544 84.0 573.0 0.0 488.0 51133.0 
652.0032449290813 23.637096774193544 89.0 577.0 0.0 488.0 51133.0 
654.0032449290813 23.68548387096774 89.0 577.0 0.0 489.0 51289.0 
656.0032449290813 23.68548387096774 89.0 578.0 0.0 489.0 51289.0 
658.0032449290813 23.733870967741936 88.0 578.0 0.0 490.0 51391.0 
660.0032449290813 23.87903225806452 89.0 580.0 0.0 493.0 51697.0 
662.0032449290813 23.975806451612907 86.0 581.0 0.0 495.0 51901.0 
664.0032449290813 24.12096774193548 85.0 581.0 0.0 498.0 52208.0 
666.0032449290813 24.12096774193548 86.0 584.0 0.0 498.0 52208.0 
668.0032449290813 24.169354838709676 88.0 587.0 0.0 499.0 52311.0 
670.0032449290813 24.217741935483872 92.0 591.0 0.0 500.0 52414.0 
672.0032449290813 24.362903225806456 93.0 595.0 0.0 503.0 52721.0 
674.0032449290813 24.411290322580648 91.0 595.0 0.0 504.0 52824.0 
676.0032449290813 24.508064516129036 90.0 596.0 0.0 506.0 53028.0 
678.0032449290813 24.701612903225808 88.0 599.0 0.0 510.0 53439.0 
680.0032449290813 24.798387096774192 87.0 599.0 0.0 512.0 53643.0 
682.0032449290813 24.84677419354839 87.0 600.0 0.0 513.0 53746.0 
684.0032449290813 24.94354838709678 88.0 602.0 0.0 515.0 53951.0 
686.0032449290813 25.088709677419352 86.0 603.0 0.0 518.0 54258.0 
688.0032449290813 25.282258064516128 81.0 603.0 0.0 522.0 54681.0 
690.0032449290813 25.282258064516128 83.0 605.0 0.0 522.0 54681.0 
692.0032449290813 25.330645161290324 83.0 607.0 0.0 523.0 54783.0 
694.0032449290813 25.524193548387093 83.0 608.0 0.0 527.0 55192.0 
696.0032449290813 25.57258064516129 81.0 609.0 0.0 528.0 55294.0 
698.0032449290813 25.669354838709676 80.0 610.0 0.0 530.0 55643.0 
700.0032449290813 25.607999999999997 79.0 611.0 0.0 533.0 56624.0 
702.0032449290813 25.607999999999997 78.0 611.0 0.0 533.0 56624.0 
704.0032449290813 25.752000000000002 78.0 612.0 0.0 536.0 56960.0 
706.0032449290813 25.896 76.0 613.0 0.0 539.0 57267.0 
708.0032449290813 25.991999999999997 75.0 616.0 0.0 541.0 57471.0 
710.0032449290813 25.991999999999997 75.0 618.0 0.0 541.0 57471.0 
712.0003937033138 26.088000000000005 78.0 620.0 0.0 543.0 57676.0 
714.0032449290813 26.136000000000003 77.0 621.0 0.0 544.0 57778.0 
716.0032449290813 26.232 77.0 624.0 0.0 546.0 57982.0 
718.0032449290813 26.232 81.0 628.0 0.0 546.0 57982.0 
720.0032449290813 26.327999999999996 83.0 630.0 0.0 548.0 58186.0 
722.0032449290813 26.375999999999998 84.0 634.0 0.0 549.0 58289.0 
724.0032449290813 26.616 82.0 635.0 0.0 554.0 58835.0 
726.0032449290813 26.616 81.0 636.0 0.0 554.0 58835.0 
728.0032449290813 26.664 83.0 638.0 0.0 555.0 58938.0 
730.0032449290813 26.711999999999996 83.0 639.0 0.0 556.0 59040.0 
732.0032449290813 26.808000000000003 82.0 640.0 0.0 558.0 59492.0 
734.0032449290813 26.808000000000003 83.0 641.0 0.0 558.0 59492.0 
736.0032449290813 26.904000000000003 84.0 642.0 0.0 560.0 59697.0 
738.0032449290813 26.904000000000003 84.0 644.0 0.0 560.0 59697.0 
740.0032449290813 26.904000000000003 87.0 648.0 0.0 560.0 59697.0 
742.0032449290813 26.952 89.0 649.0 0.0 561.0 59800.0 
744.0032449290813 27.048 89.0 651.0 0.0 563.0 60005.0 
746.0032449290813 27.095999999999997 88.0 651.0 0.0 564.0 60108.0 
748.0032449290813 27.143999999999995 86.0 651.0 0.0 565.0 60210.0 
750.0032449290813 27.240000000000002 86.0 652.0 0.0 567.0 60414.0 
752.0032449290813 27.288000000000004 87.0 654.0 0.0 568.0 60516.0 
754.0032449290813 27.528000000000006 82.0 655.0 0.0 573.0 61027.0 
756.0032449290813 27.528000000000006 84.0 657.0 0.0 573.0 61027.0 
758.0032449290813 27.576000000000004 84.0 659.0 0.0 574.0 61129.0 
760.0032449290813 27.576000000000004 91.0 665.0 0.0 574.0 61129.0 
762.0032449290813 27.672000000000004 93.0 667.0 0.0 576.0 61335.0 
764.0032449290813 27.72 91.0 668.0 0.0 577.0 61437.0 
766.0032449290813 27.72 92.0 670.0 0.0 577.0 61437.0 
768.0032449290813 27.863999999999997 93.0 672.0 0.0 580.0 61744.0 
770.0032449290813 27.959999999999994 90.0 672.0 0.0 582.0 61948.0 
772.0032449290813 28.199999999999996 88.0 674.0 0.0 587.0 62460.0 
774.0032449290813 28.344000000000005 88.0 677.0 0.0 590.0 62766.0 
776.0032449290813 28.392000000000003 87.0 678.0 0.0 591.0 62869.0 
778.0032449290813 28.392000000000003 90.0 681.0 0.0 591.0 62869.0 
780.0032449290813 28.488 91.0 685.0 0.0 593.0 63075.0 
782.0032449290813 28.583999999999996 91.0 686.0 0.0 595.0 63281.0 
784.0032449290813 28.679999999999996 94.0 689.0 0.0 597.0 63606.0 
786.0032449290813 28.776000000000003 93.0 691.0 0.0 599.0 63810.0 
788.0032449290813 28.824 92.0 692.0 0.0 600.0 63912.0 
790.0032449290813 28.824 93.0 693.0 0.0 600.0 63912.0 
792.0032449290813 28.92 94.0 694.0 0.0 602.0 64118.0 
794.0032449290813 28.967999999999996 95.0 698.0 0.0 603.0 64220.0 
796.0032449290813 29.064000000000004 95.0 699.0 0.0 605.0 64425.0 
798.0032449290813 29.112000000000002 94.0 699.0 0.0 606.0 64528.0 
800.0032449290813 29.160000000000004 92.0 699.0 0.0 607.0 64630.0 
802.0032449290813 29.160000000000004 93.0 700.0 0.0 607.0 64630.0 
804.0032449290813 29.208 92.0 700.0 0.0 608.0 64733.0 
806.0032449290813 29.208 95.0 703.0 0.0 608.0 64733.0 
808.0032449290813 29.256 94.0 703.0 0.0 609.0 64836.0 
810.0032449290813 29.399999999999995 95.0 707.0 0.0 612.0 65144.0 
812.0032449290813 29.447999999999997 94.0 707.0 0.0 613.0 65247.0 
814.0032449290813 29.592000000000006 91.0 707.0 0.0 616.0 65555.0 
816.0032449290813 29.640000000000004 92.0 708.0 0.0 617.0 65658.0 
818.0032449290813 29.736 90.0 708.0 0.0 619.0 65862.0 
820.0016663423504 29.880000000000003 87.0 708.0 0.0 622.0 66169.0 
822.0032449290813 30.024 85.0 710.0 0.0 625.0 66476.0 
824.0032449290813 30.167999999999996 83.0 710.0 0.0 628.0 66782.0 
826.0032449290813 30.215999999999994 81.0 711.0 0.0 629.0 66885.0 
828.0032449290813 30.264 81.0 711.0 0.0 630.0 66988.0 
830.0032449290813 30.407999999999994 78.0 711.0 0.0 633.0 67295.0 
832.0032449290813 30.456000000000003 79.0 713.0 0.0 634.0 67397.0 
834.0032449290813 30.456000000000003 80.0 714.0 0.0 634.0 67397.0 
836.0007811482276 30.552000000000003 80.0 717.0 0.0 636.0 67602.0 
838.0032449290813 30.600000000000005 82.0 718.0 0.0 637.0 67705.0 
840.0032449290813 30.696 81.0 719.0 0.0 639.0 67910.0 
842.0032449290813 30.887999999999998 81.0 723.0 0.0 643.0 68760.0 
844.0032449290813 30.983999999999995 79.0 724.0 0.0 645.0 68965.0 
846.0032449290813 31.032 81.0 726.0 0.0 646.0 69067.0 
848.0032449290813 31.032 82.0 728.0 0.0 646.0 69067.0 
850.0032449290813 31.032 84.0 730.0 0.0 646.0 69067.0 
852.0032449290813 31.032 86.0 732.0 0.0 646.0 69067.0 
854.0032449290813 31.128000000000004 85.0 732.0 0.0 648.0 69271.0 
856.0032449290813 31.128000000000004 88.0 736.0 0.0 648.0 69271.0 
858.0032449290813 31.320000000000004 87.0 737.0 0.0 652.0 69687.0 
860.0032449290813 31.368000000000002 86.0 741.0 0.0 653.0 70079.0 
862.0032449290813 31.703999999999997 86.0 742.0 0.0 660.0 70798.0 
864.0032449290813 31.8 83.0 744.0 0.0 662.0 71003.0 
866.0032449290813 31.847999999999995 82.0 746.0 0.0 663.0 71105.0 
868.0032449290813 31.895999999999997 86.0 750.0 0.0 664.0 71207.0 
870.0032449290813 32.040000000000006 84.0 751.0 0.0 667.0 71515.0 
872.0032449290813 32.088 86.0 755.0 0.0 668.0 71670.0 
874.0032449290813 32.088 89.0 758.0 0.0 668.0 71670.0 
876.0032449290813 32.232 90.0 760.0 0.0 671.0 71978.0 
878.0032449290813 32.28 89.0 761.0 0.0 672.0 72081.0 
880.0032449290813 32.42399999999999 87.0 761.0 0.0 675.0 72388.0 
882.0032449290813 32.519999999999996 87.0 763.0 0.0 677.0 72594.0 
884.0032449290813 32.61600000000001 86.0 766.0 0.0 679.0 72800.0 
886.0032449290813 32.712 89.0 768.0 0.0 681.0 73005.0 
888.0032449290813 32.80800000000001 86.0 768.0 0.0 683.0 73209.0 
890.0027572429182 32.80800000000001 85.0 768.0 0.0 683.0 73209.0 
892.0032449290813 32.904 86.0 770.0 0.0 685.0 73414.0 
894.0032449290813 32.952 86.0 771.0 0.0 686.0 73516.0 
896.0032449290813 33.144 86.0 773.0 0.0 690.0 74008.0 
898.0032449290813 33.239999999999995 84.0 775.0 0.0 692.0 74213.0 
900.0032449290813 33.239999999999995 83.0 775.0 0.0 692.0 74213.0 
#####################################################################
# End of data export. Simulation finished at: 2020-02-14T23:02+0000 #
#####################################################################
