#####################################################################
# Alchemist log file - simulation started at: 2020-01-19T05:54+0000 #
#####################################################################
# seed = 18.0, taskFrequency = 0.0075, cloudcost = 17.0, algorithm = false
#
# The columns have the following meaning: 
# time taskHops[Mean] hasTask[Sum] tasks[Sum] completedTasks[Sum] giveupTasks[Sum] taskLatency[Sum] 
0.0 NaN 0.0 0.0 0.0 0.0 0.0 
2.0067713218599703 NaN 4.0 4.0 0.0 0.0 0.0 
4.00677132185997 NaN 5.0 6.0 0.0 0.0 0.0 
6.00677132185997 NaN 8.0 9.0 0.0 0.0 0.0 
8.00677132185997 NaN 12.0 14.0 0.0 0.0 0.0 
10.00677132185997 NaN 15.0 16.0 0.0 0.0 0.0 
12.00677132185997 NaN 18.0 18.0 0.0 0.0 0.0 
14.00677132185997 NaN 19.0 19.0 0.0 0.0 0.0 
16.006771321859972 NaN 20.0 20.0 0.0 0.0 0.0 
18.006771321859972 NaN 20.0 20.0 0.0 0.0 0.0 
20.006771321859972 NaN 21.0 21.0 0.0 0.0 0.0 
22.006771321859972 NaN 24.0 24.0 0.0 0.0 0.0 
24.006771321859972 NaN 25.0 25.0 0.0 0.0 0.0 
26.006771321859972 NaN 26.0 26.0 0.0 0.0 0.0 
28.006771321859972 NaN 28.0 28.0 0.0 0.0 0.0 
30.006771321859972 NaN 28.0 28.0 0.0 0.0 0.0 
32.00677132185997 NaN 28.0 29.0 0.0 0.0 0.0 
34.00677132185997 NaN 30.0 30.0 0.0 0.0 0.0 
36.00677132185997 NaN 31.0 31.0 0.0 0.0 0.0 
38.00677132185997 NaN 33.0 33.0 0.0 0.0 0.0 
40.00677132185997 NaN 34.0 34.0 0.0 0.0 0.0 
42.00677132185997 NaN 34.0 35.0 0.0 0.0 0.0 
44.00677132185997 NaN 38.0 38.0 0.0 0.0 0.0 
46.00677132185997 NaN 39.0 39.0 0.0 0.0 0.0 
48.00677132185997 NaN 41.0 41.0 0.0 0.0 0.0 
50.00677132185997 NaN 41.0 42.0 0.0 0.0 0.0 
52.00677132185997 NaN 44.0 44.0 0.0 0.0 0.0 
54.00677132185997 NaN 45.0 45.0 0.0 0.0 0.0 
56.00677132185997 NaN 45.0 45.0 0.0 0.0 0.0 
58.00677132185997 NaN 45.0 45.0 0.0 0.0 0.0 
60.00677132185997 NaN 46.0 49.0 0.0 0.0 0.0 
62.00677132185997 NaN 49.0 49.0 0.0 0.0 0.0 
64.00677132185997 NaN 51.0 51.0 0.0 0.0 0.0 
66.00677132185997 NaN 51.0 51.0 0.0 0.0 0.0 
68.00677132185997 NaN 51.0 51.0 0.0 0.0 0.0 
70.00677132185997 NaN 52.0 52.0 0.0 0.0 0.0 
72.00677132185997 NaN 52.0 52.0 0.0 0.0 0.0 
74.00677132185997 NaN 53.0 53.0 0.0 0.0 0.0 
76.00677132185997 NaN 54.0 55.0 0.0 0.0 0.0 
78.00677132185997 NaN 55.0 55.0 0.0 0.0 0.0 
80.00677132185997 NaN 56.0 56.0 0.0 0.0 0.0 
82.00677132185997 NaN 58.0 58.0 0.0 0.0 0.0 
84.00677132185997 NaN 60.0 60.0 0.0 0.0 0.0 
86.00677132185997 NaN 61.0 61.0 0.0 0.0 0.0 
88.00677132185997 NaN 61.0 61.0 0.0 0.0 0.0 
90.00677132185997 NaN 62.0 62.0 0.0 0.0 0.0 
92.00677132185997 NaN 65.0 66.0 0.0 0.0 0.0 
94.00677132185997 NaN 67.0 67.0 0.0 0.0 0.0 
96.00677132185997 NaN 68.0 68.0 0.0 0.0 0.0 
98.00677132185997 NaN 68.0 68.0 0.0 0.0 0.0 
100.00677132185997 NaN 70.0 70.0 0.0 0.0 0.0 
102.00677132185997 NaN 70.0 70.0 0.0 0.0 0.0 
104.00677132185997 NaN 71.0 71.0 0.0 0.0 0.0 
106.00677132185997 NaN 72.0 73.0 0.0 0.0 0.0 
108.00677132185997 17.0 72.0 73.0 0.0 2.0 209.0 
110.00677132185997 17.0 68.0 73.0 0.0 5.0 516.0 
112.00677132185997 17.0 65.0 73.0 0.0 10.0 1039.0 
114.00677132185997 17.0 63.0 73.0 0.0 12.0 1243.0 
116.00677132185997 17.0 64.0 76.0 0.0 13.0 1346.0 
118.00677132185997 17.0 63.0 76.0 0.0 15.0 1565.0 
120.00677132185997 17.0 62.0 77.0 0.0 15.0 1565.0 
122.00677132185997 17.0 60.0 77.0 0.0 17.0 1778.0 
124.00677132185997 17.0 59.0 78.0 0.0 19.0 1982.0 
126.00677132185997 17.0 60.0 79.0 0.0 20.0 2085.0 
128.00677132185996 17.0 57.0 79.0 0.0 22.0 2310.0 
130.00677132185996 17.0 55.0 79.0 0.0 24.0 2514.0 
132.00677132185996 17.0 55.0 80.0 0.0 24.0 2514.0 
134.00677132185996 17.0 56.0 80.0 0.0 24.0 2514.0 
136.00677132185996 17.0 56.0 81.0 0.0 26.0 2720.0 
138.00677132185996 17.0 57.0 83.0 0.0 28.0 2958.0 
140.00677132185996 17.0 55.0 86.0 0.0 30.0 3162.0 
142.00677132185996 17.0 56.0 87.0 0.0 31.0 3264.0 
144.00677132185996 17.0 56.0 87.0 0.0 31.0 3264.0 
146.00677132185996 17.0 57.0 90.0 0.0 35.0 3712.0 
148.00677132185996 17.0 55.0 90.0 0.0 35.0 3712.0 
150.00677132185996 17.0 56.0 92.0 0.0 37.0 3917.0 
152.00677132185996 17.0 55.0 92.0 0.0 37.0 3917.0 
154.00677132185996 17.0 55.0 93.0 0.0 38.0 4019.0 
156.00677132185996 17.0 55.0 94.0 0.0 39.0 4121.0 
158.00677132185996 17.0 56.0 95.0 0.0 39.0 4121.0 
160.00677132185996 17.0 57.0 96.0 0.0 39.0 4121.0 
162.00677132185996 17.0 57.0 96.0 0.0 40.0 4224.0 
164.00677132185996 17.0 54.0 98.0 0.0 43.0 4533.0 
166.00677132185996 17.0 56.0 99.0 0.0 45.0 4738.0 
168.00677132185996 17.0 55.0 100.0 0.0 45.0 4738.0 
170.00677132185996 17.0 56.0 101.0 0.0 45.0 4738.0 
172.00677132185996 17.0 56.0 101.0 0.0 45.0 4738.0 
174.00677132185996 17.0 56.0 101.0 0.0 45.0 4738.0 
176.00677132185996 17.0 57.0 102.0 0.0 46.0 4841.0 
178.00677132185996 17.0 57.0 103.0 0.0 46.0 4841.0 
180.00677132185996 17.0 57.0 104.0 0.0 48.0 5102.0 
182.00677132185996 17.0 56.0 104.0 0.0 49.0 5205.0 
184.00677132185996 17.0 55.0 104.0 0.0 51.0 5410.0 
186.00677132185996 17.0 52.0 104.0 0.0 53.0 5615.0 
188.00677132185996 17.01851851851852 50.0 104.0 0.0 54.0 5717.0 
190.00677132185996 17.01851851851852 51.0 105.0 0.0 54.0 5717.0 
192.00677132185996 17.01851851851852 51.0 106.0 0.0 54.0 5717.0 
194.00677132185996 17.017543859649123 51.0 108.0 0.0 57.0 6024.0 
196.00677132185996 17.016666666666666 49.0 108.0 0.0 60.0 6380.0 
198.00677132185996 17.016393442622952 49.0 109.0 0.0 61.0 6482.0 
200.00677132185996 17.016393442622952 48.0 109.0 0.0 61.0 6482.0 
202.00677132185996 17.015873015873016 49.0 111.0 0.0 63.0 6687.0 
204.00677132185996 17.015873015873016 48.0 112.0 0.0 63.0 6687.0 
206.00677132185996 17.015625 50.0 114.0 0.0 64.0 6789.0 
208.00677132185996 17.015384615384615 50.0 114.0 0.0 65.0 6891.0 
210.00677132185996 17.015384615384615 49.0 114.0 0.0 65.0 6891.0 
212.00677132185996 17.015384615384615 50.0 115.0 0.0 65.0 6891.0 
214.00677132185996 17.015384615384615 51.0 116.0 0.0 65.0 6891.0 
216.00677132185996 17.015384615384615 51.0 116.0 0.0 65.0 6891.0 
218.00677132185996 17.26865671641791 51.0 116.0 0.0 68.0 7198.0 
220.00677132185996 17.26865671641791 48.0 116.0 0.0 68.0 7198.0 
222.00677132185996 17.264705882352942 47.0 116.0 0.0 69.0 7300.0 
224.00677132185996 17.26086956521739 49.0 119.0 0.0 70.0 7474.0 
226.00677132185996 17.26086956521739 50.0 120.0 0.0 70.0 7474.0 
228.00677132185996 17.507246376811594 51.0 122.0 0.0 71.0 7577.0 
230.00677132185996 17.507246376811594 53.0 124.0 0.0 71.0 7577.0 
232.00677132185996 17.507246376811594 53.0 124.0 0.0 71.0 7577.0 
234.00677132185996 17.507246376811594 54.0 125.0 0.0 71.0 7577.0 
236.00677132185996 17.753623188405797 53.0 125.0 0.0 72.0 7680.0 
238.00677132185996 17.742857142857144 53.0 127.0 0.0 73.0 7782.0 
240.00677132185996 17.72222222222222 54.0 127.0 0.0 75.0 7988.0 
242.00677132185996 17.7027027027027 52.0 127.0 0.0 77.0 8192.0 
244.00677132185996 17.69333333333333 51.0 130.0 0.0 78.0 8295.0 
246.00677132185996 17.907894736842106 51.0 130.0 0.0 80.0 8593.0 
248.00677132185996 17.884615384615383 50.0 131.0 0.0 82.0 8797.0 
250.00677132185996 17.873417721518987 50.0 133.0 0.0 83.0 8900.0 
252.00677132185996 17.85185185185185 50.0 134.0 0.0 85.0 9105.0 
254.00677132185996 17.85185185185185 51.0 136.0 0.0 85.0 9105.0 
256.00677132185996 18.061728395061728 51.0 138.0 0.0 86.0 9207.0 
258.00677132185996 18.271604938271604 52.0 139.0 0.0 87.0 9309.0 
260.00677132185996 18.25609756097561 53.0 140.0 0.0 88.0 9412.0 
262.00677132185996 18.463414634146343 53.0 142.0 0.0 89.0 9515.0 
264.00677132185996 18.463414634146343 53.0 142.0 0.0 89.0 9515.0 
266.00677132185996 18.44578313253012 55.0 145.0 0.0 90.0 9618.0 
268.00677132185996 18.642857142857142 55.0 147.0 0.0 92.0 9823.0 
270.00677132185996 18.845238095238095 55.0 148.0 0.0 93.0 9925.0 
272.00677132185996 18.845238095238095 56.0 149.0 0.0 93.0 9925.0 
274.00677132185996 18.845238095238095 57.0 150.0 0.0 93.0 9925.0 
276.00677132185996 18.845238095238095 58.0 151.0 0.0 93.0 9925.0 
278.00677132185996 19.047619047619047 57.0 151.0 0.0 94.0 10027.0 
280.00677132185996 19.023529411764706 58.0 152.0 0.0 95.0 10129.0 
282.00677132185996 19.223529411764705 56.0 152.0 0.0 96.0 10231.0 
284.00677132185996 19.223529411764705 56.0 152.0 0.0 96.0 10231.0 
286.00677132185996 19.223529411764705 57.0 153.0 0.0 96.0 10231.0 
288.00677132185996 19.223529411764705 58.0 154.0 0.0 96.0 10231.0 
290.00677132185996 19.223529411764705 58.0 154.0 0.0 96.0 10231.0 
292.00677132185996 19.197674418604652 58.0 155.0 0.0 97.0 10333.0 
294.00677132185996 19.197674418604652 58.0 155.0 0.0 97.0 10333.0 
296.00677132185996 19.593023255813954 57.0 155.0 0.0 99.0 10538.0 
298.00677132185996 19.563218390804597 55.0 155.0 0.0 100.0 10641.0 
300.00677132185996 19.75862068965517 55.0 155.0 0.0 101.0 10743.0 
302.00677132185996 19.75862068965517 55.0 156.0 0.0 101.0 10743.0 
304.00677132185996 19.727272727272727 55.0 157.0 0.0 102.0 10845.0 
306.00677132185996 19.920454545454547 54.0 157.0 0.0 103.0 10948.0 
308.00677132185996 19.855555555555554 54.0 159.0 0.0 105.0 11154.0 
310.00677132185996 20.044444444444444 54.0 160.0 0.0 106.0 11257.0 
312.00677132185996 20.01098901098901 54.0 160.0 0.0 107.0 11479.0 
314.00677132185996 20.197802197802197 52.0 160.0 0.0 108.0 11581.0 
316.00677132185996 20.16304347826087 52.0 161.0 0.0 109.0 11683.0 
318.00677132185996 20.16304347826087 52.0 161.0 0.0 109.0 11683.0 
320.00677132185996 20.16304347826087 52.0 161.0 0.0 109.0 11683.0 
322.00677132185996 20.16304347826087 53.0 162.0 0.0 109.0 11683.0 
324.00677132185996 20.16304347826087 53.0 162.0 0.0 109.0 11683.0 
326.00677132185996 20.322580645161292 53.0 163.0 0.0 111.0 11942.0 
328.00677132185996 20.688172043010752 52.0 164.0 0.0 113.0 12147.0 
330.00677132185996 20.688172043010752 52.0 165.0 0.0 113.0 12147.0 
332.00677132185996 20.789473684210527 52.0 166.0 0.0 116.0 12455.0 
334.00677132185996 20.789473684210527 51.0 167.0 0.0 116.0 12455.0 
336.00677132185996 20.96842105263158 51.0 168.0 0.0 117.0 12557.0 
338.00677132185996 20.96842105263158 51.0 168.0 0.0 117.0 12557.0 
340.00677132185996 20.96842105263158 51.0 168.0 0.0 117.0 12557.0 
342.00677132185996 20.88659793814433 49.0 168.0 0.0 119.0 12763.0 
344.00677132185996 20.88659793814433 49.0 168.0 0.0 119.0 12763.0 
346.00677132185996 21.020408163265305 50.0 169.0 0.0 121.0 12968.0 
348.00677132185996 21.193877551020407 47.0 169.0 0.0 122.0 13071.0 
350.00677132185996 21.151515151515152 47.0 169.0 0.0 123.0 13173.0 
352.00677132185996 21.28 47.0 172.0 0.0 125.0 13377.0 
354.00677132185996 21.45 48.0 173.0 0.0 126.0 13479.0 
356.00677132185996 21.405940594059405 47.0 173.0 0.0 127.0 13582.0 
358.00677132185996 21.405940594059405 46.0 173.0 0.0 127.0 13582.0 
360.00677132185996 21.742574257425744 44.0 173.0 0.0 129.0 13788.0 
362.00677132185996 21.650485436893202 43.0 173.0 1.0 131.0 14004.0 
364.00677132185996 21.60576923076923 41.0 174.0 1.0 132.0 14106.0 
366.00677132185996 21.76923076923077 41.0 175.0 1.0 133.0 14209.0 
368.00677132185996 21.885714285714286 40.0 175.0 1.0 135.0 14414.0 
370.00677132185996 22.047619047619044 38.0 175.0 1.0 136.0 14517.0 
372.00677132185996 22.160377358490567 37.0 175.0 1.0 138.0 14723.0 
374.00677132185996 22.320754716981135 36.0 178.0 1.0 139.0 14825.0 
376.00677132185996 22.320754716981135 38.0 179.0 1.0 139.0 14825.0 
378.00677132185996 22.4811320754717 40.0 180.0 1.0 140.0 14927.0 
380.00677132185996 22.4811320754717 40.0 181.0 1.0 140.0 14927.0 
382.00677132185996 22.641509433962263 41.0 182.0 1.0 141.0 15030.0 
384.00677132185996 22.641509433962263 41.0 183.0 1.0 141.0 15030.0 
386.00677132185996 22.641509433962263 41.0 183.0 1.0 141.0 15030.0 
388.0002472734916 22.588785046728972 41.0 183.0 1.0 142.0 15132.0 
390.00677132185996 22.747663551401867 40.0 183.0 1.0 143.0 15234.0 
392.00677132185996 22.747663551401867 39.0 185.0 1.0 143.0 15234.0 
394.00677132185996 22.747663551401867 41.0 185.0 1.0 143.0 15234.0 
396.00677132185996 22.906542056074763 41.0 186.0 1.0 144.0 15337.0 
398.00677132185996 22.906542056074763 42.0 187.0 1.0 144.0 15337.0 
400.00677132185996 22.906542056074763 44.0 189.0 1.0 144.0 15337.0 
402.00677132185996 22.851851851851855 43.0 189.0 1.0 145.0 15733.0 
404.00677132185996 23.00925925925926 43.0 189.0 1.0 146.0 15836.0 
406.00677132185996 23.00925925925926 43.0 190.0 1.0 146.0 15836.0 
408.00677132185996 23.00925925925926 44.0 191.0 1.0 146.0 15836.0 
410.00677132185996 22.954128440366972 44.0 192.0 1.0 147.0 15938.0 
412.00677132185996 23.209090909090907 42.0 193.0 1.0 150.0 16301.0 
414.00677132185996 23.209090909090907 43.0 194.0 1.0 150.0 16301.0 
416.00677132185996 23.363636363636363 44.0 195.0 1.0 151.0 16414.0 
418.00677132185996 23.363636363636363 43.0 196.0 1.0 151.0 16414.0 
420.00677132185996 23.363636363636363 45.0 197.0 1.0 151.0 16414.0 
422.00677132185996 23.363636363636363 46.0 198.0 1.0 151.0 16414.0 
424.00677132185996 23.306306306306304 47.0 199.0 1.0 152.0 16517.0 
426.00677132185996 23.306306306306304 46.0 199.0 1.0 152.0 16517.0 
428.00677132185996 23.45945945945946 45.0 199.0 1.0 153.0 16619.0 
430.00677132185996 23.61261261261261 45.0 199.0 1.0 154.0 16721.0 
432.00677132185996 23.765765765765767 46.0 201.0 1.0 155.0 16823.0 
434.00677132185996 23.91891891891892 44.0 202.0 1.0 156.0 16925.0 
436.00677132185996 24.07207207207207 46.0 203.0 1.0 157.0 17028.0 
438.00677132185996 24.225225225225223 44.0 203.0 1.0 158.0 17130.0 
440.00677132185996 24.225225225225223 44.0 203.0 1.0 158.0 17130.0 
442.00677132185996 24.225225225225223 44.0 203.0 1.0 158.0 17130.0 
444.00677132185996 24.225225225225223 44.0 203.0 1.0 158.0 17130.0 
446.00677132185996 24.225225225225223 44.0 204.0 1.0 158.0 17130.0 
448.00677132185996 24.37837837837838 45.0 205.0 1.0 159.0 17232.0 
450.00677132185996 24.37837837837838 47.0 207.0 1.0 159.0 17232.0 
452.00677132185996 24.37837837837838 47.0 207.0 1.0 159.0 17232.0 
454.00677132185996 24.684684684684683 47.0 207.0 1.0 161.0 17438.0 
456.00677132185996 24.83783783783784 44.0 207.0 1.0 162.0 17540.0 
458.00677132185996 24.83783783783784 44.0 207.0 1.0 162.0 17540.0 
460.00677132185996 24.83783783783784 44.0 207.0 1.0 162.0 17540.0 
462.00677132185996 24.83783783783784 44.0 207.0 1.0 162.0 17540.0 
464.00677132185996 24.83783783783784 44.0 207.0 1.0 162.0 17540.0 
466.00677132185996 24.767857142857142 44.0 208.0 1.0 163.0 17642.0 
468.00677132185996 24.919642857142854 45.0 209.0 1.0 164.0 17744.0 
470.00677132185996 24.919642857142854 45.0 210.0 1.0 164.0 17744.0 
472.00677132185996 24.919642857142854 45.0 210.0 1.0 164.0 17744.0 
474.00677132185996 24.919642857142854 45.0 210.0 1.0 164.0 17744.0 
476.00677132185996 25.071428571428573 45.0 212.0 1.0 165.0 17846.0 
478.00677132185996 25.375 45.0 213.0 1.0 167.0 18052.0 
480.00677132185996 25.678571428571427 44.0 213.0 1.0 169.0 18258.0 
482.00677132185996 25.526315789473685 43.0 213.0 1.0 171.0 18575.0 
484.00677132185996 25.675438596491226 42.0 216.0 1.0 172.0 18677.0 
486.00677132185996 25.824561403508774 44.0 217.0 1.0 173.0 18779.0 
488.00677132185996 25.747826086956522 42.0 217.0 1.0 174.0 19143.0 
490.00677132185996 25.747826086956522 44.0 220.0 1.0 174.0 19143.0 
492.00677132185996 25.747826086956522 46.0 221.0 1.0 174.0 19143.0 
494.00677132185996 25.747826086956522 46.0 221.0 1.0 174.0 19143.0 
496.00677132185996 26.043478260869566 45.0 222.0 1.0 176.0 19349.0 
498.00677132185996 26.191304347826083 44.0 222.0 1.0 177.0 19451.0 
500.00677132185996 26.33913043478261 44.0 222.0 1.0 178.0 19553.0 
502.00677132185996 26.63478260869565 43.0 223.0 1.0 180.0 19757.0 
504.00677132185996 26.63478260869565 43.0 224.0 1.0 180.0 19757.0 
506.00677132185996 26.63478260869565 44.0 225.0 1.0 180.0 19757.0 
508.00677132185996 26.782608695652176 44.0 227.0 1.0 181.0 19860.0 
510.00677132185996 26.930434782608693 45.0 227.0 1.0 182.0 19962.0 
512.00677132186 27.07826086956522 46.0 229.0 1.0 183.0 20065.0 
514.00677132186 27.07826086956522 46.0 230.0 1.0 183.0 20065.0 
516.00677132186 27.22608695652174 45.0 230.0 1.0 184.0 20167.0 
518.00677132186 27.37391304347826 44.0 230.0 1.0 185.0 20272.0 
520.00677132186 27.37391304347826 45.0 231.0 1.0 185.0 20272.0 
522.00677132186 27.669565217391302 44.0 232.0 1.0 187.0 20477.0 
524.00677132186 27.81739130434783 44.0 233.0 1.0 188.0 20579.0 
526.00677132186 27.965217391304346 44.0 234.0 1.0 189.0 20681.0 
528.00677132186 27.965217391304346 45.0 235.0 1.0 189.0 20681.0 
530.00677132186 27.965217391304346 47.0 237.0 1.0 189.0 20681.0 
532.00677132186 27.965217391304346 47.0 237.0 1.0 189.0 20681.0 
534.00677132186 28.26086956521739 48.0 239.0 1.0 191.0 20885.0 
536.00677132186 28.26086956521739 47.0 239.0 1.0 191.0 20885.0 
538.00677132186 28.556521739130435 46.0 240.0 1.0 193.0 21091.0 
540.00677132186 28.456896551724135 46.0 240.0 1.0 194.0 21525.0 
542.00677132186 28.456896551724135 46.0 241.0 1.0 194.0 21525.0 
544.00677132186 28.60344827586207 47.0 242.0 1.0 195.0 21654.0 
546.00677132186 28.60344827586207 47.0 243.0 1.0 195.0 21654.0 
548.00677132186 28.60344827586207 48.0 244.0 1.0 195.0 21654.0 
550.00677132186 28.89655172413793 47.0 244.0 1.0 197.0 21860.0 
552.00677132186 29.189655172413794 47.0 245.0 1.0 199.0 22066.0 
554.00677132186 29.189655172413794 46.0 246.0 1.0 199.0 22066.0 
556.00677132186 29.189655172413794 46.0 246.0 1.0 199.0 22066.0 
558.00677132186 29.189655172413794 48.0 248.0 1.0 199.0 22066.0 
560.00677132186 29.085470085470085 48.0 248.0 1.0 200.0 22403.0 
562.00677132186 29.085470085470085 48.0 250.0 1.0 200.0 22403.0 
564.00677132186 29.085470085470085 50.0 251.0 1.0 200.0 22403.0 
566.00677132186 29.085470085470085 50.0 251.0 1.0 200.0 22403.0 
568.00677132186 29.085470085470085 51.0 252.0 1.0 200.0 22403.0 
570.00677132186 29.376068376068375 51.0 253.0 1.0 202.0 22609.0 
572.00677132186 29.271186440677965 51.0 254.0 1.0 203.0 22712.0 
574.00677132186 29.271186440677965 50.0 254.0 1.0 203.0 22712.0 
576.00677132186 29.271186440677965 50.0 254.0 1.0 203.0 22712.0 
578.00677132186 29.41525423728813 52.0 256.0 1.0 204.0 22814.0 
580.0033533359681 29.703389830508478 51.0 258.0 1.0 206.0 23019.0 
582.00677132186 29.703389830508478 52.0 259.0 1.0 206.0 23019.0 
584.00677132186 29.703389830508478 52.0 259.0 1.0 206.0 23019.0 
586.00677132186 29.739495798319332 52.0 260.0 1.0 208.0 23223.0 
588.00677132186 30.02521008403361 49.0 260.0 1.0 210.0 23597.0 
590.0055318356561 30.02521008403361 49.0 261.0 1.0 210.0 23597.0 
592.00677132186 30.3109243697479 49.0 261.0 1.0 212.0 23801.0 
594.00677132186 30.596638655462186 48.0 262.0 1.0 214.0 24007.0 
596.00677132186 30.596638655462186 47.0 262.0 1.0 214.0 24007.0 
598.00677132186 30.88235294117647 46.0 263.0 1.0 216.0 24479.0 
600.00677132186 30.88235294117647 46.0 263.0 1.0 216.0 24479.0 
602.00677132186 30.88235294117647 46.0 263.0 1.0 216.0 24479.0 
604.00677132186 30.88235294117647 46.0 263.0 1.0 216.0 24479.0 
606.00677132186 31.02521008403361 48.0 267.0 1.0 217.0 24581.0 
608.00677132186 31.168067226890756 49.0 269.0 1.0 218.0 24683.0 
610.00677132186 31.168067226890756 51.0 270.0 1.0 218.0 24683.0 
612.00677132186 31.453781512605037 49.0 271.0 1.0 220.0 24889.0 
614.00677132186 31.739495798319332 51.0 272.0 1.0 222.0 25095.0 
616.00677132186 31.882352941176475 50.0 273.0 1.0 223.0 25197.0 
618.00677132186 31.882352941176475 49.0 273.0 1.0 223.0 25197.0 
620.00677132186 31.882352941176475 51.0 275.0 1.0 223.0 25197.0 
622.00677132186 32.02521008403362 50.0 275.0 1.0 224.0 25299.0 
624.00677132186 32.168067226890756 50.0 275.0 1.0 225.0 25402.0 
626.00677132186 32.168067226890756 49.0 275.0 1.0 225.0 25402.0 
628.00677132186 32.45378151260504 50.0 279.0 1.0 227.0 25607.0 
630.00677132186 32.596638655462186 51.0 280.0 1.0 228.0 25709.0 
632.00677132186 32.88235294117647 51.0 281.0 1.0 230.0 25913.0 
634.00677132186 32.88235294117647 52.0 283.0 1.0 230.0 25913.0 
636.00677132186 33.168067226890756 52.0 283.0 1.0 232.0 26117.0 
638.00677132186 33.168067226890756 50.0 283.0 1.0 232.0 26117.0 
640.00677132186 33.168067226890756 50.0 283.0 1.0 232.0 26117.0 
642.00677132186 33.310924369747895 49.0 283.0 1.0 233.0 26220.0 
644.00677132186 33.596638655462186 48.0 283.0 1.0 235.0 26463.0 
646.00677132186 33.739495798319325 48.0 284.0 1.0 236.0 26565.0 
648.00677132186 33.88235294117648 49.0 286.0 1.0 237.0 26667.0 
650.00677132186 34.02521008403361 49.0 287.0 1.0 238.0 26770.0 
652.00677132186 34.02521008403361 49.0 288.0 1.0 238.0 26770.0 
654.00677132186 34.168067226890756 49.0 288.0 1.0 239.0 26872.0 
656.00677132186 34.310924369747895 48.0 288.0 1.0 240.0 26974.0 
658.00677132186 34.310924369747895 47.0 288.0 1.0 240.0 26974.0 
660.00677132186 34.60504201680672 47.0 288.0 1.0 242.0 27180.0 
662.00677132186 34.60504201680672 45.0 289.0 1.0 242.0 27180.0 
664.00677132186 34.74789915966387 45.0 289.0 1.0 243.0 27282.0 
666.00677132186 35.03361344537815 44.0 289.0 1.0 245.0 27487.0 
668.00677132186 35.03361344537815 44.0 290.0 1.0 245.0 27487.0 
670.00677132186 35.17647058823529 43.0 290.0 1.0 246.0 27589.0 
672.00677132186 35.31932773109243 44.0 292.0 1.0 247.0 27691.0 
674.00677132186 35.46218487394958 45.0 293.0 1.0 248.0 27794.0 
676.00677132186 35.46218487394958 45.0 294.0 1.0 248.0 27794.0 
678.00677132186 35.46218487394958 47.0 296.0 1.0 248.0 27794.0 
680.00677132186 35.14754098360655 44.0 297.0 1.0 252.0 29245.0 
682.00677132186 35.286885245901644 43.0 298.0 1.0 253.0 29347.0 
684.00677132186 35.42622950819673 43.0 298.0 1.0 254.0 29449.0 
686.00677132186 35.42622950819673 45.0 300.0 1.0 254.0 29449.0 
688.00677132186 35.56557377049181 44.0 300.0 1.0 255.0 29551.0 
690.00677132186 35.56557377049181 44.0 300.0 1.0 255.0 29551.0 
692.00677132186 35.56557377049181 44.0 300.0 1.0 255.0 29551.0 
694.00677132186 35.70491803278689 43.0 300.0 1.0 256.0 29653.0 
696.00677132186 35.844262295081975 42.0 300.0 1.0 257.0 29755.0 
698.00677132186 35.844262295081975 42.0 300.0 1.0 257.0 29755.0 
700.00677132186 35.98360655737706 42.0 300.0 1.0 258.0 29857.0 
702.00677132186 35.98360655737706 41.0 300.0 1.0 258.0 29857.0 
704.00677132186 35.98360655737706 42.0 301.0 1.0 258.0 29857.0 
706.00677132186 35.98360655737706 43.0 302.0 1.0 258.0 29857.0 
708.00677132186 36.40163934426229 42.0 303.0 1.0 261.0 30163.0 
710.00677132186 36.68032786885246 39.0 304.0 1.0 263.0 30368.0 
712.00677132186 37.09836065573771 39.0 304.0 1.0 266.0 30704.0 
714.00677132186 37.09836065573771 38.0 305.0 1.0 266.0 30704.0 
716.00677132186 37.07317073170732 38.0 306.0 1.0 268.0 30909.0 
718.00677132186 37.21138211382113 37.0 307.0 1.0 269.0 31011.0 
720.00677132186 37.21138211382113 37.0 308.0 1.0 269.0 31011.0 
722.00677132186 37.48780487804877 37.0 308.0 1.0 271.0 31215.0 
724.00677132186 37.48780487804877 36.0 309.0 1.0 271.0 31215.0 
726.00677132186 37.48780487804877 37.0 309.0 1.0 271.0 31215.0 
728.00677132186 37.48780487804877 37.0 310.0 1.0 271.0 31215.0 
730.00677132186 37.90243902439025 39.0 311.0 1.0 274.0 31522.0 
732.00677132186 38.04065040650407 36.0 312.0 1.0 275.0 31624.0 
734.00677132186 38.17886178861788 36.0 312.0 1.0 276.0 31726.0 
736.00677132186 38.31707317073171 36.0 313.0 1.0 277.0 31828.0 
738.00677132186 38.31707317073171 36.0 314.0 1.0 277.0 31828.0 
740.00677132186 38.31707317073171 37.0 315.0 1.0 277.0 31828.0 
742.00677132186 38.31707317073171 37.0 316.0 1.0 277.0 31828.0 
744.00677132186 38.31707317073171 38.0 316.0 1.0 277.0 31828.0 
746.00677132186 38.31707317073171 38.0 316.0 1.0 277.0 31828.0 
748.00677132186 38.45528455284554 38.0 316.0 1.0 278.0 31931.0 
750.00677132186 38.73170731707316 37.0 318.0 1.0 280.0 32136.0 
752.00677132186 38.86991869918699 37.0 319.0 1.0 281.0 32238.0 
754.00677132186 39.00813008130082 39.0 321.0 1.0 282.0 32340.0 
756.00677132186 39.00813008130082 39.0 322.0 1.0 282.0 32340.0 
758.00677132186 39.00813008130082 39.0 323.0 1.0 282.0 32340.0 
760.00677132186 39.00813008130082 41.0 324.0 1.0 282.0 32340.0 
762.00677132186 39.00813008130082 42.0 325.0 1.0 282.0 32340.0 
764.00677132186 39.00813008130082 42.0 325.0 1.0 282.0 32340.0 
766.00677132186 39.00813008130082 44.0 327.0 1.0 282.0 32340.0 
768.00677132186 39.00813008130082 44.0 327.0 1.0 282.0 32340.0 
770.00677132186 39.28455284552845 43.0 328.0 1.0 284.0 32727.0 
772.00677132186 39.28455284552845 43.0 328.0 1.0 284.0 32727.0 
774.00677132186 39.5609756097561 44.0 330.0 1.0 286.0 32932.0 
776.00677132186 39.69918699186992 43.0 331.0 1.0 287.0 33034.0 
778.00677132186 39.83739837398373 45.0 335.0 1.0 288.0 33137.0 
780.00677132186 40.11382113821138 46.0 336.0 1.0 290.0 33341.0 
782.00677132186 40.11382113821138 46.0 337.0 1.0 290.0 33341.0 
784.00677132186 40.2520325203252 47.0 338.0 1.0 291.0 33491.0 
786.00677132186 40.2520325203252 46.0 338.0 1.0 291.0 33491.0 
788.00677132186 40.39024390243903 47.0 339.0 1.0 292.0 33594.0 
790.00677132186 40.39024390243903 46.0 340.0 1.0 292.0 33594.0 
792.00677132186 40.52845528455285 47.0 340.0 1.0 293.0 33704.0 
794.00677132186 40.52845528455285 46.0 340.0 1.0 293.0 33704.0 
796.00677132186 40.52845528455285 46.0 340.0 1.0 293.0 33704.0 
798.00677132186 40.52845528455285 47.0 342.0 1.0 293.0 33704.0 
800.00677132186 40.52845528455285 48.0 343.0 1.0 293.0 33704.0 
802.00677132186 40.52845528455285 49.0 343.0 1.0 293.0 33704.0 
804.00677132186 40.52845528455285 49.0 343.0 1.0 293.0 33704.0 
806.00677132186 40.66666666666667 48.0 343.0 1.0 294.0 33806.0 
808.00677132186 40.80487804878048 47.0 343.0 1.0 295.0 33908.0 
810.00677132186 40.94308943089432 49.0 346.0 1.0 296.0 34010.0 
812.00677132186 41.08130081300814 48.0 346.0 1.0 297.0 34141.0 
814.00677132186 41.21951219512195 47.0 346.0 1.0 298.0 34244.0 
816.00677132186 41.35772357723577 46.0 346.0 1.0 299.0 34346.0 
818.00677132186 41.35772357723577 47.0 347.0 1.0 299.0 34346.0 
820.00677132186 41.49593495934959 46.0 347.0 1.0 300.0 34448.0 
822.00677132186 41.63414634146342 47.0 348.0 1.0 301.0 34554.0 
824.00677132186 41.77235772357723 46.0 349.0 1.0 302.0 34657.0 
826.00677132186 41.77235772357723 46.0 349.0 1.0 302.0 34657.0 
828.00677132186 41.91056910569106 45.0 349.0 1.0 303.0 34760.0 
830.00677132186 41.91056910569106 45.0 349.0 1.0 303.0 34760.0 
832.00677132186 42.1869918699187 44.0 349.0 1.0 305.0 34966.0 
834.00677132186 42.1869918699187 43.0 349.0 1.0 305.0 34966.0 
836.00677132186 42.1869918699187 44.0 350.0 1.0 305.0 34966.0 
838.00677132186 42.32520325203253 46.0 352.0 1.0 306.0 35068.0 
840.00677132186 42.46341463414633 47.0 355.0 1.0 307.0 35170.0 
842.00677132186 42.60162601626017 48.0 356.0 1.0 308.0 35272.0 
844.00677132186 42.60162601626017 47.0 356.0 1.0 308.0 35272.0 
846.00677132186 42.73983739837398 48.0 358.0 1.0 309.0 35375.0 
848.00677132186 42.73983739837398 49.0 359.0 1.0 309.0 35375.0 
850.00677132186 42.73983739837398 50.0 360.0 1.0 309.0 35375.0 
852.00677132186 43.01626016260163 49.0 360.0 1.0 311.0 35579.0 
854.00677132186 42.94354838709678 47.0 360.0 1.0 313.0 36262.0 
856.00677132186 42.94354838709678 47.0 361.0 1.0 313.0 36262.0 
858.00677132186 43.080645161290334 47.0 361.0 1.0 314.0 36364.0 
860.00677132186 43.080645161290334 47.0 363.0 1.0 314.0 36364.0 
862.00677132186 43.21774193548387 47.0 363.0 1.0 315.0 36466.0 
864.00677132186 43.35483870967742 47.0 363.0 1.0 316.0 36568.0 
866.00677132186 43.35483870967742 47.0 364.0 1.0 316.0 36568.0 
868.00677132186 43.62903225806452 46.0 364.0 1.0 318.0 36773.0 
870.00677132186 43.62903225806452 47.0 366.0 1.0 318.0 36773.0 
872.00677132186 43.76612903225807 47.0 366.0 1.0 319.0 36875.0 
874.00677132186 43.76612903225807 46.0 366.0 1.0 319.0 36875.0 
876.00677132186 43.903225806451616 46.0 366.0 1.0 320.0 36977.0 
878.00677132186 44.177419354838705 45.0 367.0 1.0 322.0 37080.0 
880.00677132186 44.451612903225815 43.0 368.0 1.0 324.0 37285.0 
882.00677132186 45.0 41.0 369.0 1.0 328.0 37722.0 
884.00677132186 45.13709677419356 40.0 369.0 1.0 329.0 37824.0 
886.00677132186 45.274193548387096 39.0 369.0 1.0 330.0 37926.0 
888.00677132186 45.274193548387096 38.0 369.0 1.0 330.0 37926.0 
890.00677132186 45.41129032258065 39.0 370.0 1.0 331.0 38028.0 
892.00677132186 45.41129032258065 39.0 371.0 1.0 331.0 38028.0 
894.00677132186 45.548387096774185 39.0 372.0 1.0 332.0 38131.0 
896.00677132186 45.548387096774185 39.0 372.0 1.0 332.0 38131.0 
898.00677132186 45.548387096774185 40.0 373.0 1.0 332.0 38131.0 
900.00677132186 45.685483870967744 40.0 374.0 1.0 333.0 38234.0 
#####################################################################
# End of data export. Simulation finished at: 2020-01-19T05:56+0000 #
#####################################################################
