#####################################################################
# Alchemist log file - simulation started at: 2020-03-02T19:35+0000 #
#####################################################################
# seed = 92.0, taskFrequency = 0.01778, cloudcost = 17.0, algorithm = true
#
# The columns have the following meaning: 
# time taskHops[Mean] hasTask[Sum] tasks[Sum] completedTasks[Sum] giveupTasks[Sum] taskLatency[Sum] 
0.0 NaN 0.0 0.0 0.0 0.0 0.0 
2.0003681971117864 NaN 2.0 2.0 0.0 0.0 0.0 
4.000368197111786 NaN 4.0 6.0 0.0 0.0 0.0 
6.000368197111786 NaN 8.0 9.0 0.0 0.0 0.0 
8.000368197111786 NaN 10.0 13.0 0.0 0.0 0.0 
10.000368197111786 NaN 16.0 17.0 0.0 0.0 0.0 
12.000368197111786 NaN 18.0 19.0 0.0 0.0 0.0 
14.000368197111786 2.0 27.0 29.0 1.0 0.0 13.0 
16.000368197111786 1.5 31.0 34.0 2.0 0.0 27.0 
18.000368197111786 1.1666666666666667 34.0 37.0 6.0 0.0 83.0 
20.000368197111786 1.3333333333333333 31.0 40.0 10.0 0.0 127.0 
22.000368197111786 1.3636363636363635 33.0 44.0 12.0 0.0 154.0 
24.000368197111786 1.4615384615384615 32.0 49.0 14.0 0.0 182.0 
26.000368197111786 1.4 36.0 52.0 16.0 0.0 211.0 
28.000368197111786 1.3529411764705883 35.0 54.0 18.0 0.0 243.0 
30.000368197111786 1.4210526315789473 39.0 59.0 20.0 0.0 277.0 
32.00036819711178 1.4285714285714286 39.0 60.0 22.0 0.0 312.0 
34.00036819711178 1.5416666666666667 39.0 62.0 25.0 0.0 369.0 
36.00036819711178 1.64 37.0 62.0 27.0 0.0 403.0 
38.00036819711178 1.7857142857142858 37.0 66.0 30.0 0.0 471.0 
40.00036819711178 1.793103448275862 38.0 70.0 31.0 0.0 498.0 
42.00036819711178 1.793103448275862 43.0 74.0 31.0 0.0 498.0 
44.00036819711178 1.7666666666666666 44.0 77.0 32.0 0.0 518.0 
46.00036819711178 1.7419354838709677 46.0 79.0 33.0 0.0 531.0 
48.00036819711178 1.75 46.0 80.0 34.0 0.0 550.0 
50.00036819711178 1.7777777777777777 43.0 80.0 39.0 0.0 643.0 
52.00036819711178 1.7777777777777777 42.0 82.0 39.0 0.0 643.0 
54.00036819711178 1.810810810810811 45.0 86.0 40.0 0.0 663.0 
56.00036819711178 1.846153846153846 47.0 89.0 42.0 0.0 722.0 
58.00036819711178 1.9 48.0 93.0 44.0 0.0 753.0 
60.00036819711178 1.9 52.0 96.0 44.0 0.0 753.0 
62.00036819711178 1.8780487804878048 53.0 97.0 45.0 0.0 772.0 
64.00036819711178 1.951219512195122 52.0 100.0 46.0 0.0 796.0 
66.00036819711178 2.073170731707317 58.0 105.0 47.0 0.0 822.0 
68.00036819711178 2.1363636363636362 57.0 107.0 50.0 0.0 909.0 
70.00036819711178 2.111111111111111 58.0 108.0 51.0 0.0 927.0 
72.00036819711178 2.111111111111111 58.0 110.0 51.0 0.0 927.0 
74.00036819711178 2.041666666666667 57.0 111.0 54.0 0.0 977.0 
76.00036819711178 2.083333333333333 62.0 116.0 55.0 0.0 994.0 
78.00036819711178 2.0816326530612246 62.0 118.0 56.0 0.0 1008.0 
80.00036819711178 2.1764705882352944 64.0 121.0 58.0 0.0 1100.0 
82.00036819711178 2.264150943396227 65.0 123.0 60.0 0.0 1162.0 
84.00036819711178 2.2363636363636363 65.0 125.0 62.0 0.0 1195.0 
86.00036819711178 2.2363636363636363 64.0 127.0 62.0 0.0 1195.0 
88.00036819711178 2.2678571428571432 64.0 129.0 65.0 0.0 1234.0 
90.00036819711178 2.2413793103448274 63.0 129.0 68.0 0.0 1312.0 
92.00036819711178 2.2203389830508473 63.0 133.0 69.0 0.0 1325.0 
94.00036819711178 2.2203389830508473 65.0 134.0 69.0 0.0 1325.0 
96.00036819711178 2.213114754098361 62.0 135.0 72.0 0.0 1394.0 
98.00036819711178 2.245901639344262 64.0 138.0 73.0 0.0 1428.0 
100.00036819711178 2.2380952380952386 66.0 140.0 75.0 0.0 1484.0 
102.00036819711178 2.26984126984127 65.0 141.0 76.0 0.0 1502.0 
104.00036819711178 2.26984126984127 67.0 143.0 76.0 0.0 1502.0 
106.00036819711178 2.296875 69.0 146.0 77.0 0.0 1583.0 
108.00036819711178 2.529411764705882 70.0 149.0 80.0 1.0 1786.0 
110.00036819711178 2.529411764705882 68.0 149.0 80.0 1.0 1786.0 
112.00036819711178 2.5735294117647056 71.0 152.0 82.0 1.0 1821.0 
114.00036819711178 3.0428571428571427 71.0 155.0 83.0 3.0 2086.0 
116.00036819711178 4.1558441558441555 69.0 156.0 84.0 9.0 2566.0 
118.00036819711178 5.012658227848101 61.0 156.0 86.0 13.0 2839.0 
120.00036819711178 5.658536585365854 57.0 157.0 86.0 17.0 3081.0 
122.00036819711178 6.352941176470589 52.0 158.0 88.0 21.0 3490.0 
124.00036819711178 6.552941176470587 52.0 161.0 88.0 22.0 3539.0 
126.00036819711178 7.03370786516854 51.0 162.0 89.0 26.0 3959.0 
128.00036819711178 8.278350515463917 40.0 165.0 91.0 36.0 4627.0 
130.00036819711178 8.418367346938775 39.0 167.0 93.0 37.0 4755.0 
132.00036819711178 8.438775510204081 38.0 168.0 94.0 37.0 4780.0 
134.00036819711178 8.393939393939394 38.0 169.0 96.0 37.0 4819.0 
136.00036819711178 8.464646464646465 38.0 172.0 98.0 37.0 4883.0 
138.00036819711178 8.6 38.0 175.0 99.0 38.0 4985.0 
140.00036819711178 8.813725490196079 38.0 176.0 101.0 40.0 5184.0 
142.00036819711178 8.843137254901961 38.0 180.0 102.0 40.0 5185.0 
144.00036819711178 9.03921568627451 41.0 185.0 103.0 41.0 5291.0 
146.00036819711178 9.049019607843139 42.0 187.0 104.0 41.0 5308.0 
148.00036819711178 9.215686274509803 42.0 188.0 104.0 42.0 5336.0 
150.00036819711178 9.456310679611653 45.0 192.0 104.0 44.0 5442.0 
152.00036819711178 9.740384615384617 41.0 192.0 106.0 46.0 5500.0 
154.00036819711178 9.769230769230768 42.0 196.0 108.0 46.0 5536.0 
156.00036819711178 9.866666666666665 41.0 196.0 109.0 47.0 5655.0 
158.00036819711178 10.379629629629628 40.0 198.0 109.0 52.0 5947.0 
160.00036819711178 10.770642201834864 38.0 202.0 110.0 55.0 6102.0 
162.00036819711178 10.926605504587155 36.0 203.0 110.0 56.0 6120.0 
164.00036819711178 10.954128440366972 36.0 204.0 111.0 56.0 6180.0 
166.00036819711178 11.163636363636366 38.0 206.0 111.0 58.0 6282.0 
168.00036819711178 11.432432432432432 35.0 207.0 114.0 60.0 6461.0 
170.00036819711178 11.660714285714285 34.0 208.0 114.0 62.0 6636.0 
172.00036819711178 11.821428571428573 34.0 212.0 115.0 63.0 6653.0 
174.00036819711178 11.875 35.0 214.0 118.0 63.0 6710.0 
176.00036819711178 11.929203539823009 35.0 217.0 118.0 64.0 6811.0 
178.00036819711178 12.280701754385964 34.0 219.0 119.0 67.0 6890.0 
180.00036819711178 12.280701754385964 35.0 222.0 119.0 67.0 6890.0 
182.00036819711178 12.478260869565217 34.0 222.0 120.0 69.0 7040.0 
184.00036819711178 12.525862068965516 33.0 224.0 121.0 70.0 7061.0 
186.00036819711178 12.735042735042734 34.0 226.0 122.0 72.0 7283.0 
188.00036819711178 12.771186440677965 31.0 226.0 122.0 73.0 7347.0 
190.00036819711178 12.788135593220337 32.0 229.0 123.0 73.0 7361.0 
192.00036819711178 12.898305084745763 33.0 230.0 126.0 73.0 7480.0 
194.00036819711178 13.059322033898306 35.0 236.0 127.0 74.0 7494.0 
196.00036819711178 13.059322033898306 37.0 238.0 127.0 74.0 7494.0 
198.00036819711178 12.99159663865546 38.0 240.0 128.0 74.0 7606.0 
200.00036819711178 13.142857142857144 38.0 242.0 129.0 75.0 7623.0 
202.00036819711178 13.151260504201682 40.0 245.0 130.0 75.0 7640.0 
204.00036819711178 13.151260504201682 43.0 248.0 130.0 75.0 7640.0 
206.00036819711178 13.159663865546218 43.0 249.0 131.0 75.0 7656.0 
208.00036819711178 13.378151260504202 43.0 249.0 132.0 76.0 7801.0 
210.00036819711178 13.445378151260504 41.0 251.0 136.0 76.0 7859.0 
212.00036819711178 13.445378151260504 40.0 253.0 136.0 76.0 7859.0 
214.00036819711178 13.453781512605042 43.0 255.0 137.0 76.0 7873.0 
216.00036819711178 13.478991596638656 44.0 258.0 138.0 76.0 7893.0 
218.00036819711178 13.478991596638656 45.0 260.0 138.0 76.0 7893.0 
220.00036819711178 13.50420168067227 49.0 265.0 139.0 76.0 7908.0 
222.00036819711178 13.50420168067227 52.0 267.0 139.0 76.0 7908.0 
224.00036819711178 13.546218487394958 53.0 268.0 140.0 76.0 7961.0 
226.00036819711178 13.733333333333333 51.0 270.0 141.0 78.0 8079.0 
228.00036819711178 13.950819672131148 48.0 273.0 143.0 81.0 8328.0 
230.00036819711178 14.229508196721312 51.0 276.0 143.0 83.0 8457.0 
232.00036819711178 14.368852459016393 52.0 278.0 143.0 84.0 8505.0 
234.00036819711178 14.672131147540984 52.0 279.0 145.0 86.0 8643.0 
236.00036819711178 14.844262295081966 50.0 282.0 146.0 87.0 8671.0 
238.00036819711178 14.844262295081966 52.0 286.0 146.0 87.0 8671.0 
240.00036819711178 15.122950819672132 53.0 288.0 146.0 89.0 8726.0 
242.00036819711178 15.270491803278688 52.0 288.0 147.0 90.0 8770.0 
244.00036819711178 15.434426229508196 50.0 288.0 148.0 91.0 8890.0 
246.00036819711178 16.131147540983605 50.0 290.0 148.0 96.0 9026.0 
248.00036819711178 16.422764227642276 46.0 292.0 149.0 99.0 9209.0 
250.00036819711178 16.5609756097561 45.0 295.0 149.0 100.0 9292.0 
252.00036819711178 16.69918699186992 46.0 298.0 149.0 101.0 9393.0 
254.00036819711178 17.398373983739837 43.0 299.0 150.0 106.0 9738.0 
256.0003681971118 17.422764227642276 43.0 299.0 151.0 106.0 9757.0 
258.0003681971118 17.422764227642276 45.0 302.0 151.0 106.0 9757.0 
260.0003681971118 17.69918699186992 44.0 303.0 151.0 108.0 9880.0 
262.0003681971118 17.878048780487806 43.0 304.0 152.0 109.0 10009.0 
264.0003681971118 18.016260162601625 44.0 306.0 152.0 110.0 10012.0 
266.0003681971118 18.29268292682927 46.0 309.0 152.0 112.0 10105.0 
268.0003681971118 18.585365853658534 46.0 311.0 153.0 114.0 10191.0 
270.0003681971118 18.6260162601626 44.0 311.0 154.0 114.0 10224.0 
272.0003681971118 18.64227642276423 44.0 312.0 155.0 114.0 10258.0 
274.0003681971118 18.64227642276423 44.0 313.0 155.0 114.0 10258.0 
276.0003681971118 18.64227642276423 47.0 318.0 155.0 114.0 10258.0 
278.0003681971118 18.64516129032258 50.0 321.0 156.0 115.0 10419.0 
280.0003681971118 19.06451612903226 49.0 322.0 157.0 118.0 10558.0 
282.0003681971118 19.233870967741932 47.0 324.0 158.0 119.0 10703.0 
284.0003681971118 19.241935483870964 48.0 325.0 159.0 119.0 10716.0 
286.0003681971118 19.258064516129036 49.0 327.0 161.0 119.0 10756.0 
288.0003681971118 19.588709677419352 46.0 328.0 162.0 121.0 10964.0 
290.0003681971118 19.588709677419352 46.0 329.0 162.0 121.0 10964.0 
292.0003681971118 19.782258064516128 45.0 330.0 165.0 122.0 11127.0 
294.0003681971118 19.790322580645164 45.0 332.0 166.0 122.0 11146.0 
296.0003681971118 19.967741935483872 44.0 333.0 168.0 123.0 11287.0 
298.0003681971118 20.274193548387096 42.0 335.0 169.0 125.0 11463.0 
300.0003681971118 20.717741935483872 42.0 339.0 170.0 128.0 11698.0 
302.0003681971118 21.12903225806452 41.0 341.0 170.0 131.0 11941.0 
304.0003681971118 21.403225806451612 40.0 342.0 170.0 133.0 11948.0 
306.0003681971118 21.967741935483872 40.0 347.0 171.0 137.0 12128.0 
308.0003681971118 21.975806451612904 38.0 348.0 172.0 137.0 12147.0 
310.0003681971118 21.975806451612904 40.0 349.0 172.0 137.0 12147.0 
312.0003681971118 22.387096774193548 40.0 350.0 172.0 140.0 12292.0 
314.0003681971118 22.709677419354836 38.0 353.0 175.0 142.0 12548.0 
316.0003681971118 22.89516129032258 38.0 356.0 177.0 143.0 12694.0 
318.0003681971118 23.032258064516128 37.0 360.0 177.0 144.0 12780.0 
320.0003681971118 23.056451612903224 40.0 363.0 180.0 144.0 12807.0 
322.0003681971118 23.056451612903224 40.0 365.0 180.0 144.0 12807.0 
324.0003681971118 23.346774193548388 41.0 365.0 181.0 146.0 12852.0 
326.0003681971118 23.362903225806452 37.0 366.0 182.0 146.0 12872.0 
328.0003681971118 23.64516129032258 37.0 368.0 183.0 148.0 13091.0 
330.0003681971118 23.887999999999998 36.0 371.0 185.0 151.0 13289.0 
332.0003681971118 24.464 34.0 372.0 186.0 155.0 13558.0 
334.0003681971118 24.607999999999997 33.0 376.0 187.0 156.0 13598.0 
336.0003681971118 24.648000000000003 34.0 377.0 188.0 156.0 13686.0 
338.0003681971118 24.816 34.0 380.0 188.0 157.0 13788.0 
340.0003681971118 25.112000000000002 37.0 382.0 188.0 159.0 13843.0 
342.0003681971118 25.471999999999998 36.0 384.0 191.0 161.0 13918.0 
344.0003681971118 25.616000000000003 34.0 386.0 192.0 162.0 13943.0 
346.0003681971118 25.616000000000003 35.0 389.0 192.0 162.0 13943.0 
348.0003681971118 25.616000000000003 36.0 390.0 192.0 162.0 13943.0 
350.0003681971118 25.816 35.0 391.0 194.0 163.0 14037.0 
352.0003681971118 26.112000000000002 34.0 393.0 196.0 165.0 14256.0 
354.0003681971118 26.656 31.0 396.0 196.0 169.0 14379.0 
356.0003681971118 26.688000000000002 32.0 400.0 198.0 169.0 14417.0 
358.0003681971118 26.727999999999998 33.0 403.0 201.0 169.0 14464.0 
360.0003681971118 26.727999999999998 35.0 408.0 201.0 169.0 14464.0 
362.0003681971118 26.727999999999998 42.0 412.0 201.0 169.0 14464.0 
364.0003681971118 26.736 44.0 416.0 202.0 169.0 14480.0 
366.0003681971118 27.328 48.0 419.0 204.0 173.0 14657.0 
368.0003681971118 27.512 40.0 419.0 207.0 174.0 14740.0 
370.0003681971118 27.648 40.0 422.0 207.0 175.0 14842.0 
372.0003681971118 27.664 40.0 423.0 208.0 175.0 14857.0 
374.0003681971118 27.688000000000002 40.0 425.0 210.0 175.0 14883.0 
376.0003681971118 27.823999999999998 41.0 427.0 210.0 176.0 14985.0 
378.0003681971118 28.104000000000003 41.0 429.0 211.0 178.0 15022.0 
380.0003681971118 28.383999999999997 39.0 431.0 212.0 180.0 15223.0 
382.0003681971118 28.672 39.0 434.0 213.0 182.0 15317.0 
384.0003681971118 28.959999999999997 39.0 435.0 214.0 184.0 15372.0 
386.0003681971118 29.144 35.0 437.0 217.0 185.0 15433.0 
388.0003681971118 29.16 36.0 439.0 218.0 185.0 15444.0 
390.0003681971118 29.16 37.0 440.0 218.0 185.0 15444.0 
392.0003681971118 29.208000000000002 38.0 442.0 220.0 185.0 15567.0 
394.0003681971118 29.208000000000002 39.0 444.0 220.0 185.0 15567.0 
396.0003681971118 29.752 39.0 446.0 220.0 189.0 15610.0 
398.0003681971118 29.752 39.0 450.0 220.0 189.0 15610.0 
400.0003681971118 29.752 41.0 450.0 220.0 189.0 15610.0 
402.0003681971118 30.191999999999997 37.0 452.0 221.0 192.0 15760.0 
404.0003681971118 30.335999999999995 43.0 459.0 222.0 193.0 15791.0 
406.0003681971118 30.48 44.0 461.0 223.0 194.0 15913.0 
408.0003681971118 30.664000000000005 42.0 461.0 225.0 195.0 16058.0 
410.0003681971118 30.72 41.0 462.0 228.0 195.0 16216.0 
412.0003681971118 30.768 39.0 462.0 230.0 195.0 16282.0 
414.0003681971118 30.791999999999998 37.0 462.0 231.0 195.0 16332.0 
416.0003681971118 31.200000000000003 36.0 464.0 231.0 198.0 16447.0 
418.0003681971118 31.640000000000004 32.0 465.0 233.0 201.0 16611.0 
420.0003681971118 31.655999999999995 34.0 470.0 234.0 201.0 16648.0 
422.0003681971118 31.791999999999998 37.0 472.0 234.0 202.0 16650.0 
424.0003681971118 31.808000000000003 37.0 474.0 235.0 202.0 16671.0 
426.0003681971118 31.808000000000003 41.0 480.0 235.0 202.0 16671.0 
428.0003681971118 31.968 42.0 482.0 237.0 203.0 16828.0 
430.0003681971118 32.431999999999995 40.0 483.0 239.0 206.0 17017.0 
432.0003681971118 32.464 38.0 484.0 241.0 206.0 17032.0 
434.0003681971118 32.464 39.0 486.0 241.0 206.0 17032.0 
436.0003681971118 32.512 40.0 489.0 243.0 206.0 17120.0 
438.0003681971118 32.544000000000004 40.0 490.0 245.0 206.0 17151.0 
440.0003681971118 32.544000000000004 41.0 492.0 245.0 206.0 17151.0 
442.0003681971118 32.55200000000001 44.0 495.0 246.0 206.0 17169.0 
444.0003681971118 32.6 46.0 499.0 247.0 206.0 17209.0 
446.0003681971118 32.88 45.0 500.0 247.0 208.0 17412.0 
448.0003681971118 33.048 43.0 501.0 249.0 209.0 17456.0 
450.0003681971118 33.336 45.0 505.0 250.0 211.0 17568.0 
452.0003681971118 33.648 45.0 508.0 252.0 213.0 17762.0 
454.0003681971118 33.784000000000006 45.0 510.0 252.0 214.0 17770.0 
456.0003681971118 33.784000000000006 46.0 512.0 252.0 214.0 17770.0 
458.0003681971118 33.936 47.0 515.0 253.0 215.0 17905.0 
460.0003681971118 34.344 47.0 518.0 253.0 218.0 18035.0 
462.0003681971118 34.904 45.0 519.0 254.0 222.0 18294.0 
464.0003681971118 35.176 42.0 521.0 254.0 224.0 18359.0 
466.0003681971118 35.328 42.0 523.0 255.0 225.0 18486.0 
468.0003681971118 35.344 46.0 527.0 256.0 225.0 18505.0 
470.0003681971118 35.392 46.0 530.0 260.0 225.0 18567.0 
472.0003681971118 35.416 45.0 532.0 262.0 225.0 18600.0 
474.0003681971118 35.727999999999994 44.0 535.0 264.0 227.0 18727.0 
476.0003681971118 35.727999999999994 47.0 538.0 264.0 227.0 18727.0 
478.0003681971118 36.072 46.0 541.0 267.0 229.0 18881.0 
480.0003681971118 36.215999999999994 47.0 543.0 268.0 230.0 18931.0 
482.0003681971118 36.504 44.0 545.0 269.0 232.0 19095.0 
484.0003681971118 36.64000000000001 45.0 548.0 269.0 233.0 19196.0 
486.0003681971118 37.088 43.0 549.0 271.0 236.0 19330.0 
488.0003681971118 37.12 41.0 549.0 272.0 236.0 19375.0 
490.0003681971118 37.12 43.0 552.0 272.0 236.0 19375.0 
492.0003681971118 37.144 45.0 553.0 273.0 236.0 19393.0 
494.0003681971118 37.160000000000004 45.0 555.0 275.0 236.0 19419.0 
496.0003681971118 37.239999999999995 44.0 559.0 278.0 236.0 19483.0 
498.0003681971118 37.416 47.0 561.0 280.0 237.0 19639.0 
500.0003681971118 37.70399999999999 43.0 561.0 281.0 239.0 19797.0 
502.0003681971118 38.128 40.0 565.0 282.0 242.0 19938.0 
504.0003681971118 38.263999999999996 42.0 567.0 282.0 243.0 19947.0 
506.0003681971118 39.12 37.0 568.0 285.0 249.0 20255.0 
508.0003681971118 39.8 38.0 573.0 285.0 254.0 20364.0 
510.0003681971118 39.8 35.0 574.0 285.0 254.0 20364.0 
512.0003681971118 39.848 35.0 575.0 288.0 254.0 20427.0 
514.0003681971118 39.848 39.0 583.0 288.0 254.0 20427.0 
516.0003681971118 39.848 42.0 584.0 288.0 254.0 20427.0 
518.0003681971118 39.983999999999995 42.0 585.0 288.0 255.0 20528.0 
520.0003681971118 39.992000000000004 43.0 586.0 289.0 255.0 20605.0 
522.0003681971118 40.024 44.0 589.0 291.0 255.0 20638.0 
524.0003681971118 40.336 43.0 592.0 292.0 257.0 20730.0 
526.0003681971118 40.376 46.0 596.0 293.0 257.0 20730.0 
528.0003681971118 40.8 46.0 600.0 294.0 260.0 20982.0 
530.0003681971118 41.368 45.0 602.0 295.0 264.0 21209.0 
532.0003681971118 41.912 43.0 604.0 295.0 268.0 21352.0 
534.0003681971118 42.184000000000005 42.0 607.0 295.0 270.0 21435.0 
536.0003681971118 42.184000000000005 43.0 609.0 295.0 270.0 21435.0 
538.0003681971118 43.0 42.0 611.0 295.0 276.0 21634.0 
540.0003681971118 43.136 40.0 613.0 295.0 277.0 21680.0 
542.0001505492082 43.736000000000004 39.0 616.0 297.0 281.0 21877.0 
544.0003681971118 43.87199999999999 39.0 618.0 297.0 282.0 21877.0 
546.0003681971118 44.008 40.0 620.0 297.0 283.0 21882.0 
548.0003681971118 44.008 42.0 622.0 297.0 283.0 21882.0 
550.0003681971118 44.312 43.0 625.0 299.0 285.0 21984.0 
552.0003681971118 44.344 41.0 629.0 300.0 285.0 22011.0 
554.0003681971118 44.48 44.0 630.0 300.0 286.0 22113.0 
556.0003681971118 44.544000000000004 45.0 633.0 302.0 286.0 22160.0 
558.0003681971118 44.592000000000006 45.0 634.0 303.0 286.0 22203.0 
560.0003681971118 44.74399999999999 46.0 635.0 303.0 287.0 22305.0 
562.0003681971118 45.032000000000004 46.0 637.0 304.0 289.0 22373.0 
564.0003681971118 45.44 42.0 637.0 304.0 292.0 22464.0 
566.0003681971118 45.576 40.0 637.0 304.0 293.0 22566.0 
568.0003681971118 45.767999999999994 40.0 641.0 307.0 294.0 22690.0 
570.0003681971118 45.984 37.0 641.0 310.0 295.0 22762.0 
572.0003681971118 46.135999999999996 35.0 641.0 311.0 296.0 22788.0 
574.0003681971118 46.15200000000001 33.0 641.0 312.0 296.0 22801.0 
576.0003681971118 46.56 33.0 643.0 312.0 299.0 22944.0 
578.0003681971118 46.696 34.0 645.0 312.0 300.0 23021.0 
580.0003681971118 46.967999999999996 34.0 647.0 312.0 302.0 23224.0 
582.0003681971118 47.431999999999995 33.0 650.0 315.0 305.0 23384.0 
584.0003681971118 47.431999999999995 32.0 654.0 315.0 305.0 23384.0 
586.0003681971118 47.70399999999999 35.0 658.0 315.0 307.0 23517.0 
588.0003681971118 47.70399999999999 38.0 661.0 315.0 307.0 23517.0 
590.0003681971118 47.70399999999999 39.0 663.0 315.0 307.0 23517.0 
592.0003681971118 47.70399999999999 42.0 664.0 315.0 307.0 23517.0 
594.0003681971118 48.248000000000005 41.0 666.0 315.0 311.0 23686.0 
596.0003681971118 48.407999999999994 39.0 668.0 317.0 312.0 23823.0 
598.0003681971118 48.70399999999999 41.0 672.0 318.0 314.0 23955.0 
600.0003681971118 48.864000000000004 39.0 673.0 320.0 315.0 24038.0 
602.0003681971118 48.919999999999995 38.0 677.0 322.0 315.0 24077.0 
604.0003681971118 48.984 43.0 682.0 325.0 315.0 24228.0 
606.0003681971118 49.048 45.0 686.0 327.0 315.0 24247.0 
608.0003681971118 49.32 44.0 689.0 327.0 317.0 24365.0 
610.0003681971118 49.328 45.0 689.0 328.0 317.0 24379.0 
612.0003681971118 49.328 48.0 693.0 328.0 317.0 24379.0 
614.0003681971118 49.407999999999994 49.0 695.0 332.0 317.0 24486.0 
616.0003681971118 49.568000000000005 47.0 697.0 334.0 318.0 24601.0 
618.0003681971118 49.71999999999999 46.0 699.0 336.0 319.0 24631.0 
620.0003681971118 49.992 43.0 700.0 336.0 321.0 24664.0 
622.0003681971118 50.048 44.0 701.0 338.0 321.0 24709.0 
624.0003681971118 50.064 43.0 703.0 339.0 321.0 24729.0 
626.0003681971118 50.232000000000006 40.0 704.0 342.0 322.0 24839.0 
628.0003681971118 50.368 40.0 704.0 342.0 323.0 24941.0 
630.0003681971118 50.919999999999995 41.0 708.0 343.0 327.0 25149.0 
632.0003681971118 51.512 35.0 708.0 345.0 331.0 25417.0 
634.0003681971118 51.512 32.0 708.0 345.0 331.0 25417.0 
636.0003681971118 51.696 32.0 711.0 346.0 332.0 25553.0 
638.0003681971118 51.70399999999999 35.0 713.0 347.0 332.0 25566.0 
640.0003681971118 51.71999999999999 34.0 713.0 348.0 332.0 25584.0 
642.0003681971118 51.87199999999999 32.0 713.0 349.0 333.0 25732.0 
644.0003681971118 52.16799999999999 32.0 715.0 350.0 335.0 25948.0 
646.0003681971118 52.44 33.0 718.0 350.0 337.0 26017.0 
648.0003681971118 52.472 32.0 719.0 351.0 337.0 26057.0 
650.0003681971118 52.496 33.0 722.0 352.0 337.0 26077.0 
652.0003681971118 52.52 32.0 722.0 353.0 337.0 26083.0 
654.0003681971118 52.552 33.0 724.0 355.0 337.0 26157.0 
656.0003681971118 52.56 34.0 727.0 356.0 337.0 26176.0 
658.0003681971118 52.751999999999995 33.0 728.0 359.0 338.0 26333.0 
660.0003681971118 53.032000000000004 32.0 731.0 360.0 340.0 26456.0 
662.0003681971118 53.032000000000004 31.0 731.0 360.0 340.0 26456.0 
664.0003681971118 53.032000000000004 33.0 733.0 360.0 340.0 26456.0 
666.0003681971118 53.056000000000004 33.0 734.0 362.0 340.0 26493.0 
668.0003681971118 53.088 31.0 735.0 364.0 340.0 26602.0 
670.0003681971118 53.096 32.0 738.0 365.0 340.0 26696.0 
672.0003681971118 53.096 34.0 739.0 365.0 340.0 26696.0 
674.0003681971118 53.15200000000001 33.0 741.0 368.0 340.0 26779.0 
676.0003681971118 53.15200000000001 35.0 744.0 368.0 340.0 26779.0 
678.0003681971118 53.15200000000001 42.0 750.0 368.0 340.0 26779.0 
680.0003681971118 53.176 43.0 751.0 369.0 340.0 26861.0 
682.0003681971118 53.176 44.0 754.0 369.0 340.0 26861.0 
684.0003681971118 53.176 48.0 757.0 369.0 340.0 26861.0 
686.0003681971118 53.312 48.0 759.0 369.0 341.0 26873.0 
688.0003681971118 54.032000000000004 45.0 760.0 371.0 346.0 27177.0 
690.0003681971118 54.368 39.0 760.0 373.0 348.0 27304.0 
692.0003681971118 54.512 38.0 760.0 374.0 349.0 27419.0 
694.0003681971118 54.919999999999995 37.0 762.0 374.0 352.0 27553.0 
696.0003681971118 54.943999999999996 35.0 764.0 376.0 352.0 27597.0 
698.0003681971118 55.104000000000006 37.0 767.0 377.0 353.0 27718.0 
700.0003681971118 55.647999999999996 36.0 768.0 377.0 357.0 27919.0 
702.0003681971118 55.712 37.0 772.0 380.0 357.0 27993.0 
704.0003681971118 55.71999999999999 37.0 776.0 381.0 357.0 28019.0 
706.0003681971118 55.992 37.0 777.0 381.0 359.0 28090.0 
708.0003681971118 56.29600000000001 35.0 777.0 382.0 361.0 28268.0 
710.0003681971118 56.44 35.0 780.0 383.0 362.0 28314.0 
712.0003681971118 56.488 36.0 782.0 386.0 362.0 28369.0 
714.0003681971118 56.488 34.0 783.0 386.0 362.0 28369.0 
716.0003681971118 56.623999999999995 35.0 785.0 386.0 363.0 28420.0 
718.0003681971118 56.67999999999999 36.0 786.0 389.0 363.0 28465.0 
720.0003681971118 56.815999999999995 36.0 789.0 389.0 364.0 28567.0 
722.0003681971118 57.104000000000006 34.0 789.0 390.0 366.0 28658.0 
724.0003681971118 57.144 36.0 794.0 391.0 366.0 28701.0 
726.0003681971118 57.29600000000001 37.0 796.0 392.0 367.0 28789.0 
728.0003681971118 57.52 38.0 798.0 394.0 368.0 28834.0 
730.0003681971118 57.52 39.0 801.0 394.0 368.0 28834.0 
732.0003681971118 57.67199999999999 39.0 803.0 395.0 369.0 28883.0 
734.0003681971118 57.67199999999999 40.0 804.0 395.0 369.0 28883.0 
736.0003681971118 57.68800000000001 41.0 806.0 396.0 369.0 28943.0 
738.0003681971118 57.736000000000004 39.0 806.0 399.0 369.0 28993.0 
740.0003681971118 57.736000000000004 40.0 809.0 399.0 369.0 28993.0 
742.0003681971118 57.791999999999994 39.0 811.0 403.0 369.0 29060.0 
744.0003681971118 57.791999999999994 45.0 817.0 403.0 369.0 29060.0 
746.0003681971118 57.952 45.0 819.0 405.0 370.0 29193.0 
748.0003681971118 58.104000000000006 47.0 822.0 406.0 371.0 29317.0 
750.0003681971118 58.400000000000006 43.0 823.0 408.0 373.0 29393.0 
752.0003681971118 58.536 44.0 825.0 408.0 374.0 29416.0 
754.0003681971118 58.80800000000001 45.0 827.0 408.0 376.0 29538.0 
756.0003681971118 58.967999999999996 42.0 829.0 409.0 377.0 29659.0 
758.0003681971118 59.376000000000005 43.0 834.0 409.0 380.0 29943.0 
760.0003681971118 59.919999999999995 43.0 839.0 409.0 384.0 30067.0 
762.0003681971118 59.928 48.0 842.0 410.0 384.0 30089.0 
764.0003681971118 60.12 47.0 846.0 413.0 385.0 30190.0 
766.0003681971118 60.12 49.0 849.0 413.0 385.0 30190.0 
768.0003681971118 60.30400000000001 50.0 850.0 414.0 386.0 30233.0 
770.0003681971118 60.464 50.0 851.0 416.0 387.0 30376.0 
772.0003681971118 60.55199999999999 48.0 853.0 421.0 387.0 30448.0 
774.0003681971118 60.55199999999999 48.0 856.0 421.0 387.0 30448.0 
776.0003681971118 60.68800000000001 49.0 858.0 421.0 388.0 30504.0 
778.0003681971118 60.69599999999999 50.0 861.0 422.0 388.0 30518.0 
780.0003681971118 60.80800000000001 51.0 864.0 426.0 388.0 30750.0 
782.0003681971118 60.984 50.0 867.0 428.0 389.0 30803.0 
784.0003681971118 61.008 49.0 867.0 429.0 389.0 30826.0 
786.0003681971118 61.416000000000004 48.0 869.0 429.0 392.0 31037.0 
788.0003681971118 61.48 49.0 870.0 432.0 392.0 31177.0 
790.0003681971118 61.888000000000005 45.0 874.0 432.0 395.0 31260.0 
792.0003681971118 61.943999999999996 47.0 876.0 435.0 395.0 31314.0 
794.0003681971118 61.984 48.0 878.0 437.0 395.0 31348.0 
796.0003681971118 62.263999999999996 46.0 880.0 438.0 397.0 31540.0 
798.0003681971118 62.272000000000006 48.0 885.0 439.0 397.0 31580.0 
800.0003681971118 62.407999999999994 49.0 886.0 439.0 398.0 31682.0 
802.0003681971118 62.57599999999999 50.0 889.0 441.0 399.0 31726.0 
804.0003681971118 62.888000000000005 46.0 890.0 443.0 401.0 31880.0 
806.0003681971118 63.431999999999995 43.0 892.0 443.0 405.0 31963.0 
808.0003681971118 63.74399999999999 42.0 893.0 444.0 407.0 32060.0 
810.0003681971118 63.904 43.0 895.0 446.0 408.0 32109.0 
812.0003681971118 64.06400000000001 39.0 896.0 448.0 409.0 32171.0 
814.0003681971118 64.06400000000001 39.0 897.0 448.0 409.0 32171.0 
816.0003681971118 64.08800000000001 43.0 900.0 449.0 409.0 32189.0 
818.0003681971118 64.23200000000001 48.0 907.0 450.0 410.0 32310.0 
820.0003681971118 64.40799999999999 46.0 909.0 453.0 411.0 32378.0 
822.0003681971118 64.848 43.0 911.0 454.0 414.0 32536.0 
824.0003681971118 64.99199999999999 44.0 913.0 455.0 415.0 32559.0 
826.0003681971118 64.99199999999999 44.0 915.0 455.0 415.0 32559.0 
828.0003681971118 65.03200000000001 46.0 918.0 457.0 415.0 32662.0 
830.0003681971118 65.18400000000001 46.0 919.0 458.0 416.0 32767.0 
832.0003681971118 65.47200000000001 45.0 920.0 459.0 418.0 32942.0 
834.0003681971118 65.488 43.0 921.0 460.0 418.0 32958.0 
836.0003681971118 65.50399999999999 43.0 921.0 461.0 418.0 32972.0 
838.0003681971118 65.56 42.0 923.0 463.0 418.0 33039.0 
840.0003681971118 65.704 45.0 927.0 464.0 419.0 33153.0 
842.0003681971118 65.76799999999999 44.0 928.0 467.0 419.0 33218.0 
844.0003681971118 66.176 43.0 933.0 467.0 422.0 33422.0 
846.0003681971118 66.45599999999999 43.0 933.0 468.0 424.0 33646.0 
848.0003681971118 66.728 41.0 935.0 468.0 426.0 33836.0 
850.0003681971118 66.88 41.0 936.0 469.0 427.0 33884.0 
852.0003681971118 66.904 43.0 939.0 470.0 427.0 33903.0 
854.0003681971118 67.6 41.0 940.0 471.0 432.0 34253.0 
856.0003681971118 67.8 37.0 944.0 473.0 433.0 34372.0 
858.0003681971118 67.81599999999999 37.0 945.0 475.0 433.0 34402.0 
860.0003681971118 67.824 38.0 946.0 476.0 433.0 34418.0 
862.0003681971118 68.23200000000001 35.0 947.0 476.0 436.0 34541.0 
864.0003681971118 68.368 34.0 949.0 476.0 437.0 34552.0 
866.0003681971118 68.976 32.0 952.0 478.0 441.0 34813.0 
868.0003681971118 69.52000000000001 34.0 955.0 478.0 445.0 35161.0 
870.0003681971118 69.76 33.0 959.0 481.0 446.0 35318.0 
872.0003681971118 69.896 33.0 961.0 481.0 447.0 35419.0 
874.0003681971118 69.92 36.0 966.0 484.0 447.0 35480.0 
876.0003681971118 70.072 34.0 968.0 485.0 448.0 35530.0 
878.0003681971118 70.096 36.0 969.0 487.0 448.0 35560.0 
880.0003681971118 70.24 34.0 971.0 488.0 449.0 35612.0 
882.0003681971118 70.24 35.0 973.0 488.0 449.0 35612.0 
884.0003681971118 70.25600000000001 40.0 978.0 489.0 449.0 35626.0 
886.0003681971118 70.25600000000001 44.0 982.0 489.0 449.0 35626.0 
888.0003681971118 70.288 43.0 984.0 492.0 449.0 35693.0 
890.0003681971118 70.30400000000002 43.0 985.0 494.0 449.0 35723.0 
892.0003681971118 70.30400000000002 43.0 988.0 494.0 449.0 35723.0 
894.0003681971118 70.32000000000001 43.0 990.0 496.0 449.0 35765.0 
896.0003681971118 70.32000000000001 47.0 993.0 496.0 449.0 35765.0 
898.0003681971118 70.32800000000002 48.0 994.0 497.0 449.0 35779.0 
900.0003681971118 70.512 45.0 995.0 499.0 450.0 35861.0 
#####################################################################
# End of data export. Simulation finished at: 2020-03-02T20:48+0000 #
#####################################################################
