#####################################################################
# Alchemist log file - simulation started at: 2020-02-28T09:48+0000 #
#####################################################################
# seed = 94.0, taskFrequency = 0.00316, cloudcost = 29.0, algorithm = false
#
# The columns have the following meaning: 
# time taskHops[Mean] hasTask[Sum] tasks[Sum] completedTasks[Sum] giveupTasks[Sum] taskLatency[Sum] 
0.0 NaN 0.0 0.0 0.0 0.0 0.0 
2.002470146810194 NaN 0.0 1.0 0.0 0.0 0.0 
4.002470146810194 NaN 2.0 2.0 0.0 0.0 0.0 
6.002470146810194 NaN 2.0 2.0 0.0 0.0 0.0 
8.002470146810193 NaN 2.0 2.0 0.0 0.0 0.0 
10.002470146810193 NaN 2.0 3.0 0.0 0.0 0.0 
12.002470146810193 NaN 3.0 3.0 0.0 0.0 0.0 
14.002470146810193 NaN 4.0 4.0 0.0 0.0 0.0 
16.002470146810193 NaN 4.0 4.0 0.0 0.0 0.0 
18.002470146810193 NaN 4.0 5.0 0.0 0.0 0.0 
20.002470146810193 NaN 5.0 5.0 0.0 0.0 0.0 
22.002470146810193 NaN 6.0 6.0 0.0 0.0 0.0 
24.002470146810193 NaN 6.0 6.0 0.0 0.0 0.0 
26.002470146810193 NaN 7.0 7.0 0.0 0.0 0.0 
28.002470146810193 NaN 7.0 7.0 0.0 0.0 0.0 
30.002470146810193 NaN 8.0 8.0 0.0 0.0 0.0 
32.0024701468102 NaN 8.0 9.0 0.0 0.0 0.0 
34.0024701468102 NaN 9.0 9.0 0.0 0.0 0.0 
36.0024701468102 NaN 10.0 11.0 0.0 0.0 0.0 
38.0024701468102 NaN 12.0 12.0 0.0 0.0 0.0 
40.0024701468102 NaN 13.0 14.0 0.0 0.0 0.0 
42.0024701468102 NaN 15.0 15.0 0.0 0.0 0.0 
44.0024701468102 NaN 15.0 16.0 0.0 0.0 0.0 
46.0024701468102 NaN 16.0 16.0 0.0 0.0 0.0 
48.0024701468102 NaN 16.0 16.0 0.0 0.0 0.0 
50.0024701468102 NaN 16.0 16.0 0.0 0.0 0.0 
52.0024701468102 NaN 16.0 17.0 0.0 0.0 0.0 
54.0024701468102 NaN 17.0 17.0 0.0 0.0 0.0 
56.0024701468102 NaN 17.0 17.0 0.0 0.0 0.0 
58.0024701468102 NaN 17.0 17.0 0.0 0.0 0.0 
60.0024701468102 NaN 17.0 17.0 0.0 0.0 0.0 
62.0024701468102 NaN 17.0 17.0 0.0 0.0 0.0 
64.0024701468102 NaN 18.0 18.0 0.0 0.0 0.0 
66.0024701468102 NaN 18.0 18.0 0.0 0.0 0.0 
68.0024701468102 NaN 19.0 19.0 0.0 0.0 0.0 
70.0024701468102 NaN 21.0 21.0 0.0 0.0 0.0 
72.0024701468102 NaN 22.0 22.0 0.0 0.0 0.0 
74.0024701468102 NaN 22.0 22.0 0.0 0.0 0.0 
76.0024701468102 NaN 22.0 22.0 0.0 0.0 0.0 
78.0024701468102 NaN 24.0 25.0 0.0 0.0 0.0 
80.0024701468102 NaN 25.0 25.0 0.0 0.0 0.0 
82.0024701468102 NaN 27.0 27.0 0.0 0.0 0.0 
84.0024701468102 NaN 27.0 27.0 0.0 0.0 0.0 
86.0024701468102 NaN 27.0 27.0 0.0 0.0 0.0 
88.0024701468102 NaN 27.0 27.0 0.0 0.0 0.0 
90.0024701468102 NaN 27.0 28.0 0.0 0.0 0.0 
92.0024701468102 NaN 29.0 29.0 0.0 0.0 0.0 
94.0024701468102 NaN 29.0 29.0 0.0 0.0 0.0 
96.0024701468102 NaN 30.0 30.0 0.0 0.0 0.0 
98.0024701468102 NaN 31.0 31.0 0.0 0.0 0.0 
100.0024701468102 NaN 32.0 32.0 0.0 0.0 0.0 
102.0024701468102 NaN 33.0 34.0 0.0 0.0 0.0 
104.0024701468102 NaN 35.0 35.0 0.0 0.0 0.0 
106.0024701468102 NaN 35.0 35.0 0.0 0.0 0.0 
108.0024701468102 NaN 35.0 36.0 0.0 0.0 0.0 
110.0024701468102 NaN 37.0 37.0 0.0 0.0 0.0 
112.0024701468102 NaN 38.0 38.0 0.0 0.0 0.0 
114.0024701468102 NaN 38.0 38.0 0.0 0.0 0.0 
116.0024701468102 NaN 38.0 39.0 0.0 0.0 0.0 
118.0024701468102 NaN 39.0 40.0 0.0 0.0 0.0 
120.0024701468102 NaN 42.0 42.0 0.0 0.0 0.0 
122.0024701468102 NaN 42.0 42.0 0.0 0.0 0.0 
124.0024701468102 29.0 42.0 42.0 0.0 1.0 102.0 
126.0024701468102 29.0 41.0 42.0 0.0 1.0 102.0 
128.0024701468102 29.0 41.0 42.0 0.0 2.0 204.0 
130.0024701468102 29.0 40.0 42.0 0.0 2.0 204.0 
132.0024701468102 29.0 38.0 42.0 0.0 4.0 434.0 
134.0024701468102 29.0 39.0 43.0 0.0 4.0 434.0 
136.0024701468102 29.0 39.0 44.0 0.0 4.0 434.0 
138.0024701468102 29.0 39.0 44.0 0.0 5.0 553.0 
140.0024701468102 29.0 39.0 45.0 0.0 7.0 784.0 
142.0024701468102 29.0 39.0 46.0 0.0 9.0 1023.0 
144.0024701468102 29.0 37.0 46.0 0.0 9.0 1023.0 
146.0024701468102 29.0 37.0 46.0 0.0 9.0 1023.0 
148.0024701468102 29.0 36.0 46.0 0.0 10.0 1126.0 
150.0024701468102 29.0 36.0 46.0 0.0 11.0 1235.0 
152.0024701468102 29.0 35.0 47.0 0.0 11.0 1235.0 
154.0024701468102 29.0 37.0 48.0 0.0 11.0 1235.0 
156.0024701468102 29.0 37.0 48.0 0.0 11.0 1235.0 
158.0024701468102 29.0 37.0 48.0 0.0 11.0 1235.0 
160.0024701468102 29.0 39.0 50.0 0.0 11.0 1235.0 
162.0024701468102 29.0 39.0 50.0 0.0 11.0 1235.0 
164.0024701468102 29.0 39.0 50.0 0.0 11.0 1235.0 
166.0024701468102 29.0 39.0 50.0 0.0 11.0 1235.0 
168.0024701468102 29.0 39.0 51.0 0.0 12.0 1367.0 
170.0024701468102 29.0 38.0 51.0 0.0 13.0 1500.0 
172.0024701468102 29.0 37.0 51.0 0.0 14.0 1602.0 
174.0024701468102 29.0 38.0 52.0 0.0 15.0 1704.0 
176.0024701468102 29.0 37.0 52.0 0.0 15.0 1704.0 
178.0024701468102 29.0 36.0 52.0 0.0 16.0 1812.0 
180.0024701468102 29.0 34.0 52.0 0.0 20.0 2333.0 
182.0024701468102 29.0 32.0 53.0 0.0 20.0 2333.0 
184.0024701468102 29.0 33.0 53.0 0.0 23.0 2660.0 
186.0024701468102 29.0 30.0 53.0 0.0 23.0 2660.0 
188.0024701468102 29.0 30.0 53.0 0.0 23.0 2660.0 
190.0024701468102 29.0 30.0 53.0 0.0 23.0 2660.0 
192.0024701468102 29.0 31.0 54.0 0.0 23.0 2660.0 
194.0024701468102 29.0 31.0 55.0 0.0 25.0 2865.0 
196.0024701468102 29.0 30.0 55.0 0.0 25.0 2865.0 
198.0024701468102 29.0 31.0 56.0 0.0 26.0 2967.0 
200.0024701468102 29.0 29.0 56.0 0.0 27.0 3069.0 
202.0024701468102 29.0 29.0 56.0 0.0 28.0 3171.0 
204.0024701468102 29.0 27.0 56.0 0.0 29.0 3334.0 
206.0024701468102 29.0 27.0 57.0 0.0 32.0 3694.0 
208.0024701468102 29.0 25.0 57.0 0.0 32.0 3694.0 
210.0024701468102 29.0 28.0 60.0 0.0 32.0 3694.0 
212.0024701468102 29.0 28.0 60.0 0.0 33.0 3797.0 
214.0024701468102 29.0 26.0 60.0 0.0 34.0 3899.0 
216.0024701468102 29.0 26.0 60.0 0.0 34.0 3899.0 
218.0024701468102 29.0 26.0 60.0 0.0 34.0 3899.0 
220.0024701468102 29.0 25.0 60.0 0.0 35.0 4002.0 
222.0024701468102 29.027027027027028 24.0 60.0 0.0 37.0 4258.0 
224.0024701468102 29.027027027027028 23.0 60.0 0.0 37.0 4258.0 
226.0024701468102 29.027027027027028 23.0 60.0 0.0 37.0 4258.0 
228.0024701468102 29.027027027027028 23.0 60.0 0.0 37.0 4258.0 
230.0024701468102 29.027027027027028 24.0 61.0 0.0 37.0 4258.0 
232.0024701468102 29.027027027027028 24.0 61.0 0.0 37.0 4258.0 
234.0024701468102 29.027027027027028 24.0 61.0 0.0 37.0 4258.0 
236.0024701468102 29.026315789473685 23.0 61.0 0.0 38.0 4360.0 
238.0024701468102 29.026315789473685 23.0 61.0 0.0 38.0 4360.0 
240.0024701468102 29.025641025641026 22.0 61.0 0.0 39.0 4463.0 
242.0024701468102 29.025 23.0 62.0 0.0 40.0 4565.0 
244.0024701468102 29.025 22.0 62.0 0.0 40.0 4565.0 
246.0024701468102 29.025 22.0 62.0 0.0 40.0 4565.0 
248.0024701468102 29.025 22.0 62.0 0.0 40.0 4565.0 
250.0024701468102 29.025 24.0 64.0 0.0 40.0 4565.0 
252.0024701468102 29.025 24.0 64.0 0.0 40.0 4565.0 
254.0024701468102 29.025 24.0 64.0 0.0 40.0 4565.0 
256.0024701468102 29.024390243902438 23.0 64.0 0.0 41.0 4668.0 
258.0024701468102 29.024390243902438 23.0 64.0 0.0 41.0 4668.0 
260.0024701468102 29.024390243902438 23.0 64.0 0.0 41.0 4668.0 
262.0024701468102 29.714285714285715 22.0 64.0 0.0 43.0 4872.0 
264.0024701468102 29.714285714285715 22.0 65.0 0.0 43.0 4872.0 
266.0024701468102 29.714285714285715 22.0 66.0 0.0 43.0 4872.0 
268.0024701468102 29.714285714285715 24.0 67.0 0.0 43.0 4872.0 
270.0024701468102 29.697674418604652 23.0 67.0 0.0 44.0 4974.0 
272.0024701468102 29.697674418604652 24.0 68.0 0.0 44.0 4974.0 
274.0024701468102 29.697674418604652 25.0 69.0 0.0 44.0 4974.0 
276.0024701468102 29.681818181818183 25.0 70.0 0.0 45.0 5076.0 
278.0024701468102 29.681818181818183 25.0 70.0 0.0 45.0 5076.0 
280.0024701468102 29.681818181818183 25.0 70.0 0.0 45.0 5076.0 
282.0024701468102 29.681818181818183 25.0 70.0 0.0 45.0 5076.0 
284.0024701468102 29.681818181818183 25.0 70.0 0.0 45.0 5076.0 
286.0024701468102 29.666666666666668 24.0 70.0 0.0 46.0 5179.0 
288.0024701468102 29.666666666666668 24.0 70.0 0.0 46.0 5179.0 
290.0024701468102 29.666666666666668 24.0 70.0 0.0 46.0 5179.0 
292.0024701468102 29.666666666666668 24.0 70.0 0.0 46.0 5179.0 
294.0024701468102 29.652173913043477 27.0 73.0 0.0 47.0 5395.0 
296.0024701468102 29.638297872340427 26.0 73.0 0.0 48.0 5498.0 
298.0024701468102 29.625 25.0 75.0 0.0 49.0 5695.0 
300.0024701468102 29.625 26.0 75.0 0.0 49.0 5695.0 
302.0024701468102 29.625 26.0 75.0 0.0 49.0 5695.0 
304.0024701468102 29.625 27.0 76.0 0.0 49.0 5695.0 
306.0024701468102 29.625 28.0 77.0 0.0 49.0 5695.0 
308.0024701468102 29.612244897959183 28.0 77.0 0.0 50.0 5797.0 
310.0024701468102 29.612244897959183 28.0 78.0 0.0 50.0 5797.0 
312.0024701468102 29.576923076923077 27.0 78.0 0.0 53.0 6103.0 
314.0024701468102 29.566037735849058 25.0 79.0 0.0 54.0 6308.0 
316.0024701468102 29.566037735849058 25.0 79.0 0.0 54.0 6308.0 
318.0024701468102 29.566037735849058 25.0 80.0 0.0 54.0 6308.0 
320.0024701468102 29.566037735849058 27.0 81.0 0.0 54.0 6308.0 
322.0024701468102 29.566037735849058 27.0 81.0 0.0 54.0 6308.0 
324.0024701468102 29.555555555555557 27.0 81.0 0.0 55.0 6513.0 
326.0024701468102 29.555555555555557 26.0 81.0 0.0 55.0 6513.0 
328.0024701468102 29.555555555555557 26.0 81.0 0.0 55.0 6513.0 
330.0024701468102 29.555555555555557 26.0 81.0 0.0 55.0 6513.0 
332.0024701468102 29.555555555555557 28.0 83.0 0.0 55.0 6513.0 
334.0024701468102 29.555555555555557 29.0 85.0 0.0 55.0 6513.0 
336.0024701468102 29.555555555555557 30.0 85.0 0.0 55.0 6513.0 
338.0024701468102 29.555555555555557 32.0 87.0 0.0 55.0 6513.0 
340.0024701468102 29.555555555555557 33.0 89.0 0.0 55.0 6513.0 
342.0024701468102 29.555555555555557 35.0 90.0 0.0 55.0 6513.0 
344.0024701468102 29.555555555555557 35.0 90.0 0.0 55.0 6513.0 
346.0024701468102 29.555555555555557 35.0 90.0 0.0 55.0 6513.0 
348.0024701468102 29.555555555555557 35.0 90.0 0.0 55.0 6513.0 
350.0024701468102 29.555555555555557 36.0 91.0 0.0 55.0 6513.0 
352.0024701468102 29.535714285714285 36.0 91.0 0.0 57.0 6718.0 
354.0024701468102 29.535714285714285 35.0 92.0 0.0 57.0 6718.0 
356.0024701468102 29.535714285714285 35.0 92.0 0.0 57.0 6718.0 
358.0024701468102 29.535714285714285 36.0 93.0 0.0 57.0 6718.0 
360.0024701468102 29.535714285714285 36.0 94.0 0.0 57.0 6718.0 
362.0024701468102 29.535714285714285 37.0 94.0 0.0 57.0 6718.0 
364.0024701468102 29.535714285714285 38.0 95.0 0.0 57.0 6718.0 
366.0024701468102 29.526315789473685 38.0 95.0 0.0 58.0 6821.0 
368.0024701468102 29.526315789473685 37.0 95.0 0.0 58.0 6821.0 
370.0024701468102 30.035087719298247 36.0 95.0 0.0 59.0 6923.0 
372.0024701468102 30.03448275862069 36.0 95.0 0.0 60.0 7029.0 
374.0024701468102 30.53448275862069 34.0 95.0 0.0 61.0 7131.0 
376.0024701468102 30.508474576271187 34.0 95.0 0.0 62.0 7234.0 
378.0024701468102 31.0 33.0 96.0 0.0 63.0 7336.0 
380.0024701468102 31.0 33.0 96.0 0.0 63.0 7336.0 
382.0024701468102 31.0 33.0 96.0 0.0 63.0 7336.0 
384.0024701468102 31.0 33.0 96.0 0.0 63.0 7336.0 
386.0024701468102 31.0 33.0 96.0 0.0 63.0 7336.0 
388.0024701468102 31.0 33.0 97.0 0.0 63.0 7336.0 
390.0024701468102 31.0 34.0 97.0 0.0 63.0 7336.0 
392.0024701468102 31.0 35.0 98.0 0.0 63.0 7336.0 
394.0024701468102 31.0 37.0 100.0 0.0 63.0 7336.0 
396.0024701468102 31.45 37.0 100.0 0.0 65.0 7541.0 
398.0024701468102 31.45 35.0 100.0 0.0 65.0 7541.0 
400.0024701468102 31.40983606557377 35.0 100.0 0.0 66.0 7711.0 
402.0024701468102 31.333333333333332 32.0 100.0 0.0 68.0 7917.0 
404.0024701468102 31.333333333333332 32.0 100.0 0.0 68.0 7917.0 
406.0024701468102 31.75 33.0 101.0 0.0 70.0 8183.0 
408.0024701468102 31.70769230769231 32.0 103.0 0.0 71.0 8285.0 
410.0024701468102 31.70769230769231 32.0 103.0 0.0 71.0 8285.0 
412.0024701468102 31.666666666666668 33.0 104.0 0.0 72.0 8388.0 
414.0024701468102 31.666666666666668 32.0 104.0 0.0 72.0 8388.0 
416.0024701468102 31.62686567164179 32.0 104.0 0.0 73.0 8490.0 
418.0024701468102 31.62686567164179 31.0 104.0 0.0 73.0 8490.0 
420.0024701468102 31.62686567164179 31.0 104.0 0.0 73.0 8490.0 
422.0024701468102 32.01470588235294 31.0 105.0 0.0 75.0 8696.0 
424.0024701468102 32.01470588235294 30.0 106.0 0.0 75.0 8696.0 
426.0014801029629 32.01470588235294 31.0 107.0 0.0 75.0 8696.0 
428.0024701468102 32.01470588235294 32.0 107.0 0.0 75.0 8696.0 
430.0024701468102 32.01470588235294 32.0 107.0 0.0 75.0 8696.0 
432.0024701468102 31.971014492753625 31.0 107.0 0.0 76.0 8930.0 
434.0024701468102 31.887323943661972 33.0 109.0 0.0 78.0 9134.0 
436.0024701468102 31.84722222222222 31.0 109.0 0.0 79.0 9236.0 
438.0024701468102 31.84722222222222 30.0 109.0 0.0 79.0 9236.0 
440.0024701468102 32.205479452054796 30.0 109.0 0.0 81.0 9441.0 
442.0024701468102 32.602739726027394 30.0 111.0 0.0 82.0 9543.0 
444.0024701468102 33.397260273972606 27.0 111.0 0.0 84.0 9748.0 
446.0024701468102 33.397260273972606 29.0 113.0 0.0 84.0 9748.0 
448.0024701468102 33.397260273972606 29.0 113.0 0.0 84.0 9748.0 
450.0024701468102 33.397260273972606 29.0 113.0 0.0 84.0 9748.0 
452.0024701468102 33.397260273972606 29.0 113.0 0.0 84.0 9748.0 
454.0024701468102 33.397260273972606 29.0 114.0 0.0 84.0 9748.0 
456.0024701468102 33.33783783783784 31.0 115.0 0.0 85.0 9850.0 
458.0024701468102 33.33783783783784 30.0 115.0 0.0 85.0 9850.0 
460.0024701468102 33.729729729729726 30.0 115.0 0.0 86.0 9953.0 
462.0024701468102 33.729729729729726 30.0 117.0 0.0 86.0 9953.0 
464.0024701468102 34.12162162162162 30.0 117.0 0.0 87.0 10056.0 
466.0024701468102 34.513513513513516 31.0 118.0 0.0 88.0 10159.0 
468.0024701468102 34.513513513513516 31.0 119.0 0.0 88.0 10159.0 
470.0024701468102 34.513513513513516 31.0 119.0 0.0 88.0 10159.0 
472.0024701468102 34.513513513513516 31.0 119.0 0.0 88.0 10159.0 
474.0024701468102 34.513513513513516 31.0 119.0 0.0 88.0 10159.0 
476.0024701468102 34.513513513513516 33.0 121.0 0.0 88.0 10159.0 
478.0024701468102 34.513513513513516 34.0 122.0 0.0 88.0 10159.0 
480.0024701468102 34.44 34.0 122.0 0.0 89.0 10262.0 
482.0024701468102 34.44 33.0 122.0 0.0 89.0 10262.0 
484.0024701468102 34.44 34.0 123.0 0.0 89.0 10262.0 
486.0024701468102 34.44 34.0 123.0 0.0 89.0 10262.0 
488.0024701468102 34.44 35.0 124.0 0.0 89.0 10262.0 
490.0024701468102 34.44 35.0 124.0 0.0 89.0 10262.0 
492.0024701468102 34.82666666666667 34.0 125.0 0.0 90.0 10365.0 
494.0024701468102 34.82666666666667 35.0 125.0 0.0 90.0 10365.0 
496.0024701468102 35.13157894736842 34.0 125.0 0.0 92.0 10569.0 
498.0024701468102 35.13157894736842 34.0 126.0 0.0 92.0 10569.0 
500.0024701468102 35.13157894736842 35.0 127.0 0.0 92.0 10569.0 
502.0024701468102 35.13157894736842 35.0 127.0 0.0 92.0 10569.0 
504.0024701468102 35.13157894736842 35.0 127.0 0.0 92.0 10569.0 
506.0024701468102 35.13157894736842 36.0 128.0 0.0 92.0 10569.0 
508.0024701468102 35.51315789473684 35.0 128.0 0.0 93.0 10671.0 
510.0024701468102 36.276315789473685 35.0 128.0 0.0 95.0 10876.0 
512.0024701468102 36.18181818181818 33.0 128.0 0.0 96.0 11054.0 
514.0024701468102 36.08974358974359 32.0 128.0 0.0 97.0 11156.0 
516.0024701468102 36.0 30.0 128.0 0.0 98.0 11553.0 
518.0024701468102 36.0 30.0 128.0 0.0 98.0 11553.0 
520.0024701468102 36.0 30.0 128.0 0.0 98.0 11553.0 
522.0024701468102 36.0 31.0 129.0 0.0 98.0 11553.0 
524.0024701468102 36.36708860759494 31.0 129.0 0.0 99.0 11655.0 
526.0024701468102 36.36708860759494 30.0 129.0 0.0 99.0 11655.0 
528.0024701468102 36.2875 29.0 129.0 0.0 100.0 11758.0 
530.0024701468102 36.65 29.0 130.0 0.0 101.0 11860.0 
532.0024701468102 36.65 29.0 130.0 0.0 101.0 11860.0 
534.0024701468102 36.65 29.0 131.0 0.0 101.0 11860.0 
536.0024701468102 37.27160493827161 29.0 131.0 0.0 104.0 12306.0 
538.0024701468102 37.27160493827161 27.0 131.0 0.0 104.0 12306.0 
540.0024701468102 37.27160493827161 28.0 132.0 0.0 104.0 12306.0 
542.0024701468102 37.27160493827161 28.0 132.0 0.0 104.0 12306.0 
544.0024701468102 37.0722891566265 27.0 132.0 0.0 106.0 12511.0 
546.0024701468102 37.0722891566265 27.0 133.0 0.0 106.0 12511.0 
548.0024701468102 37.32142857142857 27.0 133.0 0.0 108.0 12716.0 
550.0024701468102 37.32142857142857 25.0 133.0 0.0 108.0 12716.0 
552.0005937033498 37.32142857142857 26.0 134.0 0.0 108.0 12716.0 
554.0024701468102 37.32142857142857 26.0 134.0 0.0 108.0 12716.0 
556.0024701468102 37.22352941176471 26.0 134.0 0.0 109.0 13131.0 
558.0024701468102 37.56470588235294 24.0 134.0 0.0 110.0 13234.0 
560.0024701468102 37.56470588235294 24.0 135.0 0.0 110.0 13234.0 
562.0024701468102 37.56470588235294 25.0 135.0 0.0 110.0 13234.0 
564.0024701468102 37.47674418604651 24.0 135.0 0.0 111.0 13336.0 
566.0024701468102 37.37931034482759 24.0 137.0 0.0 112.0 13439.0 
568.0024701468102 37.28409090909091 26.0 138.0 0.0 113.0 13541.0 
570.0024701468102 37.19101123595506 24.0 138.0 0.0 114.0 13643.0 
572.0024701468102 37.19101123595506 24.0 138.0 0.0 114.0 13643.0 
574.0024701468102 37.19101123595506 25.0 139.0 0.0 114.0 13643.0 
576.0024701468102 37.19101123595506 26.0 140.0 0.0 114.0 13643.0 
578.0024701468102 37.422222222222224 26.0 141.0 0.0 116.0 13868.0 
580.0024701468102 37.64835164835165 24.0 141.0 0.0 118.0 14075.0 
582.0024701468102 37.64835164835165 24.0 142.0 0.0 118.0 14075.0 
584.0024701468102 37.64835164835165 27.0 146.0 0.0 118.0 14075.0 
586.0024701468102 37.55434782608695 28.0 146.0 0.0 119.0 14177.0 
588.0024701468102 37.55434782608695 27.0 146.0 0.0 119.0 14177.0 
590.0024701468102 37.46236559139785 26.0 146.0 0.0 120.0 14279.0 
592.0024701468102 37.37234042553192 27.0 147.0 0.0 121.0 14718.0 
594.0024701468102 37.37234042553192 27.0 148.0 0.0 121.0 14718.0 
596.0024701468102 37.37234042553192 28.0 149.0 0.0 121.0 14718.0 
598.0024701468102 37.37234042553192 28.0 149.0 0.0 121.0 14718.0 
600.0024701468102 37.589473684210525 28.0 150.0 0.0 123.0 15071.0 
602.0024701468102 37.89473684210526 27.0 150.0 0.0 124.0 15173.0 
604.0024701468102 37.89473684210526 26.0 150.0 0.0 124.0 15173.0 
606.0024701468102 37.89473684210526 26.0 150.0 0.0 124.0 15173.0 
608.0024701468102 37.89473684210526 26.0 150.0 0.0 124.0 15173.0 
610.0024701468102 37.89473684210526 27.0 151.0 0.0 124.0 15173.0 
612.0024701468102 37.89473684210526 27.0 151.0 0.0 124.0 15173.0 
614.0024701468102 37.89473684210526 27.0 151.0 0.0 124.0 15173.0 
616.0024701468102 37.89473684210526 29.0 153.0 0.0 124.0 15173.0 
618.0024701468102 37.89473684210526 29.0 154.0 0.0 124.0 15173.0 
620.0024701468102 37.89473684210526 30.0 154.0 0.0 124.0 15173.0 
622.0024701468102 37.89473684210526 30.0 154.0 0.0 124.0 15173.0 
624.0024701468102 38.2 31.0 157.0 0.0 125.0 15275.0 
626.0024701468102 38.2 32.0 157.0 0.0 125.0 15275.0 
628.0024701468102 38.2 33.0 158.0 0.0 125.0 15275.0 
630.0024701468102 38.2 33.0 158.0 0.0 125.0 15275.0 
632.0024701468102 38.50526315789474 33.0 158.0 0.0 126.0 15378.0 
634.0024701468102 38.50526315789474 33.0 159.0 0.0 126.0 15378.0 
636.0024701468102 38.50526315789474 33.0 159.0 0.0 126.0 15378.0 
638.0024701468102 38.810526315789474 32.0 159.0 0.0 127.0 15481.0 
640.0024701468102 38.810526315789474 33.0 160.0 0.0 127.0 15481.0 
642.0024701468102 38.708333333333336 32.0 160.0 0.0 128.0 15583.0 
644.0024701468102 38.708333333333336 33.0 161.0 0.0 128.0 15583.0 
646.0024701468102 38.708333333333336 33.0 161.0 0.0 128.0 15583.0 
648.0024701468102 38.708333333333336 34.0 162.0 0.0 128.0 15583.0 
650.0024701468102 38.708333333333336 34.0 162.0 0.0 128.0 15583.0 
652.0024701468102 38.708333333333336 34.0 162.0 0.0 128.0 15583.0 
654.0024701468102 38.708333333333336 34.0 162.0 0.0 128.0 15583.0 
656.0024701468102 38.708333333333336 34.0 164.0 0.0 128.0 15583.0 
658.0024701468102 38.708333333333336 37.0 165.0 0.0 128.0 15583.0 
660.0024701468102 38.708333333333336 37.0 165.0 0.0 128.0 15583.0 
662.0024701468102 38.708333333333336 38.0 166.0 0.0 128.0 15583.0 
664.0024701468102 39.01041666666667 37.0 166.0 0.0 129.0 15686.0 
666.0024701468102 39.01041666666667 38.0 167.0 0.0 129.0 15686.0 
668.0024701468102 38.90721649484536 38.0 167.0 0.0 130.0 15789.0 
670.0024701468102 39.10204081632653 35.0 167.0 0.0 132.0 15994.0 
672.0024701468102 39.10204081632653 35.0 167.0 0.0 132.0 15994.0 
674.0024701468102 39.10204081632653 36.0 168.0 0.0 132.0 15994.0 
676.0024701468102 39.39795918367347 35.0 168.0 0.0 133.0 16096.0 
678.0024701468102 39.292929292929294 35.0 168.0 0.0 134.0 16198.0 
680.0024701468102 39.58585858585859 34.0 168.0 0.0 135.0 16301.0 
682.0024701468102 39.58585858585859 33.0 168.0 0.0 135.0 16301.0 
684.0024701468102 39.878787878787875 33.0 169.0 0.0 136.0 16404.0 
686.0024701468102 40.17171717171717 33.0 169.0 0.0 137.0 16506.0 
688.0024701468102 40.17171717171717 32.0 169.0 0.0 137.0 16506.0 
690.0024701468102 40.17171717171717 32.0 169.0 0.0 137.0 16506.0 
692.0024701468102 40.17171717171717 32.0 169.0 0.0 137.0 16506.0 
694.0024701468102 40.17171717171717 32.0 170.0 0.0 137.0 16506.0 
696.0024701468102 40.17171717171717 35.0 172.0 0.0 137.0 16506.0 
698.0024701468102 40.464646464646464 35.0 172.0 0.0 138.0 16608.0 
700.0024701468102 40.464646464646464 35.0 174.0 0.0 138.0 16608.0 
702.0024701468102 40.75757575757576 35.0 174.0 0.0 139.0 16710.0 
704.0024701468102 40.75757575757576 35.0 174.0 0.0 139.0 16710.0 
706.0024701468102 40.75757575757576 35.0 174.0 0.0 139.0 16710.0 
708.0024701468102 40.75757575757576 37.0 176.0 0.0 139.0 16710.0 
710.0024701468102 40.75757575757576 37.0 176.0 0.0 139.0 16710.0 
712.0024701468102 41.05050505050505 37.0 176.0 0.0 140.0 16812.0 
714.0024701468102 41.05050505050505 36.0 176.0 0.0 140.0 16812.0 
716.0024701468102 41.05050505050505 37.0 177.0 0.0 140.0 16812.0 
718.0024701468102 41.63636363636364 36.0 179.0 0.0 142.0 17016.0 
720.0024701468102 41.63636363636364 38.0 180.0 0.0 142.0 17016.0 
722.0024701468102 41.92929292929293 37.0 180.0 0.0 143.0 17119.0 
724.0024701468102 42.22222222222222 38.0 181.0 0.0 144.0 17249.0 
726.0024701468102 42.22222222222222 37.0 181.0 0.0 144.0 17249.0 
728.0024701468102 42.515151515151516 38.0 183.0 0.0 145.0 17352.0 
730.0024701468102 43.111111111111114 37.0 183.0 0.0 147.0 17560.0 
732.0024701468102 43.111111111111114 36.0 183.0 0.0 147.0 17560.0 
734.0024701468102 43.111111111111114 36.0 183.0 0.0 147.0 17560.0 
736.0024701468102 42.97 37.0 185.0 0.0 148.0 17662.0 
738.0024701468102 42.97 37.0 185.0 0.0 148.0 17662.0 
740.0024701468102 42.83168316831683 37.0 186.0 0.0 149.0 17850.0 
742.0024701468102 43.118811881188115 37.0 187.0 0.0 150.0 17952.0 
744.0024701468102 43.118811881188115 38.0 188.0 0.0 150.0 17952.0 
746.0024701468102 43.4059405940594 38.0 188.0 0.0 151.0 18055.0 
748.0024701468102 43.4059405940594 37.0 188.0 0.0 151.0 18055.0 
750.0024701468102 43.549019607843135 35.0 188.0 0.0 153.0 18346.0 
752.0024701468102 43.549019607843135 37.0 190.0 0.0 153.0 18346.0 
754.0024701468102 43.83333333333333 38.0 191.0 0.0 154.0 18554.0 
756.0024701468102 43.83333333333333 38.0 192.0 0.0 154.0 18554.0 
758.0024701468102 44.11764705882353 39.0 193.0 0.0 155.0 18729.0 
760.0024701468102 44.252427184466015 36.0 194.0 0.0 157.0 18934.0 
762.0024701468102 44.252427184466015 37.0 194.0 0.0 157.0 18934.0 
764.0024701468102 44.252427184466015 37.0 194.0 0.0 157.0 18934.0 
766.0024701468102 44.252427184466015 37.0 194.0 0.0 157.0 18934.0 
768.0024701468102 44.53398058252427 37.0 194.0 0.0 158.0 19037.0 
770.0024701468102 44.53398058252427 36.0 194.0 0.0 158.0 19037.0 
772.0024701468102 44.53398058252427 37.0 195.0 0.0 158.0 19037.0 
774.0024701468102 44.53398058252427 38.0 196.0 0.0 158.0 19037.0 
776.0024701468102 44.66346153846153 39.0 197.0 0.0 160.0 19269.0 
778.0024701468102 44.66346153846153 37.0 197.0 0.0 160.0 19269.0 
780.0024701468102 44.66346153846153 37.0 197.0 0.0 160.0 19269.0 
782.0024701468102 44.66346153846153 37.0 197.0 0.0 160.0 19269.0 
784.0024701468102 44.94230769230769 39.0 199.0 0.0 161.0 19461.0 
786.0024701468102 44.94230769230769 38.0 199.0 0.0 161.0 19461.0 
788.0024701468102 45.22115384615385 37.0 199.0 0.0 162.0 19564.0 
790.0024701468102 45.22115384615385 38.0 200.0 0.0 162.0 19564.0 
792.0024701468102 45.22115384615385 38.0 200.0 0.0 162.0 19564.0 
794.0024701468102 45.22115384615385 38.0 202.0 0.0 162.0 19564.0 
796.0024701468102 45.22115384615385 41.0 203.0 0.0 162.0 19564.0 
798.0024701468102 45.06666666666667 40.0 203.0 0.0 163.0 19666.0 
800.0024701468102 45.34285714285714 40.0 204.0 0.0 164.0 19974.0 
802.0024701468102 45.03738317757009 40.0 206.0 0.0 166.0 20295.0 
804.0024701468102 45.30841121495327 39.0 206.0 0.0 167.0 20398.0 
806.0024701468102 45.30841121495327 40.0 208.0 0.0 167.0 20398.0 
808.0024701468102 45.30841121495327 41.0 208.0 0.0 167.0 20398.0 
810.0024701468102 45.850467289719624 42.0 209.0 0.0 169.0 20602.0 
812.0007931689952 45.850467289719624 40.0 211.0 0.0 169.0 20602.0 
814.0024701468102 45.850467289719624 42.0 211.0 0.0 169.0 20602.0 
816.0024701468102 45.850467289719624 42.0 211.0 0.0 169.0 20602.0 
818.0024701468102 45.694444444444436 42.0 211.0 0.0 170.0 20704.0 
820.0024701468102 45.694444444444436 41.0 211.0 0.0 170.0 20704.0 
822.0024701468102 45.96296296296296 40.0 211.0 0.0 171.0 20807.0 
824.0024701468102 45.96296296296296 40.0 211.0 0.0 171.0 20807.0 
826.0024701468102 46.23148148148149 40.0 211.0 0.0 172.0 20910.0 
828.0024701468102 46.23148148148149 39.0 211.0 0.0 172.0 20910.0 
830.0024701468102 46.76851851851851 38.0 212.0 0.0 174.0 21114.0 
832.0024701468102 46.76851851851851 38.0 212.0 0.0 174.0 21114.0 
834.0024701468102 47.03703703703704 37.0 212.0 0.0 175.0 21291.0 
836.0024701468102 47.03703703703704 37.0 212.0 0.0 175.0 21291.0 
838.0024701468102 47.574074074074076 35.0 212.0 0.0 177.0 21495.0 
840.0024701468102 47.574074074074076 36.0 213.0 0.0 177.0 21495.0 
842.0024701468102 47.84259259259259 36.0 213.0 0.0 178.0 21598.0 
844.0024701468102 47.84259259259259 35.0 213.0 0.0 178.0 21598.0 
846.0024701468102 47.93577981651376 35.0 214.0 0.0 180.0 21803.0 
848.0024701468102 47.93577981651376 34.0 214.0 0.0 180.0 21803.0 
850.0024701468102 47.93577981651376 35.0 215.0 0.0 180.0 21803.0 
852.0024701468102 47.93577981651376 35.0 215.0 0.0 180.0 21803.0 
854.0024701468102 48.46788990825687 34.0 215.0 0.0 182.0 22008.0 
856.0024701468102 48.73394495412843 34.0 216.0 0.0 183.0 22111.0 
858.0024701468102 49.0 33.0 216.0 0.0 184.0 22213.0 
860.0024701468102 49.26605504587157 33.0 217.0 0.0 185.0 22316.0 
862.0024701468102 49.26605504587157 32.0 217.0 0.0 185.0 22316.0 
864.0024701468102 49.53211009174313 31.0 217.0 0.0 186.0 22419.0 
866.0024701468102 49.53211009174313 31.0 217.0 0.0 186.0 22419.0 
868.0024701468102 49.53211009174313 31.0 217.0 0.0 186.0 22419.0 
870.0024701468102 49.53211009174313 31.0 217.0 0.0 186.0 22419.0 
872.0024701468102 49.53211009174313 31.0 218.0 0.0 186.0 22419.0 
874.0024701468102 49.798165137614674 31.0 218.0 0.0 187.0 22521.0 
876.0024701468102 49.798165137614674 31.0 218.0 0.0 187.0 22521.0 
878.0024701468102 50.06422018348624 31.0 219.0 0.0 188.0 22624.0 
880.0024701468102 50.06422018348624 32.0 220.0 0.0 188.0 22624.0 
882.0024701468102 50.06422018348624 32.0 220.0 0.0 188.0 22624.0 
884.0024701468102 50.06422018348624 32.0 220.0 0.0 188.0 22624.0 
886.0024701468102 50.59633027522936 33.0 221.0 0.0 190.0 22830.0 
888.0024701468102 50.59633027522936 31.0 221.0 0.0 190.0 22830.0 
890.0024701468102 50.59633027522936 31.0 221.0 0.0 190.0 22830.0 
892.0024701468102 50.4 32.0 224.0 0.0 191.0 22932.0 
894.0024701468102 50.4 33.0 225.0 0.0 191.0 22932.0 
896.0024701468102 50.4 34.0 226.0 0.0 191.0 22932.0 
898.0024701468102 51.19090909090909 32.0 226.0 0.0 194.0 23240.0 
900.0024701468102 51.19090909090909 32.0 226.0 0.0 194.0 23240.0 
#####################################################################
# End of data export. Simulation finished at: 2020-02-28T09:52+0000 #
#####################################################################
