#####################################################################
# Alchemist log file - simulation started at: 2020-01-19T14:44+0000 #
#####################################################################
# seed = 19.0, taskFrequency = 0.1, cloudcost = 1.0, algorithm = true
#
# The columns have the following meaning: 
# time taskHops[Mean] hasTask[Sum] tasks[Sum] completedTasks[Sum] giveupTasks[Sum] taskLatency[Sum] 
0.0 NaN 0.0 0.0 0.0 0.0 0.0 
2.0189000266060093 NaN 13.0 18.0 0.0 0.0 0.0 
4.018900026606009 NaN 29.0 34.0 0.0 0.0 0.0 
6.018900026606009 NaN 46.0 50.0 0.0 0.0 0.0 
8.018900026606008 NaN 63.0 67.0 0.0 0.0 0.0 
10.018900026606008 NaN 79.0 82.0 0.0 0.0 0.0 
12.002233917416167 0.0 89.0 91.0 1.0 0.0 11.0 
14.018900026606008 1.0 95.0 98.0 5.0 0.0 63.0 
16.01890002660601 1.2 91.0 100.0 10.0 0.0 130.0 
18.01890002660601 1.2857142857142858 98.0 112.0 14.0 0.0 187.0 
20.004283496878273 1.4 97.0 115.0 15.0 0.0 201.0 
22.01890002660601 1.375 102.0 119.0 16.0 0.0 215.0 
24.01890002660601 1.3888888888888888 106.0 123.0 18.0 0.0 250.0 
26.011096937881216 1.4210526315789473 107.0 127.0 19.0 0.0 273.0 
28.017060430546408 1.4210526315789473 109.0 130.0 19.0 0.0 273.0 
30.01890002660601 1.5238095238095237 111.0 131.0 21.0 0.0 310.0 
32.018900026606005 1.6923076923076923 106.0 131.0 26.0 0.0 431.0 
34.018900026606005 1.6666666666666665 105.0 131.0 27.0 0.0 454.0 
36.018900026606005 1.740740740740741 108.0 135.0 28.0 0.0 473.0 
38.018900026606005 1.7142857142857142 111.0 141.0 29.0 0.0 487.0 
40.018900026606005 1.7241379310344829 113.0 143.0 30.0 0.0 509.0 
42.018900026606005 1.8666666666666667 112.0 143.0 32.0 0.0 565.0 
44.018900026606005 1.903225806451613 112.0 148.0 33.0 0.0 596.0 
46.018900026606005 1.903225806451613 116.0 149.0 33.0 0.0 596.0 
48.018900026606005 2.032258064516129 117.0 151.0 34.0 0.0 616.0 
50.018900026606005 2.161290322580645 118.0 152.0 35.0 0.0 617.0 
52.00332606961345 2.15625 115.0 152.0 37.0 0.0 663.0 
54.018900026606005 2.1875 115.0 152.0 38.0 0.0 679.0 
56.018900026606005 2.28125 114.0 153.0 39.0 0.0 698.0 
58.011296264023024 2.46875 113.0 153.0 41.0 0.0 732.0 
60.00174052535404 2.46875 112.0 153.0 41.0 0.0 732.0 
62.0061863477028 2.53125 113.0 155.0 42.0 0.0 755.0 
64.01465970601869 2.7058823529411766 113.0 156.0 47.0 0.0 905.0 
66.01783285739184 2.7058823529411766 112.0 160.0 47.0 0.0 905.0 
68.00918127879306 2.7058823529411766 113.0 160.0 47.0 0.0 905.0 
70.018900026606 2.7941176470588234 111.0 161.0 49.0 0.0 939.0 
72.018900026606 2.8571428571428568 112.0 163.0 50.0 0.0 992.0 
74.018900026606 2.8857142857142857 113.0 164.0 51.0 0.0 1028.0 
76.01546937829382 2.8857142857142857 113.0 165.0 51.0 0.0 1028.0 
78.018900026606 2.8857142857142857 114.0 165.0 51.0 0.0 1028.0 
80.018900026606 2.8857142857142857 114.0 167.0 51.0 0.0 1028.0 
82.018900026606 2.942857142857143 117.0 170.0 52.0 0.0 1085.0 
84.018900026606 2.972972972972973 117.0 171.0 55.0 0.0 1259.0 
86.018900026606 3.027027027027027 115.0 171.0 56.0 0.0 1278.0 
88.00514923202226 3.027027027027027 115.0 172.0 56.0 0.0 1278.0 
90.018900026606 3.0 116.0 172.0 57.0 0.0 1365.0 
92.018900026606 3.0526315789473686 117.0 175.0 58.0 0.0 1384.0 
94.018900026606 3.0789473684210527 118.0 176.0 59.0 0.0 1398.0 
96.018900026606 3.0789473684210527 117.0 177.0 59.0 0.0 1398.0 
98.01820774281894 3.105263157894737 117.0 177.0 60.0 0.0 1411.0 
100.00401104169656 3.1025641025641026 117.0 178.0 61.0 0.0 1503.0 
102.018900026606 3.15 117.0 178.0 62.0 1.0 1626.0 
104.018900026606 2.759259259259259 111.0 179.0 64.0 20.0 3207.0 
106.018900026606 2.2948717948717947 83.0 181.0 64.0 50.0 5575.0 
108.018900026606 2.076923076923077 50.0 183.0 64.0 83.0 8464.0 
110.018900026606 2.121739130434783 30.0 188.0 66.0 99.0 9698.0 
112.018900026606 2.115702479338843 22.0 194.0 66.0 111.0 10404.0 
114.018900026606 2.1885245901639343 18.0 207.0 66.0 122.0 10624.0 
116.018900026606 2.2601626016260163 26.0 219.0 66.0 129.0 10805.0 
118.018900026606 2.3252032520325203 30.0 227.0 67.0 132.0 10812.0 
120.00643824972221 2.3225806451612905 35.0 236.0 67.0 134.0 10918.0 
122.018900026606 2.3870967741935485 38.0 247.0 67.0 142.0 10940.0 
124.018900026606 2.403225806451613 46.0 258.0 67.0 144.0 10959.0 
126.018900026606 2.556451612903226 49.0 269.0 68.0 149.0 10982.0 
128.018900026606 2.6 54.0 275.0 71.0 154.0 11131.0 
130.018900026606 2.648 46.0 277.0 72.0 159.0 11349.0 
132.018900026606 2.696 53.0 285.0 74.0 160.0 11394.0 
134.018900026606 2.744 66.0 301.0 76.0 162.0 11430.0 
136.018900026606 2.792 70.0 312.0 79.0 163.0 11449.0 
138.018900026606 2.872 73.0 319.0 82.0 169.0 11515.0 
140.018900026606 2.9120000000000004 70.0 321.0 84.0 170.0 11551.0 
142.018900026606 2.9279999999999995 72.0 331.0 84.0 172.0 11569.0 
144.00868349063472 2.968 81.0 339.0 87.0 173.0 11641.0 
146.018900026606 3.0080000000000005 81.0 343.0 88.0 174.0 11667.0 
148.018900026606 3.0400000000000005 83.0 349.0 88.0 178.0 11698.0 
150.018900026606 3.0559999999999996 87.0 355.0 88.0 180.0 11741.0 
152.018900026606 3.0559999999999996 92.0 362.0 88.0 180.0 11741.0 
154.00089206566508 3.0720000000000005 97.0 369.0 89.0 180.0 11771.0 
156.01620589582603 3.0879999999999996 101.0 372.0 91.0 180.0 11786.0 
158.018900026606 3.1199999999999997 104.0 375.0 92.0 180.0 11802.0 
160.018900026606 3.16 106.0 378.0 94.0 180.0 11843.0 
162.018900026606 3.208 105.0 380.0 98.0 180.0 11915.0 
164.018900026606 3.2159999999999993 103.0 382.0 99.0 180.0 11929.0 
166.018900026606 3.256 103.0 385.0 100.0 183.0 11976.0 
168.018900026606 3.288 103.0 388.0 101.0 186.0 12085.0 
170.018900026606 3.336 101.0 395.0 102.0 191.0 12189.0 
172.018900026606 3.336 104.0 398.0 102.0 191.0 12189.0 
174.00990719707758 3.4080000000000004 105.0 401.0 103.0 195.0 12379.0 
176.018900026606 3.4479999999999995 103.0 403.0 104.0 197.0 12449.0 
178.018900026606 3.6 98.0 408.0 109.0 198.0 12585.0 
180.018900026606 3.6399999999999997 101.0 413.0 111.0 198.0 12652.0 
182.018900026606 3.6399999999999997 104.0 413.0 111.0 198.0 12652.0 
184.018900026606 3.688 104.0 415.0 114.0 200.0 12870.0 
186.018900026606 3.7359999999999998 100.0 417.0 116.0 201.0 12964.0 
188.014492137821 3.7359999999999998 102.0 421.0 116.0 201.0 12964.0 
190.018900026606 3.7359999999999998 107.0 425.0 116.0 201.0 12964.0 
192.018900026606 3.7600000000000002 111.0 428.0 116.0 204.0 13089.0 
194.018900026606 3.8639999999999994 106.0 428.0 122.0 204.0 13218.0 
196.018900026606 3.8880000000000003 100.0 430.0 122.0 207.0 13431.0 
198.018900026606 3.9120000000000004 101.0 432.0 123.0 208.0 13475.0 
200.018900026606 3.92 103.0 435.0 124.0 208.0 13489.0 
202.01747255145494 3.92 104.0 437.0 124.0 208.0 13489.0 
204.018900026606 3.952 107.0 440.0 126.0 208.0 13574.0 
206.005071006048 3.9760000000000004 107.0 442.0 127.0 208.0 13599.0 
208.018900026606 4.008000000000001 108.0 446.0 129.0 208.0 13618.0 
210.018900026606 4.023999999999999 109.0 446.0 130.0 208.0 13637.0 
212.018900026606 4.119999999999999 105.0 446.0 132.0 213.0 14063.0 
214.018900026606 4.224 96.0 450.0 134.0 220.0 14475.0 
216.018900026606 4.336 94.0 457.0 135.0 233.0 15308.0 
218.018900026606 4.4399999999999995 82.0 458.0 135.0 246.0 16232.0 
220.00103486770942 4.552 74.0 461.0 135.0 260.0 17073.0 
222.018900026606 4.696000000000001 61.0 470.0 138.0 272.0 17724.0 
224.0055145183177 4.824 58.0 477.0 140.0 283.0 18419.0 
226.018900026606 4.968 49.0 482.0 141.0 299.0 19208.0 
228.018900026606 5.08 39.0 489.0 142.0 311.0 19619.0 
230.018900026606 5.151999999999999 40.0 501.0 142.0 320.0 19766.0 
232.018900026606 5.176 45.0 510.0 142.0 323.0 19792.0 
234.018900026606 5.200000000000001 52.0 518.0 142.0 326.0 19895.0 
236.018900026606 5.272 54.0 529.0 143.0 333.0 20072.0 
238.00831948554296 5.336 54.0 538.0 143.0 341.0 20186.0 
240.018900026606 5.3759999999999994 57.0 547.0 144.0 345.0 20235.0 
242.018900026606 5.392 63.0 555.0 144.0 347.0 20254.0 
244.018900026606 5.4719999999999995 65.0 561.0 146.0 354.0 20411.0 
246.00703550747184 5.5600000000000005 62.0 571.0 146.0 365.0 20675.0 
248.018900026606 5.68 54.0 579.0 147.0 377.0 20839.0 
250.018900026606 5.728 61.0 589.0 148.0 380.0 20902.0 
252.018900026606 5.808 68.0 599.0 150.0 386.0 21156.0 
254.018900026606 5.888 69.0 611.0 151.0 394.0 21256.0 
256.018900026606 5.936 67.0 617.0 151.0 399.0 21383.0 
258.018900026606 5.968 73.0 625.0 151.0 403.0 21398.0 
260.018900026606 5.968 72.0 628.0 151.0 403.0 21398.0 
262.018900026606 5.991999999999999 76.0 633.0 151.0 406.0 21480.0 
264.018900026606 6.032 80.0 642.0 153.0 408.0 21494.0 
266.018900026606 6.119999999999999 82.0 648.0 154.0 415.0 21640.0 
268.0035253282793 6.183999999999999 79.0 656.0 155.0 421.0 21708.0 
270.018900026606 6.224 85.0 664.0 156.0 424.0 21833.0 
272.018900026606 6.296 79.0 667.0 156.0 433.0 21954.0 
274.018900026606 6.311999999999999 82.0 673.0 156.0 435.0 21962.0 
276.018900026606 6.328 86.0 678.0 157.0 435.0 21963.0 
278.018900026606 6.328 92.0 684.0 157.0 435.0 21963.0 
280.018900026606 6.328 95.0 687.0 157.0 435.0 21963.0 
282.018900026606 6.392 97.0 692.0 158.0 440.0 22108.0 
284.018900026606 6.4319999999999995 91.0 693.0 159.0 443.0 22285.0 
286.0181496709285 6.464 93.0 695.0 161.0 444.0 22377.0 
288.01563796662634 6.464 94.0 701.0 161.0 444.0 22377.0 
290.00338584212665 6.5040000000000004 95.0 701.0 162.0 444.0 22408.0 
292.0049165952755 6.5040000000000004 99.0 707.0 162.0 444.0 22408.0 
294.018900026606 6.5040000000000004 101.0 708.0 162.0 444.0 22408.0 
296.018900026606 6.5280000000000005 101.0 712.0 163.0 446.0 22454.0 
298.018900026606 6.5680000000000005 105.0 715.0 163.0 451.0 22515.0 
300.018900026606 6.616 100.0 718.0 165.0 455.0 22797.0 
302.018900026606 6.688000000000001 101.0 724.0 166.0 457.0 22939.0 
304.018900026606 6.744 103.0 729.0 167.0 462.0 23125.0 
306.018900026606 6.752000000000001 101.0 732.0 167.0 463.0 23177.0 
308.018900026606 6.760000000000001 103.0 733.0 168.0 463.0 23197.0 
310.0053607446014 6.792 105.0 736.0 169.0 464.0 23273.0 
312.018900026606 6.792 105.0 738.0 169.0 464.0 23273.0 
314.0082441936976 6.8 106.0 739.0 169.0 465.0 23306.0 
316.00400613414723 6.872 104.0 744.0 170.0 472.0 23450.0 
318.018900026606 6.927999999999999 103.0 748.0 170.0 479.0 23793.0 
320.018900026606 7.016 100.0 751.0 171.0 486.0 24123.0 
322.018900026606 7.048 95.0 753.0 172.0 488.0 24259.0 
324.018900026606 7.104000000000001 92.0 756.0 172.0 495.0 24476.0 
326.018900026606 7.264 82.0 761.0 173.0 513.0 25394.0 
328.018900026606 7.36 72.0 765.0 174.0 520.0 25821.0 
330.018900026606 7.392 71.0 769.0 174.0 524.0 25919.0 
332.018900026606 7.4719999999999995 72.0 773.0 175.0 531.0 26307.0 
334.018900026606 7.536 62.0 777.0 176.0 538.0 26672.0 
336.018900026606 7.6 66.0 789.0 177.0 544.0 26959.0 
338.018900026606 7.664 70.0 794.0 178.0 549.0 27172.0 
340.018900026606 7.744 67.0 804.0 178.0 559.0 27547.0 
342.018900026606 7.816000000000001 65.0 806.0 178.0 568.0 27853.0 
344.0024588154503 7.952 63.0 816.0 178.0 585.0 28386.0 
346.018900026606 8.032 51.0 825.0 179.0 591.0 28506.0 
348.018900026606 8.128 52.0 828.0 180.0 598.0 28764.0 
350.018900026606 8.264 42.0 834.0 182.0 611.0 29342.0 
352.018900026606 8.296 44.0 838.0 182.0 615.0 29378.0 
354.018900026606 8.344 47.0 848.0 182.0 621.0 29471.0 
356.018900026606 8.48 47.0 860.0 182.0 638.0 29738.0 
358.018900026606 8.56 43.0 868.0 184.0 641.0 29832.0 
360.018900026606 8.64 51.0 879.0 186.0 644.0 29858.0 
362.018900026606 8.687999999999999 57.0 891.0 186.0 650.0 29901.0 
364.018900026606 8.76 58.0 898.0 186.0 659.0 29996.0 
366.018900026606 8.936 51.0 906.0 191.0 670.0 30281.0 
368.018900026606 9.04 48.0 920.0 193.0 679.0 30479.0 
370.00362965702635 9.096 53.0 932.0 194.0 683.0 30624.0 
372.018900026606 9.120000000000001 62.0 942.0 194.0 686.0 30657.0 
374.018900026606 9.152 63.0 948.0 194.0 690.0 30682.0 
376.018900026606 9.168 76.0 963.0 194.0 692.0 30698.0 
378.018900026606 9.232 85.0 979.0 195.0 698.0 30762.0 
380.018900026606 9.312000000000001 85.0 984.0 196.0 706.0 30878.0 
382.018900026606 9.384 83.0 989.0 198.0 710.0 31036.0 
384.018900026606 9.408 86.0 997.0 199.0 711.0 31051.0 
386.0167814301905 9.440000000000001 89.0 1001.0 200.0 714.0 31109.0 
388.004873677186 9.464 90.0 1006.0 201.0 715.0 31128.0 
390.018900026606 9.488 92.0 1009.0 201.0 718.0 31197.0 
392.01885848838003 9.495999999999999 93.0 1015.0 201.0 719.0 31219.0 
394.0179736379786 9.528 96.0 1016.0 203.0 719.0 31258.0 
396.018900026606 9.592 93.0 1021.0 205.0 723.0 31349.0 
398.018900026606 9.623999999999999 94.0 1024.0 205.0 727.0 31435.0 
400.0131542892989 9.656 93.0 1026.0 206.0 730.0 31550.0 
402.0111614912641 9.736 87.0 1030.0 207.0 737.0 31706.0 
404.018900026606 9.784 85.0 1030.0 207.0 743.0 31866.0 
406.01686196550554 9.815999999999999 83.0 1035.0 208.0 744.0 31945.0 
408.018900026606 9.864 86.0 1040.0 208.0 750.0 32101.0 
410.018900026606 9.879999999999999 84.0 1045.0 208.0 752.0 32155.0 
412.018900026606 9.896 91.0 1051.0 208.0 754.0 32177.0 
414.018900026606 9.968 91.0 1054.0 211.0 755.0 32320.0 
416.018900026606 9.968 92.0 1058.0 211.0 755.0 32320.0 
418.018900026606 9.991999999999999 93.0 1061.0 212.0 755.0 32367.0 
420.018900026606 10.024 94.0 1065.0 213.0 758.0 32453.0 
422.018900026606 10.096 91.0 1070.0 214.0 764.0 32687.0 
424.018900026606 10.104 93.0 1072.0 214.0 765.0 32704.0 
426.018900026606 10.120000000000001 95.0 1078.0 214.0 767.0 32719.0 
428.018900026606 10.16 100.0 1084.0 215.0 769.0 32741.0 
430.018900026606 10.2 101.0 1086.0 216.0 772.0 32873.0 
432.018900026606 10.256 100.0 1088.0 217.0 775.0 33027.0 
434.018900026606 10.264 96.0 1089.0 217.0 776.0 33129.0 
436.018900026606 10.296 94.0 1090.0 218.0 778.0 33266.0 
438.018900026606 10.384 96.0 1096.0 220.0 785.0 33553.0 
440.018900026606 10.512 86.0 1097.0 221.0 800.0 34365.0 
442.018900026606 10.536 76.0 1099.0 222.0 802.0 34543.0 
444.018900026606 10.608 72.0 1101.0 224.0 807.0 34823.0 
446.018900026606 10.64 75.0 1107.0 224.0 811.0 35005.0 
448.0140174696533 10.712 74.0 1114.0 224.0 820.0 35342.0 
450.018900026606 10.784 71.0 1124.0 225.0 827.0 35692.0 
452.018900026606 10.84 75.0 1130.0 225.0 834.0 35931.0 
454.018900026606 10.904 70.0 1133.0 226.0 841.0 36199.0 
456.01112967925275 11.0 67.0 1141.0 226.0 853.0 36565.0 
458.018900026606 11.096 64.0 1149.0 227.0 863.0 36910.0 
460.018900026606 11.208 59.0 1157.0 228.0 874.0 37095.0 
462.012237177503 11.296 59.0 1167.0 228.0 885.0 37272.0 
464.018900026606 11.376000000000001 49.0 1170.0 229.0 892.0 37445.0 
466.018900026606 11.416 53.0 1179.0 229.0 897.0 37569.0 
468.018900026606 11.592 55.0 1189.0 232.0 906.0 37883.0 
470.018900026606 11.672 54.0 1198.0 232.0 916.0 38007.0 
472.018900026606 11.776 53.0 1209.0 232.0 929.0 38198.0 
474.018900026606 11.856 49.0 1218.0 232.0 939.0 38312.0 
476.01422265507114 11.991999999999999 45.0 1228.0 233.0 954.0 38519.0 
478.018900026606 12.047999999999998 46.0 1237.0 233.0 961.0 38557.0 
480.018900026606 12.16 41.0 1244.0 233.0 975.0 38772.0 
482.00327442979665 12.224 43.0 1259.0 233.0 983.0 38935.0 
484.018900026606 12.303999999999998 47.0 1275.0 234.0 991.0 39184.0 
486.00579510891663 12.376000000000001 53.0 1282.0 235.0 996.0 39322.0 
488.018900026606 12.392 55.0 1288.0 235.0 998.0 39327.0 
490.0180500147952 12.408 56.0 1296.0 235.0 1000.0 39333.0 
492.018900026606 12.464 63.0 1303.0 235.0 1007.0 39506.0 
494.018900026606 12.512 67.0 1314.0 235.0 1013.0 39637.0 
496.018900026606 12.559999999999999 68.0 1322.0 236.0 1017.0 39729.0 
498.018900026606 12.576 71.0 1326.0 236.0 1019.0 39751.0 
500.018900026606 12.616 74.0 1333.0 237.0 1023.0 39808.0 
502.00658635223135 12.648 75.0 1337.0 238.0 1026.0 39853.0 
504.00004178053774 12.712 75.0 1345.0 240.0 1028.0 39877.0 
506.018900026606 12.751999999999999 83.0 1354.0 241.0 1032.0 39896.0 
508.018900026606 12.768 87.0 1362.0 242.0 1032.0 39912.0 
510.0058786263914 12.776 92.0 1369.0 243.0 1032.0 39937.0 
512.0189000266059 12.848 94.0 1371.0 244.0 1039.0 40059.0 
514.0189000266059 12.879999999999999 89.0 1374.0 244.0 1043.0 40138.0 
516.0189000266059 12.879999999999999 92.0 1381.0 244.0 1043.0 40138.0 
518.0028314818941 12.904 97.0 1388.0 245.0 1045.0 40192.0 
520.0189000266059 12.919999999999998 99.0 1393.0 246.0 1046.0 40193.0 
522.0189000266059 12.968 100.0 1393.0 247.0 1050.0 40350.0 
524.0069114306007 13.008000000000001 95.0 1398.0 248.0 1053.0 40434.0 
526.0189000266059 13.096 95.0 1402.0 250.0 1060.0 40659.0 
528.012746232643 13.184000000000001 87.0 1406.0 252.0 1067.0 40899.0 
530.0189000266059 13.232 87.0 1409.0 253.0 1072.0 41124.0 
532.0189000266059 13.248000000000001 89.0 1416.0 254.0 1072.0 41141.0 
534.0189000266059 13.303999999999998 91.0 1420.0 255.0 1077.0 41349.0 
536.0189000266059 13.312000000000001 90.0 1424.0 255.0 1078.0 41394.0 
538.0189000266059 13.384 92.0 1428.0 258.0 1079.0 41457.0 
540.0189000266059 13.456 90.0 1429.0 258.0 1088.0 41757.0 
542.014026151255 13.536 84.0 1435.0 260.0 1090.0 41851.0 
544.0012016153995 13.6 86.0 1437.0 262.0 1090.0 41903.0 
546.0189000266059 13.632000000000001 86.0 1440.0 264.0 1091.0 41967.0 
548.0189000266059 13.687999999999999 87.0 1445.0 265.0 1094.0 42059.0 
550.0189000266059 13.792 87.0 1451.0 265.0 1107.0 42498.0 
552.0189000266059 13.864 80.0 1456.0 267.0 1112.0 42591.0 
554.0189000266059 13.943999999999999 76.0 1463.0 268.0 1120.0 42845.0 
556.0189000266059 14.016 75.0 1466.0 270.0 1126.0 43116.0 
558.0189000266059 14.032 74.0 1472.0 270.0 1128.0 43161.0 
560.0189000266059 14.104 74.0 1477.0 270.0 1137.0 43628.0 
562.0189000266059 14.152 71.0 1480.0 270.0 1143.0 44091.0 
564.0189000266059 14.239999999999998 66.0 1481.0 271.0 1151.0 44495.0 
566.0189000266059 14.256 60.0 1484.0 271.0 1153.0 44551.0 
568.0189000266059 14.28 66.0 1493.0 272.0 1154.0 44567.0 
570.0189000266059 14.4 66.0 1500.0 273.0 1162.0 44752.0 
572.0189000266059 14.464 62.0 1505.0 273.0 1170.0 44837.0 
574.0189000266059 14.544 62.0 1511.0 274.0 1178.0 45169.0 
576.0189000266059 14.632000000000001 57.0 1517.0 274.0 1189.0 45476.0 
578.0189000266059 14.696000000000002 62.0 1529.0 274.0 1197.0 45610.0 
580.013237400297 14.815999999999999 63.0 1539.0 275.0 1207.0 45854.0 
582.0189000266059 14.976 57.0 1551.0 275.0 1220.0 46116.0 
584.0189000266059 15.064 56.0 1560.0 276.0 1230.0 46350.0 
586.0189000266059 15.184000000000001 48.0 1568.0 277.0 1244.0 46668.0 
588.0189000266059 15.272 53.0 1583.0 277.0 1255.0 46739.0 
590.0189000266059 15.336 55.0 1592.0 278.0 1260.0 46876.0 
592.0189000266059 15.352 56.0 1597.0 278.0 1262.0 46902.0 
594.0031026759589 15.408 60.0 1605.0 278.0 1269.0 47000.0 
596.0189000266059 15.464 57.0 1608.0 278.0 1276.0 47084.0 
598.0189000266059 15.528 52.0 1616.0 278.0 1284.0 47147.0 
600.0189000266059 15.616 51.0 1624.0 278.0 1295.0 47282.0 
602.0047865723778 15.68 58.0 1635.0 279.0 1301.0 47429.0 
604.0189000266059 15.72 59.0 1643.0 279.0 1306.0 47463.0 
606.0189000266059 15.792 64.0 1657.0 280.0 1313.0 47608.0 
608.0189000266059 15.84 74.0 1672.0 280.0 1319.0 47720.0 
610.0189000266059 15.888000000000002 77.0 1679.0 280.0 1325.0 47846.0 
612.0189000266059 15.976 74.0 1687.0 281.0 1335.0 47996.0 
614.0189000266059 16.056 70.0 1695.0 282.0 1343.0 48147.0 
616.0189000266059 16.088 72.0 1699.0 282.0 1347.0 48277.0 
618.0189000266059 16.088 76.0 1707.0 282.0 1347.0 48277.0 
620.0189000266059 16.104 79.0 1710.0 282.0 1349.0 48386.0 
622.0189000266059 16.112000000000002 85.0 1718.0 283.0 1349.0 48392.0 
624.0189000266059 16.112000000000002 88.0 1721.0 283.0 1349.0 48392.0 
626.0189000266059 16.152 93.0 1726.0 284.0 1351.0 48438.0 
628.0189000266059 16.240000000000002 90.0 1733.0 285.0 1359.0 48599.0 
630.0189000266059 16.264 91.0 1737.0 285.0 1362.0 48654.0 
632.0121948029914 16.272 91.0 1740.0 285.0 1363.0 48655.0 
634.0189000266059 16.368 93.0 1747.0 287.0 1369.0 48819.0 
636.0189000266059 16.456 88.0 1751.0 287.0 1380.0 48988.0 
638.0189000266059 16.496000000000002 85.0 1753.0 287.0 1385.0 49073.0 
640.0189000266059 16.536 82.0 1759.0 288.0 1388.0 49149.0 
642.0189000266059 16.592 84.0 1764.0 291.0 1389.0 49278.0 
644.0189000266059 16.672 89.0 1772.0 294.0 1391.0 49369.0 
646.0189000266059 16.744 87.0 1775.0 296.0 1393.0 49430.0 
648.0189000266059 16.776 84.0 1778.0 296.0 1397.0 49566.0 
650.0189000266059 16.8 86.0 1781.0 296.0 1400.0 49610.0 
652.0189000266059 16.824 88.0 1786.0 297.0 1402.0 49662.0 
654.0189000266059 16.84 88.0 1788.0 298.0 1403.0 49748.0 
656.0156581560307 16.887999999999998 86.0 1792.0 298.0 1409.0 50068.0 
658.0189000266059 17.008 82.0 1794.0 300.0 1414.0 50304.0 
660.0189000266059 17.064 83.0 1799.0 300.0 1421.0 50440.0 
662.0189000266059 17.088 76.0 1802.0 300.0 1424.0 50604.0 
664.0189000266059 17.152 76.0 1805.0 301.0 1430.0 50757.0 
666.0189000266059 17.152 77.0 1808.0 301.0 1430.0 50757.0 
668.0189000266059 17.208 82.0 1816.0 303.0 1431.0 50783.0 
670.0189000266059 17.288 80.0 1822.0 305.0 1439.0 51125.0 
672.0189000266059 17.4 75.0 1825.0 306.0 1452.0 51643.0 
674.0189000266059 17.464 70.0 1832.0 306.0 1460.0 51987.0 
676.0177792411616 17.488 68.0 1837.0 306.0 1463.0 52137.0 
678.0189000266059 17.512 71.0 1842.0 306.0 1466.0 52179.0 
680.0189000266059 17.552 73.0 1846.0 307.0 1470.0 52270.0 
682.0189000266059 17.6 71.0 1849.0 307.0 1476.0 52472.0 
684.0189000266059 17.648 66.0 1853.0 308.0 1481.0 52676.0 
686.0189000266059 17.736 61.0 1857.0 308.0 1492.0 53023.0 
688.0189000266059 17.824 57.0 1864.0 309.0 1502.0 53428.0 
690.0189000266059 17.896 55.0 1873.0 310.0 1510.0 53671.0 
692.0189000266059 17.944 52.0 1877.0 310.0 1516.0 53747.0 
694.0189000266059 18.048 55.0 1890.0 312.0 1522.0 53947.0 
696.0189000266059 18.072 63.0 1900.0 312.0 1525.0 53969.0 
698.0189000266059 18.088 66.0 1904.0 312.0 1527.0 54062.0 
700.0189000266059 18.104 67.0 1908.0 312.0 1529.0 54079.0 
702.0189000266059 18.12 72.0 1913.0 312.0 1531.0 54100.0 
704.0189000266059 18.184 75.0 1923.0 313.0 1536.0 54272.0 
706.0189000266059 18.224 75.0 1928.0 314.0 1538.0 54389.0 
708.0189000266059 18.328 75.0 1934.0 316.0 1547.0 54582.0 
710.0189000266059 18.384 71.0 1936.0 317.0 1552.0 54782.0 
712.0120798788817 18.496000000000002 67.0 1945.0 317.0 1566.0 55089.0 
714.0189000266059 18.503999999999998 64.0 1949.0 318.0 1566.0 55092.0 
716.0189000266059 18.616 64.0 1956.0 318.0 1580.0 55663.0 
718.0189000266059 18.68 58.0 1964.0 319.0 1587.0 55834.0 
720.0189000266059 18.72 65.0 1975.0 319.0 1592.0 55894.0 
722.0189000266059 18.759999999999998 66.0 1979.0 320.0 1594.0 55934.0 
724.0189000266059 18.816 71.0 1990.0 320.0 1601.0 56011.0 
726.0189000266059 18.887999999999998 70.0 1995.0 322.0 1605.0 56118.0 
728.0024504857586 18.92 74.0 2004.0 322.0 1609.0 56131.0 
730.0050108570306 18.984 76.0 2010.0 322.0 1617.0 56289.0 
732.0189000266059 19.032 72.0 2017.0 323.0 1622.0 56480.0 
734.0189000266059 19.08 78.0 2025.0 324.0 1627.0 56530.0 
736.0189000266059 19.128 76.0 2029.0 324.0 1633.0 56677.0 
738.0189000266059 19.16 78.0 2036.0 325.0 1635.0 56730.0 
740.0189000266059 19.192 81.0 2044.0 325.0 1639.0 56886.0 
742.0069773569152 19.264 82.0 2050.0 328.0 1640.0 56937.0 
744.0183313324816 19.304 83.0 2053.0 329.0 1643.0 56971.0 
746.0189000266059 19.424 80.0 2060.0 329.0 1658.0 57382.0 
748.0064199401716 19.472 73.0 2066.0 329.0 1664.0 57560.0 
750.0189000266059 19.496 77.0 2072.0 331.0 1665.0 57599.0 
752.0189000266059 19.528 84.0 2083.0 332.0 1667.0 57621.0 
754.0189000266059 19.576 88.0 2090.0 333.0 1668.0 57660.0 
756.0189000266059 19.608 94.0 2097.0 334.0 1669.0 57691.0 
758.0189000266059 19.624 98.0 2103.0 335.0 1670.0 57713.0 
760.0189000266059 19.704 95.0 2106.0 337.0 1674.0 57872.0 
762.0189000266059 19.784 96.0 2110.0 338.0 1677.0 57922.0 
764.0189000266059 19.824 92.0 2110.0 338.0 1682.0 58044.0 
766.0189000266059 19.952 90.0 2114.0 341.0 1688.0 58430.0 
768.0189000266059 19.984 86.0 2117.0 341.0 1692.0 58534.0 
770.0161358191549 20.08 84.0 2121.0 343.0 1702.0 58767.0 
772.0047123228668 20.2 77.0 2128.0 345.0 1712.0 59088.0 
774.0189000266059 20.240000000000002 71.0 2134.0 347.0 1715.0 59181.0 
776.0189000266059 20.288 75.0 2142.0 348.0 1719.0 59283.0 
778.0189000266059 20.352 72.0 2146.0 348.0 1727.0 59597.0 
780.0189000266059 20.384 77.0 2154.0 348.0 1731.0 59730.0 
782.0189000266059 20.424 71.0 2155.0 349.0 1735.0 59835.0 
784.0189000266059 20.496000000000002 74.0 2163.0 351.0 1739.0 59910.0 
786.0189000266059 20.576 73.0 2168.0 352.0 1748.0 60351.0 
788.0189000266059 20.592 69.0 2171.0 352.0 1750.0 60388.0 
790.0113927397657 20.64 77.0 2182.0 354.0 1753.0 60488.0 
792.0189000266059 20.68 75.0 2187.0 354.0 1758.0 60579.0 
794.0189000266059 20.736 79.0 2194.0 355.0 1761.0 60636.0 
796.0020275972815 20.84 77.0 2200.0 355.0 1774.0 60949.0 
798.0189000266059 20.952 65.0 2206.0 355.0 1788.0 61299.0 
800.0189000266059 21.056 63.0 2216.0 356.0 1796.0 61401.0 
802.0189000266059 21.088 70.0 2223.0 356.0 1800.0 61406.0 
804.0189000266059 21.136 70.0 2230.0 357.0 1802.0 61450.0 
806.0189000266059 21.176 75.0 2235.0 358.0 1805.0 61506.0 
808.0189000266059 21.232 74.0 2243.0 359.0 1811.0 61646.0 
810.0068672674877 21.28 74.0 2248.0 361.0 1812.0 61749.0 
812.0189000266059 21.368000000000002 74.0 2253.0 362.0 1819.0 62003.0 
814.0189000266059 21.48 70.0 2259.0 363.0 1832.0 62478.0 
816.0189000266059 21.536 62.0 2264.0 363.0 1839.0 62601.0 
818.0189000266059 21.568 64.0 2269.0 364.0 1840.0 62623.0 
820.0189000266059 21.584 66.0 2273.0 364.0 1842.0 62700.0 
822.0189000266059 21.664 67.0 2280.0 366.0 1848.0 62888.0 
824.0189000266059 21.752 59.0 2282.0 367.0 1858.0 63246.0 
826.0189000266059 21.832 64.0 2295.0 368.0 1864.0 63442.0 
828.0189000266059 21.92 64.0 2305.0 368.0 1875.0 63615.0 
830.0189000266059 22.008 62.0 2310.0 369.0 1884.0 63784.0 
832.0189000266059 22.096 56.0 2318.0 369.0 1895.0 64127.0 
834.009647915146 22.152 60.0 2328.0 369.0 1902.0 64314.0 
836.0065216056573 22.240000000000002 57.0 2333.0 369.0 1913.0 64527.0 
838.0189000266059 22.288 56.0 2344.0 369.0 1919.0 64708.0 
840.0189000266059 22.408 56.0 2352.0 370.0 1932.0 64904.0 
842.0189000266059 22.408 56.0 2363.0 370.0 1932.0 64904.0 
844.0189000266059 22.488 65.0 2376.0 370.0 1942.0 65022.0 
846.0014199580764 22.52 67.0 2384.0 370.0 1946.0 65042.0 
848.0189000266059 22.584 71.0 2392.0 371.0 1952.0 65123.0 
850.0189000266059 22.616 77.0 2406.0 371.0 1956.0 65217.0 
852.0189000266059 22.68 80.0 2413.0 371.0 1964.0 65322.0 
854.0189000266059 22.848 71.0 2417.0 373.0 1975.0 65492.0 
856.0189000266059 22.928 71.0 2430.0 373.0 1985.0 65639.0 
858.0189000266059 22.984 74.0 2438.0 373.0 1992.0 65709.0 
860.0189000266059 23.064 72.0 2441.0 374.0 2000.0 65862.0 
862.0189000266059 23.12 65.0 2447.0 375.0 2005.0 66015.0 
864.0189000266059 23.184 69.0 2452.0 376.0 2011.0 66058.0 
866.0189000266059 23.232 71.0 2460.0 376.0 2017.0 66142.0 
868.0189000266059 23.256 76.0 2473.0 376.0 2020.0 66206.0 
870.0189000266059 23.312 76.0 2478.0 377.0 2026.0 66327.0 
872.0189000266059 23.344 76.0 2483.0 378.0 2029.0 66411.0 
874.0189000266059 23.368000000000002 80.0 2492.0 379.0 2030.0 66426.0 
876.0189000266059 23.424 86.0 2499.0 380.0 2033.0 66537.0 
878.0189000266059 23.48 89.0 2508.0 380.0 2040.0 66666.0 
880.0189000266059 23.528 88.0 2512.0 381.0 2044.0 66742.0 
882.0189000266059 23.584 89.0 2515.0 382.0 2047.0 66910.0 
884.0189000266059 23.616 86.0 2521.0 382.0 2051.0 67027.0 
886.0189000266059 23.728 91.0 2526.0 385.0 2053.0 67161.0 
888.0108185262643 23.759999999999998 89.0 2530.0 385.0 2057.0 67295.0 
890.0189000266059 23.832 85.0 2535.0 386.0 2065.0 67558.0 
892.0189000266059 23.887999999999998 86.0 2541.0 387.0 2070.0 67678.0 
894.0189000266059 23.952 86.0 2545.0 388.0 2074.0 67774.0 
896.0189000266059 24.0 82.0 2550.0 389.0 2079.0 67998.0 
898.0189000266059 24.016000000000002 83.0 2554.0 389.0 2081.0 68044.0 
900.0189000266059 24.016000000000002 88.0 2558.0 389.0 2081.0 68044.0 
#####################################################################
# End of data export. Simulation finished at: 2020-01-19T18:02+0000 #
#####################################################################
