#####################################################################
# Alchemist log file - simulation started at: 2020-01-26T05:34+0000 #
#####################################################################
# seed = 43.0, taskFrequency = 0.04217, cloudcost = 17.0, algorithm = false
#
# The columns have the following meaning: 
# time taskHops[Mean] hasTask[Sum] tasks[Sum] completedTasks[Sum] giveupTasks[Sum] taskLatency[Sum] 
0.0 NaN 0.0 0.0 0.0 0.0 0.0 
2.00176918288692 NaN 12.0 16.0 0.0 0.0 0.0 
4.00176918288692 NaN 22.0 26.0 0.0 0.0 0.0 
6.00176918288692 NaN 37.0 41.0 0.0 0.0 0.0 
8.001769182886921 NaN 47.0 49.0 0.0 0.0 0.0 
10.001769182886921 NaN 53.0 53.0 0.0 0.0 0.0 
12.001769182886921 NaN 61.0 61.0 0.0 0.0 0.0 
14.001769182886921 NaN 66.0 67.0 0.0 0.0 0.0 
16.00176918288692 NaN 70.0 76.0 0.0 0.0 0.0 
18.00176918288692 NaN 78.0 78.0 0.0 0.0 0.0 
20.00176918288692 NaN 78.0 79.0 0.0 0.0 0.0 
22.00176918288692 NaN 83.0 83.0 0.0 0.0 0.0 
24.00176918288692 NaN 89.0 91.0 0.0 0.0 0.0 
26.00176918288692 NaN 91.0 92.0 0.0 0.0 0.0 
28.00176918288692 NaN 96.0 98.0 0.0 0.0 0.0 
30.00176918288692 NaN 99.0 99.0 0.0 0.0 0.0 
32.00176918288692 NaN 103.0 104.0 0.0 0.0 0.0 
34.00176918288692 NaN 104.0 104.0 0.0 0.0 0.0 
36.00176918288692 NaN 106.0 106.0 0.0 0.0 0.0 
38.00176918288692 NaN 107.0 107.0 0.0 0.0 0.0 
40.00176918288692 NaN 109.0 110.0 0.0 0.0 0.0 
42.00176918288692 NaN 111.0 111.0 0.0 0.0 0.0 
44.00176918288692 NaN 111.0 111.0 0.0 0.0 0.0 
46.00176918288692 NaN 112.0 112.0 0.0 0.0 0.0 
48.00176918288692 NaN 112.0 112.0 0.0 0.0 0.0 
50.00176918288692 NaN 114.0 114.0 0.0 0.0 0.0 
52.00176918288692 NaN 115.0 115.0 0.0 0.0 0.0 
54.00176918288692 NaN 115.0 115.0 0.0 0.0 0.0 
56.00176918288692 NaN 115.0 116.0 0.0 0.0 0.0 
58.00176918288692 NaN 118.0 118.0 0.0 0.0 0.0 
60.00176918288692 NaN 118.0 118.0 0.0 0.0 0.0 
62.00176918288692 NaN 119.0 120.0 0.0 0.0 0.0 
64.00176918288692 NaN 120.0 120.0 0.0 0.0 0.0 
66.00176918288692 NaN 121.0 121.0 0.0 0.0 0.0 
68.00176918288692 NaN 121.0 121.0 0.0 0.0 0.0 
70.00176918288692 NaN 121.0 121.0 0.0 0.0 0.0 
72.00176918288692 NaN 121.0 121.0 0.0 0.0 0.0 
74.00176918288692 NaN 121.0 121.0 0.0 0.0 0.0 
76.00176918288692 NaN 122.0 122.0 0.0 0.0 0.0 
78.00176918288692 NaN 122.0 122.0 0.0 0.0 0.0 
80.00176918288692 NaN 122.0 122.0 0.0 0.0 0.0 
82.00176918288692 NaN 122.0 122.0 0.0 0.0 0.0 
84.00176918288692 NaN 122.0 122.0 0.0 0.0 0.0 
86.00176918288692 NaN 123.0 123.0 0.0 0.0 0.0 
88.00176918288692 NaN 123.0 123.0 0.0 0.0 0.0 
90.00176918288692 NaN 123.0 123.0 0.0 0.0 0.0 
92.00176918288692 NaN 123.0 123.0 0.0 0.0 0.0 
94.00176918288692 NaN 124.0 124.0 0.0 0.0 0.0 
96.00176918288692 NaN 125.0 125.0 0.0 0.0 0.0 
98.00176918288692 NaN 125.0 125.0 0.0 0.0 0.0 
100.00176918288692 NaN 125.0 125.0 0.0 0.0 0.0 
102.00176918288692 NaN 125.0 125.0 0.0 0.0 0.0 
104.00176918288692 17.0 124.0 125.0 0.0 6.0 614.0 
106.00176918288692 17.0 114.0 125.0 0.0 15.0 1539.0 
108.00176918288692 17.0 100.0 125.0 0.0 31.0 3189.0 
110.00176918288692 17.0 89.0 125.0 0.0 42.0 4327.0 
112.00176918288692 17.0 82.0 125.0 0.0 47.0 4840.0 
114.00176918288692 17.0 76.0 126.0 0.0 53.0 5453.0 
116.00176918288692 17.0 73.0 127.0 0.0 58.0 5964.0 
118.00176918288692 17.0 67.0 127.0 0.0 62.0 6374.0 
120.00176918288692 17.0 60.0 128.0 0.0 71.0 7306.0 
122.00176918288692 17.0 58.0 132.0 0.0 73.0 7535.0 
124.00176918288692 17.0 57.0 135.0 0.0 79.0 8158.0 
126.00176918288692 17.0 55.0 136.0 0.0 85.0 8771.0 
128.0017691828869 17.0 50.0 138.0 0.0 87.0 8977.0 
130.0017691828869 17.0 52.0 141.0 0.0 91.0 9387.0 
132.0017691828869 17.0 49.0 142.0 0.0 94.0 9696.0 
134.0017691828869 17.0 49.0 144.0 0.0 98.0 10135.0 
136.0017691828869 17.0 48.0 147.0 0.0 99.0 10238.0 
138.0017691828869 17.0 48.0 150.0 0.0 101.0 10443.0 
140.0017691828869 17.0 51.0 153.0 0.0 102.0 10545.0 
142.0017691828869 17.0 55.0 159.0 0.0 104.0 10750.0 
144.0017691828869 17.0 55.0 161.0 0.0 106.0 10955.0 
146.0017691828869 17.0 55.0 162.0 0.0 106.0 10955.0 
148.0017691828869 17.0 58.0 164.0 0.0 107.0 11058.0 
150.0017691828869 17.0 57.0 166.0 0.0 107.0 11058.0 
152.0017691828869 17.0 60.0 167.0 0.0 109.0 11263.0 
154.0017691828869 17.0 58.0 168.0 0.0 110.0 11365.0 
156.0017691828869 17.0 61.0 171.0 0.0 110.0 11365.0 
158.0017691828869 17.0 63.0 173.0 0.0 110.0 11365.0 
160.0017691828869 17.01769911504425 65.0 177.0 0.0 113.0 11673.0 
162.0017691828869 17.01769911504425 69.0 183.0 0.0 113.0 11673.0 
164.0017691828869 17.017543859649123 77.0 190.0 0.0 114.0 11775.0 
166.0017691828869 17.017391304347825 76.0 194.0 0.0 115.0 11878.0 
168.0017691828869 17.017241379310345 81.0 199.0 0.0 116.0 11980.0 
170.0017691828869 17.017241379310345 84.0 200.0 0.0 116.0 11980.0 
172.0017691828869 17.017241379310345 84.0 203.0 0.0 116.0 11980.0 
174.0017691828869 17.017241379310345 91.0 208.0 0.0 116.0 11980.0 
176.0017691828869 17.017241379310345 97.0 215.0 0.0 116.0 11980.0 
178.0017691828869 17.017094017094017 98.0 215.0 0.0 117.0 12082.0 
180.0017691828869 17.017094017094017 98.0 216.0 0.0 117.0 12082.0 
182.0017691828869 17.017094017094017 99.0 218.0 0.0 117.0 12082.0 
184.0017691828869 17.017094017094017 102.0 219.0 0.0 117.0 12082.0 
186.0017691828869 17.017094017094017 102.0 219.0 0.0 117.0 12082.0 
188.0017691828869 17.016949152542374 102.0 219.0 0.0 118.0 12184.0 
190.0017691828869 17.016949152542374 101.0 219.0 0.0 118.0 12184.0 
192.0017691828869 17.016949152542374 105.0 223.0 0.0 118.0 12184.0 
194.0017691828869 17.016949152542374 105.0 223.0 0.0 118.0 12184.0 
196.0017691828869 17.016806722689076 106.0 225.0 0.0 119.0 12287.0 
198.0017691828869 17.016666666666666 107.0 226.0 0.0 120.0 12390.0 
200.0017691828869 17.016666666666666 106.0 227.0 0.0 120.0 12390.0 
202.0017691828869 17.016666666666666 107.0 227.0 0.0 120.0 12390.0 
204.0017691828869 17.016666666666666 107.0 227.0 0.0 120.0 12390.0 
206.0017691828869 17.016666666666666 108.0 230.0 0.0 120.0 12390.0 
208.0017691828869 17.016666666666666 110.0 230.0 0.0 120.0 12390.0 
210.0017691828869 17.016666666666666 110.0 230.0 0.0 120.0 12390.0 
212.0017691828869 17.016666666666666 111.0 231.0 0.0 120.0 12390.0 
214.0017691828869 17.016666666666666 111.0 231.0 0.0 120.0 12390.0 
216.0017691828869 17.016666666666666 111.0 232.0 0.0 120.0 12390.0 
218.0017691828869 17.3 111.0 232.0 0.0 122.0 12596.0 
220.0017691828869 17.3 110.0 232.0 0.0 122.0 12596.0 
222.0017691828869 17.441666666666666 111.0 233.0 0.0 123.0 12698.0 
224.0017691828869 17.725 109.0 233.0 0.0 125.0 12902.0 
226.0017691828869 18.291666666666668 105.0 234.0 0.0 129.0 13312.0 
228.0017691828869 18.291666666666668 106.0 235.0 0.0 129.0 13312.0 
230.0017691828869 18.575 106.0 236.0 0.0 131.0 13517.0 
232.0017691828869 19.0 104.0 238.0 0.0 134.0 13824.0 
234.0017691828869 19.123966942148762 104.0 239.0 0.0 136.0 14128.0 
236.0017691828869 19.404958677685947 103.0 240.0 0.0 138.0 14332.0 
238.0017691828869 19.82644628099174 101.0 240.0 0.0 141.0 14639.0 
240.0017691828869 19.96694214876033 98.0 240.0 0.0 142.0 14749.0 
242.0017691828869 20.8099173553719 98.0 242.0 0.0 148.0 15367.0 
244.0017691828869 21.33606557377049 93.0 243.0 0.0 153.0 16012.0 
246.0017691828869 21.75409836065574 87.0 243.0 0.0 156.0 16320.0 
248.0017691828869 21.893442622950822 86.0 243.0 0.0 157.0 16443.0 
250.0017691828869 22.311475409836067 84.0 244.0 0.0 160.0 16750.0 
252.0017691828869 22.311475409836067 86.0 247.0 0.0 160.0 16750.0 
254.0017691828869 22.729508196721312 86.0 248.0 0.0 163.0 17059.0 
256.0017691828869 22.868852459016395 86.0 249.0 0.0 164.0 17161.0 
258.0017691828869 23.008196721311474 86.0 251.0 0.0 165.0 17264.0 
260.0017691828869 23.286885245901637 85.0 252.0 0.0 167.0 17468.0 
262.0017691828869 23.704918032786885 86.0 255.0 0.0 170.0 17775.0 
264.0017691828869 24.540983606557376 84.0 257.0 0.0 176.0 18390.0 
266.0017691828869 25.65573770491803 81.0 260.0 0.0 184.0 19211.0 
268.0017691828869 25.795081967213115 77.0 262.0 0.0 185.0 19313.0 
270.0017691828869 26.631147540983605 73.0 262.0 0.0 191.0 19930.0 
272.0017691828869 27.049180327868854 70.0 264.0 0.0 194.0 20238.0 
274.0017691828869 27.188524590163933 70.0 267.0 0.0 195.0 20368.0 
276.0017691828869 28.16393442622951 67.0 268.0 0.0 202.0 21085.0 
278.0017691828869 29.0 65.0 271.0 0.0 208.0 21699.0 
280.0017691828869 29.278688524590162 63.0 273.0 0.0 210.0 21905.0 
282.0017691828869 29.278688524590162 65.0 275.0 0.0 210.0 21905.0 
284.0017691828869 29.418032786885245 66.0 278.0 0.0 211.0 22008.0 
286.0017691828869 29.83606557377049 67.0 280.0 0.0 214.0 22316.0 
288.0017691828869 29.83606557377049 68.0 282.0 0.0 214.0 22316.0 
290.0017691828869 29.83606557377049 69.0 283.0 0.0 214.0 22316.0 
292.0017691828869 29.83606557377049 74.0 288.0 0.0 214.0 22316.0 
294.0017691828869 30.393442622950822 74.0 290.0 0.0 218.0 22726.0 
296.0017691828869 30.393442622950822 74.0 292.0 0.0 218.0 22726.0 
298.0017691828869 30.5327868852459 74.0 294.0 0.0 219.0 22828.0 
300.0017691828869 30.811475409836067 77.0 298.0 0.0 221.0 23034.0 
302.0017691828869 30.811475409836067 79.0 301.0 0.0 221.0 23034.0 
304.0017691828869 30.83739837398374 82.0 305.0 0.0 223.0 23436.0 
306.0017691828869 30.83739837398374 84.0 307.0 0.0 223.0 23436.0 
308.0017691828869 30.975609756097562 86.0 309.0 0.0 224.0 23538.0 
310.0017691828869 31.252032520325205 86.0 313.0 0.0 226.0 23744.0 
312.0017691828869 31.252032520325205 87.0 313.0 0.0 226.0 23744.0 
314.0017691828869 31.390243902439025 89.0 315.0 0.0 227.0 23847.0 
316.0017691828869 31.390243902439025 89.0 317.0 0.0 227.0 23847.0 
318.0017691828869 31.390243902439025 92.0 320.0 0.0 227.0 23847.0 
320.0017691828869 31.390243902439025 94.0 321.0 0.0 227.0 23847.0 
322.0017691828869 31.390243902439025 95.0 323.0 0.0 227.0 23847.0 
324.0017691828869 31.390243902439025 96.0 324.0 0.0 227.0 23847.0 
326.0017691828869 31.390243902439025 97.0 324.0 0.0 227.0 23847.0 
328.0017691828869 31.390243902439025 98.0 326.0 0.0 227.0 23847.0 
330.0017691828869 31.666666666666664 99.0 328.0 0.0 229.0 24052.0 
332.0017691828869 31.804878048780484 98.0 330.0 1.0 230.0 24240.0 
334.0017691828869 31.94308943089431 99.0 332.0 1.0 231.0 24342.0 
336.0002379273321 32.21951219512195 100.0 334.0 1.0 233.0 24548.0 
338.0017691828869 32.357723577235774 101.0 336.0 1.0 234.0 24650.0 
340.0017691828869 32.357723577235774 101.0 336.0 1.0 234.0 24650.0 
342.0017691828869 32.357723577235774 102.0 338.0 1.0 234.0 24650.0 
344.0017691828869 32.63414634146342 104.0 340.0 1.0 236.0 24856.0 
346.0017691828869 32.77235772357723 105.0 342.0 1.0 237.0 24959.0 
348.0017691828869 32.77235772357723 105.0 344.0 1.0 237.0 24959.0 
350.0017691828869 33.048780487804876 105.0 344.0 1.0 239.0 25274.0 
352.0017691828869 33.048780487804876 107.0 347.0 2.0 239.0 25285.0 
354.0017691828869 33.46341463414634 107.0 349.0 2.0 242.0 25593.0 
356.0017691828869 33.739837398373986 104.0 350.0 2.0 244.0 25798.0 
358.0017691828869 33.8780487804878 104.0 350.0 2.0 245.0 25901.0 
360.0017691828869 34.016260162601625 104.0 351.0 2.0 246.0 26003.0 
362.0017691828869 34.29268292682927 101.0 351.0 2.0 248.0 26208.0 
364.0017691828869 34.43089430894309 102.0 353.0 2.0 249.0 26310.0 
366.0017691828869 34.56910569105691 103.0 356.0 2.0 250.0 26412.0 
368.0016547153162 35.1219512195122 103.0 357.0 2.0 254.0 26823.0 
370.0017691828869 35.39837398373984 101.0 359.0 2.0 256.0 27028.0 
372.0003431177697 35.39837398373984 102.0 360.0 2.0 256.0 27028.0 
374.0017691828869 35.53658536585366 102.0 360.0 2.0 257.0 27131.0 
376.0017691828869 35.8130081300813 99.0 360.0 2.0 259.0 27336.0 
378.0017691828869 36.22764227642276 97.0 360.0 2.0 262.0 27644.0 
380.0017691828869 36.483870967741936 93.0 360.0 2.0 266.0 28303.0 
382.0017691828869 36.75806451612903 93.0 361.0 2.0 268.0 28508.0 
384.0017691828869 37.03225806451613 92.0 362.0 2.0 270.0 28712.0 
386.0017691828869 37.443548387096776 90.0 362.0 2.0 273.0 29086.0 
388.0017691828869 37.85483870967742 85.0 363.0 2.0 276.0 29394.0 
390.0017691828869 38.12903225806452 84.0 363.0 2.0 278.0 29599.0 
392.0017691828869 38.266129032258064 86.0 366.0 2.0 279.0 29701.0 
394.0017691828869 38.677419354838705 85.0 367.0 2.0 282.0 30008.0 
396.0017691828869 38.95161290322581 83.0 367.0 2.0 284.0 30213.0 
398.0017691828869 39.36290322580645 82.0 368.0 2.0 287.0 30594.0 
400.0017691828869 39.5 80.0 369.0 2.0 288.0 30696.0 
402.0017691828869 39.91129032258065 78.0 370.0 2.0 291.0 31004.0 
404.0017691828869 40.322580645161295 79.0 374.0 2.0 294.0 31312.0 
406.0017691828869 40.87096774193548 78.0 379.0 2.0 298.0 31723.0 
408.0017691828869 41.14516129032258 78.0 380.0 2.0 300.0 31928.0 
410.0017691828869 41.41935483870967 80.0 382.0 2.0 302.0 32134.0 
412.0017691828869 41.83064516129033 79.0 384.0 2.0 305.0 32442.0 
414.0017691828869 41.96774193548387 76.0 385.0 2.0 306.0 32545.0 
416.0017691828869 42.24193548387097 79.0 387.0 2.0 308.0 32750.0 
418.0017691828869 42.37903225806452 79.0 389.0 2.0 309.0 32853.0 
420.0017691828869 42.935483870967744 77.0 389.0 2.0 313.0 33278.0 
422.0017691828869 43.072580645161295 76.0 392.0 2.0 314.0 33381.0 
424.0017691828869 43.20967741935483 78.0 395.0 2.0 315.0 33484.0 
426.0017691828869 43.346774193548384 79.0 397.0 2.0 316.0 33587.0 
428.0017691828869 43.483870967741936 80.0 399.0 2.0 317.0 33690.0 
430.0017691828869 43.62096774193548 80.0 401.0 3.0 318.0 33805.0 
432.0017691828869 44.03225806451613 80.0 403.0 3.0 321.0 34112.0 
434.0017691828869 44.306451612903224 82.0 407.0 3.0 323.0 34357.0 
436.0017691828869 44.58064516129033 80.0 409.0 3.0 325.0 34562.0 
438.0017691828869 44.85483870967742 82.0 412.0 3.0 327.0 34768.0 
440.0017691828869 45.403225806451616 82.0 415.0 3.0 331.0 35215.0 
442.0017691828869 45.403225806451616 83.0 417.0 3.0 331.0 35215.0 
444.0017691828869 45.403225806451616 83.0 418.0 3.0 331.0 35215.0 
446.0017691828869 45.54032258064517 84.0 419.0 3.0 332.0 35318.0 
448.0017691828869 45.95161290322581 84.0 420.0 3.0 335.0 35627.0 
450.0017691828869 46.08870967741935 84.0 423.0 3.0 336.0 35729.0 
452.0017691828869 46.225806451612904 86.0 426.0 3.0 337.0 35832.0 
454.0017691828869 46.63709677419355 86.0 428.0 4.0 340.0 36152.0 
456.0017691828869 46.91129032258065 84.0 429.0 4.0 342.0 36357.0 
458.0017691828869 47.185483870967744 84.0 433.0 4.0 344.0 36654.0 
460.0017691828869 47.185483870967744 86.0 435.0 4.0 344.0 36654.0 
462.0017691828869 47.322580645161295 88.0 439.0 4.0 345.0 36756.0 
464.0017691828869 47.322580645161295 90.0 440.0 4.0 345.0 36756.0 
466.0017691828869 47.45967741935483 93.0 442.0 4.0 346.0 36859.0 
468.0017691828869 47.733870967741936 94.0 445.0 4.0 348.0 37064.0 
470.0017691828869 48.00806451612903 92.0 446.0 4.0 350.0 37270.0 
472.0017691828869 48.14516129032258 93.0 449.0 4.0 351.0 37372.0 
474.0017691828869 48.556451612903224 91.0 450.0 4.0 354.0 37759.0 
476.0017691828869 48.556451612903224 94.0 453.0 4.0 354.0 37759.0 
478.0017691828869 48.556451612903224 95.0 453.0 4.0 354.0 37759.0 
480.0017691828869 48.556451612903224 95.0 453.0 4.0 354.0 37759.0 
482.0017691828869 48.556451612903224 95.0 454.0 4.0 354.0 37759.0 
484.0017691828869 48.693548387096776 98.0 456.0 4.0 355.0 37861.0 
486.0017691828869 48.83064516129033 96.0 456.0 4.0 356.0 37963.0 
488.0017691828869 48.83064516129033 97.0 460.0 4.0 356.0 37963.0 
490.0017691828869 48.83064516129033 101.0 461.0 4.0 356.0 37963.0 
492.0017691828869 48.96774193548387 101.0 463.0 4.0 357.0 38066.0 
494.0017691828869 49.37903225806452 102.0 464.0 4.0 360.0 38373.0 
496.0017691828869 49.516129032258064 100.0 464.0 4.0 361.0 38476.0 
498.0017691828869 49.516129032258064 99.0 464.0 4.0 361.0 38476.0 
500.0017691828869 49.653225806451616 101.0 466.0 4.0 362.0 38579.0 
502.0017691828869 49.79032258064517 100.0 467.0 4.0 363.0 38682.0 
504.0017691828869 49.79032258064517 100.0 468.0 4.0 363.0 38682.0 
506.0017691828869 50.33870967741935 102.0 469.0 4.0 367.0 39092.0 
508.0017691828869 50.475806451612904 99.0 472.0 4.0 368.0 39194.0 
510.0017691828869 50.88709677419355 97.0 472.0 4.0 371.0 39503.0 
512.0017691828868 51.29838709677419 97.0 474.0 4.0 374.0 39810.0 
514.0017691828868 51.70967741935483 100.0 478.0 4.0 377.0 40163.0 
516.0017691828868 51.70967741935483 98.0 479.0 4.0 377.0 40163.0 
518.0017691828868 52.12096774193548 96.0 481.0 4.0 380.0 40471.0 
520.0017691828868 52.25806451612903 97.0 482.0 4.0 381.0 40574.0 
522.0017691828868 52.25806451612903 97.0 482.0 4.0 381.0 40574.0 
524.0017691828868 52.806451612903224 98.0 484.0 4.0 385.0 41064.0 
526.0017691828868 53.08064516129032 95.0 484.0 4.0 387.0 41270.0 
528.0017691828868 53.49193548387097 94.0 486.0 4.0 390.0 41579.0 
530.0017691828868 53.766129032258064 91.0 488.0 4.0 392.0 41783.0 
532.0017691828868 53.903225806451616 92.0 488.0 4.0 393.0 41885.0 
534.0017691828868 54.177419354838705 90.0 489.0 4.0 395.0 42091.0 
536.0017691828868 54.725806451612904 88.0 492.0 4.0 399.0 42500.0 
538.0017691828868 55.0 88.0 494.0 4.0 401.0 42705.0 
540.0017691828868 55.41129032258065 87.0 495.0 4.0 404.0 43012.0 
542.0017691828868 55.822580645161295 87.0 496.0 4.0 407.0 43320.0 
544.0017691828868 56.096774193548384 86.0 499.0 4.0 409.0 43524.0 
546.0017691828868 56.096774193548384 87.0 500.0 4.0 409.0 43524.0 
548.0017691828868 56.233870967741936 87.0 502.0 4.0 410.0 43627.0 
550.0017691828868 56.50806451612903 87.0 502.0 4.0 412.0 43833.0 
552.0017691828868 56.78225806451613 89.0 506.0 4.0 414.0 44039.0 
554.0017691828868 57.33064516129033 86.0 506.0 4.0 418.0 44448.0 
556.0017691828868 57.60483870967742 86.0 509.0 4.0 420.0 44653.0 
558.0017691828868 57.74193548387097 86.0 511.0 4.0 421.0 44950.0 
560.0017691828868 58.01612903225807 86.0 512.0 4.0 423.0 45154.0 
562.0017691828868 58.29032258064517 84.0 513.0 4.0 425.0 45359.0 
564.0017691828868 58.70161290322581 82.0 515.0 4.0 428.0 45666.0 
566.0017691828868 58.975806451612904 83.0 517.0 4.0 430.0 45872.0 
568.0017691828868 59.38709677419355 80.0 518.0 4.0 433.0 46179.0 
570.0017691828868 59.79838709677419 81.0 520.0 4.0 436.0 46485.0 
572.0017691828868 59.79838709677419 81.0 521.0 4.0 436.0 46485.0 
574.0017691828868 60.072580645161295 80.0 523.0 4.0 438.0 46690.0 
576.0017691828868 60.346774193548384 80.0 524.0 4.0 440.0 46896.0 
578.0017691828868 60.75806451612904 79.0 525.0 4.0 443.0 47203.0 
580.0017691828868 60.89516129032258 78.0 527.0 4.0 444.0 47306.0 
582.0017691828868 60.89516129032258 79.0 527.0 4.0 444.0 47306.0 
584.0017691828868 60.89516129032258 81.0 530.0 4.0 444.0 47306.0 
586.0017691828868 61.306451612903224 83.0 533.0 4.0 447.0 47614.0 
588.0017691828868 61.306451612903224 84.0 536.0 4.0 447.0 47614.0 
590.0017691828868 61.443548387096776 86.0 538.0 4.0 448.0 47716.0 
592.0017691828868 61.99193548387096 84.0 540.0 4.0 452.0 48127.0 
594.0017691828868 61.99193548387096 85.0 541.0 4.0 452.0 48127.0 
596.0017691828868 62.26612903225807 86.0 543.0 4.0 454.0 48333.0 
598.0017691828868 62.26612903225807 86.0 544.0 4.0 454.0 48333.0 
600.0017691828868 62.26612903225807 88.0 546.0 4.0 454.0 48333.0 
602.0017691828868 62.54032258064517 89.0 548.0 4.0 456.0 48538.0 
604.0017691828868 62.677419354838705 89.0 549.0 4.0 457.0 48641.0 
606.0017691828868 62.677419354838705 87.0 549.0 5.0 457.0 48652.0 
608.0017691828868 62.95161290322581 88.0 552.0 5.0 459.0 48858.0 
610.0017691828868 63.225806451612904 88.0 554.0 5.0 461.0 49063.0 
612.0017691828868 63.36290322580645 89.0 557.0 5.0 462.0 49166.0 
614.0017691828868 63.63709677419355 91.0 559.0 5.0 464.0 49371.0 
616.0017691828868 64.18548387096774 89.0 561.0 5.0 468.0 49780.0 
618.0017691828868 64.3225806451613 89.0 562.0 5.0 469.0 49883.0 
620.0017691828868 64.3225806451613 89.0 563.0 5.0 469.0 49883.0 
622.0017691828868 64.45967741935485 90.0 566.0 5.0 470.0 49986.0 
624.0017691828868 64.59677419354838 91.0 568.0 5.0 471.0 50089.0 
626.0017691828868 64.73387096774194 92.0 569.0 5.0 472.0 50191.0 
628.0017691828868 64.73387096774194 93.0 571.0 5.0 472.0 50191.0 
630.0017691828868 65.00806451612904 97.0 574.0 5.0 474.0 50397.0 
632.0017691828868 65.28225806451613 94.0 574.0 5.0 476.0 50675.0 
634.0017691828868 65.41935483870967 92.0 574.0 5.0 477.0 50778.0 
636.0017691828868 65.41935483870967 93.0 576.0 5.0 477.0 50778.0 
638.0017691828868 65.55645161290323 94.0 577.0 5.0 478.0 50881.0 
640.0017691828868 66.10483870967741 91.0 579.0 5.0 482.0 51293.0 
642.0017691828868 66.24193548387096 97.0 584.0 5.0 483.0 51396.0 
644.0017691828868 66.51612903225806 96.0 586.0 5.0 485.0 51617.0 
646.0017691828868 66.9274193548387 96.0 587.0 5.0 488.0 51923.0 
648.0017691828868 67.06451612903226 94.0 588.0 5.0 489.0 52026.0 
650.0017691828868 67.20161290322581 95.0 589.0 5.0 490.0 52128.0 
652.0017691828868 67.33870967741935 94.0 590.0 5.0 491.0 52231.0 
654.0017691828868 67.75 91.0 592.0 5.0 494.0 52537.0 
656.0017691828868 67.88709677419355 93.0 594.0 5.0 495.0 52640.0 
658.0017691828868 68.16129032258065 95.0 595.0 5.0 497.0 52844.0 
660.0017691828868 68.43548387096774 94.0 598.0 5.0 499.0 53049.0 
662.0017691828868 68.70967741935485 92.0 598.0 5.0 501.0 53254.0 
664.0017691828868 68.98387096774194 92.0 600.0 5.0 503.0 53529.0 
666.0017691828868 69.12096774193549 91.0 600.0 5.0 504.0 53631.0 
668.0017691828868 69.39516129032259 94.0 605.0 5.0 506.0 53836.0 
670.0017691828868 69.39516129032259 94.0 605.0 5.0 506.0 53836.0 
672.0017691828868 69.80645161290323 93.0 605.0 5.0 509.0 54144.0 
674.0017691828868 69.94354838709677 91.0 605.0 5.0 510.0 54246.0 
676.0017691828868 70.08064516129033 90.0 607.0 5.0 511.0 54348.0 
678.0017691828868 70.35483870967741 92.0 609.0 5.0 513.0 54553.0 
680.0017691828868 70.62903225806451 93.0 612.0 5.0 515.0 54933.0 
682.0017691828868 70.76612903225806 92.0 612.0 5.0 516.0 55035.0 
684.0017691828868 70.90322580645162 90.0 612.0 5.0 517.0 55138.0 
686.0017691828868 71.1774193548387 93.0 616.0 5.0 519.0 55343.0 
688.0017691828868 71.58870967741935 92.0 620.0 5.0 522.0 55651.0 
690.0017691828868 72.0 92.0 622.0 5.0 525.0 55960.0 
692.0017691828868 72.2741935483871 92.0 623.0 5.0 527.0 56165.0 
694.0017691828868 72.68548387096774 91.0 625.0 5.0 530.0 56473.0 
696.0017691828868 72.68548387096774 90.0 625.0 5.0 530.0 56473.0 
698.0017691828868 72.8225806451613 92.0 629.0 5.0 531.0 56575.0 
700.0017691828868 72.95967741935485 93.0 630.0 5.0 532.0 56677.0 
702.0017691828868 73.23387096774194 93.0 631.0 5.0 534.0 56881.0 
704.0017691828868 73.50806451612904 94.0 633.0 5.0 536.0 57086.0 
706.0017691828868 73.64516129032259 94.0 635.0 5.0 537.0 57189.0 
708.0017691828868 73.64516129032259 94.0 638.0 5.0 537.0 57189.0 
710.0017691828868 73.91935483870967 97.0 639.0 5.0 539.0 57394.0 
712.0017691828868 73.6 94.0 640.0 5.0 541.0 58207.0 
714.0017691828868 74.28 92.0 640.0 5.0 546.0 58927.0 
716.0017691828868 74.696 87.0 643.0 5.0 549.0 59234.0 
718.0017691828868 74.96799999999999 87.0 644.0 5.0 551.0 59438.0 
720.0017691828868 75.10400000000001 89.0 646.0 5.0 552.0 59541.0 
722.0017691828868 75.24 90.0 647.0 5.0 553.0 59643.0 
724.0017691828868 75.512 89.0 647.0 5.0 555.0 59847.0 
726.0017691828868 75.648 88.0 649.0 5.0 556.0 59949.0 
728.0017691828868 75.91999999999999 89.0 652.0 5.0 558.0 60154.0 
730.0017691828868 76.05600000000001 89.0 653.0 5.0 559.0 60256.0 
732.0012989303809 76.6 88.0 656.0 5.0 563.0 60665.0 
734.0017691828868 76.6 89.0 657.0 5.0 563.0 60665.0 
736.0017691828868 76.6 89.0 658.0 5.0 563.0 60665.0 
738.0017691828868 76.736 91.0 659.0 5.0 564.0 60768.0 
740.0017691828868 77.00800000000001 90.0 661.0 5.0 566.0 60973.0 
742.0017691828868 77.00800000000001 91.0 662.0 5.0 566.0 60973.0 
744.0017691828868 77.96000000000001 91.0 664.0 5.0 573.0 61692.0 
746.0017691828868 78.096 86.0 665.0 5.0 574.0 61794.0 
748.0017691828868 78.368 85.0 667.0 5.0 576.0 61999.0 
750.0017691828868 78.368 87.0 668.0 5.0 576.0 61999.0 
752.0017691828868 78.64000000000001 89.0 671.0 5.0 578.0 62204.0 
754.0017691828868 78.776 90.0 673.0 5.0 579.0 62307.0 
756.0017691828868 78.776 89.0 674.0 6.0 579.0 62319.0 
758.0017691828868 79.18400000000001 89.0 677.0 6.0 582.0 62627.0 
760.0017691828868 79.45599999999999 88.0 678.0 6.0 584.0 62832.0 
762.0017691828868 79.86399999999999 89.0 679.0 6.0 587.0 63138.0 
764.0017691828868 79.86399999999999 87.0 680.0 6.0 587.0 63138.0 
766.0017691828868 79.86399999999999 89.0 682.0 6.0 587.0 63138.0 
768.0017691828868 80.13600000000001 89.0 684.0 6.0 589.0 63344.0 
770.0017691828868 80.68 91.0 687.0 6.0 593.0 63755.0 
772.0017691828868 80.81599999999999 87.0 687.0 6.0 594.0 63858.0 
774.0017691828868 80.81599999999999 88.0 688.0 6.0 594.0 63858.0 
776.0017691828868 80.81599999999999 88.0 688.0 6.0 594.0 63858.0 
778.0017691828868 80.952 89.0 690.0 6.0 595.0 63960.0 
780.0017691828868 81.35999999999999 88.0 690.0 6.0 598.0 64268.0 
782.0017691828868 81.76799999999999 86.0 691.0 6.0 601.0 64574.0 
784.0017691828868 81.76799999999999 86.0 693.0 6.0 601.0 64574.0 
786.0017691828868 81.76799999999999 86.0 693.0 6.0 601.0 64574.0 
788.0017691828868 82.312 86.0 694.0 6.0 605.0 64983.0 
790.0017691828868 82.584 83.0 694.0 6.0 607.0 65188.0 
792.0017691828868 82.99199999999999 80.0 696.0 6.0 610.0 65496.0 
794.0017691828868 83.12800000000001 80.0 697.0 6.0 611.0 65598.0 
796.0017691828868 83.264 82.0 699.0 6.0 612.0 65701.0 
798.0017691828868 83.4 81.0 700.0 6.0 613.0 65804.0 
800.0017691828868 83.808 81.0 700.0 6.0 616.0 66111.0 
802.0017691828868 84.08000000000001 77.0 700.0 6.0 618.0 66316.0 
804.0017691828868 84.216 78.0 705.0 6.0 619.0 66418.0 
806.0017691828868 84.488 80.0 706.0 6.0 621.0 66623.0 
808.0017691828868 84.76 82.0 711.0 6.0 623.0 66828.0 
810.0017691828868 85.03200000000001 85.0 715.0 6.0 625.0 67144.0 
812.0017691828868 85.44 83.0 716.0 6.0 628.0 67452.0 
814.0017691828868 85.576 81.0 716.0 6.0 629.0 67554.0 
816.0017691828868 85.576 82.0 717.0 6.0 629.0 67554.0 
818.0017691828868 85.576 82.0 718.0 6.0 629.0 67554.0 
820.0017691828868 85.98400000000001 82.0 719.0 6.0 632.0 68014.0 
822.0017691828868 86.12 80.0 719.0 6.0 633.0 68117.0 
824.0017691828868 86.392 80.0 720.0 6.0 635.0 68322.0 
826.0017691828868 86.392 80.0 722.0 6.0 635.0 68322.0 
828.0017691828868 86.664 80.0 723.0 6.0 637.0 68526.0 
830.0017691828868 86.93599999999999 82.0 726.0 6.0 639.0 68731.0 
832.0017691828868 87.072 82.0 729.0 6.0 640.0 68834.0 
834.0017691828868 87.47999999999999 81.0 730.0 6.0 643.0 69141.0 
836.0017691828868 87.61600000000001 82.0 732.0 6.0 644.0 69244.0 
838.0017691828868 87.61600000000001 85.0 735.0 6.0 644.0 69244.0 
840.0017691828868 87.752 85.0 736.0 6.0 645.0 69347.0 
842.0017691828868 87.88799999999999 87.0 738.0 6.0 646.0 69450.0 
844.0017691828868 88.16000000000001 86.0 739.0 6.0 648.0 69656.0 
846.0017691828868 88.296 86.0 740.0 6.0 649.0 69759.0 
848.0017691828868 88.43199999999999 86.0 742.0 6.0 650.0 69861.0 
850.0017691828868 88.43199999999999 88.0 744.0 6.0 650.0 69861.0 
852.0017691828868 88.83999999999999 87.0 745.0 6.0 653.0 70170.0 
854.0017691828868 89.248 87.0 747.0 6.0 656.0 70477.0 
856.0017691828868 89.52000000000001 84.0 750.0 6.0 658.0 70681.0 
858.0017691828868 89.52000000000001 87.0 753.0 6.0 658.0 70681.0 
860.0017691828868 89.928 92.0 758.0 6.0 661.0 70989.0 
862.0017691828868 90.20000000000002 91.0 759.0 6.0 663.0 71195.0 
864.0017691828868 90.33599999999998 92.0 761.0 6.0 664.0 71297.0 
866.0017691828868 90.47200000000001 91.0 762.0 6.0 665.0 71399.0 
868.0017691828868 90.74399999999999 90.0 762.0 6.0 667.0 71604.0 
870.0017691828868 91.01599999999999 88.0 763.0 6.0 669.0 71808.0 
872.0017691828868 91.42400000000002 88.0 766.0 6.0 672.0 72115.0 
874.0017691828868 91.42400000000002 90.0 768.0 6.0 672.0 72115.0 
876.0017691828868 91.56 91.0 770.0 6.0 673.0 72217.0 
878.0017691828868 91.56 94.0 773.0 6.0 673.0 72217.0 
880.0017691828868 91.832 93.0 775.0 6.0 675.0 72422.0 
882.0017691828868 91.832 95.0 777.0 6.0 675.0 72422.0 
884.0017691828868 91.96799999999999 98.0 779.0 6.0 676.0 72525.0 
886.0017691828868 92.24 97.0 781.0 6.0 678.0 72731.0 
888.0017691828868 92.24 98.0 782.0 6.0 678.0 72731.0 
890.0017691828868 92.37600000000002 98.0 782.0 6.0 679.0 72834.0 
892.0017691828868 92.512 97.0 784.0 6.0 680.0 73005.0 
894.0017691828868 92.64799999999998 100.0 786.0 6.0 681.0 73108.0 
896.0017691828868 92.91999999999999 96.0 786.0 7.0 683.0 73325.0 
898.0017691828868 93.192 98.0 788.0 7.0 685.0 73529.0 
900.0017691828868 93.192 97.0 789.0 7.0 685.0 73529.0 
#####################################################################
# End of data export. Simulation finished at: 2020-01-26T05:35+0000 #
#####################################################################
