#####################################################################
# Alchemist log file - simulation started at: 2020-02-01T05:03+0000 #
#####################################################################
# seed = 51.0, taskFrequency = 0.01778, cloudcost = 17.0, algorithm = true
#
# The columns have the following meaning: 
# time taskHops[Mean] hasTask[Sum] tasks[Sum] completedTasks[Sum] giveupTasks[Sum] taskLatency[Sum] 
0.0 NaN 0.0 0.0 0.0 0.0 0.0 
2.000551453129298 NaN 5.0 7.0 0.0 0.0 0.0 
4.010933244112972 NaN 9.0 10.0 0.0 0.0 0.0 
6.010933244112972 NaN 13.0 14.0 0.0 0.0 0.0 
8.010933244112973 NaN 16.0 17.0 0.0 0.0 0.0 
10.010933244112973 NaN 21.0 21.0 0.0 0.0 0.0 
12.010933244112973 NaN 24.0 24.0 0.0 0.0 0.0 
14.010933244112973 1.0 27.0 27.0 1.0 0.0 13.0 
16.010933244112973 1.2 26.0 30.0 5.0 0.0 65.0 
18.010933244112973 1.1428571428571428 26.0 32.0 7.0 0.0 91.0 
20.010933244112973 1.25 30.0 39.0 8.0 0.0 106.0 
22.010933244112973 1.6153846153846154 30.0 41.0 13.0 0.0 192.0 
24.010933244112973 1.5714285714285714 28.0 42.0 14.0 0.0 206.0 
26.010933244112973 1.5714285714285714 33.0 48.0 14.0 0.0 206.0 
28.010933244112973 1.6 38.0 52.0 15.0 0.0 229.0 
30.000795700674505 1.6 41.0 56.0 15.0 0.0 229.0 
32.01093324411298 1.8333333333333333 40.0 59.0 18.0 0.0 293.0 
34.01093324411298 1.7894736842105263 42.0 63.0 19.0 0.0 306.0 
36.01093324411298 1.9047619047619047 43.0 64.0 21.0 0.0 350.0 
38.01093324411298 2.0 48.0 70.0 23.0 0.0 388.0 
40.01093324411298 2.125 45.0 71.0 25.0 0.0 428.0 
42.01093324411298 2.1153846153846154 45.0 72.0 27.0 0.0 476.0 
44.01093324411298 2.2222222222222223 46.0 75.0 29.0 0.0 503.0 
46.01093324411298 2.2222222222222223 48.0 77.0 29.0 0.0 503.0 
48.01093324411298 2.1666666666666665 50.0 79.0 32.0 0.0 561.0 
50.01093324411298 2.15625 52.0 85.0 35.0 0.0 634.0 
52.01093324411298 2.121212121212121 51.0 87.0 36.0 0.0 647.0 
54.01093324411298 2.088235294117647 55.0 91.0 37.0 0.0 663.0 
56.01093324411298 2.0526315789473686 54.0 95.0 42.0 0.0 758.0 
58.01093324411298 2.05 52.0 96.0 44.0 0.0 798.0 
60.01093324411298 2.05 54.0 98.0 44.0 0.0 798.0 
62.00885226674341 2.05 55.0 101.0 44.0 0.0 798.0 
64.01093324411298 2.048780487804878 60.0 105.0 45.0 0.0 820.0 
66.01093324411298 2.0714285714285716 59.0 106.0 46.0 0.0 836.0 
68.01093324411298 2.0681818181818183 60.0 107.0 48.0 0.0 908.0 
70.01093324411298 2.152173913043478 61.0 114.0 52.0 0.0 963.0 
72.01093324411298 2.217391304347826 61.0 117.0 54.0 0.0 998.0 
74.01093324411298 2.208333333333333 62.0 117.0 56.0 0.0 1097.0 
76.01093324411298 2.2448979591836737 60.0 117.0 58.0 0.0 1142.0 
78.01093324411298 2.34 59.0 118.0 61.0 0.0 1206.0 
80.01093324411298 2.34 58.0 119.0 61.0 0.0 1206.0 
82.01093324411298 2.42 58.0 121.0 64.0 0.0 1258.0 
84.01093324411298 2.42 58.0 122.0 64.0 0.0 1258.0 
86.01093324411298 2.48 56.0 122.0 66.0 0.0 1298.0 
88.01093324411298 2.48 56.0 123.0 66.0 0.0 1298.0 
90.01093324411298 2.576923076923077 59.0 125.0 68.0 0.0 1379.0 
92.01093324411298 2.576923076923077 57.0 126.0 68.0 0.0 1379.0 
94.01093324411298 2.547169811320755 58.0 127.0 69.0 0.0 1409.0 
96.01093324411298 2.716981132075472 58.0 129.0 71.0 0.0 1467.0 
98.01093324411298 2.740740740740741 58.0 129.0 72.0 0.0 1502.0 
100.01093324411298 2.7777777777777777 60.0 132.0 73.0 0.0 1532.0 
102.01093324411298 2.7777777777777777 61.0 135.0 73.0 0.0 1532.0 
104.01093324411298 2.833333333333333 66.0 139.0 74.0 0.0 1565.0 
106.01093324411298 2.833333333333333 65.0 139.0 74.0 0.0 1565.0 
108.01093324411298 2.9074074074074074 67.0 145.0 77.0 0.0 1621.0 
110.01093324411298 3.4285714285714284 69.0 147.0 78.0 2.0 1825.0 
112.01093324411298 4.052631578947368 68.0 149.0 79.0 4.0 1940.0 
114.01093324411298 4.838709677419354 66.0 153.0 80.0 8.0 2256.0 
116.01093324411298 5.970149253731344 59.0 154.0 85.0 13.0 2790.0 
118.01093324411298 6.7142857142857135 56.0 156.0 86.0 17.0 3123.0 
120.01093324411298 6.7142857142857135 54.0 158.0 86.0 17.0 3123.0 
122.01093324411298 7.368421052631579 54.0 160.0 87.0 22.0 3535.0 
124.01093324411298 8.0875 49.0 163.0 88.0 27.0 3668.0 
126.01093324411298 8.222222222222221 49.0 164.0 88.0 28.0 3769.0 
128.01093324411298 8.564705882352943 49.0 167.0 90.0 31.0 4132.0 
130.01093324411298 9.793478260869566 42.0 170.0 90.0 41.0 4700.0 
132.01093324411298 10.104166666666668 38.0 172.0 91.0 45.0 4921.0 
134.01093324411298 10.4 35.0 173.0 93.0 49.0 5140.0 
136.01093324411298 10.757281553398059 34.0 179.0 93.0 53.0 5423.0 
138.01093324411298 10.766990291262136 35.0 181.0 94.0 53.0 5440.0 
140.01093324411298 10.673076923076923 34.0 182.0 95.0 53.0 5472.0 
142.0005282735027 10.692307692307692 35.0 186.0 97.0 53.0 5496.0 
144.01093324411298 10.711538461538462 39.0 190.0 98.0 53.0 5515.0 
146.01093324411298 10.884615384615383 44.0 195.0 99.0 54.0 5539.0 
148.01093324411298 11.295238095238094 42.0 199.0 100.0 57.0 5590.0 
150.01093324411298 11.528301886792452 41.0 199.0 101.0 59.0 5807.0 
152.01093324411298 11.814814814814813 37.0 199.0 103.0 62.0 5974.0 
154.01093324411298 12.0 37.0 205.0 105.0 63.0 5998.0 
156.01093324411298 12.357798165137615 38.0 207.0 105.0 66.0 6028.0 
158.01093324411298 12.678899082568808 34.0 208.0 106.0 68.0 6080.0 
160.01093324411298 12.697247706422019 33.0 209.0 107.0 68.0 6097.0 
162.01093324411298 12.697247706422019 40.0 217.0 107.0 68.0 6097.0 
164.01093324411298 12.862385321100918 49.0 224.0 108.0 69.0 6140.0 
166.01093324411298 13.073394495412845 45.0 224.0 110.0 70.0 6208.0 
168.01093324411298 13.082568807339449 43.0 225.0 112.0 70.0 6244.0 
170.01093324411298 13.162162162162161 44.0 227.0 113.0 72.0 6463.0 
172.0099109907268 13.972972972972972 44.0 230.0 114.0 77.0 6662.0 
174.01093324411298 14.135135135135135 40.0 232.0 115.0 78.0 6779.0 
176.01093324411298 14.044642857142856 40.0 235.0 116.0 78.0 6801.0 
178.01093324411298 14.106194690265488 37.0 236.0 120.0 79.0 6859.0 
180.01093324411298 13.991228070175438 38.0 239.0 121.0 79.0 6875.0 
182.01093324411298 13.904347826086957 39.0 239.0 123.0 79.0 6908.0 
184.01093324411298 14.172413793103448 35.0 242.0 126.0 81.0 7115.0 
186.01093324411298 14.172413793103448 36.0 243.0 126.0 81.0 7115.0 
188.01093324411298 14.136752136752136 35.0 245.0 129.0 81.0 7254.0 
190.01093324411298 14.136752136752136 36.0 249.0 129.0 81.0 7254.0 
192.01093324411298 14.042372881355933 41.0 253.0 130.0 81.0 7284.0 
194.01093324411298 14.050847457627118 41.0 253.0 131.0 81.0 7301.0 
196.01093324411298 14.050847457627118 42.0 255.0 131.0 81.0 7301.0 
198.01093324411298 14.101694915254239 44.0 257.0 133.0 81.0 7319.0 
200.01093324411298 14.254237288135593 43.0 258.0 134.0 82.0 7363.0 
202.01093324411298 14.838983050847457 43.0 261.0 135.0 86.0 7599.0 
204.01093324411298 14.847457627118644 42.0 264.0 136.0 86.0 7615.0 
206.01093324411298 15.016949152542374 40.0 265.0 137.0 87.0 7737.0 
208.01093324411298 15.033898305084744 43.0 268.0 138.0 87.0 7755.0 
210.01093324411298 15.177966101694917 47.0 272.0 138.0 88.0 7857.0 
212.01093324411298 15.478991596638656 46.0 275.0 138.0 91.0 8017.0 
214.01093324411298 15.663865546218487 46.0 277.0 139.0 92.0 8069.0 
216.01093324411298 16.016666666666666 46.0 278.0 140.0 95.0 8386.0 
218.01093324411298 15.950413223140497 42.0 279.0 143.0 95.0 8455.0 
220.01093324411298 15.991803278688526 40.0 282.0 145.0 96.0 8617.0 
222.01093324411298 16.0 42.0 285.0 146.0 96.0 8630.0 
224.01093324411298 16.008196721311474 43.0 285.0 147.0 96.0 8643.0 
226.01093324411298 16.01639344262295 43.0 288.0 148.0 96.0 8658.0 
228.01093324411298 16.0327868852459 46.0 292.0 150.0 96.0 8693.0 
230.01093324411298 16.09016393442623 47.0 294.0 151.0 96.0 8738.0 
232.01093324411298 16.393442622950822 47.0 295.0 153.0 98.0 8802.0 
234.01093324411298 16.549180327868854 45.0 297.0 154.0 99.0 8927.0 
236.01093324411298 16.696721311475407 44.0 298.0 155.0 100.0 8988.0 
238.01093324411298 16.737704918032787 43.0 299.0 157.0 100.0 9078.0 
240.01093324411298 17.303278688524593 43.0 302.0 158.0 104.0 9181.0 
242.01093324411298 17.31967213114754 41.0 305.0 159.0 104.0 9201.0 
244.01093324411298 17.31967213114754 43.0 307.0 159.0 104.0 9201.0 
246.01093324411298 17.46341463414634 44.0 308.0 160.0 106.0 9423.0 
248.01093324411298 17.617886178861788 43.0 312.0 161.0 107.0 9527.0 
250.01093324411298 17.617886178861788 44.0 312.0 161.0 107.0 9527.0 
252.01093324411298 17.91056910569106 42.0 313.0 162.0 109.0 9668.0 
254.01093324411298 17.91869918699187 41.0 313.0 163.0 109.0 9681.0 
256.01093324411295 18.065040650406505 41.0 315.0 164.0 110.0 9801.0 
258.01093324411295 18.203252032520325 43.0 317.0 164.0 111.0 9803.0 
260.01093324411295 18.227642276422767 41.0 318.0 165.0 111.0 9872.0 
262.01093324411295 18.233870967741936 43.0 320.0 166.0 112.0 10026.0 
264.01093324411295 19.120967741935484 44.0 324.0 169.0 118.0 10316.0 
266.01093324411295 19.39516129032258 37.0 326.0 169.0 120.0 10377.0 
268.01093324411295 19.411290322580648 37.0 327.0 170.0 120.0 10397.0 
270.01093324411295 19.43548387096774 38.0 329.0 171.0 120.0 10418.0 
272.0040972510928 19.451612903225808 41.0 333.0 172.0 120.0 10442.0 
274.01093324411295 19.459677419354836 41.0 334.0 173.0 120.0 10461.0 
276.01093324411295 19.459677419354836 41.0 334.0 173.0 120.0 10461.0 
278.01093324411295 19.604838709677416 41.0 335.0 174.0 121.0 10628.0 
280.01093324411295 19.645161290322584 39.0 335.0 175.0 121.0 10668.0 
282.01093324411295 19.838709677419352 38.0 335.0 176.0 122.0 10787.0 
284.01093324411295 19.862903225806452 40.0 339.0 177.0 122.0 10807.0 
286.01093324411295 20.032258064516128 37.0 340.0 179.0 123.0 10856.0 
288.00942496526903 20.048387096774192 38.0 341.0 180.0 123.0 10887.0 
290.01093324411295 20.048387096774192 39.0 343.0 180.0 123.0 10887.0 
292.01093324411295 20.088709677419352 40.0 344.0 181.0 123.0 10952.0 
294.01093324411295 20.67741935483871 42.0 346.0 182.0 127.0 11147.0 
296.01093324411295 20.693548387096776 38.0 347.0 183.0 127.0 11165.0 
298.01093324411295 21.112903225806452 35.0 349.0 184.0 130.0 11446.0 
300.01093324411295 21.42741935483871 34.0 352.0 186.0 132.0 11677.0 
302.01093324411295 21.854838709677416 33.0 354.0 187.0 135.0 11877.0 
304.01093324411295 21.854838709677416 33.0 355.0 187.0 135.0 11877.0 
306.01093324411295 22.266129032258064 33.0 355.0 187.0 138.0 11946.0 
308.01093324411295 22.580645161290324 33.0 358.0 188.0 140.0 12089.0 
310.01093324411295 22.911290322580648 28.0 358.0 190.0 142.0 12250.0 
312.01093324411295 23.193548387096776 28.0 362.0 191.0 144.0 12375.0 
314.01093324411295 23.483870967741936 26.0 363.0 192.0 146.0 12583.0 
316.01093324411295 23.483870967741936 26.0 365.0 192.0 146.0 12583.0 
318.01093324411295 23.491935483870968 28.0 368.0 193.0 146.0 12601.0 
320.01093324411295 23.524193548387096 31.0 371.0 195.0 146.0 12641.0 
322.01093324411295 23.798387096774192 30.0 372.0 195.0 148.0 12753.0 
324.01093324411295 23.798387096774192 31.0 375.0 195.0 148.0 12753.0 
326.01093324411295 23.81451612903226 31.0 375.0 196.0 148.0 12771.0 
328.01093324411295 24.443548387096776 33.0 378.0 196.0 152.0 12914.0 
330.01093324411295 24.637096774193548 31.0 381.0 200.0 153.0 12992.0 
332.01093324411295 24.81451612903226 30.0 384.0 201.0 154.0 13153.0 
334.01093324411295 24.959677419354836 28.0 386.0 202.0 155.0 13181.0 
336.01093324411295 24.967741935483872 30.0 388.0 203.0 155.0 13194.0 
338.01093324411295 24.991935483870968 31.0 390.0 205.0 155.0 13228.0 
340.01093324411295 25.137096774193548 33.0 394.0 206.0 156.0 13248.0 
342.01093324411295 25.459677419354836 32.0 395.0 208.0 158.0 13300.0 
344.01093324411295 25.75 33.0 400.0 209.0 160.0 13417.0 
346.01093324411295 25.758064516129032 32.0 403.0 210.0 160.0 13435.0 
348.01093324411295 25.911290322580648 32.0 405.0 211.0 161.0 13622.0 
350.01093324411295 26.080645161290324 32.0 409.0 212.0 162.0 13710.0 
352.01093324411295 26.10483870967742 37.0 412.0 214.0 162.0 13745.0 
354.01093324411295 26.120967741935484 37.0 415.0 216.0 162.0 13787.0 
356.01093324411295 26.137096774193548 39.0 418.0 218.0 162.0 13819.0 
358.01093324411295 26.282258064516128 43.0 423.0 219.0 163.0 13935.0 
360.01093324411295 26.556451612903224 44.0 426.0 219.0 165.0 13953.0 
362.01093324411295 26.741935483870968 41.0 428.0 221.0 166.0 14034.0 
364.01093324411295 27.040322580645164 42.0 430.0 221.0 168.0 14180.0 
366.01093324411295 27.459677419354836 39.0 432.0 222.0 171.0 14242.0 
368.01093324411295 27.483870967741936 41.0 436.0 224.0 171.0 14255.0 
370.01093324411295 27.5 43.0 438.0 225.0 171.0 14296.0 
372.01093324411295 27.48 43.0 440.0 229.0 172.0 14480.0 
374.01093324411295 27.536 40.0 443.0 233.0 172.0 14548.0 
376.01093324411295 27.536 40.0 445.0 233.0 172.0 14548.0 
378.01093324411295 27.56 41.0 447.0 235.0 172.0 14569.0 
380.00571797700104 27.568 43.0 453.0 236.0 172.0 14583.0 
382.01093324411295 27.607999999999997 43.0 453.0 240.0 172.0 14682.0 
384.01093324411295 27.607999999999997 41.0 453.0 240.0 172.0 14682.0 
386.01093324411295 28.351999999999997 41.0 458.0 241.0 177.0 14942.0 
388.01093324411295 28.351999999999997 41.0 460.0 241.0 177.0 14942.0 
390.01093324411295 28.36 42.0 461.0 242.0 177.0 14959.0 
392.01093324411295 28.368000000000002 42.0 462.0 243.0 177.0 14973.0 
394.01093324411295 28.368000000000002 46.0 466.0 243.0 177.0 14973.0 
396.01093324411295 28.416 44.0 466.0 246.0 177.0 15050.0 
398.01093324411295 28.432 45.0 470.0 247.0 177.0 15068.0 
400.01093324411295 28.503999999999998 45.0 470.0 249.0 177.0 15124.0 
402.01093324411295 28.688 43.0 471.0 252.0 178.0 15209.0 
404.01093324411295 28.703999999999997 41.0 473.0 253.0 178.0 15227.0 
406.00249754993547 28.712 41.0 474.0 254.0 178.0 15246.0 
408.01093324411295 28.712 44.0 476.0 254.0 178.0 15246.0 
410.01093324411295 28.848 43.0 477.0 254.0 179.0 15348.0 
412.0038075623171 28.863999999999997 46.0 479.0 255.0 179.0 15367.0 
414.01093324411295 28.928 44.0 481.0 258.0 179.0 15440.0 
416.01093324411295 29.064 47.0 486.0 258.0 180.0 15541.0 
418.01093324411295 29.215999999999998 48.0 488.0 259.0 181.0 15558.0 
420.01093324411295 29.631999999999998 47.0 490.0 260.0 184.0 15763.0 
422.01093324411295 29.991999999999997 44.0 490.0 263.0 186.0 15906.0 
424.01093324411295 30.016000000000002 41.0 492.0 265.0 186.0 15952.0 
426.01093324411295 30.048 42.0 493.0 266.0 186.0 16012.0 
428.01093324411295 30.072 40.0 494.0 268.0 186.0 16055.0 
430.01093324411295 30.479999999999997 44.0 498.0 268.0 189.0 16078.0 
432.01093324411295 30.512 41.0 499.0 270.0 189.0 16133.0 
434.01093324411295 30.648000000000003 41.0 502.0 270.0 190.0 16234.0 
436.01093324411295 30.983999999999998 39.0 503.0 271.0 192.0 16436.0 
438.01093324411295 31.2 43.0 507.0 273.0 193.0 16508.0 
440.01093324411295 31.2 42.0 509.0 273.0 193.0 16508.0 
442.01093324411295 31.752000000000002 41.0 509.0 274.0 197.0 16807.0 
444.01093324411295 32.024 40.0 512.0 274.0 199.0 16953.0 
446.01093324411295 32.456 39.0 515.0 275.0 202.0 17196.0 
448.01093324411295 32.472 38.0 517.0 277.0 202.0 17231.0 
450.01093324411295 32.751999999999995 40.0 520.0 278.0 204.0 17283.0 
452.01093324411295 33.032000000000004 38.0 521.0 278.0 206.0 17394.0 
454.01093324411295 33.184 39.0 523.0 279.0 207.0 17442.0 
456.01093324411295 33.368 36.0 525.0 281.0 208.0 17572.0 
458.01093324411295 33.519999999999996 36.0 526.0 282.0 209.0 17698.0 
460.01093324411295 34.248000000000005 33.0 527.0 283.0 214.0 18072.0 
462.01093324411295 34.384 31.0 531.0 283.0 215.0 18173.0 
464.01093324411295 34.544 31.0 531.0 285.0 216.0 18222.0 
466.01093324411295 34.816 33.0 537.0 285.0 218.0 18268.0 
468.01093324411295 34.992000000000004 35.0 540.0 287.0 219.0 18409.0 
470.01093324411295 35.495999999999995 33.0 542.0 289.0 222.0 18607.0 
472.01093324411295 35.92 33.0 546.0 290.0 225.0 18646.0 
474.01093324411295 36.056 34.0 550.0 290.0 226.0 18661.0 
476.01093324411295 36.192 36.0 554.0 290.0 227.0 18669.0 
478.01093324411295 36.464 40.0 557.0 290.0 229.0 18735.0 
480.01093324411295 36.480000000000004 41.0 561.0 291.0 229.0 18752.0 
482.0100267337475 36.775999999999996 42.0 566.0 293.0 231.0 18905.0 
484.01093324411295 36.952 43.0 568.0 295.0 232.0 18950.0 
486.01093324411295 36.952 41.0 568.0 295.0 232.0 18950.0 
488.01093324411295 36.976 42.0 570.0 296.0 232.0 18967.0 
490.01093324411295 36.984 43.0 573.0 297.0 232.0 18982.0 
492.01093324411295 36.984 44.0 573.0 297.0 232.0 18982.0 
494.01093324411295 37.007999999999996 47.0 577.0 298.0 232.0 19013.0 
496.01093324411295 37.056 48.0 579.0 301.0 232.0 19067.0 
498.01093324411295 37.056 47.0 581.0 301.0 232.0 19067.0 
500.01093324411295 37.336 50.0 584.0 302.0 234.0 19119.0 
502.01093324411295 37.336 50.0 587.0 302.0 234.0 19119.0 
504.01093324411295 37.36 52.0 590.0 304.0 234.0 19153.0 
506.01093324411295 37.36 52.0 591.0 304.0 234.0 19153.0 
508.01093324411295 37.519999999999996 56.0 594.0 305.0 235.0 19307.0 
510.01093324411295 37.68 55.0 596.0 306.0 236.0 19355.0 
512.010933244113 37.744 55.0 597.0 307.0 236.0 19396.0 
514.010933244113 38.032 55.0 600.0 308.0 238.0 19472.0 
516.010933244113 38.304 57.0 603.0 308.0 240.0 19579.0 
518.010933244113 38.864 54.0 603.0 309.0 244.0 19847.0 
520.010933244113 39.136 48.0 603.0 309.0 246.0 19973.0 
522.010933244113 39.44 49.0 604.0 310.0 248.0 20132.0 
524.010933244113 39.480000000000004 46.0 605.0 313.0 248.0 20179.0 
526.010933244113 39.488 43.0 605.0 314.0 248.0 20197.0 
528.010933244113 39.624 44.0 606.0 314.0 249.0 20222.0 
530.010933244113 40.064 42.0 608.0 316.0 252.0 20522.0 
532.010933244113 40.912 39.0 611.0 317.0 258.0 20904.0 
534.010933244113 40.912 38.0 613.0 317.0 258.0 20904.0 
536.010933244113 41.224000000000004 38.0 614.0 318.0 260.0 21120.0 
538.010933244113 41.24 38.0 617.0 319.0 260.0 21136.0 
540.010933244113 41.648 39.0 619.0 319.0 263.0 21251.0 
542.010933244113 41.648 39.0 621.0 319.0 263.0 21251.0 
544.010933244113 41.704 40.0 623.0 320.0 263.0 21308.0 
546.010933244113 41.704 40.0 624.0 320.0 263.0 21308.0 
548.010933244113 41.84 42.0 625.0 320.0 264.0 21357.0 
550.010933244113 42.112 42.0 626.0 320.0 266.0 21420.0 
552.0021393365131 42.4 38.0 628.0 321.0 268.0 21502.0 
554.010933244113 42.544000000000004 41.0 632.0 322.0 269.0 21516.0 
556.010933244113 42.552 44.0 635.0 323.0 269.0 21532.0 
558.010933244113 42.608 41.0 635.0 326.0 269.0 21578.0 
560.010933244113 42.608 43.0 640.0 326.0 269.0 21578.0 
562.0014372090119 42.608 46.0 641.0 326.0 269.0 21578.0 
564.010933244113 42.928 46.0 643.0 328.0 271.0 21800.0 
566.010933244113 43.064 45.0 644.0 328.0 272.0 21901.0 
568.010933244113 43.352 46.0 648.0 329.0 274.0 21939.0 
570.010933244113 43.488 45.0 649.0 329.0 275.0 21941.0 
572.010933244113 43.624 46.0 651.0 329.0 276.0 21952.0 
574.010933244113 43.768 47.0 653.0 330.0 277.0 21990.0 
576.010933244113 44.312 45.0 654.0 330.0 281.0 22288.0 
578.010933244113 45.272 39.0 655.0 330.0 288.0 22673.0 
580.010933244113 45.544 35.0 655.0 330.0 290.0 22748.0 
582.010933244113 46.112 34.0 656.0 331.0 294.0 22991.0 
584.010933244113 46.272 32.0 657.0 332.0 295.0 23104.0 
586.010933244113 46.288 30.0 659.0 333.0 295.0 23123.0 
588.010933244113 46.424 34.0 664.0 333.0 296.0 23124.0 
590.010933244113 46.424 38.0 668.0 333.0 296.0 23124.0 
592.010933244113 46.496 39.0 670.0 335.0 296.0 23181.0 
594.010933244113 46.632 40.0 672.0 335.0 297.0 23186.0 
596.010933244113 46.808 41.0 674.0 336.0 298.0 23227.0 
598.010933244113 46.816 43.0 678.0 337.0 298.0 23254.0 
600.010933244113 46.848 42.0 678.0 339.0 298.0 23316.0 
602.010933244113 47.528 41.0 680.0 339.0 303.0 23363.0 
604.010933244113 47.808 37.0 680.0 340.0 305.0 23579.0 
606.010933244113 48.216 36.0 683.0 340.0 308.0 23648.0 
608.010933244113 48.376 34.0 683.0 341.0 309.0 23768.0 
610.010933244113 48.519999999999996 34.0 684.0 342.0 310.0 23863.0 
612.010933244113 48.528 33.0 686.0 343.0 310.0 23876.0 
614.010933244113 48.568 35.0 688.0 345.0 310.0 23995.0 
616.010933244113 48.88 35.0 691.0 347.0 312.0 24292.0 
618.010933244113 49.016 31.0 691.0 347.0 313.0 24393.0 
620.010933244113 49.312 30.0 693.0 348.0 315.0 24529.0 
622.010933244113 49.32 32.0 696.0 349.0 315.0 24584.0 
624.010933244113 49.32 36.0 700.0 349.0 315.0 24584.0 
626.010933244113 49.368 37.0 702.0 352.0 315.0 24662.0 
628.010933244113 49.568 34.0 703.0 354.0 316.0 24700.0 
630.010933244113 50.256 32.0 704.0 355.0 321.0 25001.0 
632.010933244113 50.416 26.0 704.0 356.0 322.0 25115.0 
634.010933244113 50.6 29.0 708.0 357.0 323.0 25237.0 
636.010933244113 50.88 29.0 712.0 358.0 325.0 25284.0 
638.010933244113 50.888 30.0 714.0 359.0 325.0 25300.0 
640.010933244113 50.888 32.0 719.0 359.0 325.0 25300.0 
642.010933244113 51.312 33.0 721.0 359.0 328.0 25398.0 
644.0015411922368 51.312 35.0 724.0 359.0 328.0 25398.0 
646.010933244113 51.36 37.0 725.0 361.0 328.0 25478.0 
648.010933244113 51.36 37.0 728.0 361.0 328.0 25478.0 
650.010933244113 51.632 41.0 732.0 361.0 330.0 25565.0 
652.010933244113 51.64 41.0 733.0 362.0 330.0 25583.0 
654.010933244113 51.84 43.0 737.0 364.0 331.0 25715.0 
656.010933244113 52.536 38.0 737.0 365.0 336.0 25912.0 
658.010933244113 52.544 37.0 738.0 366.0 336.0 25927.0 
660.010933244113 52.544 36.0 738.0 366.0 336.0 25927.0 
662.010933244113 52.84 35.0 740.0 369.0 338.0 26086.0 
664.010933244113 53.04 30.0 741.0 373.0 339.0 26189.0 
666.010933244113 53.312 33.0 745.0 373.0 341.0 26209.0 
668.010933244113 53.736 29.0 746.0 374.0 344.0 26276.0 
670.010933244113 53.736 30.0 748.0 374.0 344.0 26276.0 
672.010933244113 53.736 34.0 752.0 374.0 344.0 26276.0 
674.010933244113 53.775999999999996 35.0 754.0 375.0 344.0 26295.0 
676.010933244113 54.056 36.0 758.0 376.0 346.0 26402.0 
678.010933244113 54.352 39.0 762.0 377.0 348.0 26437.0 
680.010933244113 54.488 39.0 765.0 377.0 349.0 26539.0 
682.010933244113 54.52 39.0 765.0 378.0 349.0 26582.0 
684.010933244113 54.52 43.0 770.0 378.0 349.0 26582.0 
686.010933244113 54.536 44.0 772.0 380.0 349.0 26616.0 
688.010933244113 54.808 46.0 777.0 380.0 351.0 26632.0 
690.010933244113 55.216 46.0 780.0 380.0 354.0 26681.0 
692.010933244113 55.775999999999996 46.0 783.0 381.0 358.0 26783.0 
694.010933244113 56.064 42.0 784.0 383.0 360.0 26989.0 
696.010933244113 56.2 41.0 785.0 383.0 361.0 27020.0 
698.010933244113 56.288 42.0 786.0 385.0 361.0 27165.0 
700.010933244113 56.424 39.0 786.0 385.0 362.0 27217.0 
702.010933244113 56.568 37.0 787.0 386.0 363.0 27249.0 
704.010933244113 56.576 38.0 788.0 387.0 363.0 27256.0 
706.010933244113 56.576 38.0 790.0 387.0 363.0 27256.0 
708.010933244113 56.76 40.0 793.0 389.0 364.0 27389.0 
710.010933244113 56.896 40.0 797.0 389.0 365.0 27390.0 
712.010933244113 56.896 44.0 798.0 389.0 365.0 27390.0 
714.010933244113 57.032 44.0 800.0 389.0 366.0 27410.0 
716.010933244113 57.304 45.0 802.0 389.0 368.0 27510.0 
718.010933244113 57.32 45.0 805.0 391.0 368.0 27560.0 
720.010933244113 57.32 46.0 806.0 391.0 368.0 27560.0 
722.0032414697549 57.6 48.0 810.0 392.0 370.0 27777.0 
724.010933244113 57.752 48.0 811.0 393.0 371.0 27917.0 
726.010933244113 58.024 48.0 814.0 393.0 373.0 28018.0 
728.010933244113 58.192 48.0 816.0 395.0 374.0 28155.0 
730.010933244113 58.352 46.0 816.0 396.0 375.0 28222.0 
732.010933244113 58.64 48.0 822.0 397.0 377.0 28312.0 
734.010933244113 58.68 47.0 823.0 400.0 377.0 28381.0 
736.010933244113 58.688 45.0 825.0 401.0 377.0 28395.0 
738.010933244113 59.096 46.0 825.0 401.0 380.0 28534.0 
740.010933244113 59.544 40.0 827.0 404.0 383.0 28761.0 
742.010933244113 59.864 40.0 829.0 405.0 385.0 28895.0 
744.010933244113 60.408 40.0 834.0 405.0 389.0 28955.0 
746.010933244113 60.424 40.0 835.0 407.0 389.0 28991.0 
748.010933244113 60.44 40.0 837.0 409.0 389.0 29022.0 
750.010933244113 60.736000000000004 39.0 838.0 410.0 391.0 29127.0 
752.010933244113 60.888 37.0 839.0 410.0 392.0 29229.0 
754.010933244113 60.888 38.0 841.0 410.0 392.0 29229.0 
756.010933244113 60.92 39.0 843.0 412.0 392.0 29268.0 
758.010933244113 61.12 40.0 847.0 416.0 393.0 29333.0 
760.010933244113 61.12 39.0 848.0 416.0 393.0 29333.0 
762.010933244113 61.136 42.0 852.0 417.0 393.0 29348.0 
764.010933244113 61.176 42.0 854.0 419.0 393.0 29423.0 
766.010933244113 61.456 43.0 856.0 419.0 395.0 29625.0 
768.010933244113 62.064 41.0 857.0 421.0 399.0 29915.0 
770.010933244113 62.064 38.0 858.0 421.0 399.0 29915.0 
772.010933244113 62.608 34.0 859.0 421.0 403.0 30069.0 
774.010933244113 63.032000000000004 37.0 862.0 423.0 406.0 30204.0 
776.010933244113 63.328 33.0 864.0 424.0 408.0 30320.0 
778.010933244113 63.736000000000004 31.0 868.0 424.0 411.0 30574.0 
780.010933244113 63.88 34.0 872.0 425.0 412.0 30685.0 
782.010933244113 64.184 32.0 873.0 427.0 414.0 30883.0 
784.010933244113 64.184 32.0 873.0 427.0 414.0 30883.0 
786.010933244113 64.6 31.0 874.0 428.0 417.0 30912.0 
788.010933244113 64.608 29.0 874.0 429.0 417.0 30925.0 
790.010933244113 64.744 28.0 875.0 429.0 418.0 30935.0 
792.010933244113 64.896 29.0 878.0 431.0 419.0 30990.0 
794.010933244113 64.912 31.0 882.0 432.0 419.0 31011.0 
796.010933244113 64.912 33.0 884.0 432.0 419.0 31011.0 
798.010933244113 65.064 35.0 887.0 433.0 420.0 31032.0 
800.010933244113 65.064 34.0 887.0 433.0 420.0 31032.0 
802.010933244113 65.112 34.0 889.0 435.0 420.0 31091.0 
804.010933244113 65.136 33.0 890.0 436.0 420.0 31092.0 
806.010933244113 65.136 36.0 894.0 436.0 420.0 31092.0 
808.010933244113 65.28 38.0 895.0 437.0 421.0 31118.0 
810.010933244113 65.44 34.0 895.0 439.0 422.0 31172.0 
812.010933244113 65.576 35.0 897.0 439.0 423.0 31274.0 
814.0043942352547 65.848 37.0 903.0 439.0 425.0 31344.0 
816.010933244113 66.024 37.0 905.0 441.0 426.0 31490.0 
818.010933244113 66.048 38.0 906.0 442.0 426.0 31514.0 
820.010933244113 66.056 38.0 907.0 443.0 426.0 31556.0 
822.010933244113 66.36 39.0 910.0 444.0 428.0 31765.0 
824.010933244113 66.656 40.0 915.0 445.0 430.0 31989.0 
826.010933244113 66.808 41.0 917.0 446.0 431.0 32082.0 
828.010933244113 66.952 40.0 918.0 447.0 432.0 32197.0 
830.010933244113 67.368 38.0 921.0 448.0 435.0 32290.0 
832.010933244113 67.4 42.0 925.0 450.0 435.0 32325.0 
834.010933244113 67.536 41.0 928.0 450.0 436.0 32427.0 
836.010933244113 67.672 42.0 929.0 450.0 437.0 32514.0 
838.010933244113 67.712 42.0 931.0 452.0 437.0 32545.0 
840.010933244113 67.752 41.0 931.0 454.0 437.0 32588.0 
842.010933244113 67.752 41.0 932.0 454.0 437.0 32588.0 
844.010933244113 67.912 43.0 935.0 455.0 438.0 32706.0 
846.010933244113 68.104 45.0 939.0 457.0 439.0 32884.0 
848.010933244113 68.152 45.0 942.0 459.0 439.0 32922.0 
850.010933244113 68.576 44.0 944.0 460.0 442.0 33065.0 
852.010933244113 68.6 42.0 945.0 461.0 442.0 33084.0 
854.010933244113 68.744 42.0 945.0 462.0 443.0 33132.0 
856.010933244113 68.888 38.0 946.0 463.0 444.0 33247.0 
858.010933244113 69.304 37.0 947.0 464.0 447.0 33435.0 
860.010933244113 69.624 36.0 952.0 467.0 449.0 33605.0 
862.010933244113 69.784 37.0 954.0 468.0 450.0 33707.0 
864.010933244113 69.98400000000001 36.0 958.0 471.0 451.0 33825.0 
866.010933244113 70.00800000000001 35.0 960.0 473.0 451.0 33873.0 
868.010933244113 70.03999999999999 37.0 962.0 474.0 451.0 33934.0 
870.010933244113 70.064 40.0 965.0 476.0 451.0 33977.0 
872.010933244113 70.064 39.0 967.0 476.0 451.0 33977.0 
874.010933244113 70.064 41.0 968.0 476.0 451.0 33977.0 
876.010933244113 70.072 41.0 969.0 477.0 451.0 33991.0 
878.010933244113 70.52799999999999 42.0 970.0 480.0 454.0 34194.0 
880.010933244113 70.584 37.0 972.0 482.0 454.0 34234.0 
882.010933244113 70.856 38.0 975.0 482.0 456.0 34267.0 
884.010933244113 70.856 39.0 977.0 482.0 456.0 34267.0 
886.010933244113 70.904 39.0 977.0 484.0 456.0 34321.0 
888.010933244113 70.976 40.0 981.0 487.0 456.0 34378.0 
890.010933244113 71.032 39.0 983.0 490.0 456.0 34436.0 
892.010933244113 71.032 38.0 984.0 490.0 456.0 34436.0 
894.010933244113 71.032 41.0 988.0 490.0 456.0 34436.0 
896.010933244113 71.336 43.0 990.0 492.0 458.0 34511.0 
898.010933244113 71.616 37.0 990.0 493.0 460.0 34606.0 
900.010933244113 71.664 38.0 994.0 496.0 460.0 34674.0 
#####################################################################
# End of data export. Simulation finished at: 2020-02-01T06:15+0000 #
#####################################################################
