#####################################################################
# Alchemist log file - simulation started at: 2020-02-10T04:15+0000 #
#####################################################################
# seed = 63.0, taskFrequency = 0.00316, cloudcost = 10.0, algorithm = false
#
# The columns have the following meaning: 
# time taskHops[Mean] hasTask[Sum] tasks[Sum] completedTasks[Sum] giveupTasks[Sum] taskLatency[Sum] 
0.0 NaN 0.0 0.0 0.0 0.0 0.0 
2.0016039341341463 NaN 0.0 0.0 0.0 0.0 0.0 
4.001603934134146 NaN 0.0 0.0 0.0 0.0 0.0 
6.001603934134146 NaN 0.0 0.0 0.0 0.0 0.0 
8.001603934134145 NaN 1.0 1.0 0.0 0.0 0.0 
10.001603934134145 NaN 1.0 1.0 0.0 0.0 0.0 
12.001603934134145 NaN 1.0 1.0 0.0 0.0 0.0 
14.001603934134145 NaN 1.0 2.0 0.0 0.0 0.0 
16.001603934134145 NaN 5.0 5.0 0.0 0.0 0.0 
18.001603934134145 NaN 5.0 5.0 0.0 0.0 0.0 
20.001603934134145 NaN 5.0 5.0 0.0 0.0 0.0 
22.001603934134145 NaN 6.0 6.0 0.0 0.0 0.0 
24.001603934134145 NaN 8.0 8.0 0.0 0.0 0.0 
26.001603934134145 NaN 8.0 8.0 0.0 0.0 0.0 
28.001603934134145 NaN 8.0 8.0 0.0 0.0 0.0 
30.001603934134145 NaN 8.0 8.0 0.0 0.0 0.0 
32.001603934134145 NaN 8.0 8.0 0.0 0.0 0.0 
34.001603934134145 NaN 11.0 11.0 0.0 0.0 0.0 
36.001603934134145 NaN 12.0 12.0 0.0 0.0 0.0 
38.001603934134145 NaN 15.0 15.0 0.0 0.0 0.0 
40.001603934134145 NaN 16.0 16.0 0.0 0.0 0.0 
42.001603934134145 NaN 16.0 16.0 0.0 0.0 0.0 
44.001603934134145 NaN 16.0 16.0 0.0 0.0 0.0 
46.001603934134145 NaN 16.0 16.0 0.0 0.0 0.0 
48.001603934134145 NaN 16.0 16.0 0.0 0.0 0.0 
50.001603934134145 NaN 17.0 17.0 0.0 0.0 0.0 
52.001603934134145 NaN 18.0 19.0 0.0 0.0 0.0 
54.001603934134145 NaN 20.0 20.0 0.0 0.0 0.0 
56.001603934134145 NaN 20.0 20.0 0.0 0.0 0.0 
58.001603934134145 NaN 20.0 20.0 0.0 0.0 0.0 
60.001603934134145 NaN 23.0 23.0 0.0 0.0 0.0 
62.001603934134145 NaN 25.0 25.0 0.0 0.0 0.0 
64.00160393413415 NaN 26.0 26.0 0.0 0.0 0.0 
66.00160393413415 NaN 27.0 27.0 0.0 0.0 0.0 
68.00160393413415 NaN 27.0 27.0 0.0 0.0 0.0 
70.00160393413415 NaN 27.0 27.0 0.0 0.0 0.0 
72.00160393413415 NaN 28.0 28.0 0.0 0.0 0.0 
74.00160393413415 NaN 29.0 29.0 0.0 0.0 0.0 
76.00160393413415 NaN 29.0 29.0 0.0 0.0 0.0 
78.00160393413415 NaN 29.0 29.0 0.0 0.0 0.0 
80.00160393413415 NaN 31.0 31.0 0.0 0.0 0.0 
82.00160393413415 NaN 32.0 32.0 0.0 0.0 0.0 
84.00160393413415 NaN 33.0 33.0 0.0 0.0 0.0 
86.00160393413415 NaN 33.0 33.0 0.0 0.0 0.0 
88.00160393413415 NaN 33.0 33.0 0.0 0.0 0.0 
90.00160393413415 NaN 33.0 33.0 0.0 0.0 0.0 
92.00160393413415 NaN 33.0 33.0 0.0 0.0 0.0 
94.00160393413415 NaN 33.0 33.0 0.0 0.0 0.0 
96.00160393413415 NaN 34.0 34.0 0.0 0.0 0.0 
98.00160393413415 NaN 35.0 35.0 0.0 0.0 0.0 
100.00160393413415 NaN 35.0 36.0 0.0 0.0 0.0 
102.00160393413415 NaN 36.0 36.0 0.0 0.0 0.0 
104.00160393413415 NaN 37.0 37.0 0.0 0.0 0.0 
106.00160393413415 NaN 38.0 38.0 0.0 0.0 0.0 
108.00160393413415 NaN 38.0 38.0 0.0 0.0 0.0 
110.00160393413415 NaN 38.0 38.0 0.0 0.0 0.0 
112.00160393413415 NaN 38.0 38.0 0.0 0.0 0.0 
114.00160393413415 NaN 38.0 38.0 0.0 0.0 0.0 
116.00160393413415 NaN 41.0 41.0 0.0 0.0 0.0 
118.00160393413415 NaN 41.0 41.0 0.0 0.0 0.0 
120.00160393413415 NaN 41.0 41.0 0.0 0.0 0.0 
122.00160393413415 NaN 42.0 42.0 0.0 0.0 0.0 
124.00160393413415 10.0 41.0 42.0 0.0 1.0 109.0 
126.00160393413415 10.0 41.0 43.0 0.0 1.0 109.0 
128.00160393413415 10.0 42.0 44.0 0.0 1.0 109.0 
130.00160393413415 10.0 43.0 44.0 0.0 1.0 109.0 
132.00160393413415 10.0 44.0 45.0 0.0 1.0 109.0 
134.00160393413415 10.0 44.0 45.0 0.0 1.0 109.0 
136.00160393413415 10.0 43.0 45.0 0.0 3.0 313.0 
138.00160393413415 10.0 42.0 45.0 0.0 3.0 313.0 
140.00160393413415 10.0 41.0 46.0 0.0 7.0 738.0 
142.00160393413415 10.0 40.0 47.0 0.0 8.0 857.0 
144.00160393413415 10.0 38.0 47.0 0.0 9.0 967.0 
146.00160393413415 10.0 37.0 47.0 0.0 10.0 1073.0 
148.00160393413415 10.0 37.0 47.0 0.0 10.0 1073.0 
150.00160393413415 10.0 38.0 48.0 0.0 10.0 1073.0 
152.00160393413415 10.0 37.0 48.0 0.0 11.0 1217.0 
154.00160393413415 10.0 35.0 50.0 0.0 13.0 1456.0 
156.00160393413415 10.0 38.0 51.0 0.0 14.0 1558.0 
158.00160393413415 10.0 37.0 51.0 0.0 14.0 1558.0 
160.00160393413415 10.0 37.0 51.0 0.0 14.0 1558.0 
162.00160393413415 10.0 38.0 53.0 0.0 16.0 1762.0 
164.00160393413415 10.0 35.0 53.0 0.0 18.0 1966.0 
166.00160393413415 10.0 35.0 54.0 0.0 20.0 2219.0 
168.00160393413415 10.0 34.0 54.0 0.0 21.0 2321.0 
170.00160393413415 10.0 34.0 55.0 0.0 21.0 2321.0 
172.00160393413415 10.0 35.0 56.0 0.0 21.0 2321.0 
174.00160393413415 10.0 36.0 57.0 0.0 22.0 2423.0 
176.00160393413415 10.0 35.0 57.0 0.0 23.0 2526.0 
178.00160393413415 10.0 35.0 58.0 0.0 24.0 2652.0 
180.00160393413415 10.0 34.0 58.0 0.0 24.0 2652.0 
182.00160393413415 10.0 35.0 59.0 0.0 25.0 2755.0 
184.00160393413415 9.703703703703704 33.0 59.0 1.0 26.0 2982.0 
186.00160393413415 9.724137931034482 32.0 60.0 1.0 28.0 3224.0 
188.00160393413415 9.724137931034482 32.0 61.0 1.0 28.0 3224.0 
190.00160393413415 9.724137931034482 32.0 61.0 1.0 28.0 3224.0 
192.00160393413415 9.724137931034482 32.0 61.0 1.0 28.0 3224.0 
194.00160393413415 9.724137931034482 34.0 63.0 1.0 28.0 3224.0 
196.00160393413415 9.724137931034482 34.0 63.0 1.0 28.0 3224.0 
198.00160393413415 9.724137931034482 35.0 64.0 1.0 28.0 3224.0 
200.00160393413415 9.733333333333333 35.0 64.0 1.0 29.0 3326.0 
202.00160393413415 9.733333333333333 34.0 64.0 1.0 29.0 3326.0 
204.00160393413415 9.741935483870968 33.0 64.0 1.0 30.0 3429.0 
206.00160393413415 9.741935483870968 33.0 64.0 1.0 30.0 3429.0 
208.00160393413415 9.75 32.0 64.0 1.0 31.0 3531.0 
210.00160393413415 9.75 33.0 65.0 1.0 31.0 3531.0 
212.00160393413415 9.75 33.0 65.0 1.0 31.0 3531.0 
214.00160393413415 9.75 33.0 65.0 1.0 31.0 3531.0 
216.00160393413415 9.75 33.0 66.0 1.0 31.0 3531.0 
218.00160393413415 9.764705882352942 34.0 66.0 1.0 33.0 3737.0 
220.00160393413415 9.764705882352942 33.0 67.0 1.0 33.0 3737.0 
222.00160393413415 9.764705882352942 33.0 68.0 1.0 33.0 3737.0 
224.00160393413415 9.771428571428572 34.0 68.0 1.0 34.0 3840.0 
226.00160393413415 9.777777777777779 33.0 69.0 1.0 35.0 3982.0 
228.00160393413415 9.777777777777779 33.0 69.0 1.0 35.0 3982.0 
230.00160393413415 9.777777777777779 34.0 70.0 1.0 35.0 3982.0 
232.00160393413415 9.783783783783784 33.0 70.0 1.0 36.0 4085.0 
234.00160393413415 9.794871794871796 33.0 70.0 1.0 38.0 4400.0 
236.00160393413415 9.794871794871796 31.0 70.0 1.0 38.0 4400.0 
238.00160393413415 9.794871794871796 32.0 71.0 1.0 38.0 4400.0 
240.00160393413415 9.794871794871796 32.0 72.0 1.0 38.0 4400.0 
242.00160393413415 9.8 33.0 72.0 1.0 39.0 4502.0 
244.00160393413415 9.8 32.0 73.0 1.0 39.0 4502.0 
246.00160393413415 9.804878048780488 32.0 73.0 1.0 40.0 4643.0 
248.00160393413415 9.804878048780488 33.0 74.0 1.0 40.0 4643.0 
250.00160393413415 9.804878048780488 35.0 76.0 1.0 40.0 4643.0 
252.00160393413415 10.048780487804878 36.0 77.0 1.0 41.0 4746.0 
254.00160393413415 10.048780487804878 35.0 77.0 1.0 41.0 4746.0 
256.00160393413415 10.048780487804878 36.0 78.0 1.0 41.0 4746.0 
258.00160393413415 10.046511627906977 35.0 78.0 1.0 43.0 4951.0 
260.00160393413415 10.046511627906977 34.0 79.0 1.0 43.0 4951.0 
262.00160393413415 10.046511627906977 35.0 79.0 1.0 43.0 4951.0 
264.00160393413415 10.044444444444444 34.0 79.0 1.0 45.0 5156.0 
266.00160393413415 10.044444444444444 34.0 80.0 1.0 45.0 5156.0 
268.00160393413415 10.044444444444444 35.0 81.0 1.0 45.0 5156.0 
270.00160393413415 10.042553191489361 33.0 82.0 1.0 47.0 5413.0 
272.00160393413415 10.041666666666666 34.0 82.0 1.0 48.0 5516.0 
274.00160393413415 10.25 33.0 82.0 1.0 49.0 5618.0 
276.00160393413415 10.26 32.0 83.0 1.0 51.0 5982.0 
278.00160393413415 10.26 31.0 83.0 1.0 51.0 5982.0 
280.00160393413415 10.254901960784315 31.0 84.0 1.0 52.0 6084.0 
282.00160393413415 10.254901960784315 32.0 85.0 1.0 52.0 6084.0 
284.00160393413415 10.25 33.0 86.0 1.0 53.0 6186.0 
286.00160393413415 10.25 33.0 87.0 1.0 53.0 6186.0 
288.00160393413415 10.442307692307692 34.0 88.0 1.0 54.0 6289.0 
290.00160393413415 10.433962264150944 33.0 89.0 1.0 55.0 6392.0 
292.00160393413415 10.433962264150944 33.0 89.0 1.0 55.0 6392.0 
294.00160393413415 10.433962264150944 33.0 90.0 1.0 55.0 6392.0 
296.00160393413415 10.61111111111111 35.0 91.0 1.0 57.0 6596.0 
298.00160393413415 10.6 32.0 91.0 1.0 58.0 6797.0 
300.00160393413415 10.6 32.0 91.0 1.0 58.0 6797.0 
302.00160393413415 10.6 32.0 91.0 1.0 58.0 6797.0 
304.00160393413415 10.6 32.0 91.0 1.0 58.0 6797.0 
306.00160393413415 10.6 32.0 92.0 1.0 58.0 6797.0 
308.00160393413415 10.6 33.0 92.0 1.0 58.0 6797.0 
310.00160393413415 10.6 33.0 92.0 1.0 58.0 6797.0 
312.00160393413415 10.6 33.0 92.0 1.0 58.0 6797.0 
314.00160393413415 10.6 34.0 94.0 1.0 58.0 6797.0 
316.00160393413415 10.6 37.0 96.0 1.0 58.0 6797.0 
318.00160393413415 10.6 37.0 97.0 1.0 58.0 6797.0 
320.00160393413415 10.6 39.0 98.0 1.0 58.0 6797.0 
322.00160393413415 10.589285714285714 39.0 99.0 1.0 59.0 6900.0 
324.00160393413415 10.578947368421053 39.0 100.0 1.0 60.0 7013.0 
326.00160393413415 10.578947368421053 40.0 102.0 1.0 60.0 7013.0 
328.00160393413415 10.568965517241379 40.0 102.0 1.0 61.0 7115.0 
330.00160393413415 10.568965517241379 40.0 102.0 1.0 61.0 7115.0 
332.00160393413415 10.559322033898304 39.0 102.0 1.0 62.0 7217.0 
334.00160393413415 10.559322033898304 39.0 103.0 1.0 62.0 7217.0 
336.00160393413415 10.559322033898304 40.0 103.0 1.0 62.0 7217.0 
338.00160393413415 10.559322033898304 40.0 104.0 1.0 62.0 7217.0 
340.00160393413415 10.55 40.0 104.0 1.0 63.0 7319.0 
342.00160393413415 10.540983606557377 41.0 105.0 1.0 64.0 7623.0 
344.00160393413415 10.540983606557377 40.0 105.0 1.0 64.0 7623.0 
346.00160393413415 10.540983606557377 41.0 106.0 1.0 64.0 7623.0 
348.00160393413415 10.704918032786885 41.0 108.0 1.0 65.0 7726.0 
350.00160393413415 10.693548387096774 43.0 109.0 1.0 66.0 7829.0 
352.00160393413415 10.671875 42.0 109.0 1.0 68.0 8034.0 
354.00160393413415 10.828125 40.0 110.0 1.0 69.0 8136.0 
356.00160393413415 10.828125 41.0 111.0 1.0 69.0 8136.0 
358.00160393413415 10.815384615384616 42.0 112.0 1.0 70.0 8238.0 
360.00160393413415 10.815384615384616 41.0 112.0 1.0 70.0 8238.0 
362.00160393413415 10.803030303030303 40.0 113.0 1.0 71.0 8383.0 
364.00160393413415 10.791044776119403 40.0 113.0 1.0 72.0 8486.0 
366.00160393413415 10.779411764705882 41.0 114.0 1.0 73.0 8654.0 
368.00160393413415 10.768115942028986 40.0 114.0 1.0 74.0 8757.0 
370.00160393413415 10.913043478260871 39.0 114.0 1.0 75.0 8859.0 
372.00160393413415 10.913043478260871 38.0 114.0 1.0 75.0 8859.0 
374.00160393413415 11.057971014492754 38.0 115.0 1.0 76.0 8962.0 
376.00160393413415 11.057971014492754 38.0 115.0 1.0 76.0 8962.0 
378.00160393413415 11.042857142857143 37.0 115.0 1.0 77.0 9064.0 
380.00160393413415 11.042857142857143 37.0 115.0 1.0 77.0 9064.0 
382.00160393413415 11.028169014084508 39.0 117.0 1.0 78.0 9167.0 
384.00160393413415 11.01388888888889 38.0 117.0 1.0 79.0 9269.0 
386.00160393413415 11.01388888888889 38.0 118.0 1.0 79.0 9269.0 
388.00160393413415 11.0 38.0 119.0 1.0 80.0 9371.0 
390.00160393413415 10.986486486486488 38.0 119.0 1.0 81.0 9474.0 
392.00160393413415 10.986486486486488 37.0 119.0 1.0 81.0 9474.0 
394.00160393413415 10.973333333333333 36.0 120.0 1.0 82.0 9577.0 
396.00160393413415 10.973333333333333 37.0 120.0 1.0 82.0 9577.0 
398.00160393413415 11.077922077922077 35.0 120.0 1.0 85.0 9897.0 
400.00160393413415 11.077922077922077 34.0 120.0 1.0 85.0 9897.0 
402.00160393413415 11.077922077922077 34.0 120.0 1.0 85.0 9897.0 
404.00160393413415 11.077922077922077 34.0 120.0 1.0 85.0 9897.0 
406.00160393413415 11.077922077922077 34.0 120.0 1.0 85.0 9897.0 
408.00160393413415 11.077922077922077 35.0 121.0 1.0 85.0 9897.0 
410.00160393413415 11.207792207792206 35.0 122.0 1.0 86.0 10000.0 
412.00160393413415 11.207792207792206 35.0 122.0 1.0 86.0 10000.0 
414.00160393413415 11.207792207792206 35.0 122.0 1.0 86.0 10000.0 
416.00160393413415 11.192307692307692 35.0 122.0 1.0 87.0 10102.0 
418.00160393413415 11.303797468354428 33.0 122.0 1.0 89.0 10308.0 
420.00160393413415 11.303797468354428 32.0 123.0 1.0 89.0 10308.0 
422.00160393413415 11.287499999999998 34.0 124.0 1.0 90.0 10410.0 
424.00160393413415 11.287499999999998 33.0 124.0 1.0 90.0 10410.0 
426.00160393413415 11.39506172839506 33.0 125.0 1.0 92.0 10616.0 
428.00160393413415 11.518518518518519 31.0 125.0 1.0 93.0 10718.0 
430.00160393413415 11.5 30.0 125.0 1.0 94.0 10821.0 
432.00160393413415 11.621951219512193 32.0 127.0 1.0 95.0 11013.0 
434.00160393413415 11.621951219512193 31.0 127.0 1.0 95.0 11013.0 
436.00160393413415 11.621951219512193 31.0 127.0 1.0 95.0 11013.0 
438.00160393413415 11.602409638554215 30.0 127.0 1.0 96.0 11116.0 
440.00160393413415 11.583333333333332 30.0 128.0 1.0 97.0 11241.0 
442.00160393413415 11.583333333333332 30.0 128.0 1.0 97.0 11241.0 
444.00160393413415 11.564705882352943 30.0 128.0 1.0 98.0 11343.0 
446.00160393413415 11.564705882352943 30.0 129.0 1.0 98.0 11343.0 
448.00160393413415 11.546511627906975 31.0 131.0 1.0 99.0 11445.0 
450.00160393413415 11.528735632183906 30.0 131.0 1.0 100.0 11547.0 
452.00160393413415 11.625 28.0 131.0 1.0 102.0 11752.0 
454.00160393413415 11.625 28.0 131.0 1.0 102.0 11752.0 
456.00160393413415 11.738636363636365 28.0 132.0 1.0 103.0 11854.0 
458.00160393413415 11.738636363636365 28.0 132.0 1.0 103.0 11854.0 
460.00160393413415 11.738636363636365 28.0 132.0 1.0 103.0 11854.0 
462.00160393413415 11.738636363636365 29.0 133.0 1.0 103.0 11854.0 
464.00160393413415 11.738636363636365 30.0 134.0 1.0 103.0 11854.0 
466.00160393413415 11.852272727272727 29.0 134.0 1.0 104.0 11957.0 
468.00160393413415 11.96590909090909 29.0 134.0 1.0 105.0 12059.0 
470.00160393413415 11.96590909090909 28.0 134.0 1.0 105.0 12059.0 
472.00160393413415 11.96590909090909 28.0 134.0 1.0 105.0 12059.0 
474.00160393413415 11.96590909090909 28.0 134.0 1.0 105.0 12059.0 
476.00160393413415 11.96590909090909 29.0 135.0 1.0 105.0 12059.0 
478.00160393413415 11.96590909090909 30.0 136.0 1.0 105.0 12059.0 
480.00160393413415 11.96590909090909 30.0 136.0 1.0 105.0 12059.0 
482.00160393413415 11.96590909090909 30.0 136.0 1.0 105.0 12059.0 
484.00160393413415 12.056179775280901 30.0 136.0 1.0 107.0 12265.0 
486.00160393413415 12.056179775280901 28.0 136.0 1.0 107.0 12265.0 
488.00160393413415 12.168539325842698 29.0 138.0 1.0 108.0 12367.0 
490.00160393413415 12.144444444444444 30.0 139.0 1.0 109.0 12469.0 
492.00160393413415 12.144444444444444 29.0 139.0 1.0 109.0 12469.0 
494.00160393413415 12.144444444444444 30.0 140.0 1.0 109.0 12469.0 
496.00160393413415 12.144444444444444 31.0 141.0 1.0 109.0 12469.0 
498.00160393413415 12.12087912087912 30.0 141.0 1.0 110.0 12572.0 
500.00160393413415 12.12087912087912 30.0 141.0 1.0 110.0 12572.0 
502.00160393413415 12.12087912087912 31.0 142.0 1.0 110.0 12572.0 
504.00160393413415 12.12087912087912 31.0 143.0 1.0 110.0 12572.0 
506.00160393413415 12.12087912087912 32.0 143.0 1.0 110.0 12572.0 
508.00160393413415 12.12087912087912 35.0 146.0 1.0 110.0 12572.0 
510.00160393413415 12.09782608695652 35.0 146.0 1.0 111.0 12675.0 
512.0016039341342 12.206521739130434 33.0 146.0 1.0 112.0 12777.0 
514.0016039341342 12.206521739130434 33.0 146.0 1.0 112.0 12777.0 
516.0016039341342 12.206521739130434 34.0 147.0 1.0 112.0 12777.0 
518.0016039341342 12.206521739130434 34.0 147.0 1.0 112.0 12777.0 
520.0016039341342 12.206521739130434 34.0 147.0 1.0 112.0 12777.0 
522.0016039341342 12.206521739130434 34.0 147.0 1.0 112.0 12777.0 
524.0016039341342 12.31521739130435 33.0 147.0 1.0 113.0 12880.0 
526.0016039341342 12.31521739130435 34.0 148.0 1.0 113.0 12880.0 
528.0016039341342 12.42391304347826 33.0 148.0 1.0 114.0 12982.0 
530.0016039341342 12.42391304347826 33.0 148.0 1.0 114.0 12982.0 
532.0016039341342 12.42391304347826 35.0 150.0 1.0 114.0 12982.0 
534.0016039341342 12.372340425531913 35.0 150.0 1.0 116.0 13186.0 
536.0016039341342 12.372340425531913 36.0 153.0 1.0 116.0 13186.0 
538.0016039341342 12.372340425531913 37.0 154.0 1.0 116.0 13186.0 
540.0016039341342 12.372340425531913 37.0 154.0 1.0 116.0 13186.0 
542.0016039341342 12.372340425531913 38.0 155.0 1.0 116.0 13186.0 
544.0016039341342 12.47872340425532 38.0 156.0 1.0 117.0 13289.0 
546.0016039341342 12.47872340425532 38.0 156.0 1.0 117.0 13289.0 
548.0016039341342 12.452631578947368 39.0 157.0 1.0 118.0 13391.0 
550.0016039341342 12.557894736842107 38.0 158.0 1.0 119.0 13494.0 
552.0016039341342 12.663157894736843 37.0 158.0 1.0 120.0 13597.0 
554.0016039341342 12.663157894736843 38.0 159.0 1.0 120.0 13597.0 
556.0016039341342 12.663157894736843 38.0 160.0 1.0 120.0 13597.0 
558.0016039341342 12.663157894736843 39.0 160.0 1.0 120.0 13597.0 
560.0016039341342 12.635416666666668 39.0 161.0 1.0 121.0 13700.0 
562.0016039341342 12.60824742268041 39.0 162.0 1.0 122.0 13944.0 
564.0016039341342 12.581632653061225 38.0 162.0 1.0 123.0 14046.0 
566.0016039341342 12.581632653061225 38.0 162.0 1.0 123.0 14046.0 
568.0016039341342 12.581632653061225 38.0 162.0 1.0 123.0 14046.0 
570.0016039341342 12.581632653061225 39.0 163.0 1.0 123.0 14046.0 
572.0016039341342 12.581632653061225 39.0 163.0 1.0 123.0 14046.0 
574.0016039341342 12.581632653061225 39.0 163.0 1.0 123.0 14046.0 
576.0016039341342 12.581632653061225 40.0 164.0 1.0 123.0 14046.0 
578.0016039341342 12.683673469387756 40.0 164.0 1.0 124.0 14149.0 
580.0016039341342 12.785714285714286 39.0 164.0 1.0 125.0 14251.0 
582.0016039341342 12.785714285714286 38.0 164.0 1.0 125.0 14251.0 
584.0016039341342 12.785714285714286 38.0 164.0 1.0 125.0 14251.0 
586.0016039341342 12.785714285714286 39.0 165.0 1.0 125.0 14251.0 
588.0016039341342 12.785714285714286 39.0 165.0 1.0 125.0 14251.0 
590.0016039341342 12.887755102040819 39.0 165.0 1.0 126.0 14354.0 
592.0016039341342 12.93 36.0 166.0 1.0 129.0 14728.0 
594.0016039341342 12.93 37.0 167.0 1.0 129.0 14728.0 
596.0016039341342 13.04 38.0 168.0 1.0 130.0 14831.0 
598.0016039341342 13.239999999999998 36.0 169.0 1.0 132.0 15157.0 
600.0016039341342 13.239999999999998 37.0 170.0 1.0 132.0 15157.0 
602.0016039341342 13.239999999999998 37.0 170.0 1.0 132.0 15157.0 
604.0016039341342 13.34 37.0 171.0 1.0 133.0 15259.0 
606.0016039341342 13.34 37.0 171.0 1.0 133.0 15259.0 
608.0016039341342 13.306930693069308 37.0 172.0 1.0 134.0 15362.0 
610.0016039341342 13.436893203883496 34.0 172.0 1.0 138.0 16056.0 
612.0016039341342 13.436893203883496 33.0 173.0 1.0 138.0 16056.0 
614.0016039341342 13.436893203883496 34.0 173.0 1.0 138.0 16056.0 
616.0016039341342 13.5 32.0 173.0 1.0 140.0 16804.0 
618.0016039341342 13.466666666666665 31.0 173.0 1.0 141.0 16906.0 
620.0016039341342 13.466666666666665 32.0 175.0 1.0 141.0 16906.0 
622.0016039341342 13.433962264150944 32.0 175.0 1.0 142.0 17373.0 
624.0016039341342 13.433962264150944 33.0 176.0 1.0 142.0 17373.0 
626.0016039341342 13.433962264150944 33.0 176.0 1.0 142.0 17373.0 
628.0016039341342 13.401869158878505 33.0 176.0 1.0 143.0 17475.0 
630.0016039341342 13.401869158878505 32.0 176.0 1.0 143.0 17475.0 
632.0016039341342 13.401869158878505 32.0 176.0 1.0 143.0 17475.0 
634.0016039341342 13.588785046728972 31.0 177.0 1.0 145.0 17679.0 
636.0016039341342 13.588785046728972 32.0 178.0 1.0 145.0 17679.0 
638.0016039341342 13.869158878504674 29.0 178.0 1.0 148.0 17985.0 
640.0016039341342 13.833333333333332 30.0 179.0 1.0 149.0 18087.0 
642.0016039341342 13.833333333333332 30.0 180.0 1.0 149.0 18087.0 
644.0016039341342 13.925925925925927 30.0 180.0 1.0 150.0 18190.0 
646.0016039341342 13.925925925925927 29.0 181.0 1.0 150.0 18190.0 
648.0016039341342 13.925925925925927 30.0 182.0 1.0 150.0 18190.0 
650.0016039341342 14.018518518518519 31.0 182.0 1.0 151.0 18292.0 
652.0016039341342 14.018518518518519 30.0 182.0 1.0 151.0 18292.0 
654.0016039341342 14.111111111111109 29.0 182.0 1.0 152.0 18395.0 
656.0016039341342 14.203703703703706 29.0 182.0 1.0 153.0 18497.0 
658.0016039341342 14.203703703703706 29.0 183.0 1.0 153.0 18497.0 
660.0016039341342 14.296296296296294 28.0 184.0 1.0 154.0 18600.0 
662.0016039341342 14.388888888888891 28.0 184.0 1.0 155.0 18702.0 
664.0016039341342 14.388888888888891 28.0 184.0 1.0 155.0 18702.0 
666.0016039341342 14.481481481481481 27.0 184.0 1.0 156.0 18805.0 
668.0016039341342 14.481481481481481 27.0 184.0 1.0 156.0 18805.0 
670.0016039341342 14.481481481481481 27.0 184.0 1.0 156.0 18805.0 
672.0016039341342 14.481481481481481 28.0 185.0 1.0 156.0 18805.0 
674.0016039341342 14.481481481481481 28.0 185.0 1.0 156.0 18805.0 
676.0016039341342 14.481481481481481 28.0 186.0 1.0 156.0 18805.0 
678.0016039341342 14.574074074074073 28.0 187.0 1.0 157.0 18907.0 
680.0016039341342 14.574074074074073 30.0 188.0 1.0 157.0 18907.0 
682.0016039341342 14.574074074074073 31.0 189.0 1.0 157.0 18907.0 
684.0016039341342 14.574074074074073 32.0 192.0 1.0 157.0 18907.0 
686.0016039341342 14.574074074074073 34.0 192.0 1.0 157.0 18907.0 
688.0016039341342 14.666666666666668 33.0 192.0 1.0 158.0 19009.0 
690.0001980093978 14.666666666666668 33.0 193.0 1.0 158.0 19009.0 
692.0016039341342 14.666666666666668 34.0 193.0 1.0 158.0 19009.0 
694.0016039341342 14.75925925925926 34.0 193.0 1.0 159.0 19111.0 
696.0016039341342 14.715596330275227 32.0 193.0 1.0 160.0 19213.0 
698.0008213328482 14.672727272727272 32.0 195.0 1.0 161.0 19316.0 
700.0016039341342 14.763636363636362 33.0 195.0 1.0 162.0 19418.0 
702.0016039341342 14.945454545454545 31.0 195.0 1.0 164.0 19759.0 
704.0016039341342 14.945454545454545 30.0 195.0 1.0 164.0 19759.0 
706.0016039341342 14.945454545454545 31.0 196.0 1.0 164.0 19759.0 
708.0016039341342 14.945454545454545 32.0 197.0 1.0 164.0 19759.0 
710.0016039341342 15.036363636363635 32.0 198.0 1.0 165.0 19861.0 
712.0016039341342 15.036363636363635 32.0 198.0 1.0 165.0 19861.0 
714.0016039341342 15.036363636363635 32.0 198.0 1.0 165.0 19861.0 
716.0016039341342 15.127272727272729 31.0 198.0 1.0 166.0 19964.0 
718.0016039341342 15.127272727272729 31.0 198.0 1.0 166.0 19964.0 
720.0016039341342 15.127272727272729 31.0 198.0 1.0 166.0 19964.0 
722.0016039341342 15.218181818181819 30.0 199.0 1.0 167.0 20066.0 
724.0016039341342 15.309090909090909 30.0 199.0 1.0 168.0 20169.0 
726.0016039341342 15.4 29.0 199.0 1.0 169.0 20271.0 
728.0016039341342 15.4 30.0 200.0 1.0 169.0 20271.0 
730.0016039341342 15.4 30.0 200.0 1.0 169.0 20271.0 
732.0016039341342 15.4 31.0 201.0 1.0 169.0 20271.0 
734.0016039341342 15.4 32.0 202.0 1.0 169.0 20271.0 
736.0016039341342 15.49090909090909 33.0 203.0 1.0 170.0 20374.0 
738.0016039341342 15.581818181818182 31.0 203.0 1.0 171.0 20476.0 
740.0016039341342 15.581818181818182 31.0 203.0 1.0 171.0 20476.0 
742.0016039341342 15.531531531531533 31.0 204.0 1.0 172.0 20578.0 
744.0016039341342 15.621621621621621 31.0 204.0 1.0 173.0 20680.0 
746.0016039341342 15.621621621621621 30.0 204.0 1.0 173.0 20680.0 
748.0016039341342 15.580357142857144 30.0 204.0 1.0 174.0 20825.0 
750.0016039341342 15.669642857142856 29.0 205.0 1.0 175.0 20928.0 
752.0016039341342 15.619469026548673 28.0 205.0 1.0 176.0 21031.0 
754.0016039341342 15.619469026548673 29.0 206.0 1.0 176.0 21031.0 
756.0016039341342 15.619469026548673 30.0 207.0 1.0 176.0 21031.0 
758.0016039341342 15.619469026548673 30.0 207.0 1.0 176.0 21031.0 
760.0016039341342 15.707964601769913 29.0 207.0 1.0 177.0 21133.0 
762.0016039341342 15.707964601769913 29.0 207.0 1.0 177.0 21133.0 
764.0016039341342 15.657894736842106 28.0 207.0 1.0 178.0 21236.0 
766.0016039341342 15.657894736842106 28.0 207.0 1.0 178.0 21236.0 
768.0016039341342 15.657894736842106 28.0 207.0 1.0 178.0 21236.0 
770.0016039341342 15.657894736842106 28.0 207.0 1.0 178.0 21236.0 
772.0016039341342 15.657894736842106 29.0 208.0 1.0 178.0 21236.0 
774.0016039341342 15.745614035087717 29.0 208.0 1.0 179.0 21339.0 
776.0016039341342 15.745614035087717 30.0 211.0 1.0 179.0 21339.0 
778.0016039341342 15.745614035087717 31.0 211.0 1.0 179.0 21339.0 
780.0016039341342 15.833333333333332 31.0 212.0 1.0 180.0 21442.0 
782.0016039341342 15.921052631578949 31.0 213.0 1.0 181.0 21545.0 
784.0016039341342 16.00877192982456 31.0 213.0 1.0 182.0 21648.0 
786.0016039341342 15.956521739130434 30.0 214.0 1.0 183.0 21750.0 
788.0016039341342 16.217391304347824 28.0 214.0 1.0 186.0 22386.0 
790.0016039341342 16.217391304347824 27.0 214.0 1.0 186.0 22386.0 
792.0016039341342 16.217391304347824 27.0 214.0 1.0 186.0 22386.0 
794.0016039341342 16.304347826086957 26.0 214.0 1.0 187.0 22488.0 
796.0016039341342 16.304347826086957 26.0 214.0 1.0 187.0 22488.0 
798.0016039341342 16.304347826086957 26.0 214.0 1.0 187.0 22488.0 
800.0016039341342 16.304347826086957 26.0 214.0 1.0 187.0 22488.0 
802.0016039341342 16.336206896551726 24.0 214.0 1.0 189.0 22693.0 
804.0016039341342 16.336206896551726 24.0 214.0 1.0 189.0 22693.0 
806.0016039341342 16.336206896551726 24.0 215.0 1.0 189.0 22693.0 
808.0016039341342 16.422413793103452 24.0 215.0 1.0 190.0 22795.0 
810.0016039341342 16.50862068965517 24.0 215.0 1.0 191.0 22898.0 
812.0016039341342 16.45299145299145 23.0 215.0 1.0 192.0 23000.0 
814.0016039341342 16.45299145299145 22.0 215.0 1.0 192.0 23000.0 
816.0016039341342 16.45299145299145 23.0 216.0 1.0 192.0 23000.0 
818.0016039341342 16.45299145299145 23.0 216.0 1.0 192.0 23000.0 
820.0016039341342 16.538461538461537 23.0 217.0 1.0 193.0 23140.0 
822.0016039341342 16.538461538461537 23.0 217.0 1.0 193.0 23140.0 
824.0016039341342 16.538461538461537 23.0 217.0 1.0 193.0 23140.0 
826.0016039341342 16.483050847457626 23.0 218.0 1.0 194.0 23243.0 
828.0016039341342 16.483050847457626 24.0 219.0 1.0 194.0 23243.0 
830.0016039341342 16.483050847457626 24.0 219.0 1.0 194.0 23243.0 
832.0016039341342 16.483050847457626 24.0 219.0 1.0 194.0 23243.0 
834.0016039341342 16.567796610169488 24.0 219.0 1.0 195.0 23346.0 
836.0016039341342 16.652542372881356 24.0 221.0 1.0 196.0 23448.0 
838.0016039341342 16.822033898305087 24.0 221.0 1.0 198.0 23845.0 
840.0016039341342 16.822033898305087 22.0 221.0 1.0 198.0 23845.0 
842.0016039341342 16.822033898305087 22.0 221.0 1.0 198.0 23845.0 
844.0016039341342 16.822033898305087 23.0 222.0 1.0 198.0 23845.0 
846.0016039341342 16.822033898305087 23.0 223.0 1.0 198.0 23845.0 
848.0016039341342 16.822033898305087 24.0 223.0 1.0 198.0 23845.0 
850.0016039341342 16.822033898305087 24.0 223.0 1.0 198.0 23845.0 
852.0016039341342 16.90677966101695 24.0 223.0 1.0 199.0 23948.0 
854.0016039341342 16.90677966101695 24.0 224.0 1.0 199.0 23948.0 
856.0016039341342 16.99152542372881 25.0 225.0 1.0 200.0 24050.0 
858.0016039341342 17.076271186440678 24.0 225.0 1.0 201.0 24152.0 
860.0016039341342 17.076271186440678 23.0 225.0 1.0 201.0 24152.0 
862.0016039341342 17.076271186440678 23.0 225.0 1.0 201.0 24152.0 
864.0016039341342 17.076271186440678 23.0 225.0 1.0 201.0 24152.0 
866.0016039341342 17.076271186440678 23.0 225.0 1.0 201.0 24152.0 
868.0016039341342 17.076271186440678 23.0 225.0 1.0 201.0 24152.0 
870.0016039341342 17.076271186440678 23.0 225.0 1.0 201.0 24152.0 
872.0016039341342 17.076271186440678 23.0 226.0 1.0 201.0 24152.0 
874.0016039341342 17.076271186440678 24.0 226.0 1.0 201.0 24152.0 
876.0016039341342 17.076271186440678 24.0 226.0 1.0 201.0 24152.0 
878.0016039341342 17.076271186440678 25.0 227.0 1.0 201.0 24152.0 
880.0016039341342 17.161016949152543 24.0 227.0 1.0 202.0 24255.0 
882.0016039341342 17.245762711864405 25.0 228.0 1.0 203.0 24357.0 
884.0016039341342 17.184873949579828 24.0 228.0 1.0 204.0 24459.0 
886.0016039341342 17.184873949579828 24.0 229.0 1.0 204.0 24459.0 
888.0016039341342 17.184873949579828 26.0 231.0 1.0 204.0 24459.0 
890.0016039341342 17.26890756302521 25.0 231.0 1.0 205.0 24562.0 
892.0016039341342 17.26890756302521 26.0 232.0 1.0 205.0 24562.0 
894.0016039341342 17.26890756302521 26.0 232.0 1.0 205.0 24562.0 
896.0016039341342 17.26890756302521 26.0 233.0 1.0 205.0 24562.0 
898.0016039341342 17.26890756302521 27.0 233.0 1.0 205.0 24562.0 
900.0016039341342 17.26890756302521 27.0 233.0 1.0 205.0 24562.0 
#####################################################################
# End of data export. Simulation finished at: 2020-02-10T04:16+0000 #
#####################################################################
