#####################################################################
# Alchemist log file - simulation started at: 2020-01-16T01:12+0000 #
#####################################################################
# seed = 5.0, taskFrequency = 0.1, cloudcost = 50.0, algorithm = false
#
# The columns have the following meaning: 
# time taskHops[Mean] hasTask[Sum] tasks[Sum] completedTasks[Sum] giveupTasks[Sum] taskLatency[Sum] 
0.0 NaN 0.0 0.0 0.0 0.0 0.0 
2.005246120607407 NaN 18.0 22.0 0.0 0.0 0.0 
4.002514309018879 NaN 39.0 41.0 0.0 0.0 0.0 
6.005246120607406 NaN 58.0 63.0 0.0 0.0 0.0 
8.005246120607406 NaN 67.0 71.0 0.0 0.0 0.0 
10.005246120607406 NaN 79.0 81.0 0.0 0.0 0.0 
12.005246120607406 NaN 91.0 94.0 0.0 0.0 0.0 
14.005246120607406 NaN 99.0 100.0 0.0 0.0 0.0 
16.005246120607406 NaN 104.0 105.0 0.0 0.0 0.0 
18.005246120607406 NaN 108.0 110.0 0.0 0.0 0.0 
20.005246120607406 NaN 114.0 114.0 0.0 0.0 0.0 
22.005246120607406 NaN 116.0 117.0 0.0 0.0 0.0 
24.005246120607406 NaN 121.0 121.0 0.0 0.0 0.0 
26.005246120607406 NaN 121.0 121.0 0.0 0.0 0.0 
28.005246120607406 NaN 123.0 123.0 0.0 0.0 0.0 
30.005246120607406 NaN 124.0 124.0 0.0 0.0 0.0 
32.00524612060741 NaN 124.0 124.0 0.0 0.0 0.0 
34.00474733310698 NaN 124.0 124.0 0.0 0.0 0.0 
36.00524612060741 NaN 124.0 124.0 0.0 0.0 0.0 
38.00143575703652 NaN 125.0 125.0 0.0 0.0 0.0 
40.00524612060741 NaN 125.0 125.0 0.0 0.0 0.0 
42.00524612060741 NaN 125.0 125.0 0.0 0.0 0.0 
44.00524612060741 NaN 125.0 125.0 0.0 0.0 0.0 
46.00524612060741 NaN 125.0 125.0 0.0 0.0 0.0 
48.00524612060741 NaN 125.0 125.0 0.0 0.0 0.0 
50.00155210993291 NaN 125.0 125.0 0.0 0.0 0.0 
52.001560611974924 NaN 125.0 125.0 0.0 0.0 0.0 
54.00524612060741 NaN 125.0 125.0 0.0 0.0 0.0 
56.00524612060741 NaN 125.0 125.0 0.0 0.0 0.0 
58.00524612060741 NaN 125.0 125.0 0.0 0.0 0.0 
60.00524612060741 NaN 125.0 125.0 0.0 0.0 0.0 
62.00524612060741 NaN 125.0 125.0 0.0 0.0 0.0 
64.00524612060741 NaN 125.0 125.0 0.0 0.0 0.0 
66.00524612060741 NaN 125.0 125.0 0.0 0.0 0.0 
68.00524612060741 NaN 125.0 125.0 0.0 0.0 0.0 
70.00524612060741 NaN 125.0 125.0 0.0 0.0 0.0 
72.00524612060741 NaN 125.0 125.0 0.0 0.0 0.0 
74.00524612060741 NaN 125.0 125.0 0.0 0.0 0.0 
76.00524612060741 NaN 125.0 125.0 0.0 0.0 0.0 
78.00524612060741 NaN 125.0 125.0 0.0 0.0 0.0 
80.00524612060741 NaN 125.0 125.0 0.0 0.0 0.0 
82.00524612060741 NaN 125.0 125.0 0.0 0.0 0.0 
84.00524612060741 NaN 125.0 125.0 0.0 0.0 0.0 
86.00524612060741 NaN 125.0 125.0 0.0 0.0 0.0 
88.00524612060741 NaN 125.0 125.0 0.0 0.0 0.0 
90.00524612060741 NaN 125.0 125.0 0.0 0.0 0.0 
92.00524612060741 NaN 125.0 125.0 0.0 0.0 0.0 
94.00524612060741 NaN 125.0 125.0 0.0 0.0 0.0 
96.00524612060741 NaN 125.0 125.0 0.0 0.0 0.0 
98.00524612060741 NaN 125.0 125.0 0.0 0.0 0.0 
100.00335459654364 NaN 125.0 125.0 0.0 0.0 0.0 
102.00524612060741 NaN 125.0 125.0 0.0 0.0 0.0 
104.00141828063796 50.0 124.0 125.0 0.0 12.0 1231.0 
106.00524612060741 50.0 99.0 125.0 0.0 35.0 3589.0 
108.00524612060741 50.01754385964912 76.0 126.0 0.0 57.0 5854.0 
110.00524612060741 50.03030303030303 66.0 128.0 0.0 66.0 6780.0 
112.00524612060741 50.02597402597402 61.0 131.0 0.0 77.0 7909.0 
114.00524612060741 50.02272727272727 54.0 136.0 0.0 88.0 9037.0 
116.00524612060741 50.02105263157895 49.0 140.0 0.0 95.0 9757.0 
118.00524612060741 50.02020202020202 47.0 142.0 0.0 99.0 10165.0 
120.00524612060741 50.01960784313726 48.0 150.0 0.0 102.0 10473.0 
122.00524612060741 50.01851851851852 50.0 158.0 0.0 108.0 11088.0 
124.00524612060741 50.018181818181816 56.0 167.0 0.0 110.0 11293.0 
126.00524612060741 50.017391304347825 61.0 176.0 0.0 115.0 11804.0 
128.0052461206074 50.017391304347825 65.0 182.0 0.0 115.0 11804.0 
130.0052461206074 50.01724137931034 68.0 185.0 0.0 116.0 11906.0 
132.0052461206074 50.01709401709402 74.0 191.0 0.0 117.0 12009.0 
134.0052461206074 50.01709401709402 77.0 194.0 0.0 117.0 12009.0 
136.0052461206074 50.01709401709402 80.0 197.0 0.0 117.0 12009.0 
138.0052461206074 50.01709401709402 82.0 202.0 0.0 117.0 12009.0 
140.0052461206074 50.016949152542374 88.0 208.0 0.0 118.0 12112.0 
142.0052461206074 50.016949152542374 93.0 213.0 0.0 118.0 12112.0 
144.0052461206074 50.016949152542374 99.0 217.0 0.0 118.0 12112.0 
146.0052461206074 50.016949152542374 102.0 222.0 0.0 118.0 12112.0 
148.0052461206074 50.016949152542374 104.0 222.0 0.0 118.0 12112.0 
150.0052461206074 50.016949152542374 109.0 228.0 0.0 118.0 12112.0 
152.0052461206074 50.016949152542374 111.0 230.0 0.0 118.0 12112.0 
154.0052461206074 50.016949152542374 113.0 231.0 0.0 118.0 12112.0 
156.0052461206074 50.016949152542374 116.0 234.0 0.0 118.0 12112.0 
158.0052461206074 50.016949152542374 117.0 235.0 0.0 118.0 12112.0 
160.0052461206074 50.016949152542374 117.0 235.0 0.0 118.0 12112.0 
162.0052461206074 50.016949152542374 117.0 236.0 0.0 118.0 12112.0 
164.0052461206074 50.016949152542374 119.0 237.0 0.0 118.0 12112.0 
166.00275268102763 50.016949152542374 119.0 237.0 0.0 118.0 12112.0 
168.0052461206074 50.016949152542374 119.0 237.0 0.0 118.0 12112.0 
170.0052461206074 50.016949152542374 120.0 238.0 0.0 118.0 12112.0 
172.0052461206074 50.016949152542374 120.0 238.0 0.0 118.0 12112.0 
174.0052461206074 50.016949152542374 121.0 239.0 0.0 118.0 12112.0 
176.0052461206074 50.016949152542374 121.0 240.0 0.0 118.0 12112.0 
178.0052461206074 50.016949152542374 123.0 241.0 0.0 118.0 12112.0 
180.0052461206074 50.016949152542374 123.0 241.0 0.0 118.0 12112.0 
182.0052461206074 50.016949152542374 125.0 243.0 0.0 118.0 12112.0 
184.0052461206074 50.016949152542374 125.0 243.0 0.0 118.0 12112.0 
186.0052461206074 50.016949152542374 125.0 243.0 0.0 118.0 12112.0 
188.0052461206074 50.016949152542374 125.0 243.0 0.0 118.0 12112.0 
190.0052461206074 50.016949152542374 125.0 243.0 0.0 118.0 12112.0 
192.0052461206074 50.016949152542374 125.0 243.0 0.0 118.0 12112.0 
194.0052461206074 50.016949152542374 125.0 243.0 0.0 118.0 12112.0 
196.0052461206074 50.016949152542374 125.0 243.0 0.0 118.0 12112.0 
198.0052461206074 50.016949152542374 125.0 243.0 0.0 118.0 12112.0 
200.0052461206074 50.016949152542374 125.0 243.0 0.0 118.0 12112.0 
202.0052461206074 50.016949152542374 125.0 243.0 0.0 118.0 12112.0 
204.0052461206074 50.016949152542374 125.0 243.0 0.0 118.0 12112.0 
206.0052461206074 50.016949152542374 125.0 243.0 0.0 118.0 12112.0 
208.0052461206074 50.016949152542374 125.0 243.0 0.0 118.0 12112.0 
210.0052461206074 50.440677966101696 125.0 243.0 0.0 119.0 12214.0 
212.0052461206074 51.27731092436975 123.0 243.0 0.0 122.0 12613.0 
214.0052461206074 52.11764705882353 120.0 243.0 0.0 124.0 12817.0 
216.0052461206074 53.79831932773109 116.0 243.0 0.0 128.0 13227.0 
218.0052461206074 55.05882352941177 113.0 243.0 0.0 131.0 13534.0 
220.0052461206074 56.319327731092436 112.0 244.0 0.0 134.0 13842.0 
222.0052461206074 58.840336134453786 108.0 246.0 0.0 140.0 14455.0 
224.0052461206074 62.20168067226891 100.0 246.0 0.0 148.0 15275.0 
226.004123947957 65.14285714285714 95.0 248.0 0.0 155.0 16002.0 
228.0052461206074 68.61157024793388 89.0 251.0 0.0 166.0 17363.0 
230.0052461206074 71.50413223140495 85.0 254.0 0.0 173.0 18084.0 
232.0052461206074 73.15702479338843 84.0 261.0 0.0 177.0 18494.0 
234.0052461206074 75.64462809917356 82.0 263.0 0.0 183.0 19110.0 
236.0052461206074 77.29752066115702 81.0 266.0 0.0 187.0 19521.0 
238.0052461206074 77.89344262295081 77.0 267.0 0.0 190.0 19950.0 
240.0052461206074 78.71311475409837 83.0 274.0 0.0 192.0 20154.0 
242.0052461206074 81.17213114754098 83.0 279.0 0.0 198.0 20770.0 
244.0041854155061 83.22131147540983 80.0 281.0 0.0 203.0 21284.0 
246.0052461206074 85.68032786885246 78.0 286.0 0.0 209.0 21899.0 
248.0052461206074 86.90983606557378 80.0 292.0 0.0 212.0 22206.0 
250.0052461206074 87.7295081967213 82.0 298.0 0.0 214.0 22412.0 
252.0052461206074 89.77868852459017 82.0 299.0 0.0 219.0 22924.0 
254.0052461206074 90.59836065573771 86.0 308.0 0.0 221.0 23129.0 
256.0052461206074 91.00819672131146 88.0 310.0 0.0 222.0 23231.0 
258.0052461206074 92.23770491803278 89.0 313.0 0.0 225.0 23538.0 
260.0052461206074 92.64754098360655 91.0 316.0 0.0 226.0 23641.0 
262.0052461206074 92.64754098360655 93.0 319.0 0.0 226.0 23641.0 
264.00167903822427 92.64754098360655 93.0 319.0 0.0 226.0 23641.0 
266.0052461206074 93.4672131147541 98.0 326.0 0.0 228.0 23847.0 
268.0052461206074 93.4672131147541 103.0 331.0 0.0 228.0 23847.0 
270.0052461206074 93.4672131147541 105.0 333.0 0.0 228.0 23847.0 
272.0052461206074 93.87704918032789 105.0 334.0 0.0 229.0 23949.0 
274.0052461206074 93.87704918032789 105.0 334.0 0.0 229.0 23949.0 
276.0052461206074 94.28688524590163 106.0 336.0 0.0 230.0 24051.0 
278.0052461206074 94.28688524590163 109.0 339.0 0.0 230.0 24051.0 
280.0052461206074 95.10655737704919 109.0 341.0 0.0 232.0 24256.0 
282.0052461206074 95.10655737704919 110.0 342.0 0.0 232.0 24256.0 
284.0052461206074 95.92622950819671 112.0 346.0 0.0 234.0 24460.0 
286.0052461206074 96.3360655737705 113.0 348.0 0.0 235.0 24460.0 
288.0052461206074 96.3360655737705 113.0 349.0 0.0 235.0 24460.0 
290.0052461206074 96.3360655737705 117.0 353.0 0.0 235.0 24460.0 
292.0052461206074 96.3360655737705 119.0 354.0 0.0 235.0 24460.0 
294.0052461206074 96.3360655737705 119.0 355.0 0.0 235.0 24460.0 
296.0052461206074 96.3360655737705 120.0 355.0 0.0 235.0 24460.0 
298.0052461206074 96.3360655737705 121.0 356.0 0.0 235.0 24460.0 
300.0052461206074 96.3360655737705 121.0 356.0 0.0 235.0 24460.0 
302.0052461206074 96.3360655737705 121.0 357.0 0.0 235.0 24460.0 
304.0052461206074 96.3360655737705 122.0 357.0 0.0 235.0 24460.0 
306.0052461206074 96.3360655737705 122.0 357.0 0.0 235.0 24460.0 
308.0052461206074 96.3360655737705 122.0 357.0 0.0 235.0 24460.0 
310.0052461206074 96.3360655737705 122.0 357.0 0.0 235.0 24460.0 
312.0052461206074 96.3360655737705 123.0 358.0 0.0 235.0 24460.0 
314.0052461206074 96.3360655737705 123.0 358.0 0.0 235.0 24460.0 
316.0052461206074 96.3360655737705 123.0 359.0 0.0 235.0 24460.0 
318.0052461206074 96.3360655737705 124.0 359.0 0.0 235.0 24460.0 
320.0052461206074 96.3360655737705 124.0 359.0 0.0 235.0 24460.0 
322.0052461206074 96.74590163934427 124.0 359.0 0.0 236.0 24562.0 
324.0052461206074 97.15573770491804 123.0 360.0 0.0 237.0 24664.0 
326.0052461206074 97.5655737704918 122.0 360.0 0.0 238.0 24767.0 
328.0052461206074 98.38524590163935 122.0 360.0 0.0 240.0 25057.0 
330.0052461206074 99.61475409836065 119.0 360.0 0.0 243.0 25365.0 
332.0052461206074 101.2439024390244 116.0 360.0 0.0 249.0 26273.0 
334.0052461206074 103.6829268292683 108.0 361.0 0.0 255.0 26886.0 
336.0052461206074 104.90243902439025 106.0 362.0 0.0 258.0 27291.0 
338.0052461206074 106.52845528455285 105.0 366.0 0.0 262.0 27700.0 
340.0052461206074 106.9430894308943 104.0 367.0 0.0 263.0 27802.0 
342.0052461206074 109.3821138211382 102.0 367.0 0.0 269.0 28415.0 
344.0052461206074 111.82113821138212 96.0 370.0 0.0 275.0 29156.0 
346.0052461206074 112.63414634146342 96.0 372.0 0.0 277.0 29362.0 
348.0052461206074 113.85365853658536 93.0 372.0 0.0 280.0 29670.0 
350.0052461206074 116.29268292682926 90.0 375.0 0.0 286.0 30285.0 
352.0052461206074 118.73170731707316 87.0 376.0 0.0 292.0 30901.0 
354.0052461206074 119.54471544715446 85.0 380.0 0.0 294.0 31107.0 
356.0052461206074 122.79674796747966 87.0 385.0 0.0 302.0 31928.0 
358.0052461206074 124.42276422764226 83.0 392.0 0.0 306.0 32338.0 
360.0052461206074 125.23577235772356 86.0 394.0 0.0 308.0 32542.0 
362.0052461206074 126.86178861788616 87.0 400.0 0.0 312.0 32952.0 
364.0052461206074 128.0813008130081 92.0 406.0 0.0 315.0 33260.0 
366.0052461206074 128.0813008130081 94.0 410.0 0.0 315.0 33260.0 
368.0052461206074 130.52032520325204 95.0 414.0 0.0 321.0 33874.0 
370.0052461206074 132.95934959349592 96.0 419.0 0.0 327.0 34490.0 
372.0052461206074 133.77235772357724 94.0 422.0 0.0 329.0 34694.0 
374.0052461206074 134.17886178861787 96.0 425.0 0.0 330.0 34796.0 
376.0052461206074 134.17886178861787 98.0 428.0 0.0 330.0 34796.0 
378.0052461206074 134.9918699186992 101.0 431.0 0.0 332.0 35001.0 
380.0052461206074 136.21138211382112 103.0 435.0 0.0 335.0 35310.0 
382.0052461206074 136.6178861788618 102.0 437.0 0.0 336.0 35412.0 
384.0052461206074 137.02439024390247 103.0 441.0 0.0 337.0 35515.0 
386.00103567060205 138.2439024390244 106.0 445.0 0.0 340.0 35822.0 
388.0052461206074 139.05691056910572 107.0 448.0 0.0 342.0 36028.0 
390.0052461206074 139.05691056910572 109.0 451.0 0.0 342.0 36028.0 
392.0052461206074 140.68292682926827 108.0 452.0 0.0 346.0 36437.0 
394.0052461206074 141.08943089430892 105.0 452.0 0.0 347.0 36540.0 
396.0052461206074 141.08943089430892 105.0 452.0 0.0 347.0 36540.0 
398.0007388561261 141.4959349593496 106.0 454.0 0.0 348.0 36643.0 
400.0052461206074 141.90243902439028 107.0 455.0 0.0 349.0 36745.0 
402.0052461206074 141.90243902439028 108.0 457.0 0.0 349.0 36745.0 
404.0052461206074 141.90243902439028 108.0 458.0 0.0 349.0 36745.0 
406.0052461206074 142.3089430894309 111.0 461.0 0.0 350.0 36848.0 
408.0052461206074 142.3089430894309 111.0 463.0 0.0 350.0 36848.0 
410.0052461206074 142.3089430894309 116.0 466.0 0.0 350.0 36848.0 
412.0052461206074 142.3089430894309 117.0 467.0 0.0 350.0 36848.0 
414.0052461206074 142.71544715447152 117.0 468.0 0.0 351.0 36950.0 
416.0052461206074 142.71544715447152 118.0 470.0 0.0 351.0 36950.0 
418.0052461206074 142.71544715447152 119.0 470.0 0.0 351.0 36950.0 
420.0052461206074 143.1219512195122 120.0 472.0 0.0 352.0 37053.0 
422.0052461206074 143.1219512195122 120.0 472.0 0.0 352.0 37053.0 
424.0052461206074 143.1219512195122 120.0 472.0 0.0 352.0 37053.0 
426.0052461206074 143.52845528455288 121.0 473.0 0.0 353.0 37155.0 
428.0052461206074 143.52845528455288 120.0 474.0 0.0 353.0 37155.0 
430.0052461206074 143.52845528455288 121.0 474.0 0.0 353.0 37155.0 
432.0052461206074 143.52845528455288 122.0 475.0 0.0 353.0 37155.0 
434.0052461206074 143.52845528455288 122.0 475.0 0.0 353.0 37155.0 
436.0052461206074 143.52845528455288 122.0 475.0 0.0 353.0 37155.0 
438.00401395668484 144.34146341463412 121.0 475.0 0.0 355.0 37362.0 
440.0052461206074 145.5609756097561 121.0 476.0 0.0 358.0 37670.0 
442.0052461206074 145.96747967479672 118.0 477.0 0.0 359.0 37773.0 
444.00242803799426 145.96747967479672 119.0 478.0 0.0 359.0 37773.0 
446.0052461206074 146.78048780487805 119.0 479.0 0.0 361.0 38074.0 
448.0052461206074 148.40650406504065 114.0 479.0 0.0 365.0 38484.0 
450.0052461206074 148.40650406504065 114.0 479.0 0.0 365.0 38484.0 
452.00488157900435 149.6260162601626 116.0 481.0 0.0 368.0 38792.0 
454.0052461206074 150.03252032520325 115.0 483.0 0.0 369.0 38966.0 
456.0052461206074 151.65853658536588 115.0 486.0 0.0 373.0 39378.0 
458.0052461206074 153.28455284552848 112.0 487.0 0.0 377.0 39787.0 
460.0052461206074 155.72357723577235 111.0 490.0 0.0 383.0 40637.0 
462.0052461206074 157.7560975609756 105.0 491.0 0.0 388.0 41151.0 
464.0052461206074 158.97560975609753 103.0 491.0 0.0 391.0 41459.0 
466.0052461206074 161.41463414634148 100.0 496.0 0.0 397.0 42074.0 
468.00409130647876 163.4471544715447 99.0 499.0 0.0 402.0 42587.0 
470.0052461206074 164.66666666666669 95.0 499.0 0.0 405.0 42895.0 
472.0052461206074 167.10569105691056 92.0 499.0 0.0 411.0 43513.0 
474.0052461206074 169.1382113821138 90.0 505.0 0.0 416.0 44104.0 
476.0052461206074 170.35772357723576 91.0 508.0 0.0 419.0 44411.0 
478.0052461206074 171.57723577235774 88.0 511.0 0.0 422.0 44718.0 
480.0052461206074 172.7967479674797 89.0 514.0 0.0 425.0 45025.0 
482.0052461206074 174.42276422764226 92.0 520.0 0.0 429.0 45434.0 
484.0004711157103 174.22580645161287 93.0 524.0 0.0 432.0 46094.0 
486.0052461206074 175.83870967741933 93.0 528.0 0.0 436.0 46299.0 
488.0052461206074 177.8548387096774 90.0 530.0 0.0 441.0 46811.0 
490.0052461206074 179.46774193548384 87.0 530.0 0.0 445.0 47221.0 
492.0052461206074 180.6774193548387 86.0 532.0 0.0 448.0 47527.0 
494.0052461206074 181.0806451612903 88.0 538.0 0.0 449.0 47629.0 
496.0052461206074 181.0806451612903 93.0 542.0 0.0 449.0 47629.0 
498.0052461206074 181.0806451612903 93.0 545.0 0.0 449.0 47629.0 
500.0052461206074 181.88709677419354 98.0 549.0 0.0 451.0 47834.0 
502.0052461206074 182.29032258064518 101.0 553.0 0.0 452.0 47936.0 
504.0052461206074 183.09677419354836 101.0 554.0 0.0 454.0 48141.0 
506.0052461206074 183.09677419354836 103.0 558.0 0.0 454.0 48141.0 
508.0052461206074 184.70967741935482 102.0 561.0 0.0 458.0 48550.0 
510.0052461206074 184.70967741935482 104.0 563.0 0.0 458.0 48550.0 
512.0052461206074 186.72580645161287 105.0 566.0 0.0 463.0 49063.0 
514.0052461206074 187.53225806451616 102.0 567.0 0.0 465.0 49555.0 
516.0052461206074 187.93548387096772 103.0 568.0 0.0 466.0 49657.0 
518.0018092212582 188.33870967741933 105.0 571.0 0.0 467.0 49759.0 
520.0052461206074 188.74193548387098 105.0 573.0 0.0 468.0 49862.0 
522.0052461206074 189.54838709677423 109.0 579.0 0.0 470.0 50066.0 
524.0052461206074 189.54838709677423 110.0 580.0 0.0 470.0 50066.0 
526.0052461206074 189.54838709677423 112.0 583.0 0.0 470.0 50066.0 
528.0052461206074 189.95161290322577 112.0 584.0 0.0 471.0 50168.0 
530.0052461206074 189.95161290322577 113.0 585.0 0.0 471.0 50168.0 
532.0052461206074 190.3548387096774 113.0 585.0 0.0 472.0 50271.0 
534.0052461206074 190.75806451612902 114.0 586.0 0.0 473.0 50374.0 
536.0052461206074 190.75806451612902 115.0 588.0 0.0 473.0 50374.0 
538.0052461206074 190.75806451612902 115.0 588.0 0.0 473.0 50374.0 
540.0052461206074 190.75806451612902 116.0 589.0 0.0 473.0 50374.0 
542.0032617213849 191.16129032258067 116.0 590.0 0.0 474.0 50476.0 
544.0052461206074 191.56451612903228 115.0 591.0 0.0 475.0 50578.0 
546.0052461206074 191.96774193548384 118.0 594.0 0.0 476.0 50680.0 
548.0052461206074 191.96774193548384 118.0 594.0 0.0 476.0 50680.0 
550.0037201743453 192.3709677419355 119.0 596.0 0.0 477.0 50783.0 
552.0052461206074 192.3709677419355 119.0 597.0 0.0 477.0 50783.0 
554.0052461206074 192.77419354838713 120.0 597.0 0.0 478.0 50886.0 
556.0052461206074 193.5806451612903 119.0 597.0 0.0 480.0 51090.0 
558.0052461206074 195.19354838709674 116.0 600.0 0.0 484.0 51707.0 
560.0052461206074 196.0 115.0 600.0 0.0 486.0 51913.0 
562.0052461206074 196.80645161290326 113.0 600.0 0.0 488.0 52117.0 
564.0052461206074 197.20967741935482 112.0 600.0 0.0 489.0 52219.0 
566.0052461206074 197.20967741935482 112.0 602.0 0.0 489.0 52219.0 
568.0052461206074 198.8225806451613 112.0 602.0 0.0 493.0 52629.0 
570.0052461206074 200.03225806451616 110.0 605.0 0.0 496.0 52937.0 
572.0052461206074 200.44354838709674 110.0 607.0 0.0 497.0 53040.0 
574.0052461206074 200.44354838709674 111.0 608.0 0.0 497.0 53040.0 
576.0052461206074 202.05645161290323 111.0 610.0 0.0 501.0 53449.0 
578.0052461206074 203.6693548387097 109.0 611.0 0.0 505.0 53860.0 
580.0052461206074 203.6693548387097 107.0 614.0 0.0 505.0 53860.0 
582.0052461206074 206.08870967741933 105.0 615.0 0.0 511.0 54483.0 
584.0052461206074 208.50806451612902 102.0 615.0 0.0 517.0 55099.0 
586.0052461206074 210.52419354838713 96.0 619.0 0.0 522.0 55736.0 
588.0052461206074 211.3306451612903 98.0 621.0 0.0 524.0 55942.0 
590.0052461206074 212.13709677419354 97.0 622.0 0.0 526.0 56147.0 
592.0052461206074 212.54032258064518 97.0 624.0 0.0 527.0 56250.0 
594.0052461206074 213.34677419354836 99.0 629.0 0.0 529.0 56454.0 
596.0052461206074 215.36290322580646 102.0 632.0 0.0 534.0 56864.0 
598.0052461206074 217.78225806451616 100.0 638.0 0.0 540.0 57480.0 
600.0024058992066 217.78225806451616 101.0 642.0 0.0 540.0 57480.0 
602.0050142683051 220.20161290322577 97.0 647.0 0.0 546.0 58095.0 
604.0008361979438 222.21774193548384 100.0 648.0 0.0 551.0 58609.0 
606.0052461206074 222.21774193548384 101.0 653.0 0.0 551.0 58609.0 
608.0052461206074 223.42741935483866 101.0 653.0 0.0 554.0 58916.0 
610.0052461206074 224.63709677419354 100.0 656.0 0.0 557.0 59223.0 
612.0052461206074 225.44354838709674 103.0 662.0 0.0 559.0 59429.0 
614.0052461206074 226.65322580645162 101.0 663.0 0.0 562.0 59737.0 
616.0052461206074 227.45967741935482 101.0 665.0 0.0 564.0 59840.0 
618.0008635602934 227.86290322580646 102.0 668.0 0.0 565.0 59943.0 
620.0052461206074 229.07258064516134 102.0 670.0 0.0 568.0 60250.0 
622.0052461206074 229.87903225806454 105.0 674.0 0.0 570.0 60456.0 
624.0052461206074 231.49193548387098 105.0 676.0 0.0 574.0 60864.0 
626.0017164515199 232.29838709677423 103.0 678.0 0.0 576.0 61070.0 
628.0008612621377 233.1048387096774 104.0 681.0 0.0 578.0 61274.0 
630.0052461206074 233.50806451612902 104.0 684.0 0.0 579.0 61377.0 
632.0052461206074 233.91129032258064 106.0 686.0 0.0 580.0 61480.0 
634.0052461206074 234.31451612903228 110.0 691.0 0.0 581.0 61583.0 
636.0052461206074 234.71774193548384 111.0 694.0 0.0 582.0 61685.0 
638.0052461206074 235.52419354838713 114.0 696.0 0.0 584.0 61889.0 
640.0052461206074 235.52419354838713 113.0 698.0 0.0 584.0 61889.0 
642.0052461206074 235.92741935483866 116.0 700.0 0.0 585.0 61992.0 
644.0052461206074 236.3306451612903 115.0 700.0 0.0 586.0 62095.0 
646.0052461206074 236.3306451612903 114.0 700.0 0.0 586.0 62095.0 
648.003089592591 237.94354838709674 115.0 702.0 0.0 590.0 62504.0 
650.0052461206074 237.94354838709674 113.0 703.0 0.0 590.0 62504.0 
652.0052461206074 238.75 115.0 705.0 0.0 592.0 62708.0 
654.0052461206074 238.75 114.0 706.0 0.0 592.0 62708.0 
656.0052461206074 238.75 115.0 707.0 0.0 592.0 62708.0 
658.0052461206074 238.75 115.0 707.0 0.0 592.0 62708.0 
660.0052461206074 239.15322580645162 115.0 709.0 0.0 593.0 62810.0 
662.0052461206074 239.55645161290326 115.0 710.0 0.0 594.0 62913.0 
664.0052461206074 239.55645161290326 116.0 710.0 0.0 594.0 62913.0 
666.0052461206074 239.95967741935482 115.0 710.0 0.0 595.0 63057.0 
668.0052461206074 239.95967741935482 115.0 710.0 0.0 595.0 63057.0 
670.0052461206074 240.36290322580646 116.0 712.0 0.0 596.0 63160.0 
672.0052461206074 241.57258064516134 116.0 713.0 0.0 599.0 63467.0 
674.0052461206074 242.37903225806454 113.0 714.0 0.0 601.0 63671.0 
676.0052461206074 242.78225806451616 112.0 714.0 0.0 602.0 63773.0 
678.0052461206074 242.78225806451616 113.0 715.0 0.0 602.0 63773.0 
680.0052461206074 243.58870967741933 113.0 717.0 0.0 604.0 63978.0 
682.0024903351522 244.3951612903226 112.0 717.0 0.0 606.0 64196.0 
684.0052461206074 245.6048387096774 109.0 718.0 0.0 609.0 64533.0 
686.0052461206074 246.00806451612902 111.0 722.0 0.0 610.0 64636.0 
688.0052461206074 246.81451612903228 113.0 723.0 0.0 612.0 64841.0 
690.0052461206074 248.42741935483866 110.0 725.0 0.0 616.0 65252.0 
692.0052461206074 248.8306451612903 109.0 725.0 0.0 617.0 65354.0 
694.0052461206074 249.63709677419354 108.0 725.0 0.0 619.0 65558.0 
696.0052461206074 250.84677419354838 107.0 728.0 0.0 622.0 65865.0 
698.0052461206074 252.05645161290326 105.0 729.0 0.0 625.0 66173.0 
700.0052461206074 253.6693548387097 105.0 731.0 0.0 629.0 66583.0 
702.0052461206074 255.6854838709677 102.0 734.0 0.0 634.0 67096.0 
704.0052461206074 256.0887096774194 100.0 736.0 0.0 635.0 67199.0 
706.0052461206074 259.3145161290323 96.0 738.0 0.0 643.0 68192.0 
708.0052461206074 260.92741935483866 95.0 739.0 0.0 647.0 68603.0 
710.0052461206074 261.33064516129036 93.0 744.0 0.0 648.0 68706.0 
712.0052461206074 262.5403225806452 98.0 747.0 0.0 651.0 69013.0 
714.0052461206074 264.5564516129033 95.0 749.0 0.0 656.0 69526.0 
716.0052461206074 264.9596774193548 96.0 753.0 0.0 657.0 69629.0 
718.0052461206074 265.76612903225805 99.0 759.0 0.0 659.0 69934.0 
720.0052461206074 266.9758064516129 101.0 762.0 0.0 662.0 70243.0 
722.0052461206074 267.3790322580645 102.0 765.0 0.0 663.0 70346.0 
724.0052461206074 268.991935483871 101.0 767.0 0.0 667.0 70758.0 
726.0052461206074 270.20161290322574 102.0 771.0 0.0 670.0 71066.0 
728.0052461206074 271.008064516129 102.0 773.0 0.0 672.0 71271.0 
730.0052461206074 271.8145161290323 103.0 776.0 0.0 674.0 71475.0 
732.0052461206074 273.0241935483871 103.0 779.0 0.0 677.0 71783.0 
734.0052461206074 274.23387096774195 102.0 781.0 0.0 680.0 72090.0 
736.0052461206074 276.25 103.0 785.0 0.0 685.0 72601.0 
738.0052461206074 276.6532258064516 101.0 788.0 0.0 686.0 72703.0 
740.0052461206074 277.86290322580646 103.0 791.0 0.0 689.0 73010.0 
742.0052461206074 278.66935483870964 103.0 794.0 0.0 691.0 73351.0 
744.0052461206074 279.87903225806457 102.0 796.0 0.0 694.0 73658.0 
746.0052461206074 279.87903225806457 102.0 797.0 0.0 694.0 73658.0 
748.0052461206074 279.87903225806457 105.0 799.0 0.0 694.0 73658.0 
750.0052461206074 280.6854838709677 104.0 799.0 0.0 696.0 73863.0 
752.0052461206074 281.491935483871 104.0 801.0 0.0 698.0 74160.0 
754.0052461206074 282.29838709677426 107.0 805.0 0.0 700.0 74365.0 
756.0052461206074 282.70161290322574 107.0 808.0 0.0 701.0 74467.0 
758.0052461206074 283.1048387096774 107.0 808.0 0.0 702.0 74569.0 
760.0052461206074 283.1048387096774 107.0 809.0 0.0 702.0 74569.0 
762.0052461206074 283.508064516129 108.0 811.0 0.0 703.0 74671.0 
764.0052461206074 283.9112903225806 110.0 814.0 0.0 704.0 74774.0 
766.0052461206074 284.3145161290323 109.0 814.0 0.0 705.0 74877.0 
768.0052461206074 284.3145161290323 111.0 817.0 0.0 705.0 74877.0 
770.0052461206074 284.3145161290323 114.0 821.0 0.0 705.0 74877.0 
772.0052461206074 285.12096774193543 117.0 822.0 0.0 707.0 75081.0 
774.0052461206074 285.5241935483871 115.0 822.0 0.0 708.0 75183.0 
776.0052461206074 285.5241935483871 114.0 822.0 0.0 708.0 75183.0 
778.0052461206074 285.92741935483866 114.0 823.0 0.0 709.0 75286.0 
780.0052461206074 286.33064516129036 113.0 823.0 0.0 710.0 75388.0 
782.0052461206074 287.13709677419354 114.0 826.0 0.0 712.0 75592.0 
784.0052461206074 287.13709677419354 114.0 826.0 0.0 712.0 75592.0 
786.0052461206074 287.5403225806452 116.0 828.0 0.0 713.0 75694.0 
788.0052461206074 288.75 116.0 830.0 0.0 716.0 76000.0 
790.0000213434062 289.5564516129033 115.0 832.0 0.0 718.0 76205.0 
792.0009733725562 290.36290322580646 114.0 832.0 0.0 720.0 76409.0 
794.0052461206074 290.36290322580646 112.0 832.0 0.0 720.0 76409.0 
796.0052461206074 290.36290322580646 112.0 833.0 0.0 720.0 76409.0 
798.0052461206074 291.57258064516134 114.0 834.0 0.0 723.0 76718.0 
800.0052461206074 292.37903225806457 111.0 834.0 0.0 725.0 76986.0 
802.0030851238254 292.78225806451616 110.0 835.0 0.0 726.0 77088.0 
804.0052461206074 293.991935483871 108.0 837.0 0.0 729.0 77394.0 
806.0052461206074 294.3951612903226 111.0 840.0 0.0 730.0 77497.0 
808.0052461206074 295.6048387096774 112.0 843.0 0.0 733.0 77806.0 
810.0052461206074 296.4112903225806 109.0 844.0 0.0 735.0 78096.0 
812.0052461206074 297.21774193548384 111.0 847.0 0.0 737.0 78300.0 
814.0052461206074 299.23387096774195 107.0 847.0 0.0 742.0 78814.0 
816.0052461206074 300.0403225806452 105.0 849.0 1.0 744.0 79033.0 
818.0022502272997 302.0564516129033 103.0 850.0 1.0 749.0 79546.0 
820.0052461206074 303.67741935483866 100.0 850.0 1.0 753.0 79956.0 
822.0052461206074 305.2903225806452 96.0 855.0 1.0 757.0 80367.0 
824.0052461206074 306.5 98.0 857.0 1.0 760.0 80675.0 
826.0052461206074 306.9032258064516 96.0 857.0 1.0 761.0 80777.0 
828.0052461206074 309.32258064516134 94.0 859.0 2.0 767.0 81429.0 
830.0052461206074 310.13709677419354 91.0 862.0 2.0 769.0 81634.0 
832.0052461206074 311.3467741935484 92.0 867.0 2.0 772.0 81941.0 
834.0052461206074 312.5564516129033 93.0 870.0 2.0 775.0 82247.0 
836.0052461206074 313.36290322580646 97.0 876.0 2.0 777.0 82733.0 
838.0052461206074 315.3790322580645 96.0 878.0 2.0 782.0 83247.0 
840.0052461206074 315.78225806451616 96.0 881.0 2.0 783.0 83349.0 
842.0052461206074 317.79838709677426 97.0 885.0 2.0 788.0 83862.0 
844.0052461206074 318.6048387096774 96.0 887.0 2.0 790.0 84068.0 
846.0052461206074 319.4112903225806 95.0 889.0 3.0 792.0 84284.0 
848.0052461206074 319.8145161290323 94.0 892.0 3.0 793.0 84387.0 
850.0052461206074 321.0241935483871 97.0 897.0 3.0 796.0 84695.0 
852.0052461206074 321.0241935483871 100.0 899.0 3.0 796.0 84695.0 
854.0052461206074 321.83064516129036 101.0 902.0 3.0 798.0 84899.0 
856.0052461206074 323.4435483870967 100.0 902.0 3.0 802.0 85309.0 
858.0052461206074 324.6532258064516 95.0 903.0 3.0 805.0 85615.0 
860.0052461206074 324.6532258064516 96.0 904.0 3.0 805.0 85615.0 
862.0052461206074 324.6532258064516 100.0 911.0 3.0 805.0 85615.0 
864.0052461206074 325.4596774193548 103.0 913.0 3.0 807.0 85819.0 
866.0052461206074 326.66935483870964 103.0 915.0 3.0 810.0 86126.0 
868.0052461206074 326.66935483870964 105.0 919.0 3.0 810.0 86126.0 
870.0052461206074 327.07258064516134 105.0 919.0 3.0 811.0 86228.0 
872.0052461206074 328.28225806451616 103.0 919.0 3.0 814.0 86535.0 
874.0052461206074 329.491935483871 101.0 921.0 3.0 817.0 86843.0 
876.0052461206074 329.491935483871 102.0 922.0 3.0 817.0 86843.0 
878.0052461206074 329.491935483871 104.0 925.0 3.0 817.0 86843.0 
880.0052461206074 329.8951612903226 109.0 930.0 3.0 818.0 86946.0 
882.0052461206074 329.8951612903226 113.0 935.0 3.0 818.0 86946.0 
884.0052461206074 330.70161290322574 115.0 937.0 3.0 820.0 87152.0 
886.0052461206074 331.1048387096774 115.0 940.0 3.0 821.0 87255.0 
888.0052461206074 331.9112903225806 116.0 941.0 3.0 823.0 87460.0 
890.0052461206074 332.71774193548384 116.0 942.0 3.0 825.0 87665.0 
892.0052461206074 333.5241935483871 112.0 943.0 3.0 827.0 87869.0 
894.0052461206074 333.5241935483871 115.0 945.0 3.0 827.0 87869.0 
896.0052461206074 333.92741935483866 115.0 946.0 3.0 828.0 88042.0 
898.0052461206074 333.92741935483866 117.0 949.0 3.0 828.0 88042.0 
900.0052461206074 334.73387096774195 116.0 949.0 3.0 830.0 88247.0 
#####################################################################
# End of data export. Simulation finished at: 2020-01-16T01:13+0000 #
#####################################################################
