#####################################################################
# Alchemist log file - simulation started at: 2020-02-08T12:22+0000 #
#####################################################################
# seed = 61.0, taskFrequency = 0.00133, cloudcost = 17.0, algorithm = true
#
# The columns have the following meaning: 
# time taskHops[Mean] hasTask[Sum] tasks[Sum] completedTasks[Sum] giveupTasks[Sum] taskLatency[Sum] 
0.0 NaN 0.0 0.0 0.0 0.0 0.0 
2.0002155406812046 NaN 0.0 0.0 0.0 0.0 0.0 
4.0002155406812046 NaN 0.0 1.0 0.0 0.0 0.0 
6.0002155406812046 NaN 1.0 1.0 0.0 0.0 0.0 
8.000215540681204 NaN 1.0 1.0 0.0 0.0 0.0 
10.000215540681204 NaN 1.0 1.0 0.0 0.0 0.0 
12.000215540681204 NaN 2.0 2.0 0.0 0.0 0.0 
14.000215540681204 NaN 2.0 2.0 0.0 0.0 0.0 
16.000215540681204 NaN 4.0 4.0 0.0 0.0 0.0 
18.000215540681204 1.0 4.0 4.0 1.0 0.0 14.0 
20.000215540681204 1.0 3.0 4.0 1.0 0.0 14.0 
22.000215540681204 1.0 3.0 4.0 1.0 0.0 14.0 
24.000215540681204 1.0 3.0 4.0 1.0 0.0 14.0 
26.000215540681204 1.5 2.0 4.0 2.0 0.0 28.0 
28.000215540681204 1.6666666666666667 2.0 4.0 3.0 0.0 41.0 
30.000215540681204 1.75 0.0 4.0 4.0 0.0 54.0 
32.000215540681204 1.75 0.0 4.0 4.0 0.0 54.0 
34.000215540681204 1.75 0.0 4.0 4.0 0.0 54.0 
36.000215540681204 1.75 0.0 4.0 4.0 0.0 54.0 
38.000215540681204 1.75 0.0 4.0 4.0 0.0 54.0 
40.000215540681204 1.75 0.0 4.0 4.0 0.0 54.0 
42.000215540681204 1.75 1.0 5.0 4.0 0.0 54.0 
44.000215540681204 1.75 2.0 6.0 4.0 0.0 54.0 
46.000215540681204 1.75 2.0 6.0 4.0 0.0 54.0 
48.000215540681204 1.75 2.0 6.0 4.0 0.0 54.0 
50.000215540681204 1.75 2.0 6.0 4.0 0.0 54.0 
52.000215540681204 1.75 3.0 7.0 4.0 0.0 54.0 
54.000215540681204 1.75 3.0 7.0 4.0 0.0 54.0 
56.000215540681204 2.0 2.0 7.0 5.0 0.0 67.0 
58.000215540681204 2.0 1.0 7.0 6.0 0.0 81.0 
60.000215540681204 2.0 1.0 7.0 6.0 0.0 81.0 
62.000215540681204 2.0 1.0 8.0 6.0 0.0 81.0 
64.00021554068121 2.0 2.0 8.0 6.0 0.0 81.0 
66.00021554068121 2.0 2.0 8.0 6.0 0.0 81.0 
68.00021554068121 2.0 2.0 8.0 6.0 0.0 81.0 
70.00021554068121 2.2857142857142856 2.0 8.0 7.0 0.0 100.0 
72.00021554068121 2.2857142857142856 1.0 8.0 7.0 0.0 100.0 
74.00021554068121 2.2857142857142856 1.0 8.0 7.0 0.0 100.0 
76.00021554068121 2.125 1.0 8.0 8.0 0.0 114.0 
78.00021554068121 2.125 0.0 8.0 8.0 0.0 114.0 
80.00021554068121 2.125 0.0 8.0 8.0 0.0 114.0 
82.00021554068121 2.125 0.0 8.0 8.0 0.0 114.0 
84.00021554068121 2.125 0.0 8.0 8.0 0.0 114.0 
86.00021554068121 2.125 0.0 8.0 8.0 0.0 114.0 
88.00021554068121 2.125 1.0 9.0 8.0 0.0 114.0 
90.00021554068121 2.125 1.0 9.0 8.0 0.0 114.0 
92.00021554068121 2.125 1.0 9.0 8.0 0.0 114.0 
94.00021554068121 2.125 1.0 9.0 8.0 0.0 114.0 
96.00021554068121 2.125 1.0 9.0 8.0 0.0 114.0 
98.00021554068121 2.125 1.0 9.0 8.0 0.0 114.0 
100.00021554068121 2.111111111111111 1.0 9.0 9.0 0.0 127.0 
102.00021554068121 2.111111111111111 1.0 10.0 9.0 0.0 127.0 
104.00021554068121 2.111111111111111 1.0 10.0 9.0 0.0 127.0 
106.00021554068121 2.111111111111111 1.0 10.0 9.0 0.0 127.0 
108.00021554068121 2.111111111111111 2.0 12.0 9.0 0.0 127.0 
110.00021554068121 2.111111111111111 3.0 12.0 9.0 0.0 127.0 
112.00021554068121 2.111111111111111 3.0 12.0 9.0 0.0 127.0 
114.00021554068121 2.0 4.0 13.0 10.0 0.0 141.0 
116.00021554068121 2.0 3.0 13.0 10.0 0.0 141.0 
118.00021554068121 2.0 4.0 14.0 10.0 0.0 141.0 
120.00021554068121 2.0 4.0 14.0 10.0 0.0 141.0 
122.00021554068121 1.9166666666666667 3.0 14.0 12.0 0.0 168.0 
124.00021554068121 1.9166666666666667 2.0 14.0 12.0 0.0 168.0 
126.00021554068121 1.9166666666666667 2.0 14.0 12.0 0.0 168.0 
128.0002155406812 1.9166666666666667 2.0 14.0 12.0 0.0 168.0 
130.0002155406812 1.9166666666666667 2.0 14.0 12.0 0.0 168.0 
132.0002155406812 1.9285714285714286 1.0 14.0 14.0 0.0 200.0 
134.0002155406812 1.9285714285714286 0.0 14.0 14.0 0.0 200.0 
136.0002155406812 1.9285714285714286 0.0 14.0 14.0 0.0 200.0 
138.0002155406812 1.9285714285714286 2.0 16.0 14.0 0.0 200.0 
140.0002155406812 1.9285714285714286 2.0 16.0 14.0 0.0 200.0 
142.0002155406812 1.9285714285714286 2.0 16.0 14.0 0.0 200.0 
144.0002155406812 1.9285714285714286 3.0 17.0 14.0 0.0 200.0 
146.0002155406812 1.9285714285714286 3.0 17.0 14.0 0.0 200.0 
148.0002155406812 1.9285714285714286 4.0 18.0 14.0 0.0 200.0 
150.0002155406812 1.9285714285714286 4.0 18.0 14.0 0.0 200.0 
152.0002155406812 1.8125 2.0 18.0 16.0 0.0 226.0 
154.0002155406812 1.8125 2.0 18.0 16.0 0.0 226.0 
156.0002155406812 1.7647058823529411 3.0 19.0 17.0 0.0 239.0 
158.0002155406812 1.7647058823529411 3.0 20.0 17.0 0.0 239.0 
160.0002155406812 1.7777777777777777 3.0 20.0 18.0 0.0 252.0 
162.0002155406812 1.7777777777777777 3.0 21.0 18.0 0.0 252.0 
164.0002155406812 1.7777777777777777 3.0 21.0 18.0 0.0 252.0 
166.0002155406812 1.7777777777777777 3.0 21.0 18.0 0.0 252.0 
168.0002155406812 1.7894736842105263 3.0 21.0 19.0 0.0 265.0 
170.0002155406812 1.7894736842105263 3.0 22.0 19.0 0.0 265.0 
172.0002155406812 1.8947368421052633 3.0 24.0 20.0 0.0 278.0 
174.0002155406812 1.8947368421052633 4.0 25.0 20.0 0.0 278.0 
176.0002155406812 1.85 4.0 25.0 21.0 0.0 291.0 
178.0002155406812 1.85 4.0 25.0 21.0 0.0 291.0 
180.0002155406812 1.85 5.0 26.0 21.0 0.0 291.0 
182.0002155406812 1.85 5.0 26.0 21.0 0.0 291.0 
184.0002155406812 1.8095238095238095 4.0 26.0 22.0 0.0 304.0 
186.0002155406812 1.8181818181818181 4.0 26.0 23.0 0.0 318.0 
188.0002155406812 1.8695652173913042 4.0 27.0 24.0 0.0 332.0 
190.0002155406812 1.9583333333333335 4.0 28.0 25.0 0.0 351.0 
192.0002155406812 1.9583333333333335 3.0 28.0 25.0 0.0 351.0 
194.0002155406812 1.96 3.0 29.0 26.0 0.0 364.0 
196.0002155406812 1.96 3.0 29.0 26.0 0.0 364.0 
198.0002155406812 1.96 3.0 29.0 26.0 0.0 364.0 
200.0002155406812 1.96 3.0 29.0 26.0 0.0 364.0 
202.0002155406812 2.0 3.0 30.0 27.0 0.0 378.0 
204.0002155406812 2.0 2.0 30.0 28.0 0.0 392.0 
206.0002155406812 2.037037037037037 2.0 30.0 29.0 0.0 405.0 
208.0002155406812 2.037037037037037 1.0 30.0 29.0 0.0 405.0 
210.0002155406812 2.037037037037037 1.0 30.0 29.0 0.0 405.0 
212.0002155406812 2.037037037037037 1.0 30.0 29.0 0.0 405.0 
214.0002155406812 2.037037037037037 1.0 30.0 29.0 0.0 405.0 
216.0002155406812 2.0357142857142856 0.0 30.0 30.0 0.0 419.0 
218.0002155406812 2.0357142857142856 0.0 30.0 30.0 0.0 419.0 
220.0002155406812 2.0357142857142856 1.0 31.0 30.0 0.0 419.0 
222.0002155406812 2.0357142857142856 1.0 31.0 30.0 0.0 419.0 
224.0002155406812 2.0357142857142856 1.0 31.0 30.0 0.0 419.0 
226.0002155406812 2.0357142857142856 2.0 32.0 30.0 0.0 419.0 
228.0002155406812 2.0357142857142856 3.0 33.0 30.0 0.0 419.0 
230.0002155406812 2.0357142857142856 3.0 33.0 30.0 0.0 419.0 
232.0002155406812 2.0357142857142856 3.0 33.0 30.0 0.0 419.0 
234.0002155406812 2.0344827586206895 2.0 33.0 31.0 0.0 433.0 
236.0002155406812 2.0344827586206895 2.0 33.0 31.0 0.0 433.0 
238.0002155406812 2.0344827586206895 2.0 33.0 31.0 0.0 433.0 
240.0002155406812 2.066666666666667 1.0 33.0 33.0 0.0 460.0 
242.0002155406812 2.066666666666667 1.0 34.0 33.0 0.0 460.0 
244.0002155406812 2.066666666666667 1.0 34.0 33.0 0.0 460.0 
246.0002155406812 2.066666666666667 2.0 35.0 33.0 0.0 460.0 
248.0002155406812 2.066666666666667 3.0 36.0 33.0 0.0 460.0 
250.0002155406812 2.066666666666667 3.0 36.0 33.0 0.0 460.0 
252.0002155406812 2.066666666666667 3.0 36.0 33.0 0.0 460.0 
254.0002155406812 2.032258064516129 4.0 37.0 34.0 0.0 473.0 
256.0002155406812 2.032258064516129 3.0 37.0 34.0 0.0 473.0 
258.0002155406812 2.0 5.0 39.0 35.0 0.0 486.0 
260.0002155406812 1.9696969696969697 5.0 40.0 36.0 0.0 499.0 
262.0002155406812 1.9696969696969697 5.0 41.0 36.0 0.0 499.0 
264.0002155406812 1.9696969696969697 5.0 41.0 36.0 0.0 499.0 
266.0002155406812 1.9705882352941178 5.0 41.0 37.0 0.0 512.0 
268.0002155406812 1.9705882352941178 4.0 41.0 37.0 0.0 512.0 
270.0002155406812 2.0 4.0 41.0 38.0 0.0 525.0 
272.0002155406812 1.9722222222222223 2.0 41.0 39.0 0.0 538.0 
274.0002155406812 1.9722222222222223 2.0 41.0 39.0 0.0 538.0 
276.0002155406812 2.0 1.0 41.0 40.0 0.0 552.0 
278.0002155406812 2.0 1.0 41.0 40.0 0.0 552.0 
280.0002155406812 2.0 1.0 42.0 40.0 0.0 552.0 
282.0002155406812 2.0 2.0 42.0 40.0 0.0 552.0 
284.0002155406812 2.0 2.0 42.0 40.0 0.0 552.0 
286.0002155406812 2.081081081081081 2.0 42.0 41.0 0.0 579.0 
288.0002155406812 2.081081081081081 1.0 42.0 41.0 0.0 579.0 
290.0002155406812 2.081081081081081 1.0 42.0 41.0 0.0 579.0 
292.0002155406812 2.081081081081081 1.0 42.0 41.0 0.0 579.0 
294.0002155406812 2.0789473684210527 1.0 42.0 42.0 0.0 593.0 
296.0002155406812 2.0789473684210527 0.0 42.0 42.0 0.0 593.0 
298.0002155406812 2.0789473684210527 0.0 42.0 42.0 0.0 593.0 
300.0002155406812 2.0789473684210527 1.0 43.0 42.0 0.0 593.0 
302.0002155406812 2.0789473684210527 1.0 44.0 42.0 0.0 593.0 
304.0002155406812 2.0789473684210527 2.0 44.0 42.0 0.0 593.0 
306.0002155406812 2.0789473684210527 3.0 45.0 42.0 0.0 593.0 
308.0002155406812 2.0789473684210527 3.0 45.0 42.0 0.0 593.0 
310.0002155406812 2.0789473684210527 3.0 45.0 42.0 0.0 593.0 
312.0002155406812 2.076923076923077 3.0 45.0 43.0 0.0 606.0 
314.0002155406812 2.076923076923077 2.0 45.0 43.0 0.0 606.0 
316.0002155406812 2.075 3.0 46.0 44.0 0.0 620.0 
318.0002155406812 2.075 2.0 46.0 44.0 0.0 620.0 
320.0002155406812 2.1 1.0 46.0 45.0 0.0 633.0 
322.0002155406812 2.1 1.0 46.0 45.0 0.0 633.0 
324.0002155406812 2.1 1.0 46.0 45.0 0.0 633.0 
326.0002155406812 2.1 1.0 46.0 45.0 0.0 633.0 
328.0002155406812 2.1 1.0 46.0 45.0 0.0 633.0 
330.0002155406812 2.097560975609756 0.0 46.0 46.0 0.0 646.0 
332.0002155406812 2.097560975609756 0.0 46.0 46.0 0.0 646.0 
334.0002155406812 2.097560975609756 0.0 46.0 46.0 0.0 646.0 
336.0002155406812 2.097560975609756 0.0 46.0 46.0 0.0 646.0 
338.0002155406812 2.097560975609756 1.0 48.0 46.0 0.0 646.0 
340.0002155406812 2.097560975609756 2.0 48.0 46.0 0.0 646.0 
342.0002155406812 2.097560975609756 2.0 48.0 46.0 0.0 646.0 
344.0002155406812 2.097560975609756 2.0 48.0 46.0 0.0 646.0 
346.0002155406812 2.097560975609756 2.0 48.0 46.0 0.0 646.0 
348.0002155406812 2.097560975609756 3.0 49.0 46.0 0.0 646.0 
350.0002155406812 2.097560975609756 3.0 49.0 46.0 0.0 646.0 
352.0002155406812 2.142857142857143 2.0 49.0 48.0 0.0 674.0 
354.0002155406812 2.142857142857143 1.0 49.0 48.0 0.0 674.0 
356.0002155406812 2.142857142857143 1.0 49.0 48.0 0.0 674.0 
358.0002155406812 2.142857142857143 1.0 49.0 48.0 0.0 674.0 
360.0002155406812 2.142857142857143 1.0 49.0 48.0 0.0 674.0 
362.0002155406812 2.1627906976744184 1.0 51.0 49.0 0.0 687.0 
364.0002155406812 2.1627906976744184 2.0 51.0 49.0 0.0 687.0 
366.0002155406812 2.1627906976744184 2.0 51.0 49.0 0.0 687.0 
368.0002155406812 2.1627906976744184 2.0 51.0 49.0 0.0 687.0 
370.0002155406812 2.1627906976744184 2.0 51.0 49.0 0.0 687.0 
372.0002155406812 2.1627906976744184 2.0 51.0 49.0 0.0 687.0 
374.0002155406812 2.1627906976744184 2.0 51.0 49.0 0.0 687.0 
376.0002155406812 2.1555555555555554 1.0 51.0 51.0 0.0 715.0 
378.0002155406812 2.1555555555555554 1.0 52.0 51.0 0.0 715.0 
380.0002155406812 2.1555555555555554 1.0 53.0 51.0 0.0 715.0 
382.0002155406812 2.1555555555555554 2.0 53.0 51.0 0.0 715.0 
384.0002155406812 2.1555555555555554 3.0 54.0 51.0 0.0 715.0 
386.0002155406812 2.1555555555555554 5.0 57.0 51.0 0.0 715.0 
388.0002155406812 2.1555555555555554 6.0 57.0 51.0 0.0 715.0 
390.0002155406812 2.1555555555555554 6.0 57.0 51.0 0.0 715.0 
392.0002155406812 2.1739130434782608 5.0 57.0 52.0 0.0 729.0 
394.0002155406812 2.217391304347826 5.0 57.0 53.0 0.0 743.0 
396.0002155406812 2.217391304347826 4.0 57.0 53.0 0.0 743.0 
398.0002155406812 2.217391304347826 4.0 57.0 53.0 0.0 743.0 
400.0002155406812 2.2127659574468086 3.0 57.0 55.0 0.0 770.0 
402.0002155406812 2.2127659574468086 2.0 58.0 55.0 0.0 770.0 
404.0002155406812 2.2291666666666665 2.0 58.0 56.0 0.0 790.0 
406.0002155406812 2.2244897959183674 1.0 58.0 57.0 0.0 810.0 
408.0002155406812 2.2244897959183674 1.0 58.0 57.0 0.0 810.0 
410.0002155406812 2.2244897959183674 1.0 58.0 57.0 0.0 810.0 
412.0002155406812 2.2244897959183674 1.0 58.0 57.0 0.0 810.0 
414.0002155406812 2.2244897959183674 1.0 58.0 57.0 0.0 810.0 
416.0002155406812 2.2 2.0 59.0 58.0 0.0 824.0 
418.0002155406812 2.2 1.0 59.0 58.0 0.0 824.0 
420.0002155406812 2.2 1.0 59.0 58.0 0.0 824.0 
422.0002155406812 2.2 1.0 59.0 58.0 0.0 824.0 
424.0002155406812 2.2 1.0 59.0 58.0 0.0 824.0 
426.0002155406812 2.2 1.0 59.0 58.0 0.0 824.0 
428.0002155406812 2.24 1.0 59.0 59.0 0.0 837.0 
430.0002155406812 2.24 0.0 59.0 59.0 0.0 837.0 
432.0002155406812 2.24 0.0 59.0 59.0 0.0 837.0 
434.0002155406812 2.24 1.0 60.0 59.0 0.0 837.0 
436.0002155406812 2.24 1.0 60.0 59.0 0.0 837.0 
438.0002155406812 2.24 1.0 60.0 59.0 0.0 837.0 
440.0002155406812 2.24 1.0 60.0 59.0 0.0 837.0 
442.0002155406812 2.24 1.0 60.0 59.0 0.0 837.0 
444.0002155406812 2.24 1.0 60.0 59.0 0.0 837.0 
446.0002155406812 2.24 2.0 61.0 59.0 0.0 837.0 
448.0002155406812 2.26 2.0 62.0 60.0 0.0 851.0 
450.0002155406812 2.26 2.0 62.0 60.0 0.0 851.0 
452.0002155406812 2.26 2.0 62.0 60.0 0.0 851.0 
454.0002155406812 2.26 3.0 63.0 60.0 0.0 851.0 
456.0002155406812 2.26 3.0 63.0 60.0 0.0 851.0 
458.0002155406812 2.2800000000000002 4.0 65.0 61.0 0.0 864.0 
460.0002155406812 2.2800000000000002 4.0 65.0 61.0 0.0 864.0 
462.0002155406812 2.2549019607843137 3.0 65.0 62.0 0.0 877.0 
464.0002155406812 2.2549019607843137 3.0 65.0 62.0 0.0 877.0 
466.0002155406812 2.230769230769231 3.0 65.0 63.0 0.0 890.0 
468.0002155406812 2.230769230769231 2.0 65.0 63.0 0.0 890.0 
470.0002155406812 2.230769230769231 2.0 65.0 63.0 0.0 890.0 
472.0002155406812 2.2884615384615383 1.0 65.0 64.0 0.0 904.0 
474.0002155406812 2.2884615384615383 1.0 66.0 64.0 0.0 904.0 
476.0002155406812 2.2884615384615383 2.0 66.0 64.0 0.0 904.0 
478.0002155406812 2.2641509433962264 1.0 66.0 65.0 0.0 923.0 
480.0002155406812 2.2641509433962264 1.0 66.0 65.0 0.0 923.0 
482.0002155406812 2.2641509433962264 1.0 66.0 65.0 0.0 923.0 
484.0002155406812 2.2641509433962264 2.0 67.0 65.0 0.0 923.0 
486.0002155406812 2.2641509433962264 3.0 68.0 65.0 0.0 923.0 
488.0002155406812 2.240740740740741 3.0 68.0 66.0 0.0 937.0 
490.0002155406812 2.240740740740741 2.0 68.0 66.0 0.0 937.0 
492.0002155406812 2.240740740740741 2.0 68.0 66.0 0.0 937.0 
494.0002155406812 2.240740740740741 2.0 69.0 66.0 0.0 937.0 
496.0002155406812 2.240740740740741 3.0 69.0 66.0 0.0 937.0 
498.0002155406812 2.2363636363636363 2.0 70.0 67.0 0.0 950.0 
500.0002155406812 2.232142857142857 2.0 70.0 68.0 0.0 963.0 
502.0002155406812 2.232142857142857 2.0 70.0 68.0 0.0 963.0 
504.0002155406812 2.232142857142857 2.0 70.0 68.0 0.0 963.0 
506.0002155406812 2.232142857142857 2.0 70.0 68.0 0.0 963.0 
508.0002155406812 2.2857142857142856 2.0 70.0 69.0 0.0 977.0 
510.0002155406812 2.2857142857142856 2.0 71.0 69.0 0.0 977.0 
512.0002155406812 2.2857142857142856 2.0 71.0 69.0 0.0 977.0 
514.0002155406812 2.2857142857142856 2.0 71.0 69.0 0.0 977.0 
516.0002155406812 2.2857142857142856 2.0 71.0 69.0 0.0 977.0 
518.0002155406812 2.357142857142857 3.0 72.0 70.0 0.0 997.0 
520.0002155406812 2.357142857142857 3.0 73.0 70.0 0.0 997.0 
522.0002155406812 2.357142857142857 3.0 73.0 70.0 0.0 997.0 
524.0002155406812 2.357142857142857 3.0 73.0 70.0 0.0 997.0 
526.0002155406812 2.357142857142857 4.0 74.0 70.0 0.0 997.0 
528.0002155406812 2.4285714285714284 4.0 74.0 71.0 0.0 1016.0 
530.0002155406812 2.4285714285714284 3.0 74.0 71.0 0.0 1016.0 
532.0002155406812 2.4210526315789473 3.0 75.0 72.0 0.0 1030.0 
534.0002155406812 2.4210526315789473 4.0 76.0 72.0 0.0 1030.0 
536.0002155406812 2.396551724137931 3.0 76.0 73.0 0.0 1046.0 
538.0002155406812 2.396551724137931 3.0 76.0 73.0 0.0 1046.0 
540.0002155406812 2.396551724137931 3.0 77.0 73.0 0.0 1046.0 
542.0002155406812 2.396551724137931 4.0 77.0 73.0 0.0 1046.0 
544.0002155406812 2.4655172413793105 4.0 77.0 74.0 0.0 1065.0 
546.0002155406812 2.440677966101695 2.0 77.0 75.0 0.0 1078.0 
548.0002155406812 2.440677966101695 3.0 78.0 75.0 0.0 1078.0 
550.0002155406812 2.440677966101695 3.0 78.0 75.0 0.0 1078.0 
552.0002155406812 2.440677966101695 3.0 78.0 75.0 0.0 1078.0 
554.0002155406812 2.4915254237288136 3.0 78.0 76.0 0.0 1099.0 
556.0002155406812 2.5084745762711864 2.0 78.0 77.0 0.0 1115.0 
558.0002155406812 2.5084745762711864 1.0 78.0 77.0 0.0 1115.0 
560.0002155406812 2.542372881355932 3.0 80.0 78.0 0.0 1128.0 
562.0002155406812 2.542372881355932 2.0 80.0 78.0 0.0 1128.0 
564.0002155406812 2.542372881355932 2.0 80.0 78.0 0.0 1128.0 
566.0002155406812 2.542372881355932 3.0 81.0 78.0 0.0 1128.0 
568.0002155406812 2.542372881355932 4.0 82.0 78.0 0.0 1128.0 
570.0002155406812 2.542372881355932 4.0 82.0 78.0 0.0 1128.0 
572.0002155406812 2.542372881355932 4.0 82.0 78.0 0.0 1128.0 
574.0002155406812 2.610169491525424 2.0 82.0 80.0 0.0 1155.0 
576.0002155406812 2.610169491525424 3.0 83.0 80.0 0.0 1155.0 
578.0002155406812 2.610169491525424 3.0 83.0 80.0 0.0 1155.0 
580.0002155406812 2.6 2.0 83.0 82.0 0.0 1181.0 
582.0002155406812 2.6 1.0 83.0 82.0 0.0 1181.0 
584.0002155406812 2.6 1.0 83.0 82.0 0.0 1181.0 
586.0002155406812 2.6 1.0 83.0 82.0 0.0 1181.0 
588.0002155406812 2.6 1.0 83.0 82.0 0.0 1181.0 
590.0002155406812 2.5901639344262297 0.0 83.0 83.0 0.0 1194.0 
592.0002155406812 2.5901639344262297 0.0 84.0 83.0 0.0 1194.0 
594.0002155406812 2.5901639344262297 1.0 84.0 83.0 0.0 1194.0 
596.0002155406812 2.5901639344262297 1.0 84.0 83.0 0.0 1194.0 
598.0002155406812 2.5901639344262297 1.0 84.0 83.0 0.0 1194.0 
600.0002155406812 2.5901639344262297 1.0 84.0 83.0 0.0 1194.0 
602.0002155406812 2.5901639344262297 2.0 85.0 83.0 0.0 1194.0 
604.0002155406812 2.5901639344262297 2.0 85.0 83.0 0.0 1194.0 
606.0002155406812 2.564516129032258 3.0 86.0 84.0 0.0 1208.0 
608.0002155406812 2.564516129032258 2.0 86.0 84.0 0.0 1208.0 
610.0002155406812 2.564516129032258 2.0 86.0 84.0 0.0 1208.0 
612.0002155406812 2.564516129032258 2.0 86.0 84.0 0.0 1208.0 
614.0002155406812 2.596774193548387 2.0 86.0 85.0 0.0 1221.0 
616.0002155406812 2.596774193548387 1.0 86.0 85.0 0.0 1221.0 
618.0002155406812 2.5714285714285716 1.0 86.0 86.0 0.0 1234.0 
620.0002155406812 2.5714285714285716 0.0 86.0 86.0 0.0 1234.0 
622.0002155406812 2.5714285714285716 0.0 87.0 86.0 0.0 1234.0 
624.0002155406812 2.5714285714285716 1.0 87.0 86.0 0.0 1234.0 
626.0002155406812 2.5714285714285716 1.0 87.0 86.0 0.0 1234.0 
628.0002155406812 2.5714285714285716 2.0 88.0 86.0 0.0 1234.0 
630.0002155406812 2.5714285714285716 2.0 88.0 86.0 0.0 1234.0 
632.0002155406812 2.5714285714285716 3.0 89.0 86.0 0.0 1234.0 
634.0002155406812 2.5714285714285716 4.0 90.0 86.0 0.0 1234.0 
636.0002155406812 2.546875 4.0 90.0 87.0 0.0 1248.0 
638.0002155406812 2.546875 3.0 90.0 87.0 0.0 1248.0 
640.0002155406812 2.546875 4.0 91.0 87.0 0.0 1248.0 
642.0002155406812 2.523076923076923 4.0 92.0 88.0 0.0 1262.0 
644.0002155406812 2.523076923076923 4.0 92.0 88.0 0.0 1262.0 
646.0002155406812 2.5538461538461537 4.0 93.0 89.0 0.0 1275.0 
648.0002155406812 2.5846153846153848 4.0 94.0 90.0 0.0 1288.0 
650.0002155406812 2.5846153846153848 4.0 94.0 90.0 0.0 1288.0 
652.0002155406812 2.6153846153846154 5.0 95.0 91.0 0.0 1301.0 
654.0002155406812 2.590909090909091 4.0 95.0 92.0 0.0 1314.0 
656.0002155406812 2.590909090909091 3.0 95.0 92.0 0.0 1314.0 
658.0002155406812 2.606060606060606 3.0 95.0 93.0 0.0 1327.0 
660.0002155406812 2.606060606060606 3.0 96.0 93.0 0.0 1327.0 
662.0002155406812 2.621212121212121 3.0 97.0 94.0 0.0 1340.0 
664.0002155406812 2.621212121212121 4.0 98.0 94.0 0.0 1340.0 
666.0002155406812 2.621212121212121 4.0 98.0 94.0 0.0 1340.0 
668.0002155406812 2.621212121212121 4.0 98.0 94.0 0.0 1340.0 
670.0002155406812 2.621212121212121 5.0 99.0 94.0 0.0 1340.0 
672.0002155406812 2.6417910447761193 4.0 99.0 95.0 0.0 1359.0 
674.0002155406812 2.6417910447761193 5.0 100.0 95.0 0.0 1359.0 
676.0002155406812 2.656716417910448 4.0 100.0 96.0 0.0 1373.0 
678.0002155406812 2.6470588235294117 3.0 100.0 97.0 0.0 1387.0 
680.0002155406812 2.6470588235294117 3.0 100.0 97.0 0.0 1387.0 
682.0002155406812 2.6470588235294117 3.0 100.0 97.0 0.0 1387.0 
684.0002155406812 2.6470588235294117 3.0 100.0 97.0 0.0 1387.0 
686.0002155406812 2.6470588235294117 3.0 100.0 97.0 0.0 1387.0 
688.0002155406812 2.7246376811594204 2.0 100.0 98.0 0.0 1415.0 
690.0002155406812 2.7246376811594204 2.0 101.0 98.0 0.0 1415.0 
692.0002155406812 2.7246376811594204 3.0 101.0 98.0 0.0 1415.0 
694.0002155406812 2.7246376811594204 3.0 101.0 98.0 0.0 1415.0 
696.0002155406812 2.753623188405797 2.0 101.0 99.0 0.0 1441.0 
698.0002155406812 2.753623188405797 2.0 101.0 99.0 0.0 1441.0 
700.0002155406812 2.753623188405797 3.0 102.0 99.0 0.0 1441.0 
702.0002155406812 2.753623188405797 4.0 103.0 99.0 0.0 1441.0 
704.0002155406812 2.76056338028169 4.0 103.0 101.0 0.0 1486.0 
706.0002155406812 2.76056338028169 2.0 103.0 101.0 0.0 1486.0 
708.0002155406812 2.76056338028169 2.0 104.0 101.0 0.0 1486.0 
710.0002155406812 2.76056338028169 4.0 105.0 101.0 0.0 1486.0 
712.0002155406812 2.76056338028169 4.0 105.0 101.0 0.0 1486.0 
714.0002155406812 2.76056338028169 4.0 105.0 101.0 0.0 1486.0 
716.0002155406812 2.7746478873239435 3.0 105.0 102.0 0.0 1500.0 
718.0002155406812 2.7746478873239435 3.0 105.0 102.0 0.0 1500.0 
720.0002155406812 2.8309859154929575 3.0 106.0 103.0 0.0 1520.0 
722.0002155406812 2.845070422535211 3.0 106.0 104.0 0.0 1534.0 
724.0002155406812 2.845070422535211 2.0 106.0 104.0 0.0 1534.0 
726.0002155406812 2.8732394366197185 2.0 106.0 105.0 0.0 1550.0 
728.0002155406812 2.8732394366197185 1.0 106.0 105.0 0.0 1550.0 
730.0002155406812 2.8732394366197185 2.0 107.0 105.0 0.0 1550.0 
732.0002155406812 2.8732394366197185 2.0 107.0 105.0 0.0 1550.0 
734.0002155406812 2.9014084507042255 1.0 107.0 106.0 0.0 1563.0 
736.0002155406812 2.9014084507042255 1.0 107.0 106.0 0.0 1563.0 
738.0002155406812 2.9014084507042255 1.0 107.0 106.0 0.0 1563.0 
740.0002155406812 2.9014084507042255 1.0 108.0 106.0 0.0 1563.0 
742.0002155406812 2.9014084507042255 2.0 108.0 106.0 0.0 1563.0 
744.0002155406812 2.9295774647887325 1.0 108.0 107.0 0.0 1577.0 
746.0002155406812 2.9295774647887325 2.0 109.0 107.0 0.0 1577.0 
748.0002155406812 2.9295774647887325 2.0 109.0 107.0 0.0 1577.0 
750.0002155406812 2.9295774647887325 2.0 109.0 107.0 0.0 1577.0 
752.0002155406812 2.9295774647887325 3.0 110.0 107.0 0.0 1577.0 
754.0002155406812 2.9027777777777777 4.0 111.0 108.0 0.0 1591.0 
756.0002155406812 2.9027777777777777 3.0 111.0 108.0 0.0 1591.0 
758.0002155406812 2.9027777777777777 4.0 112.0 108.0 0.0 1591.0 
760.0002155406812 2.9166666666666665 3.0 113.0 109.0 0.0 1605.0 
762.0002155406812 2.9166666666666665 4.0 113.0 109.0 0.0 1605.0 
764.0002155406812 2.9305555555555554 4.0 113.0 110.0 0.0 1618.0 
766.0002155406812 2.9305555555555554 3.0 113.0 110.0 0.0 1618.0 
768.0002155406812 2.9583333333333335 2.0 113.0 111.0 0.0 1632.0 
770.0002155406812 2.9583333333333335 2.0 113.0 111.0 0.0 1632.0 
772.0002155406812 2.9315068493150687 1.0 113.0 112.0 0.0 1645.0 
774.0002155406812 2.9452054794520546 1.0 113.0 113.0 0.0 1659.0 
776.0002155406812 2.9452054794520546 0.0 113.0 113.0 0.0 1659.0 
778.0002155406812 2.9452054794520546 0.0 113.0 113.0 0.0 1659.0 
780.0002155406812 2.9452054794520546 0.0 113.0 113.0 0.0 1659.0 
782.0002155406812 2.9452054794520546 0.0 113.0 113.0 0.0 1659.0 
784.0002155406812 2.9452054794520546 1.0 114.0 113.0 0.0 1659.0 
786.0002155406812 2.9452054794520546 1.0 114.0 113.0 0.0 1659.0 
788.0002155406812 2.9452054794520546 1.0 114.0 113.0 0.0 1659.0 
790.0002155406812 2.9452054794520546 2.0 115.0 113.0 0.0 1659.0 
792.0002155406812 2.9452054794520546 2.0 115.0 113.0 0.0 1659.0 
794.0002155406812 2.9452054794520546 2.0 115.0 113.0 0.0 1659.0 
796.0002155406812 2.918918918918919 3.0 116.0 114.0 0.0 1672.0 
798.0002155406812 2.918918918918919 2.0 116.0 114.0 0.0 1672.0 
800.0002155406812 2.918918918918919 3.0 117.0 114.0 0.0 1672.0 
802.0002155406812 2.92 3.0 117.0 115.0 0.0 1685.0 
804.0002155406812 2.92 2.0 117.0 115.0 0.0 1685.0 
806.0002155406812 2.92 2.0 117.0 115.0 0.0 1685.0 
808.0002155406812 2.92 2.0 117.0 115.0 0.0 1685.0 
810.0002155406812 2.92 3.0 118.0 115.0 0.0 1685.0 
812.0002155406812 2.92 3.0 118.0 115.0 0.0 1685.0 
814.0002155406812 2.9342105263157894 2.0 118.0 117.0 0.0 1718.0 
816.0002155406812 2.9342105263157894 1.0 118.0 117.0 0.0 1718.0 
818.0002155406812 2.9342105263157894 1.0 118.0 117.0 0.0 1718.0 
820.0002155406812 2.9342105263157894 2.0 119.0 117.0 0.0 1718.0 
822.0002155406812 2.9605263157894735 2.0 119.0 118.0 0.0 1731.0 
824.0002155406812 2.9605263157894735 1.0 119.0 118.0 0.0 1731.0 
826.0002155406812 2.9605263157894735 2.0 121.0 118.0 0.0 1731.0 
828.0002155406812 2.9605263157894735 3.0 121.0 118.0 0.0 1731.0 
830.0002155406812 2.9605263157894735 4.0 122.0 118.0 0.0 1731.0 
832.0002155406812 2.9605263157894735 4.0 122.0 118.0 0.0 1731.0 
834.0002155406812 2.986842105263158 3.0 122.0 119.0 0.0 1745.0 
836.0002155406812 2.986842105263158 3.0 122.0 119.0 0.0 1745.0 
838.0002155406812 2.986842105263158 3.0 122.0 119.0 0.0 1745.0 
840.0002155406812 2.9740259740259742 2.0 122.0 121.0 0.0 1773.0 
842.0002155406812 2.9615384615384617 1.0 122.0 122.0 0.0 1786.0 
844.0002155406812 2.9615384615384617 0.0 122.0 122.0 0.0 1786.0 
846.0002155406812 2.9615384615384617 0.0 122.0 122.0 0.0 1786.0 
848.0002155406812 2.9615384615384617 1.0 123.0 122.0 0.0 1786.0 
850.0002155406812 2.9615384615384617 1.0 123.0 122.0 0.0 1786.0 
852.0002155406812 2.9615384615384617 1.0 123.0 122.0 0.0 1786.0 
854.0002155406812 2.9615384615384617 1.0 123.0 122.0 0.0 1786.0 
856.0002155406812 2.9615384615384617 1.0 123.0 122.0 0.0 1786.0 
858.0002155406812 2.9615384615384617 1.0 123.0 122.0 0.0 1786.0 
860.0002155406812 2.9615384615384617 3.0 125.0 122.0 0.0 1786.0 
862.0002155406812 2.949367088607595 2.0 125.0 123.0 0.0 1800.0 
864.0002155406812 2.949367088607595 2.0 126.0 123.0 0.0 1800.0 
866.0002155406812 2.949367088607595 3.0 126.0 123.0 0.0 1800.0 
868.0002155406812 2.949367088607595 3.0 126.0 123.0 0.0 1800.0 
870.0002155406812 2.949367088607595 3.0 126.0 123.0 0.0 1800.0 
872.0002155406812 2.962025316455696 3.0 126.0 124.0 0.0 1813.0 
874.0002155406812 2.9375 2.0 127.0 125.0 0.0 1826.0 
876.0002155406812 2.9375 2.0 127.0 125.0 0.0 1826.0 
878.0002155406812 2.9625 2.0 127.0 126.0 0.0 1840.0 
880.0002155406812 2.9625 1.0 127.0 126.0 0.0 1840.0 
882.0002155406812 2.9625 1.0 127.0 126.0 0.0 1840.0 
884.0002155406812 2.9625 1.0 127.0 126.0 0.0 1840.0 
886.0002155406812 2.9625 2.0 128.0 126.0 0.0 1840.0 
888.0002155406812 2.9382716049382713 1.0 128.0 127.0 0.0 1853.0 
890.0002155406812 2.9382716049382713 1.0 128.0 127.0 0.0 1853.0 
892.0002155406812 2.9382716049382713 1.0 128.0 127.0 0.0 1853.0 
894.0002155406812 2.9382716049382713 1.0 128.0 127.0 0.0 1853.0 
896.0002155406812 2.9382716049382713 1.0 128.0 127.0 0.0 1853.0 
898.0002155406812 2.9382716049382713 1.0 129.0 127.0 0.0 1853.0 
900.0002155406812 2.9382716049382713 2.0 129.0 127.0 0.0 1853.0 
#####################################################################
# End of data export. Simulation finished at: 2020-02-08T12:23+0000 #
#####################################################################
