#####################################################################
# Alchemist log file - simulation started at: 2020-01-16T16:13+0000 #
#####################################################################
# seed = 8.0, taskFrequency = 0.0075, cloudcost = 50.0, algorithm = false
#
# The columns have the following meaning: 
# time taskHops[Mean] hasTask[Sum] tasks[Sum] completedTasks[Sum] giveupTasks[Sum] taskLatency[Sum] 
0.0 NaN 0.0 0.0 0.0 0.0 0.0 
2.0416052432325023 NaN 2.0 3.0 0.0 0.0 0.0 
4.041605243232502 NaN 4.0 4.0 0.0 0.0 0.0 
6.041605243232502 NaN 4.0 4.0 0.0 0.0 0.0 
8.041605243232503 NaN 5.0 6.0 0.0 0.0 0.0 
10.041605243232503 NaN 8.0 8.0 0.0 0.0 0.0 
12.041605243232503 NaN 8.0 9.0 0.0 0.0 0.0 
14.041605243232503 NaN 10.0 10.0 0.0 0.0 0.0 
16.041605243232503 NaN 12.0 13.0 0.0 0.0 0.0 
18.041605243232503 NaN 13.0 13.0 0.0 0.0 0.0 
20.041605243232503 NaN 18.0 18.0 0.0 0.0 0.0 
22.041605243232503 NaN 21.0 22.0 0.0 0.0 0.0 
24.041605243232503 NaN 25.0 25.0 0.0 0.0 0.0 
26.041605243232503 NaN 25.0 25.0 0.0 0.0 0.0 
28.041605243232503 NaN 27.0 27.0 0.0 0.0 0.0 
30.041605243232503 NaN 28.0 28.0 0.0 0.0 0.0 
32.0416052432325 NaN 29.0 30.0 0.0 0.0 0.0 
34.0416052432325 NaN 31.0 33.0 0.0 0.0 0.0 
36.0416052432325 NaN 33.0 33.0 0.0 0.0 0.0 
38.0416052432325 NaN 35.0 35.0 0.0 0.0 0.0 
40.0416052432325 NaN 35.0 35.0 0.0 0.0 0.0 
42.0416052432325 NaN 36.0 37.0 0.0 0.0 0.0 
44.0416052432325 NaN 38.0 38.0 0.0 0.0 0.0 
46.0416052432325 NaN 38.0 39.0 0.0 0.0 0.0 
48.0416052432325 NaN 40.0 40.0 0.0 0.0 0.0 
50.0416052432325 NaN 41.0 41.0 0.0 0.0 0.0 
52.0416052432325 NaN 42.0 43.0 0.0 0.0 0.0 
54.0416052432325 NaN 43.0 43.0 0.0 0.0 0.0 
56.0416052432325 NaN 44.0 44.0 0.0 0.0 0.0 
58.0416052432325 NaN 45.0 45.0 0.0 0.0 0.0 
60.0416052432325 NaN 47.0 47.0 0.0 0.0 0.0 
62.0037713316437 NaN 47.0 48.0 0.0 0.0 0.0 
64.00372708097201 NaN 48.0 49.0 0.0 0.0 0.0 
66.04160524323251 NaN 49.0 50.0 0.0 0.0 0.0 
68.04160524323251 NaN 50.0 50.0 0.0 0.0 0.0 
70.04160524323251 NaN 51.0 51.0 0.0 0.0 0.0 
72.04160524323251 NaN 52.0 52.0 0.0 0.0 0.0 
74.04160524323251 NaN 54.0 54.0 0.0 0.0 0.0 
76.04160524323251 NaN 54.0 55.0 0.0 0.0 0.0 
78.04160524323251 NaN 55.0 55.0 0.0 0.0 0.0 
80.04160524323251 NaN 58.0 58.0 0.0 0.0 0.0 
82.04160524323251 NaN 58.0 58.0 0.0 0.0 0.0 
84.04160524323251 NaN 58.0 60.0 0.0 0.0 0.0 
86.04160524323251 NaN 60.0 60.0 0.0 0.0 0.0 
88.04160524323251 NaN 61.0 61.0 0.0 0.0 0.0 
90.04160524323251 NaN 61.0 61.0 0.0 0.0 0.0 
92.04160524323251 NaN 62.0 63.0 0.0 0.0 0.0 
94.04160524323251 NaN 64.0 64.0 0.0 0.0 0.0 
96.04160524323251 NaN 64.0 65.0 0.0 0.0 0.0 
98.04160524323251 NaN 66.0 67.0 0.0 0.0 0.0 
100.04160524323251 NaN 67.0 67.0 0.0 0.0 0.0 
102.04160524323251 NaN 67.0 68.0 0.0 0.0 0.0 
104.04160524323251 NaN 69.0 70.0 0.0 0.0 0.0 
106.04160524323251 50.0 69.0 71.0 0.0 2.0 208.0 
108.04160524323251 50.0 70.0 73.0 0.0 2.0 208.0 
110.04160524323251 50.0 71.0 73.0 0.0 2.0 208.0 
112.04160524323251 50.0 70.0 73.0 0.0 3.0 311.0 
114.04160524323251 50.0 71.0 75.0 0.0 3.0 311.0 
116.04160524323251 50.0 71.0 75.0 0.0 4.0 414.0 
118.04160524323251 50.0 73.0 78.0 0.0 6.0 618.0 
120.04160524323251 50.0 72.0 79.0 0.0 6.0 618.0 
122.04160524323251 50.0 69.0 79.0 0.0 12.0 1262.0 
124.04160524323251 50.0 66.0 80.0 0.0 17.0 1791.0 
126.04160524323251 50.0 60.0 81.0 0.0 21.0 2214.0 
128.0416052432325 50.0 60.0 81.0 0.0 21.0 2214.0 
130.0416052432325 50.0 60.0 84.0 0.0 23.0 2418.0 
132.0416052432325 50.0 62.0 85.0 0.0 23.0 2418.0 
134.0416052432325 50.0 62.0 86.0 0.0 24.0 2535.0 
136.0416052432325 50.0 61.0 86.0 0.0 26.0 2740.0 
138.0416052432325 50.0 57.0 86.0 0.0 29.0 3060.0 
140.0416052432325 50.0 58.0 88.0 0.0 30.0 3162.0 
142.0416052432325 50.0 59.0 89.0 0.0 30.0 3162.0 
144.0416052432325 50.0 59.0 89.0 0.0 31.0 3264.0 
146.0094384317099 50.0 58.0 90.0 0.0 33.0 3470.0 
148.0416052432325 50.0 58.0 91.0 0.0 33.0 3470.0 
150.0416052432325 50.0 58.0 92.0 0.0 35.0 3675.0 
152.0416052432325 50.0 57.0 93.0 0.0 36.0 3777.0 
154.0416052432325 50.0 57.0 93.0 0.0 38.0 4004.0 
156.0416052432325 50.0 54.0 93.0 0.0 39.0 4107.0 
158.0416052432325 50.0 54.0 94.0 0.0 40.0 4209.0 
160.0416052432325 50.0 54.0 94.0 0.0 41.0 4349.0 
162.0416052432325 50.0 53.0 95.0 0.0 43.0 4553.0 
164.0416052432325 50.0 52.0 95.0 0.0 43.0 4553.0 
166.0416052432325 50.0 51.0 95.0 0.0 45.0 4790.0 
168.0416052432325 50.0 49.0 95.0 0.0 46.0 4892.0 
170.0416052432325 50.0 49.0 96.0 0.0 46.0 4892.0 
172.0416052432325 50.0 50.0 97.0 0.0 47.0 4994.0 
174.0416052432325 50.0 52.0 99.0 0.0 49.0 5234.0 
176.0416052432325 50.0 51.0 100.0 0.0 51.0 5440.0 
178.0416052432325 50.0 49.0 100.0 0.0 52.0 5552.0 
180.0416052432325 50.0 47.0 100.0 0.0 53.0 5655.0 
182.0416052432325 50.0 45.0 100.0 0.0 55.0 5859.0 
184.0416052432325 50.0 45.0 100.0 0.0 55.0 5859.0 
186.0416052432325 50.0 48.0 103.0 0.0 55.0 5859.0 
188.0416052432325 50.0 47.0 104.0 0.0 57.0 6065.0 
190.0416052432325 50.0 47.0 104.0 0.0 58.0 6167.0 
192.0416052432325 50.0 46.0 104.0 0.0 58.0 6167.0 
194.0416052432325 50.0 45.0 104.0 0.0 59.0 6269.0 
196.0416052432325 50.0 43.0 107.0 0.0 61.0 6474.0 
198.0416052432325 50.0 47.0 108.0 0.0 61.0 6474.0 
200.0416052432325 50.0 45.0 110.0 0.0 63.0 6679.0 
202.0416052432325 50.0 46.0 110.0 0.0 64.0 6782.0 
204.0416052432325 50.0 47.0 111.0 0.0 64.0 6782.0 
206.0416052432325 50.0 48.0 112.0 0.0 65.0 6885.0 
208.0416052432325 50.0 46.0 112.0 0.0 67.0 7091.0 
210.0416052432325 50.0 45.0 112.0 0.0 68.0 7194.0 
212.0416052432325 50.0 44.0 113.0 0.0 69.0 7297.0 
214.0416052432325 50.0 44.0 113.0 0.0 69.0 7297.0 
216.0416052432325 50.0 43.0 113.0 0.0 70.0 7399.0 
218.0416052432325 50.0 43.0 113.0 0.0 70.0 7399.0 
220.0416052432325 50.0 42.0 115.0 0.0 73.0 7706.0 
222.0416052432325 50.0 43.0 117.0 0.0 73.0 7706.0 
224.0416052432325 50.0 44.0 118.0 0.0 74.0 7809.0 
226.0416052432325 50.0 47.0 122.0 0.0 75.0 7912.0 
228.0416052432325 50.0 47.0 123.0 0.0 75.0 7912.0 
230.0416052432325 50.0 47.0 124.0 0.0 76.0 8015.0 
232.0228283269921 50.0 48.0 124.0 0.0 78.0 8220.0 
234.0416052432325 50.0 45.0 126.0 0.0 80.0 8425.0 
236.0416052432325 50.0 46.0 126.0 0.0 81.0 8527.0 
238.0416052432325 50.0 46.0 128.0 0.0 81.0 8527.0 
240.0416052432325 50.0 48.0 129.0 0.0 82.0 8765.0 
242.0416052432325 50.609756097560975 47.0 129.0 0.0 83.0 8868.0 
244.0416052432325 50.595238095238095 44.0 129.0 0.0 85.0 9073.0 
246.0416052432325 50.595238095238095 44.0 129.0 0.0 85.0 9073.0 
248.0416052432325 50.6 43.0 129.0 0.0 86.0 9175.0 
250.0416052432325 50.593023255813954 45.0 131.0 0.0 87.0 9278.0 
252.0416052432325 50.593023255813954 45.0 133.0 0.0 87.0 9278.0 
254.0416052432325 51.174418604651166 46.0 133.0 0.0 88.0 9381.0 
256.04160524323254 51.174418604651166 48.0 136.0 0.0 88.0 9381.0 
258.04160524323254 51.174418604651166 50.0 138.0 0.0 88.0 9381.0 
260.04160524323254 51.160919540229884 51.0 139.0 0.0 89.0 9484.0 
262.04160524323254 51.160919540229884 50.0 139.0 0.0 89.0 9484.0 
264.04160524323254 51.14772727272727 51.0 140.0 0.0 90.0 9587.0 
266.04160524323254 51.14772727272727 50.0 140.0 0.0 90.0 9587.0 
268.04160524323254 51.14772727272727 50.0 140.0 0.0 90.0 9587.0 
270.04160524323254 51.14772727272727 50.0 140.0 0.0 90.0 9587.0 
272.04160524323254 51.14772727272727 50.0 140.0 0.0 90.0 9587.0 
274.04160524323254 51.12222222222222 49.0 140.0 0.0 92.0 9793.0 
276.02463562268804 51.641304347826086 48.0 143.0 0.0 95.0 10171.0 
278.04160524323254 51.623655913978496 49.0 144.0 0.0 96.0 10274.0 
280.04160524323254 51.623655913978496 52.0 148.0 0.0 96.0 10274.0 
282.04160524323254 51.623655913978496 52.0 148.0 0.0 96.0 10274.0 
284.04160524323254 51.623655913978496 52.0 149.0 0.0 96.0 10274.0 
286.04160524323254 51.623655913978496 53.0 149.0 0.0 96.0 10274.0 
288.04160524323254 52.138297872340424 54.0 150.0 0.0 98.0 10479.0 
290.04160524323254 52.11578947368421 53.0 151.0 0.0 99.0 10582.0 
292.04160524323254 52.11578947368421 52.0 151.0 0.0 99.0 10582.0 
294.04160524323254 52.11578947368421 53.0 152.0 0.0 99.0 10582.0 
296.04160524323254 52.11578947368421 55.0 154.0 0.0 99.0 10582.0 
298.04160524323254 52.11578947368421 55.0 154.0 0.0 99.0 10582.0 
300.04160524323254 53.103092783505154 52.0 155.0 0.0 103.0 10993.0 
302.04160524323254 53.103092783505154 53.0 156.0 0.0 103.0 10993.0 
304.04160524323254 53.58163265306122 51.0 156.0 0.0 105.0 11199.0 
306.04160524323254 54.09183673469387 51.0 157.0 0.0 106.0 11301.0 
308.04160524323254 54.60204081632653 53.0 160.0 0.0 107.0 11403.0 
310.04160524323254 54.60204081632653 53.0 160.0 0.0 107.0 11403.0 
312.04160524323254 54.60204081632653 54.0 162.0 0.0 107.0 11403.0 
314.04160524323254 54.60204081632653 56.0 163.0 0.0 107.0 11403.0 
316.04160524323254 54.60204081632653 57.0 164.0 0.0 107.0 11403.0 
318.04160524323254 54.60204081632653 57.0 165.0 0.0 107.0 11403.0 
320.04160524323254 54.55555555555556 58.0 167.0 0.0 108.0 11608.0 
322.04160524323254 55.06060606060606 59.0 168.0 0.0 109.0 11710.0 
324.04160524323254 55.010000000000005 58.0 168.0 0.0 110.0 11813.0 
326.04160524323254 55.95049504950495 56.0 169.0 0.0 113.0 12193.0 
328.04160524323254 56.872549019607845 57.0 170.0 0.0 116.0 12499.0 
330.04160524323254 56.80582524271845 53.0 170.0 0.0 117.0 12602.0 
332.04160524323254 57.29126213592233 52.0 170.0 0.0 118.0 12705.0 
334.04160524323254 57.22115384615385 51.0 170.0 0.0 119.0 12808.0 
336.04160524323254 57.15238095238095 51.0 170.0 0.0 120.0 12911.0 
338.04160524323254 57.628571428571426 50.0 171.0 0.0 121.0 13014.0 
340.03395041601283 58.1047619047619 51.0 173.0 0.0 122.0 13116.0 
342.04160524323254 58.58095238095238 53.0 175.0 0.0 123.0 13218.0 
344.04160524323254 58.5 54.0 177.0 0.0 124.0 13351.0 
346.04160524323254 58.5 53.0 177.0 0.0 124.0 13351.0 
348.04160524323254 58.5 53.0 177.0 0.0 124.0 13351.0 
350.04160524323254 58.5 53.0 177.0 0.0 124.0 13351.0 
352.04160524323254 58.88785046728972 51.0 178.0 0.0 126.0 13555.0 
354.04160524323254 59.35514018691589 52.0 178.0 0.0 127.0 13658.0 
356.04160524323254 59.35514018691589 51.0 178.0 0.0 127.0 13658.0 
358.04160524323254 60.757009345794394 50.0 178.0 0.0 130.0 13964.0 
360.04160524323254 61.12037037037037 47.0 178.0 0.0 132.0 14168.0 
362.04160524323254 61.583333333333336 45.0 178.0 0.0 133.0 14270.0 
364.04160524323254 61.583333333333336 47.0 180.0 0.0 133.0 14270.0 
366.04160524323254 62.0462962962963 46.0 181.0 0.0 134.0 14372.0 
368.04160524323254 62.0462962962963 48.0 182.0 0.0 134.0 14372.0 
370.04160524323254 62.0462962962963 50.0 184.0 0.0 134.0 14372.0 
372.04160524323254 62.0462962962963 51.0 185.0 0.0 134.0 14372.0 
374.04160524323254 62.0462962962963 51.0 185.0 0.0 134.0 14372.0 
376.04160524323254 62.0462962962963 51.0 185.0 0.0 134.0 14372.0 
378.04160524323254 62.50925925925926 52.0 186.0 0.0 135.0 14474.0 
380.04160524323254 63.898148148148145 48.0 186.0 0.0 138.0 14781.0 
382.04160524323254 65.28703703703704 48.0 186.0 0.0 141.0 15088.0 
384.04160524323254 65.28703703703704 46.0 187.0 0.0 141.0 15088.0 
386.04160524323254 65.28703703703704 46.0 187.0 0.0 141.0 15088.0 
388.04160524323254 65.75 45.0 188.0 0.0 142.0 15191.0 
390.04160524323254 66.21296296296296 46.0 188.0 0.0 143.0 15293.0 
392.04160524323254 66.67592592592592 45.0 188.0 0.0 144.0 15396.0 
394.04160524323254 66.67592592592592 46.0 190.0 0.0 144.0 15396.0 
396.04160524323254 67.13888888888889 48.0 192.0 0.0 145.0 15499.0 
398.04160524323254 67.60185185185185 47.0 192.0 0.0 146.0 15601.0 
400.04160524323254 67.60185185185185 47.0 193.0 0.0 146.0 15601.0 
402.04160524323254 67.60185185185185 47.0 193.0 0.0 146.0 15601.0 
404.04160524323254 68.52777777777777 46.0 194.0 0.0 148.0 15807.0 
406.04160524323254 68.52777777777777 46.0 194.0 0.0 148.0 15807.0 
408.04160524323254 68.52777777777777 46.0 194.0 0.0 148.0 15807.0 
410.04160524323254 69.73394495412845 45.0 194.0 0.0 152.0 16218.0 
412.04160524323254 69.73394495412845 42.0 194.0 0.0 152.0 16218.0 
414.04160524323254 70.19266055045873 43.0 195.0 0.0 153.0 16320.0 
416.04160524323254 71.11009174311927 41.0 195.0 0.0 155.0 16525.0 
418.04160524323254 71.56880733944953 40.0 196.0 0.0 156.0 16627.0 
420.04160524323254 71.37272727272727 40.0 197.0 0.0 157.0 16966.0 
422.04160524323254 72.29090909090908 40.0 198.0 0.0 159.0 17171.0 
424.04160524323254 73.2 37.0 198.0 0.0 161.0 17376.0 
426.04160524323254 73.2 37.0 199.0 0.0 161.0 17376.0 
428.04160524323254 73.65454545454546 38.0 199.0 0.0 162.0 17479.0 
430.04160524323254 73.44144144144144 36.0 199.0 0.0 163.0 17581.0 
432.04160524323254 73.44144144144144 37.0 200.0 0.0 163.0 17581.0 
434.04160524323254 73.44144144144144 37.0 200.0 0.0 163.0 17581.0 
436.04160524323254 73.23214285714286 36.0 200.0 0.0 164.0 17737.0 
438.04160524323254 73.23214285714286 38.0 202.0 0.0 164.0 17737.0 
440.04160524323254 73.67857142857142 39.0 203.0 0.0 165.0 17839.0 
442.04160524323254 74.125 39.0 204.0 0.0 166.0 17942.0 
444.04160524323254 74.79646017699115 35.0 204.0 0.0 169.0 18248.0 
446.04160524323254 75.01754385964912 35.0 205.0 0.0 171.0 18452.0 
448.03072947728333 75.01754385964912 34.0 205.0 0.0 171.0 18452.0 
450.04160524323254 75.01754385964912 35.0 206.0 0.0 171.0 18452.0 
452.02301592610513 75.01754385964912 36.0 207.0 0.0 171.0 18452.0 
454.0114379433642 75.01754385964912 36.0 208.0 0.0 171.0 18452.0 
456.04160524323254 75.45614035087719 36.0 208.0 0.0 172.0 18555.0 
458.04160524323254 75.45614035087719 37.0 209.0 0.0 172.0 18555.0 
460.04160524323254 75.45614035087719 38.0 210.0 0.0 172.0 18555.0 
462.04160524323254 75.45614035087719 39.0 211.0 0.0 172.0 18555.0 
464.04160524323254 75.45614035087719 40.0 212.0 0.0 172.0 18555.0 
466.04160524323254 76.33333333333334 40.0 212.0 0.0 174.0 18760.0 
468.04160524323254 76.33333333333334 38.0 213.0 0.0 174.0 18760.0 
470.04160524323254 77.21052631578948 38.0 213.0 0.0 176.0 18966.0 
472.04160524323254 77.4086956521739 37.0 214.0 0.0 178.0 19171.0 
474.04160524323254 77.84347826086956 36.0 214.0 0.0 179.0 19273.0 
476.04160524323254 77.84347826086956 36.0 215.0 0.0 179.0 19273.0 
478.04160524323254 77.84347826086956 36.0 215.0 0.0 179.0 19273.0 
480.04160524323254 78.27826086956522 37.0 217.0 0.0 180.0 19375.0 
482.04160524323254 78.27826086956522 38.0 218.0 0.0 180.0 19375.0 
484.04160524323254 78.27826086956522 39.0 219.0 0.0 180.0 19375.0 
486.04160524323254 78.71304347826087 38.0 219.0 0.0 181.0 19477.0 
488.04160524323254 78.71304347826087 38.0 219.0 0.0 181.0 19477.0 
490.04160524323254 78.71304347826087 38.0 219.0 0.0 181.0 19477.0 
492.04160524323254 79.14782608695653 38.0 221.0 0.0 182.0 19580.0 
494.04160524323254 79.58260869565217 39.0 221.0 0.0 183.0 19778.0 
496.04160524323254 80.45217391304348 38.0 223.0 0.0 185.0 19983.0 
498.04160524323254 81.32173913043478 39.0 224.0 0.0 187.0 20189.0 
500.04160524323254 81.75652173913043 37.0 225.0 0.0 188.0 20436.0 
502.04160524323254 82.62608695652173 36.0 226.0 0.0 190.0 20801.0 
504.04160524323254 82.62608695652173 36.0 226.0 0.0 190.0 20801.0 
506.04160524323254 82.62608695652173 36.0 226.0 0.0 190.0 20801.0 
508.04160524323254 82.62608695652173 37.0 227.0 0.0 190.0 20801.0 
510.04160524323254 82.62608695652173 37.0 228.0 0.0 190.0 20801.0 
512.0416052432325 82.62608695652173 38.0 228.0 0.0 190.0 20801.0 
514.0262903991895 82.62608695652173 39.0 229.0 0.0 190.0 20801.0 
516.0416052432325 82.62608695652173 40.0 230.0 0.0 190.0 20801.0 
518.0416052432325 82.62608695652173 41.0 231.0 0.0 190.0 20801.0 
520.0416052432325 82.62608695652173 41.0 233.0 0.0 190.0 20801.0 
522.0416052432325 83.06086956521739 45.0 235.0 0.0 191.0 20903.0 
524.0416052432325 83.49565217391304 45.0 236.0 0.0 192.0 21005.0 
526.0416052432325 83.49565217391304 47.0 240.0 0.0 192.0 21005.0 
528.0416052432325 83.49565217391304 49.0 241.0 0.0 192.0 21005.0 
530.0416052432325 83.49565217391304 50.0 242.0 0.0 192.0 21005.0 
532.0037782509626 83.49565217391304 50.0 244.0 0.0 192.0 21005.0 
534.0416052432325 83.49565217391304 53.0 245.0 0.0 192.0 21005.0 
536.0416052432325 83.49565217391304 53.0 245.0 0.0 192.0 21005.0 
538.0416052432325 83.49565217391304 53.0 245.0 0.0 192.0 21005.0 
540.0416052432325 83.63793103448276 53.0 245.0 0.0 194.0 21211.0 
542.0416052432325 83.35042735042735 50.0 246.0 0.0 195.0 21313.0 
544.0416052432325 83.77777777777777 51.0 247.0 0.0 196.0 21452.0 
546.0416052432325 83.77777777777777 51.0 247.0 0.0 196.0 21452.0 
548.0416052432325 83.77777777777777 51.0 247.0 0.0 196.0 21452.0 
550.0195666248535 84.2051282051282 50.0 247.0 0.0 197.0 21555.0 
552.0416052432325 84.63247863247864 50.0 247.0 0.0 198.0 21658.0 
554.0416052432325 85.05982905982906 49.0 248.0 0.0 199.0 21760.0 
556.0416052432325 85.05982905982906 50.0 249.0 0.0 199.0 21760.0 
558.0416052432325 85.48717948717949 49.0 249.0 0.0 200.0 21862.0 
560.0416052432325 85.91452991452991 49.0 251.0 0.0 201.0 21964.0 
562.0416052432325 86.34188034188034 49.0 251.0 0.0 202.0 22066.0 
564.0416052432325 86.76923076923077 51.0 253.0 0.0 203.0 22169.0 
566.0416052432325 87.19658119658119 49.0 253.0 0.0 204.0 22271.0 
568.0416052432325 87.19658119658119 49.0 253.0 0.0 204.0 22271.0 
570.0416052432325 87.19658119658119 49.0 254.0 0.0 204.0 22271.0 
572.0416052432325 86.88135593220339 50.0 255.0 0.0 205.0 22374.0 
574.0416052432325 86.88135593220339 52.0 257.0 0.0 205.0 22374.0 
576.0416052432325 87.30508474576271 51.0 257.0 0.0 206.0 22477.0 
578.0416052432325 87.72881355932203 52.0 258.0 0.0 207.0 22580.0 
580.0416052432325 87.72881355932203 51.0 258.0 0.0 207.0 22580.0 
582.0416052432325 88.15254237288136 51.0 258.0 0.0 208.0 22682.0 
584.0416052432325 88.25210084033614 51.0 259.0 0.0 210.0 22927.0 
586.0416052432325 88.67226890756302 50.0 260.0 0.0 211.0 23029.0 
588.0416052432325 88.67226890756302 50.0 261.0 0.0 211.0 23029.0 
590.0416052432325 88.67226890756302 51.0 262.0 0.0 211.0 23029.0 
592.0416052432325 88.67226890756302 51.0 263.0 0.0 211.0 23029.0 
594.0416052432325 89.09243697478992 53.0 265.0 0.0 212.0 23131.0 
596.0416052432325 89.5126050420168 52.0 265.0 0.0 213.0 23234.0 
598.0416052432325 90.35294117647058 52.0 266.0 0.0 215.0 23501.0 
600.0416052432325 91.19327731092437 50.0 266.0 0.0 217.0 23706.0 
602.0416052432325 91.19327731092437 50.0 267.0 0.0 217.0 23706.0 
604.0347038214612 91.61344537815125 50.0 268.0 0.0 218.0 23809.0 
606.0416052432325 91.61344537815125 50.0 268.0 0.0 218.0 23809.0 
608.0416052432325 91.61344537815125 51.0 269.0 0.0 218.0 23809.0 
610.0416052432325 92.03361344537815 51.0 270.0 0.0 219.0 23911.0 
612.0416052432325 92.03361344537815 51.0 270.0 0.0 219.0 23911.0 
614.0416052432325 92.45378151260505 50.0 271.0 0.0 220.0 24014.0 
616.0416052432325 92.87394957983193 50.0 271.0 0.0 221.0 24116.0 
618.0416052432325 93.29411764705883 50.0 271.0 0.0 222.0 24219.0 
620.0416052432325 93.71428571428571 48.0 271.0 0.0 223.0 24321.0 
622.0416052432325 93.71428571428571 49.0 272.0 0.0 223.0 24321.0 
624.0416052432325 95.01666666666667 46.0 272.0 0.0 228.0 24876.0 
626.0036763299977 95.43333333333334 44.0 274.0 0.0 229.0 24979.0 
628.0416052432325 96.68333333333334 45.0 274.0 0.0 232.0 25286.0 
630.0416052432325 97.1 41.0 274.0 0.0 233.0 25388.0 
632.0416052432325 97.51666666666667 40.0 274.0 0.0 234.0 25490.0 
634.0416052432325 97.93333333333334 40.0 275.0 0.0 235.0 25697.0 
636.0416052432325 98.76666666666667 39.0 277.0 0.0 237.0 25902.0 
638.0416052432325 98.76666666666667 41.0 278.0 0.0 237.0 25902.0 
640.0416052432325 98.76666666666667 43.0 280.0 0.0 237.0 25902.0 
642.0416052432325 98.76666666666667 44.0 281.0 0.0 237.0 25902.0 
644.0416052432325 98.76666666666667 45.0 282.0 0.0 237.0 25902.0 
646.0416052432325 99.6 43.0 283.0 0.0 239.0 26107.0 
648.0416052432325 99.6 44.0 283.0 0.0 239.0 26107.0 
650.0416052432325 99.6 46.0 285.0 0.0 239.0 26107.0 
652.0416052432325 99.6 46.0 285.0 0.0 239.0 26107.0 
654.0416052432325 99.6 46.0 285.0 0.0 239.0 26107.0 
656.0416052432325 100.85 44.0 285.0 0.0 242.0 26494.0 
658.0416052432325 101.26666666666667 44.0 287.0 0.0 243.0 26596.0 
660.0416052432325 101.25619834710744 43.0 289.0 0.0 245.0 27085.0 
662.0416052432325 101.25619834710744 45.0 290.0 0.0 245.0 27085.0 
664.0416052432325 101.24590163934427 44.0 290.0 0.0 247.0 27630.0 
666.0416052432325 102.0655737704918 43.0 290.0 0.0 249.0 27835.0 
668.0416052432325 102.0655737704918 41.0 290.0 0.0 249.0 27835.0 
670.0416052432325 102.0655737704918 41.0 290.0 0.0 249.0 27835.0 
672.0416052432325 102.0655737704918 43.0 292.0 0.0 249.0 27835.0 
674.0416052432325 102.88524590163935 41.0 292.0 0.0 251.0 28040.0 
676.0416052432325 103.70491803278689 43.0 295.0 0.0 253.0 28244.0 
678.0416052432325 103.70491803278689 43.0 296.0 0.0 253.0 28244.0 
680.0416052432325 104.11475409836065 44.0 297.0 0.0 254.0 28347.0 
682.0416052432325 104.11475409836065 44.0 298.0 0.0 254.0 28347.0 
684.0416052432325 104.11475409836065 44.0 298.0 0.0 254.0 28347.0 
686.0416052432325 104.52459016393442 44.0 298.0 0.0 255.0 28450.0 
688.0416052432325 104.9344262295082 43.0 298.0 0.0 256.0 28552.0 
690.0416052432325 105.34426229508196 43.0 300.0 0.0 257.0 28654.0 
692.0416052432325 105.75409836065573 43.0 301.0 0.0 258.0 28756.0 
694.0416052432325 105.75409836065573 43.0 302.0 0.0 258.0 28756.0 
696.0416052432325 106.98360655737704 43.0 303.0 0.0 261.0 29064.0 
698.0416052432325 106.98360655737704 42.0 303.0 0.0 261.0 29064.0 
700.0416052432325 106.98360655737704 42.0 303.0 0.0 261.0 29064.0 
702.0416052432325 106.98360655737704 43.0 304.0 0.0 261.0 29064.0 
704.0416052432325 106.98360655737704 44.0 305.0 0.0 261.0 29064.0 
706.0416052432325 106.98360655737704 45.0 306.0 0.0 261.0 29064.0 
708.0416052432325 107.39344262295081 44.0 306.0 0.0 262.0 29166.0 
710.0416052432325 107.39344262295081 44.0 306.0 0.0 262.0 29166.0 
712.0416052432325 107.80327868852459 45.0 307.0 0.0 263.0 29269.0 
714.0416052432325 107.80327868852459 44.0 307.0 0.0 263.0 29269.0 
716.0416052432325 107.80327868852459 44.0 307.0 0.0 263.0 29269.0 
718.0416052432325 108.21311475409837 45.0 310.0 0.0 264.0 29372.0 
720.0416052432325 108.21311475409837 48.0 312.0 0.0 264.0 29372.0 
722.0416052432325 108.21311475409837 49.0 313.0 0.0 264.0 29372.0 
724.0416052432325 108.62295081967213 50.0 314.0 0.0 265.0 29475.0 
726.0416052432325 108.62295081967213 50.0 315.0 0.0 265.0 29475.0 
728.0416052432325 108.62295081967213 50.0 316.0 0.0 265.0 29475.0 
730.0416052432325 108.55284552845528 50.0 317.0 0.0 267.0 29680.0 
732.0416052432325 108.95934959349594 50.0 318.0 0.0 268.0 29879.0 
734.0416052432325 108.95934959349594 50.0 318.0 0.0 268.0 29879.0 
736.0416052432325 109.36585365853658 50.0 319.0 0.0 269.0 29981.0 
738.0416052432325 109.77235772357724 49.0 319.0 0.0 270.0 30083.0 
740.0416052432325 110.58536585365854 47.0 320.0 0.0 272.0 30740.0 
742.0416052432325 111.41463414634146 47.0 320.0 1.0 274.0 30959.0 
744.0416052432325 111.82113821138212 45.0 320.0 1.0 275.0 31061.0 
746.0416052432325 111.82113821138212 45.0 321.0 1.0 275.0 31061.0 
748.0416052432325 111.82113821138212 45.0 321.0 1.0 275.0 31061.0 
750.0416052432325 112.63414634146342 44.0 321.0 1.0 277.0 31307.0 
752.0416052432325 113.44715447154472 43.0 322.0 1.0 279.0 31511.0 
754.0416052432325 113.44715447154472 43.0 323.0 1.0 279.0 31511.0 
756.0416052432325 113.44715447154472 43.0 323.0 1.0 279.0 31511.0 
758.0416052432325 113.44715447154472 43.0 323.0 1.0 279.0 31511.0 
760.0416052432325 114.26016260162602 41.0 323.0 1.0 281.0 31715.0 
762.0416052432325 114.26016260162602 43.0 326.0 1.0 281.0 31715.0 
764.0416052432325 115.47967479674796 43.0 327.0 1.0 284.0 32024.0 
766.0416052432325 115.47967479674796 42.0 327.0 1.0 284.0 32024.0 
768.0416052432325 115.47967479674796 42.0 327.0 1.0 284.0 32024.0 
770.0416052432325 115.47967479674796 42.0 327.0 1.0 284.0 32024.0 
772.0416052432325 115.47967479674796 43.0 329.0 1.0 284.0 32024.0 
774.0416052432325 116.29268292682926 45.0 330.0 1.0 286.0 32228.0 
776.0416052432325 116.29268292682926 43.0 331.0 1.0 286.0 32228.0 
778.0416052432325 117.91869918699187 44.0 332.0 1.0 290.0 32677.0 
780.0416052432325 117.37096774193549 42.0 333.0 1.0 291.0 32779.0 
782.0416052432325 117.7741935483871 40.0 333.0 1.0 292.0 32881.0 
784.0416052432325 118.1774193548387 40.0 333.0 1.0 293.0 32984.0 
786.0416052432325 118.1774193548387 40.0 334.0 1.0 293.0 32984.0 
788.0416052432325 118.1774193548387 41.0 335.0 1.0 293.0 32984.0 
790.0416052432325 118.58064516129033 42.0 336.0 1.0 294.0 33130.0 
792.0416052432325 118.98387096774194 43.0 338.0 1.0 295.0 33232.0 
794.0416052432325 119.79838709677419 41.0 338.0 1.0 297.0 33438.0 
796.0416052432325 119.79838709677419 41.0 339.0 1.0 297.0 33438.0 
798.0279111218201 120.20161290322581 41.0 340.0 1.0 298.0 33541.0 
800.0416052432325 121.00806451612904 40.0 340.0 1.0 300.0 33846.0 
802.0416052432325 121.00806451612904 40.0 342.0 1.0 300.0 33846.0 
804.0011407246573 121.41129032258065 42.0 344.0 1.0 301.0 33948.0 
806.0416052432325 121.41129032258065 43.0 345.0 1.0 301.0 33948.0 
808.0416052432325 121.41129032258065 43.0 345.0 1.0 301.0 33948.0 
810.0416052432325 121.41129032258065 43.0 346.0 1.0 301.0 33948.0 
812.0416052432325 121.41129032258065 44.0 346.0 1.0 301.0 33948.0 
814.0416052432325 121.81451612903226 44.0 346.0 1.0 302.0 34051.0 
816.0416052432325 121.81451612903226 43.0 346.0 1.0 302.0 34051.0 
818.0416052432325 121.81451612903226 43.0 346.0 1.0 302.0 34051.0 
820.0416052432325 122.62096774193549 44.0 347.0 1.0 304.0 34257.0 
822.0416052432325 123.4274193548387 41.0 347.0 1.0 306.0 34462.0 
824.0416052432325 123.83064516129032 41.0 348.0 1.0 307.0 34565.0 
826.0416052432325 124.23387096774194 40.0 349.0 1.0 308.0 34667.0 
828.0416052432325 124.63709677419355 41.0 351.0 1.0 309.0 34770.0 
830.0238352768054 124.63709677419355 41.0 352.0 1.0 309.0 34770.0 
832.0416052432325 125.04032258064515 42.0 352.0 1.0 310.0 34873.0 
834.0416052432325 125.04032258064515 41.0 352.0 1.0 310.0 34873.0 
836.0416052432325 125.44354838709677 40.0 352.0 1.0 311.0 34976.0 
838.0416052432325 125.84677419354838 41.0 353.0 1.0 312.0 35079.0 
840.0416052432325 125.84677419354838 40.0 355.0 1.0 312.0 35079.0 
842.0416052432325 125.84677419354838 43.0 356.0 1.0 312.0 35079.0 
844.0416052432325 126.25 43.0 357.0 1.0 313.0 35182.0 
846.0416052432325 126.25 44.0 358.0 1.0 313.0 35182.0 
848.0416052432325 126.25 44.0 359.0 1.0 313.0 35182.0 
850.0416052432325 126.25 47.0 362.0 1.0 313.0 35182.0 
852.0416052432325 126.25 48.0 362.0 1.0 313.0 35182.0 
854.0416052432325 126.65322580645162 47.0 362.0 1.0 314.0 35284.0 
856.0416052432325 127.05645161290323 48.0 363.0 1.0 315.0 35387.0 
858.0416052432325 127.45967741935485 46.0 363.0 1.0 316.0 35539.0 
860.0416052432325 127.45967741935485 46.0 363.0 1.0 316.0 35539.0 
862.0416052432325 127.45967741935485 46.0 363.0 1.0 316.0 35539.0 
864.0416052432325 127.86290322580645 46.0 364.0 1.0 317.0 35641.0 
866.0416052432325 128.26612903225808 46.0 365.0 1.0 318.0 35744.0 
868.0219637887354 128.26612903225808 47.0 366.0 1.0 318.0 35744.0 
870.0416052432325 128.26612903225808 47.0 366.0 1.0 318.0 35744.0 
872.0416052432325 128.6693548387097 46.0 366.0 1.0 319.0 35896.0 
874.0416052432325 129.07258064516128 48.0 368.0 1.0 320.0 35999.0 
876.0416052432325 129.8790322580645 46.0 368.0 1.0 322.0 36204.0 
878.0416052432325 129.8790322580645 45.0 369.0 1.0 322.0 36204.0 
880.0416052432325 130.68548387096774 47.0 371.0 1.0 324.0 36409.0 
882.0416052432325 131.08870967741933 45.0 371.0 1.0 325.0 36511.0 
884.0416052432325 131.08870967741933 46.0 372.0 1.0 325.0 36511.0 
886.0416052432325 131.08870967741933 46.0 372.0 1.0 325.0 36511.0 
888.0416052432325 131.49193548387098 48.0 374.0 1.0 326.0 36613.0 
890.0416052432325 131.8951612903226 47.0 375.0 1.0 327.0 36716.0 
892.0416052432325 132.7016129032258 46.0 375.0 1.0 329.0 36963.0 
894.0416052432325 133.1048387096774 45.0 376.0 1.0 330.0 37065.0 
896.0416052432325 133.1048387096774 45.0 376.0 1.0 330.0 37065.0 
898.0416052432325 133.50806451612902 45.0 376.0 1.0 331.0 37167.0 
900.0413389139424 133.50806451612902 45.0 377.0 1.0 331.0 37167.0 
#####################################################################
# End of data export. Simulation finished at: 2020-01-16T16:14+0000 #
#####################################################################
