#####################################################################
# Alchemist log file - simulation started at: 2020-02-16T03:38+0000 #
#####################################################################
# seed = 71.0, taskFrequency = 0.00316, cloudcost = 3.0, algorithm = true
#
# The columns have the following meaning: 
# time taskHops[Mean] hasTask[Sum] tasks[Sum] completedTasks[Sum] giveupTasks[Sum] taskLatency[Sum] 
0.0 NaN 0.0 0.0 0.0 0.0 0.0 
2.0058679735802714 NaN 0.0 0.0 0.0 0.0 0.0 
4.005867973580271 NaN 0.0 0.0 0.0 0.0 0.0 
6.005867973580271 NaN 0.0 0.0 0.0 0.0 0.0 
8.005867973580271 NaN 1.0 1.0 0.0 0.0 0.0 
10.005867973580271 NaN 1.0 1.0 0.0 0.0 0.0 
12.005867973580271 NaN 2.0 2.0 0.0 0.0 0.0 
14.005867973580271 NaN 3.0 3.0 0.0 0.0 0.0 
16.005867973580273 NaN 3.0 4.0 0.0 0.0 0.0 
18.005867973580273 NaN 5.0 5.0 0.0 0.0 0.0 
20.005867973580273 1.0 6.0 6.0 1.0 0.0 13.0 
22.005867973580273 1.0 6.0 7.0 1.0 0.0 13.0 
24.005867973580273 1.5 6.0 7.0 2.0 0.0 26.0 
26.005867973580273 1.5 6.0 8.0 2.0 0.0 26.0 
28.005867973580273 1.6666666666666667 5.0 8.0 3.0 0.0 40.0 
30.005867973580273 1.8 7.0 11.0 5.0 0.0 67.0 
32.00586797358027 1.6666666666666667 7.0 12.0 6.0 0.0 80.0 
34.00586797358027 1.6666666666666667 7.0 13.0 6.0 0.0 80.0 
36.00586797358027 1.6666666666666667 8.0 14.0 6.0 0.0 80.0 
38.00586797358027 1.6666666666666667 8.0 14.0 6.0 0.0 80.0 
40.00586797358027 1.6666666666666667 11.0 17.0 6.0 0.0 80.0 
42.00586797358027 1.75 9.0 17.0 8.0 0.0 115.0 
44.00586797358027 1.8 8.0 17.0 10.0 0.0 143.0 
46.00586797358027 1.8 8.0 18.0 10.0 0.0 143.0 
48.00586797358027 1.8 9.0 19.0 10.0 0.0 143.0 
50.00586797358027 1.9090909090909092 11.0 22.0 11.0 0.0 162.0 
52.00586797358027 2.0 11.0 23.0 12.0 0.0 181.0 
54.00586797358027 2.0 11.0 24.0 13.0 0.0 195.0 
56.00586797358027 2.0 11.0 24.0 13.0 0.0 195.0 
58.00586797358027 2.066666666666667 11.0 24.0 15.0 0.0 236.0 
60.00586797358027 2.235294117647059 9.0 26.0 17.0 0.0 283.0 
62.00586797358027 2.1666666666666665 10.0 29.0 18.0 0.0 296.0 
64.00586797358028 2.1666666666666665 11.0 29.0 18.0 0.0 296.0 
66.00586797358028 2.1052631578947367 11.0 30.0 19.0 0.0 312.0 
68.00586797358028 2.0476190476190474 10.0 31.0 21.0 0.0 348.0 
70.00586797358028 2.0476190476190474 11.0 33.0 21.0 0.0 348.0 
72.00586797358028 2.090909090909091 12.0 34.0 22.0 0.0 368.0 
74.00586797358028 2.0 12.0 36.0 24.0 0.0 408.0 
76.00586797358028 2.0 13.0 37.0 24.0 0.0 408.0 
78.00586797358028 2.08 12.0 38.0 26.0 0.0 452.0 
80.00586797358028 2.08 14.0 40.0 26.0 0.0 452.0 
82.00586797358028 2.0384615384615383 14.0 41.0 27.0 0.0 466.0 
84.00586797358028 2.0384615384615383 14.0 41.0 27.0 0.0 466.0 
86.00586797358028 2.037037037037037 14.0 42.0 28.0 0.0 480.0 
88.00586797358028 2.0357142857142856 13.0 42.0 29.0 0.0 502.0 
90.00586797358028 2.129032258064516 14.0 43.0 32.0 0.0 571.0 
92.00586797358028 2.129032258064516 12.0 44.0 32.0 0.0 571.0 
94.00586797358028 2.303030303030303 12.0 45.0 35.0 0.0 642.0 
96.00586797358028 2.2285714285714286 11.0 47.0 37.0 0.0 676.0 
98.00586797358028 2.1621621621621623 8.0 47.0 39.0 0.0 726.0 
100.00586797358028 2.2972972972972974 8.0 47.0 40.0 0.0 752.0 
102.00586797358028 2.2972972972972974 8.0 48.0 40.0 0.0 752.0 
104.00586797358028 2.2972972972972974 9.0 50.0 40.0 0.0 752.0 
106.00586797358028 2.3421052631578947 9.0 50.0 41.0 0.0 772.0 
108.00586797358028 2.3421052631578947 10.0 51.0 41.0 0.0 772.0 
110.00586797358028 2.4358974358974357 11.0 52.0 43.0 0.0 807.0 
112.00586797358028 2.4358974358974357 9.0 53.0 43.0 0.0 807.0 
114.00586797358028 2.475 9.0 53.0 44.0 0.0 825.0 
116.00586797358028 2.395348837209302 9.0 55.0 47.0 0.0 876.0 
118.00586797358028 2.3636363636363638 9.0 56.0 48.0 0.0 890.0 
120.00586797358028 2.422222222222222 7.0 56.0 49.0 0.0 929.0 
122.00586797358028 2.466666666666667 8.0 57.0 50.0 0.0 942.0 
124.00586797358028 2.4782608695652173 6.0 58.0 51.0 0.0 970.0 
126.00586797358028 2.4468085106382977 8.0 59.0 52.0 0.0 989.0 
128.00586797358028 2.4468085106382977 7.0 59.0 52.0 0.0 989.0 
130.00586797358028 2.42 5.0 59.0 55.0 0.0 1033.0 
132.00586797358028 2.42 5.0 61.0 55.0 0.0 1033.0 
134.00586797358028 2.46 7.0 63.0 56.0 0.0 1050.0 
136.00586797358028 2.46 7.0 63.0 56.0 0.0 1050.0 
138.00586797358028 2.4901960784313726 6.0 63.0 58.0 0.0 1080.0 
140.00586797358028 2.5098039215686274 4.0 63.0 59.0 0.0 1093.0 
142.00586797358028 2.5098039215686274 4.0 63.0 59.0 0.0 1093.0 
144.00586797358028 2.5098039215686274 4.0 63.0 59.0 0.0 1093.0 
146.00586797358028 2.549019607843137 4.0 63.0 61.0 0.0 1120.0 
148.00586797358028 2.5576923076923075 1.0 63.0 62.0 0.0 1135.0 
150.00586797358028 2.5576923076923075 1.0 63.0 62.0 0.0 1135.0 
152.00586797358028 2.5576923076923075 1.0 63.0 62.0 0.0 1135.0 
154.00586797358028 2.547169811320755 0.0 63.0 63.0 0.0 1154.0 
156.00586797358028 2.547169811320755 0.0 63.0 63.0 0.0 1154.0 
158.00586797358028 2.547169811320755 0.0 63.0 63.0 0.0 1154.0 
160.00586797358028 2.547169811320755 0.0 63.0 63.0 0.0 1154.0 
162.00586797358028 2.547169811320755 1.0 64.0 63.0 0.0 1154.0 
164.00586797358028 2.547169811320755 2.0 65.0 63.0 0.0 1154.0 
166.00586797358028 2.547169811320755 2.0 65.0 63.0 0.0 1154.0 
168.00586797358028 2.547169811320755 2.0 65.0 63.0 0.0 1154.0 
170.00586797358028 2.547169811320755 2.0 66.0 63.0 0.0 1154.0 
172.00586797358028 2.547169811320755 3.0 66.0 63.0 0.0 1154.0 
174.00586797358028 2.547169811320755 3.0 67.0 63.0 0.0 1154.0 
176.00586797358028 2.537037037037037 4.0 68.0 64.0 0.0 1168.0 
178.00586797358028 2.509090909090909 4.0 69.0 65.0 0.0 1181.0 
180.00586797358028 2.509090909090909 4.0 69.0 65.0 0.0 1181.0 
182.00586797358028 2.509090909090909 6.0 72.0 65.0 0.0 1181.0 
184.00586797358028 2.482142857142857 7.0 72.0 66.0 0.0 1195.0 
186.00586797358028 2.482142857142857 7.0 73.0 66.0 0.0 1195.0 
188.00586797358028 2.482142857142857 7.0 73.0 66.0 0.0 1195.0 
190.00586797358028 2.4482758620689653 7.0 74.0 68.0 0.0 1221.0 
192.00586797358028 2.4482758620689653 8.0 76.0 68.0 0.0 1221.0 
194.00586797358028 2.4915254237288136 10.0 80.0 70.0 0.0 1253.0 
196.00586797358028 2.459016393442623 10.0 82.0 72.0 0.0 1281.0 
198.00586797358028 2.459016393442623 11.0 83.0 72.0 0.0 1281.0 
200.00586797358028 2.435483870967742 11.0 83.0 73.0 0.0 1296.0 
202.00586797358028 2.435483870967742 11.0 84.0 73.0 0.0 1296.0 
204.00586797358028 2.4603174603174605 10.0 84.0 76.0 0.0 1336.0 
206.00586797358028 2.4761904761904763 8.0 84.0 77.0 0.0 1349.0 
208.00586797358028 2.4461538461538463 6.0 84.0 79.0 0.0 1376.0 
210.00586797358028 2.5076923076923077 5.0 85.0 81.0 0.0 1406.0 
212.00586797358028 2.5384615384615383 4.0 86.0 82.0 0.0 1423.0 
214.00586797358028 2.5303030303030303 5.0 88.0 83.0 0.0 1436.0 
216.00586797358028 2.5074626865671643 4.0 88.0 84.0 0.0 1454.0 
218.00586797358028 2.5074626865671643 5.0 89.0 84.0 0.0 1454.0 
220.00586797358028 2.5074626865671643 5.0 89.0 84.0 0.0 1454.0 
222.00586797358028 2.5 6.0 90.0 85.0 0.0 1468.0 
224.00586797358028 2.5 6.0 91.0 85.0 0.0 1468.0 
226.00586797358028 2.4782608695652173 5.0 91.0 86.0 0.0 1481.0 
228.00586797358028 2.536231884057971 4.0 91.0 88.0 0.0 1509.0 
230.00586797358028 2.536231884057971 5.0 93.0 88.0 0.0 1509.0 
232.00586797358028 2.579710144927536 5.0 95.0 89.0 0.0 1523.0 
234.00586797358028 2.579710144927536 6.0 95.0 89.0 0.0 1523.0 
236.00586797358028 2.6231884057971016 6.0 96.0 91.0 0.0 1550.0 
238.00586797358028 2.6231884057971016 5.0 96.0 91.0 0.0 1550.0 
240.00586797358028 2.6231884057971016 5.0 96.0 91.0 0.0 1550.0 
242.00586797358028 2.6231884057971016 5.0 97.0 91.0 0.0 1550.0 
244.00586797358028 2.63768115942029 5.0 97.0 92.0 0.0 1563.0 
246.00586797358028 2.642857142857143 5.0 98.0 94.0 0.0 1590.0 
248.00586797358028 2.6714285714285717 4.0 99.0 95.0 0.0 1608.0 
250.00586797358028 2.685714285714286 3.0 99.0 96.0 0.0 1621.0 
252.00586797358028 2.685714285714286 5.0 101.0 96.0 0.0 1621.0 
254.00586797358028 2.685714285714286 6.0 102.0 96.0 0.0 1621.0 
256.0058679735803 2.7 6.0 102.0 97.0 0.0 1635.0 
258.0058679735803 2.7142857142857144 5.0 102.0 98.0 0.0 1648.0 
260.0058679735803 2.7142857142857144 4.0 102.0 98.0 0.0 1648.0 
262.0058679735803 2.7285714285714286 5.0 104.0 99.0 0.0 1662.0 
264.0058679735803 2.7285714285714286 6.0 105.0 99.0 0.0 1662.0 
266.0058679735803 2.7714285714285714 6.0 106.0 100.0 0.0 1676.0 
268.0058679735803 2.7857142857142856 5.0 106.0 101.0 0.0 1689.0 
270.0058679735803 2.7857142857142856 7.0 108.0 101.0 0.0 1689.0 
272.0058679735803 2.8428571428571425 7.0 109.0 102.0 0.0 1708.0 
274.0058679735803 2.8571428571428568 8.0 111.0 103.0 0.0 1721.0 
276.0058679735803 2.8714285714285714 8.0 112.0 104.0 0.0 1734.0 
278.0058679735803 2.8714285714285714 8.0 112.0 104.0 0.0 1734.0 
280.0058679735803 2.8714285714285714 8.0 112.0 104.0 0.0 1734.0 
282.0058679735803 2.915492957746479 7.0 112.0 106.0 0.0 1768.0 
284.0058679735803 2.9295774647887325 7.0 114.0 107.0 0.0 1781.0 
286.0058679735803 2.916666666666667 7.0 115.0 109.0 0.0 1813.0 
288.0058679735803 2.917808219178082 6.0 115.0 110.0 0.0 1826.0 
290.0058679735803 2.9452054794520546 5.0 116.0 111.0 0.0 1842.0 
292.0058679735803 2.9726027397260273 6.0 118.0 112.0 0.0 1860.0 
294.0058679735803 2.9726027397260273 6.0 118.0 112.0 0.0 1860.0 
296.0058679735803 2.9863013698630136 6.0 118.0 113.0 0.0 1873.0 
298.0058679735803 3.0136986301369864 4.0 118.0 114.0 0.0 1886.0 
300.0058679735803 2.986486486486487 4.0 118.0 115.0 0.0 1900.0 
302.0058679735803 2.986486486486487 6.0 121.0 115.0 0.0 1900.0 
304.0058679735803 3.0270270270270268 6.0 122.0 118.0 0.0 1940.0 
306.0058679735803 3.0270270270270268 4.0 122.0 118.0 0.0 1940.0 
308.0058679735803 3.0270270270270268 5.0 123.0 118.0 0.0 1940.0 
310.0058679735803 3.0270270270270268 5.0 123.0 118.0 0.0 1940.0 
312.0058679735803 3.0270270270270268 5.0 123.0 118.0 0.0 1940.0 
314.0058679735803 3.0266666666666664 7.0 125.0 119.0 0.0 1953.0 
316.0058679735803 3.0533333333333337 4.0 126.0 121.0 0.0 1980.0 
318.0058679735803 3.08 5.0 126.0 122.0 0.0 1994.0 
320.0058679735803 3.08 5.0 127.0 122.0 0.0 1994.0 
322.0058679735803 3.0526315789473686 5.0 128.0 123.0 0.0 2008.0 
324.0058679735803 3.0526315789473686 5.0 128.0 123.0 0.0 2008.0 
326.0058679735803 3.0526315789473686 7.0 130.0 123.0 0.0 2008.0 
328.0058679735803 3.0789473684210527 6.0 130.0 124.0 0.0 2021.0 
330.0058679735803 3.1315789473684212 7.0 131.0 126.0 0.0 2053.0 
332.0058679735803 3.103896103896104 5.0 131.0 127.0 0.0 2066.0 
334.0058679735803 3.116883116883117 5.0 132.0 128.0 0.0 2079.0 
336.0058679735803 3.116883116883117 4.0 132.0 128.0 0.0 2079.0 
338.0058679735803 3.116883116883117 5.0 133.0 128.0 0.0 2079.0 
340.0058679735803 3.155844155844156 4.0 134.0 130.0 0.0 2107.0 
342.0058679735803 3.155844155844156 5.0 135.0 130.0 0.0 2107.0 
344.0058679735803 3.168831168831169 5.0 136.0 131.0 0.0 2120.0 
346.0058679735803 3.1818181818181817 6.0 137.0 132.0 0.0 2133.0 
348.0058679735803 3.1818181818181817 5.0 138.0 132.0 0.0 2133.0 
350.0058679735803 3.153846153846154 6.0 138.0 133.0 0.0 2146.0 
352.0058679735803 3.153846153846154 6.0 139.0 133.0 0.0 2146.0 
354.0058679735803 3.166666666666667 6.0 140.0 134.0 0.0 2159.0 
356.0058679735803 3.192307692307692 6.0 141.0 135.0 0.0 2173.0 
358.0058679735803 3.2051282051282053 6.0 143.0 136.0 0.0 2187.0 
360.0058679735803 3.2051282051282053 8.0 144.0 136.0 0.0 2187.0 
362.0058679735803 3.20253164556962 7.0 144.0 138.0 0.0 2217.0 
364.0058679735803 3.20253164556962 6.0 144.0 138.0 0.0 2217.0 
366.0058679735803 3.2 6.0 145.0 140.0 0.0 2243.0 
368.0058679735803 3.2 7.0 147.0 140.0 0.0 2243.0 
370.0058679735803 3.197530864197531 6.0 148.0 141.0 0.0 2256.0 
372.0058679735803 3.170731707317073 7.0 149.0 142.0 0.0 2270.0 
374.0058679735803 3.170731707317073 7.0 149.0 142.0 0.0 2270.0 
376.0058679735803 3.170731707317073 7.0 149.0 142.0 0.0 2270.0 
378.0058679735803 3.2289156626506026 7.0 149.0 144.0 0.0 2309.0 
380.0058679735803 3.2023809523809526 4.0 149.0 145.0 0.0 2322.0 
382.0058679735803 3.2261904761904763 4.0 150.0 146.0 0.0 2336.0 
384.0058679735803 3.261904761904762 4.0 151.0 147.0 0.0 2352.0 
386.0058679735803 3.261904761904762 5.0 152.0 147.0 0.0 2352.0 
388.0058679735803 3.261904761904762 7.0 154.0 147.0 0.0 2352.0 
390.0058679735803 3.261904761904762 7.0 154.0 147.0 0.0 2352.0 
392.0058679735803 3.3214285714285716 6.0 155.0 148.0 0.0 2373.0 
394.0058679735803 3.3214285714285716 7.0 155.0 148.0 0.0 2373.0 
396.0058679735803 3.3928571428571432 6.0 155.0 150.0 0.0 2411.0 
398.0058679735803 3.3928571428571432 5.0 155.0 150.0 0.0 2411.0 
400.0058679735803 3.376470588235294 4.0 155.0 151.0 0.0 2426.0 
402.0058679735803 3.411764705882353 1.0 156.0 154.0 0.0 2469.0 
404.0058679735803 3.411764705882353 2.0 156.0 154.0 0.0 2469.0 
406.0058679735803 3.411764705882353 2.0 156.0 154.0 0.0 2469.0 
408.0058679735803 3.411764705882353 4.0 158.0 154.0 0.0 2469.0 
410.0058679735803 3.411764705882353 5.0 159.0 154.0 0.0 2469.0 
412.0058679735803 3.447058823529412 4.0 159.0 155.0 0.0 2488.0 
414.0058679735803 3.447058823529412 5.0 160.0 155.0 0.0 2488.0 
416.0058679735803 3.458823529411765 6.0 162.0 156.0 0.0 2502.0 
418.0058679735803 3.458823529411765 7.0 163.0 156.0 0.0 2502.0 
420.0058679735803 3.458823529411765 8.0 164.0 156.0 0.0 2502.0 
422.0058679735803 3.4705882352941178 7.0 164.0 157.0 0.0 2515.0 
424.0058679735803 3.4941176470588236 7.0 165.0 158.0 0.0 2528.0 
426.0058679735803 3.5058823529411764 8.0 166.0 159.0 0.0 2541.0 
428.0058679735803 3.5058823529411764 7.0 166.0 159.0 0.0 2541.0 
430.0058679735803 3.511627906976744 8.0 168.0 160.0 0.0 2564.0 
432.0058679735803 3.5348837209302326 8.0 170.0 162.0 0.0 2594.0 
434.0058679735803 3.5172413793103448 8.0 171.0 163.0 0.0 2608.0 
436.0058679735803 3.5517241379310343 11.0 174.0 164.0 0.0 2628.0 
438.0058679735803 3.5632183908045976 10.0 175.0 165.0 0.0 2642.0 
440.0058679735803 3.545454545454546 9.0 175.0 166.0 0.0 2656.0 
442.0058679735803 3.545454545454546 9.0 175.0 166.0 0.0 2656.0 
444.0058679735803 3.522222222222222 9.0 176.0 169.0 0.0 2696.0 
446.0058679735803 3.5444444444444443 7.0 176.0 170.0 0.0 2710.0 
448.0058679735803 3.5164835164835164 6.0 177.0 171.0 0.0 2725.0 
450.0058679735803 3.5217391304347823 4.0 177.0 174.0 0.0 2766.0 
452.0058679735803 3.5217391304347823 3.0 177.0 174.0 0.0 2766.0 
454.0058679735803 3.543478260869565 4.0 178.0 175.0 0.0 2785.0 
456.0058679735803 3.543478260869565 3.0 178.0 175.0 0.0 2785.0 
458.0058679735803 3.5161290322580645 2.0 178.0 176.0 0.0 2799.0 
460.0058679735803 3.5161290322580645 2.0 178.0 176.0 0.0 2799.0 
462.0058679735803 3.5376344086021505 3.0 179.0 177.0 0.0 2813.0 
464.0058679735803 3.5376344086021505 2.0 179.0 177.0 0.0 2813.0 
466.0058679735803 3.5376344086021505 3.0 182.0 177.0 0.0 2813.0 
468.0058679735803 3.5483870967741935 5.0 183.0 178.0 0.0 2826.0 
470.0058679735803 3.5483870967741935 5.0 184.0 178.0 0.0 2826.0 
472.0058679735803 3.5483870967741935 6.0 184.0 178.0 0.0 2826.0 
474.0058679735803 3.521276595744681 6.0 184.0 179.0 0.0 2839.0 
476.0058679735803 3.521276595744681 6.0 185.0 179.0 0.0 2839.0 
478.0058679735803 3.521276595744681 7.0 186.0 179.0 0.0 2839.0 
480.0058679735803 3.526315789473684 6.0 186.0 182.0 0.0 2881.0 
482.0058679735803 3.526315789473684 5.0 187.0 182.0 0.0 2881.0 
484.0058679735803 3.536842105263158 7.0 189.0 183.0 0.0 2895.0 
486.0058679735803 3.536842105263158 6.0 189.0 183.0 0.0 2895.0 
488.0058679735803 3.6 8.0 192.0 185.0 0.0 2928.0 
490.0058679735803 3.610526315789474 9.0 194.0 186.0 0.0 2941.0 
492.0058679735803 3.610526315789474 9.0 196.0 186.0 0.0 2941.0 
494.0058679735803 3.610526315789474 10.0 196.0 186.0 0.0 2941.0 
496.0058679735803 3.59375 10.0 197.0 187.0 0.0 2955.0 
498.0058679735803 3.645833333333333 9.0 198.0 189.0 0.0 2981.0 
500.0058679735803 3.645833333333333 9.0 198.0 189.0 0.0 2981.0 
502.0058679735803 3.697916666666667 7.0 198.0 191.0 0.0 3008.0 
504.0058679735803 3.711340206185567 5.0 198.0 195.0 0.0 3066.0 
506.0058679735803 3.711340206185567 3.0 198.0 195.0 0.0 3066.0 
508.0058679735803 3.7216494845360826 3.0 198.0 196.0 0.0 3082.0 
510.0058679735803 3.7216494845360826 2.0 199.0 196.0 0.0 3082.0 
512.0058679735803 3.7422680412371134 2.0 199.0 197.0 0.0 3096.0 
514.0058679735803 3.7422680412371134 2.0 199.0 197.0 0.0 3096.0 
516.0058679735803 3.7346938775510203 1.0 199.0 198.0 0.0 3116.0 
518.0058679735803 3.7346938775510203 1.0 199.0 198.0 0.0 3116.0 
520.0058679735803 3.7346938775510203 1.0 200.0 198.0 0.0 3116.0 
522.0058679735803 3.7346938775510203 3.0 201.0 198.0 0.0 3116.0 
524.0058679735803 3.7551020408163263 5.0 203.0 199.0 0.0 3130.0 
526.0058679735803 3.7551020408163263 4.0 203.0 199.0 0.0 3130.0 
528.0058679735803 3.7551020408163263 4.0 203.0 199.0 0.0 3130.0 
530.0058679735803 3.7551020408163263 6.0 205.0 199.0 0.0 3130.0 
532.0058679735803 3.7551020408163263 6.0 205.0 199.0 0.0 3130.0 
534.0058679735803 3.7653061224489797 7.0 206.0 200.0 0.0 3144.0 
536.0058679735803 3.7474747474747474 5.0 207.0 202.0 0.0 3171.0 
538.0058679735803 3.74 5.0 208.0 203.0 0.0 3185.0 
540.0058679735803 3.74 5.0 208.0 203.0 0.0 3185.0 
542.0058679735803 3.7700000000000005 5.0 208.0 204.0 0.0 3198.0 
544.0058679735803 3.7700000000000005 5.0 210.0 204.0 0.0 3198.0 
546.0058679735803 3.7800000000000002 6.0 210.0 205.0 0.0 3211.0 
548.0058679735803 3.82 5.0 210.0 206.0 0.0 3230.0 
550.0058679735803 3.82 4.0 210.0 206.0 0.0 3230.0 
552.0058679735803 3.82 5.0 211.0 206.0 0.0 3230.0 
554.0058679735803 3.792079207920792 4.0 211.0 207.0 0.0 3246.0 
556.0058679735803 3.792079207920792 4.0 211.0 207.0 0.0 3246.0 
558.0058679735803 3.811881188118812 7.0 215.0 208.0 0.0 3268.0 
560.0058679735803 3.811881188118812 8.0 216.0 208.0 0.0 3268.0 
562.0058679735803 3.811881188118812 9.0 217.0 208.0 0.0 3268.0 
564.0058679735803 3.811881188118812 10.0 218.0 208.0 0.0 3268.0 
566.0058679735803 3.794117647058824 9.0 219.0 210.0 0.0 3302.0 
568.0058679735803 3.833333333333333 9.0 219.0 211.0 0.0 3326.0 
570.0058679735803 3.833333333333333 8.0 219.0 211.0 0.0 3326.0 
572.0058679735803 3.852941176470588 7.0 219.0 213.0 0.0 3354.0 
574.0058679735803 3.892156862745098 5.0 220.0 215.0 0.0 3383.0 
576.0058679735803 3.8640776699029127 5.0 220.0 216.0 0.0 3396.0 
578.0058679735803 3.8653846153846154 3.0 220.0 217.0 0.0 3416.0 
580.0058679735803 3.8653846153846154 5.0 222.0 217.0 0.0 3416.0 
582.0058679735803 3.8846153846153846 5.0 223.0 218.0 0.0 3435.0 
584.0058679735803 3.894230769230769 5.0 223.0 219.0 0.0 3454.0 
586.0058679735803 3.894230769230769 4.0 223.0 219.0 0.0 3454.0 
588.0058679735803 3.894230769230769 4.0 223.0 219.0 0.0 3454.0 
590.0058679735803 3.894230769230769 4.0 223.0 219.0 0.0 3454.0 
592.0058679735803 3.8761904761904757 5.0 225.0 220.0 0.0 3473.0 
594.0058679735803 3.895238095238095 5.0 227.0 222.0 0.0 3499.0 
596.0058679735803 3.9047619047619047 4.0 227.0 223.0 0.0 3513.0 
598.0058679735803 3.9047619047619047 5.0 228.0 223.0 0.0 3513.0 
600.0058679735803 3.9047619047619047 7.0 231.0 223.0 0.0 3513.0 
602.0058679735803 3.9047619047619047 8.0 231.0 223.0 0.0 3513.0 
604.0058679735803 3.914285714285714 8.0 231.0 224.0 0.0 3526.0 
606.0058679735803 3.942857142857143 7.0 231.0 226.0 0.0 3553.0 
608.0058679735803 3.9523809523809526 4.0 231.0 227.0 0.0 3566.0 
610.0058679735803 3.9714285714285715 5.0 233.0 228.0 0.0 3579.0 
612.0058679735803 3.9714285714285715 5.0 233.0 228.0 0.0 3579.0 
614.0058679735803 4.0095238095238095 5.0 235.0 230.0 0.0 3607.0 
616.0058679735803 4.0095238095238095 5.0 235.0 230.0 0.0 3607.0 
618.0058679735803 4.0095238095238095 5.0 235.0 230.0 0.0 3607.0 
620.0058679735803 4.0476190476190474 6.0 237.0 231.0 0.0 3627.0 
622.0058679735803 4.066666666666666 7.0 238.0 232.0 0.0 3640.0 
624.0058679735803 4.066666666666666 6.0 238.0 232.0 0.0 3640.0 
626.0058679735803 4.076190476190476 6.0 238.0 233.0 0.0 3656.0 
628.0058679735803 4.095238095238095 4.0 239.0 235.0 0.0 3682.0 
630.0058679735803 4.095238095238095 4.0 239.0 235.0 0.0 3682.0 
632.0058679735803 4.095238095238095 5.0 240.0 235.0 0.0 3682.0 
634.0058679735803 4.114285714285714 4.0 240.0 237.0 0.0 3710.0 
636.0058679735803 4.133333333333334 2.0 240.0 238.0 0.0 3723.0 
638.0058679735803 4.133333333333334 2.0 242.0 238.0 0.0 3723.0 
640.0015977555715 4.133333333333334 6.0 245.0 238.0 0.0 3723.0 
642.0058679735803 4.152380952380953 6.0 245.0 239.0 0.0 3737.0 
644.0058679735803 4.171428571428572 6.0 245.0 240.0 0.0 3750.0 
646.0058679735803 4.171428571428572 5.0 245.0 240.0 0.0 3750.0 
648.0058679735803 4.171428571428572 6.0 246.0 240.0 0.0 3750.0 
650.0058679735803 4.171428571428572 6.0 246.0 240.0 0.0 3750.0 
652.0058679735803 4.169811320754717 6.0 246.0 242.0 0.0 3778.0 
654.0058679735803 4.188679245283019 3.0 247.0 244.0 0.0 3804.0 
656.0058679735803 4.2075471698113205 4.0 248.0 245.0 0.0 3821.0 
658.0058679735803 4.2075471698113205 4.0 250.0 245.0 0.0 3821.0 
660.0058679735803 4.2075471698113205 5.0 250.0 245.0 0.0 3821.0 
662.0058679735803 4.226415094339623 4.0 251.0 246.0 0.0 3834.0 
664.0058679735803 4.226415094339623 5.0 251.0 246.0 0.0 3834.0 
666.0058679735803 4.226415094339623 5.0 251.0 246.0 0.0 3834.0 
668.0058679735803 4.235849056603774 6.0 252.0 247.0 0.0 3848.0 
670.0058679735803 4.254716981132075 5.0 253.0 248.0 0.0 3862.0 
672.0058679735803 4.283018867924528 6.0 256.0 250.0 0.0 3889.0 
674.0058679735803 4.283018867924528 6.0 256.0 250.0 0.0 3889.0 
676.0058679735803 4.2924528301886795 7.0 258.0 251.0 0.0 3903.0 
678.0058679735803 4.2924528301886795 8.0 259.0 251.0 0.0 3903.0 
680.0058679735803 4.2924528301886795 9.0 261.0 251.0 0.0 3903.0 
682.0058679735803 4.30188679245283 9.0 261.0 252.0 0.0 3917.0 
684.0058679735803 4.311320754716981 8.0 262.0 253.0 0.0 3930.0 
686.0058679735803 4.339622641509433 8.0 262.0 255.0 0.0 3957.0 
688.0058679735803 4.339622641509433 7.0 262.0 255.0 0.0 3957.0 
690.0058679735803 4.367924528301886 6.0 262.0 257.0 0.0 3985.0 
692.0058679735803 4.40566037735849 3.0 264.0 259.0 0.0 4018.0 
694.0058679735803 4.40566037735849 5.0 264.0 259.0 0.0 4018.0 
696.0058679735803 4.4245283018867925 6.0 265.0 261.0 0.0 4051.0 
698.0058679735803 4.433962264150944 4.0 265.0 262.0 0.0 4065.0 
700.0058679735803 4.433962264150944 3.0 266.0 262.0 0.0 4065.0 
702.0058679735803 4.433962264150944 4.0 266.0 262.0 0.0 4065.0 
704.0058679735803 4.433962264150944 5.0 267.0 262.0 0.0 4065.0 
706.0058679735803 4.401869158878505 6.0 268.0 263.0 0.0 4079.0 
708.0058679735803 4.401869158878505 6.0 269.0 263.0 0.0 4079.0 
710.0058679735803 4.4392523364485985 5.0 270.0 265.0 0.0 4110.0 
712.0058679735803 4.4392523364485985 5.0 270.0 265.0 0.0 4110.0 
714.0058679735803 4.457943925233645 6.0 271.0 266.0 0.0 4124.0 
716.0058679735803 4.457943925233645 6.0 272.0 266.0 0.0 4124.0 
718.0058679735803 4.4766355140186915 6.0 273.0 267.0 0.0 4138.0 
720.0058679735803 4.4953271028037385 5.0 273.0 268.0 0.0 4152.0 
722.0058679735803 4.514018691588785 6.0 274.0 269.0 0.0 4165.0 
724.0058679735803 4.514018691588785 5.0 274.0 269.0 0.0 4165.0 
726.0058679735803 4.532710280373832 4.0 274.0 270.0 0.0 4183.0 
728.0058679735803 4.542056074766355 4.0 275.0 271.0 0.0 4197.0 
730.0058679735803 4.5514018691588785 4.0 276.0 272.0 0.0 4210.0 
732.0058679735803 4.5607476635514015 3.0 276.0 273.0 0.0 4224.0 
734.0058679735803 4.5607476635514015 4.0 278.0 273.0 0.0 4224.0 
736.0058679735803 4.579439252336448 5.0 279.0 274.0 0.0 4238.0 
738.0058679735803 4.579439252336448 5.0 279.0 274.0 0.0 4238.0 
740.0058679735803 4.579439252336448 6.0 280.0 274.0 0.0 4238.0 
742.0058679735803 4.555555555555555 5.0 281.0 275.0 0.0 4252.0 
744.0058679735803 4.555555555555555 6.0 281.0 275.0 0.0 4252.0 
746.0058679735803 4.564814814814815 6.0 281.0 276.0 0.0 4265.0 
748.0058679735803 4.574074074074074 5.0 281.0 277.0 0.0 4279.0 
750.0058679735803 4.611111111111111 3.0 281.0 278.0 0.0 4299.0 
752.0058679735803 4.62037037037037 3.0 282.0 279.0 0.0 4315.0 
754.0058679735803 4.62962962962963 2.0 282.0 280.0 0.0 4328.0 
756.0058679735803 4.638888888888889 3.0 283.0 281.0 0.0 4342.0 
758.0058679735803 4.638888888888889 3.0 284.0 281.0 0.0 4342.0 
760.0058679735803 4.638888888888889 4.0 285.0 281.0 0.0 4342.0 
762.0058679735803 4.638888888888889 4.0 285.0 281.0 0.0 4342.0 
764.0058679735803 4.657407407407407 4.0 285.0 282.0 0.0 4355.0 
766.0058679735803 4.657407407407407 4.0 286.0 282.0 0.0 4355.0 
768.0058679735803 4.6422018348623855 4.0 286.0 283.0 0.0 4368.0 
770.0058679735803 4.6422018348623855 4.0 287.0 283.0 0.0 4368.0 
772.0058679735803 4.609090909090909 6.0 289.0 284.0 0.0 4381.0 
774.0058679735803 4.636363636363637 6.0 291.0 285.0 0.0 4396.0 
776.0058679735803 4.636363636363637 6.0 291.0 285.0 0.0 4396.0 
778.0058679735803 4.636363636363637 8.0 293.0 285.0 0.0 4396.0 
780.0058679735803 4.612612612612613 7.0 293.0 286.0 0.0 4409.0 
782.0058679735803 4.612612612612613 7.0 293.0 286.0 0.0 4409.0 
784.0058679735803 4.648648648648648 8.0 295.0 288.0 0.0 4436.0 
786.0058679735803 4.642857142857143 6.0 295.0 290.0 0.0 4462.0 
788.0058679735803 4.651785714285714 5.0 295.0 291.0 0.0 4477.0 
790.0058679735803 4.651785714285714 4.0 296.0 291.0 0.0 4477.0 
792.0058679735803 4.660714285714286 5.0 298.0 292.0 0.0 4490.0 
794.0058679735803 4.660714285714286 6.0 298.0 292.0 0.0 4490.0 
796.0058679735803 4.654867256637168 6.0 298.0 293.0 0.0 4509.0 
798.0058679735803 4.672566371681416 3.0 299.0 295.0 0.0 4536.0 
800.0058679735803 4.672566371681416 5.0 300.0 295.0 0.0 4536.0 
802.0058679735803 4.672566371681416 5.0 300.0 295.0 0.0 4536.0 
804.0058679735803 4.68141592920354 5.0 300.0 296.0 0.0 4550.0 
806.0058679735803 4.716814159292035 3.0 300.0 298.0 0.0 4577.0 
808.0058679735803 4.716814159292035 2.0 300.0 298.0 0.0 4577.0 
810.0058679735803 4.716814159292035 3.0 301.0 298.0 0.0 4577.0 
812.0058679735803 4.725663716814159 5.0 303.0 299.0 0.0 4591.0 
814.0058679735803 4.725663716814159 4.0 303.0 299.0 0.0 4591.0 
816.0058679735803 4.725663716814159 4.0 303.0 299.0 0.0 4591.0 
818.0058679735803 4.725663716814159 5.0 304.0 299.0 0.0 4591.0 
820.0058679735803 4.725663716814159 7.0 306.0 299.0 0.0 4591.0 
822.0058679735803 4.761061946902655 6.0 306.0 300.0 0.0 4613.0 
824.0058679735803 4.79646017699115 7.0 308.0 302.0 0.0 4639.0 
826.0058679735803 4.79646017699115 6.0 308.0 302.0 0.0 4639.0 
828.0058679735803 4.79646017699115 8.0 310.0 302.0 0.0 4639.0 
830.0058679735803 4.831858407079646 10.0 312.0 303.0 0.0 4658.0 
832.0058679735803 4.849557522123893 8.0 312.0 304.0 0.0 4672.0 
834.0058679735803 4.849557522123893 8.0 312.0 304.0 0.0 4672.0 
836.0058679735803 4.849557522123893 9.0 314.0 304.0 0.0 4672.0 
838.0058679735803 4.876106194690266 9.0 314.0 305.0 0.0 4685.0 
840.0058679735803 4.938053097345133 7.0 314.0 307.0 0.0 4724.0 
842.0058679735803 4.921052631578947 7.0 314.0 308.0 0.0 4737.0 
844.0058679735803 4.93859649122807 5.0 316.0 309.0 0.0 4757.0 
846.0058679735803 4.93859649122807 7.0 316.0 309.0 0.0 4757.0 
848.0058679735803 4.9561403508771935 7.0 317.0 310.0 0.0 4776.0 
850.0058679735803 5.008771929824562 7.0 318.0 312.0 0.0 4811.0 
852.0058679735803 5.008771929824562 6.0 318.0 312.0 0.0 4811.0 
854.0058679735803 5.008771929824562 7.0 319.0 312.0 0.0 4811.0 
856.0058679735803 5.052631578947368 7.0 319.0 313.0 0.0 4838.0 
858.0058679735803 5.0964912280701755 7.0 320.0 314.0 0.0 4860.0 
860.0058679735803 5.0964912280701755 6.0 320.0 314.0 0.0 4860.0 
862.0058679735803 5.105263157894737 6.0 320.0 315.0 0.0 4875.0 
864.0058679735803 5.140350877192983 5.0 320.0 316.0 0.0 4895.0 
866.0058679735803 5.166666666666666 5.0 322.0 317.0 0.0 4917.0 
868.0058679735803 5.166666666666666 5.0 322.0 317.0 0.0 4917.0 
870.0058679735803 5.166666666666666 5.0 323.0 317.0 0.0 4917.0 
872.0058679735803 5.139130434782609 5.0 323.0 318.0 0.0 4938.0 
874.0058679735803 5.165217391304347 5.0 324.0 319.0 0.0 4958.0 
876.0058679735803 5.165217391304347 5.0 324.0 319.0 0.0 4958.0 
878.0058679735803 5.165217391304347 5.0 324.0 319.0 0.0 4958.0 
880.0058679735803 5.208695652173914 4.0 324.0 322.0 0.0 5008.0 
882.0058679735803 5.208695652173914 2.0 324.0 322.0 0.0 5008.0 
884.0058679735803 5.208695652173914 3.0 325.0 322.0 0.0 5008.0 
886.0058679735803 5.234782608695652 3.0 325.0 324.0 0.0 5037.0 
888.0058679735803 5.234782608695652 2.0 326.0 324.0 0.0 5037.0 
890.0058679735803 5.234782608695652 3.0 327.0 324.0 0.0 5037.0 
892.0058679735803 5.234782608695652 5.0 330.0 324.0 0.0 5037.0 
894.0058679735803 5.234782608695652 6.0 330.0 324.0 0.0 5037.0 
896.0058679735803 5.234782608695652 6.0 330.0 324.0 0.0 5037.0 
898.0058679735803 5.243478260869566 6.0 331.0 325.0 0.0 5051.0 
900.0058679735803 5.243478260869566 7.0 332.0 325.0 0.0 5051.0 
#####################################################################
# End of data export. Simulation finished at: 2020-02-16T03:42+0000 #
#####################################################################
