#####################################################################
# Alchemist log file - simulation started at: 2020-01-19T16:55+0000 #
#####################################################################
# seed = 32.0, taskFrequency = 0.1, cloudcost = 2.0, algorithm = false
#
# The columns have the following meaning: 
# time taskHops[Mean] hasTask[Sum] tasks[Sum] completedTasks[Sum] giveupTasks[Sum] taskLatency[Sum] 
0.0 NaN 0.0 0.0 0.0 0.0 0.0 
2.010060256870725 NaN 16.0 20.0 0.0 0.0 0.0 
4.003173401593681 NaN 35.0 41.0 0.0 0.0 0.0 
6.010060256870725 NaN 53.0 57.0 0.0 0.0 0.0 
8.009378836959904 NaN 64.0 66.0 0.0 0.0 0.0 
10.010060256870725 NaN 70.0 76.0 0.0 0.0 0.0 
12.000576466198087 0.0 81.0 84.0 1.0 0.0 11.0 
14.010060256870725 0.0 89.0 91.0 1.0 0.0 11.0 
16.010060256870723 0.0 94.0 98.0 2.0 0.0 25.0 
18.010060256870723 0.0 100.0 102.0 2.0 0.0 25.0 
20.010060256870723 0.0 102.0 104.0 2.0 0.0 25.0 
22.010060256870723 0.0 102.0 105.0 2.0 0.0 25.0 
24.010060256870723 0.0 106.0 108.0 2.0 0.0 25.0 
26.004067701521723 0.0 107.0 110.0 2.0 0.0 25.0 
28.010060256870723 0.0 110.0 112.0 2.0 0.0 25.0 
30.00263971156076 0.0 110.0 114.0 2.0 0.0 25.0 
32.01006025687072 0.0 112.0 116.0 2.0 0.0 25.0 
34.01006025687072 0.0 115.0 117.0 2.0 0.0 25.0 
36.01006025687072 0.0 115.0 119.0 3.0 0.0 37.0 
38.01006025687072 0.0 118.0 121.0 3.0 0.0 37.0 
40.01006025687072 0.0 118.0 122.0 3.0 0.0 37.0 
42.01006025687072 0.0 120.0 123.0 3.0 0.0 37.0 
44.01006025687072 0.0 121.0 125.0 3.0 0.0 37.0 
46.01006025687072 0.0 123.0 126.0 3.0 0.0 37.0 
48.01006025687072 0.0 123.0 126.0 3.0 0.0 37.0 
50.01006025687072 0.0 124.0 127.0 3.0 0.0 37.0 
52.01006025687072 0.0 124.0 127.0 3.0 0.0 37.0 
54.01006025687072 0.0 125.0 128.0 3.0 0.0 37.0 
56.01006025687072 0.0 125.0 128.0 3.0 0.0 37.0 
58.01006025687072 0.0 125.0 128.0 3.0 0.0 37.0 
60.01006025687072 0.0 125.0 128.0 3.0 0.0 37.0 
62.01006025687072 0.0 125.0 128.0 3.0 0.0 37.0 
64.01006025687073 0.0 125.0 128.0 3.0 0.0 37.0 
66.01006025687073 0.0 125.0 128.0 4.0 0.0 49.0 
68.01006025687073 0.0 124.0 128.0 4.0 0.0 49.0 
70.01006025687073 0.0 124.0 128.0 4.0 0.0 49.0 
72.01006025687073 0.0 124.0 128.0 4.0 0.0 49.0 
74.01006025687073 0.0 124.0 128.0 4.0 0.0 49.0 
76.01006025687073 0.0 124.0 128.0 4.0 0.0 49.0 
78.01006025687073 0.0 124.0 128.0 4.0 0.0 49.0 
80.01006025687073 0.0 124.0 128.0 4.0 0.0 49.0 
82.01006025687073 0.0 124.0 128.0 4.0 0.0 49.0 
84.01006025687073 0.0 124.0 128.0 4.0 0.0 49.0 
86.01006025687073 0.0 124.0 128.0 4.0 0.0 49.0 
88.01006025687073 0.0 124.0 128.0 4.0 0.0 49.0 
90.01006025687073 0.0 124.0 128.0 4.0 0.0 49.0 
92.01006025687073 0.0 124.0 128.0 4.0 0.0 49.0 
94.01006025687073 0.0 124.0 128.0 4.0 0.0 49.0 
96.01006025687073 0.0 124.0 128.0 4.0 0.0 49.0 
98.01006025687073 0.0 124.0 128.0 4.0 0.0 49.0 
100.01006025687073 0.0 125.0 129.0 4.0 0.0 49.0 
102.01006025687073 0.0 125.0 129.0 4.0 0.0 49.0 
104.01006025687073 1.6923076923076923 121.0 129.0 4.0 11.0 1176.0 
106.01006025687073 1.8709677419354838 107.0 130.0 4.0 29.0 3024.0 
108.01006025687073 1.9411764705882353 87.0 132.0 4.0 49.0 5079.0 
110.01006025687073 1.9508196721311475 75.0 133.0 4.0 59.0 6103.0 
112.01006025687073 1.9565217391304348 67.0 134.0 5.0 67.0 6945.0 
114.01006025687073 1.9625 56.0 139.0 5.0 78.0 8074.0 
116.01006025687073 1.9659090909090908 57.0 149.0 5.0 86.0 8893.0 
118.01006025687073 1.978494623655914 60.0 154.0 5.0 91.0 9404.0 
120.01004760341377 1.9795918367346939 56.0 158.0 5.0 96.0 9916.0 
122.01006025687073 1.98 61.0 162.0 5.0 98.0 10120.0 
124.01006025687073 1.98 65.0 170.0 5.0 98.0 10120.0 
126.01006025687073 2.0 70.0 175.0 5.0 101.0 10428.0 
128.01006025687073 2.0 73.0 182.0 5.0 102.0 10531.0 
130.01006025687073 2.0 80.0 190.0 5.0 105.0 10839.0 
132.01006025687073 2.0 84.0 195.0 5.0 105.0 10839.0 
134.01006025687073 2.0 88.0 200.0 5.0 106.0 10941.0 
136.0086047722512 2.0 87.0 204.0 5.0 109.0 11249.0 
138.01006025687073 2.0 93.0 207.0 5.0 110.0 11352.0 
140.01006025687073 2.0 96.0 213.0 5.0 113.0 11661.0 
142.01006025687073 2.0 96.0 214.0 5.0 113.0 11661.0 
144.0017288493087 2.0 97.0 217.0 5.0 115.0 11866.0 
146.01006025687073 2.0 99.0 219.0 5.0 116.0 11969.0 
148.01006025687073 2.0 100.0 222.0 6.0 118.0 12187.0 
150.01006025687073 2.0 100.0 225.0 6.0 118.0 12187.0 
152.00486926692463 2.0 104.0 230.0 6.0 119.0 12289.0 
154.01006025687073 2.0 105.0 230.0 6.0 119.0 12289.0 
156.01006025687073 2.0 109.0 235.0 6.0 119.0 12289.0 
158.01006025687073 2.0 111.0 236.0 6.0 119.0 12289.0 
160.0030191221214 2.0 111.0 236.0 6.0 119.0 12289.0 
162.01006025687073 2.0 111.0 237.0 6.0 119.0 12289.0 
164.01006025687073 2.0 113.0 239.0 6.0 119.0 12289.0 
166.01006025687073 2.0 115.0 240.0 6.0 119.0 12289.0 
168.01006025687073 2.0 115.0 241.0 7.0 119.0 12301.0 
170.01006025687073 2.0 115.0 241.0 7.0 119.0 12301.0 
172.01006025687073 2.0 115.0 241.0 7.0 119.0 12301.0 
174.01006025687073 2.0 116.0 243.0 7.0 119.0 12301.0 
176.01006025687073 2.0 118.0 244.0 7.0 119.0 12301.0 
178.00179626222186 2.0 119.0 246.0 7.0 119.0 12301.0 
180.01006025687073 2.0 120.0 246.0 7.0 119.0 12301.0 
182.01006025687073 2.0 120.0 247.0 7.0 119.0 12301.0 
184.01006025687073 2.0 122.0 248.0 7.0 119.0 12301.0 
186.01006025687073 2.0 122.0 249.0 7.0 119.0 12301.0 
188.01006025687073 2.0 123.0 249.0 7.0 119.0 12301.0 
190.01006025687073 2.0 123.0 249.0 7.0 119.0 12301.0 
192.00242282059233 2.0 123.0 249.0 7.0 119.0 12301.0 
194.0015184804078 2.0 123.0 249.0 7.0 119.0 12301.0 
196.01006025687073 2.0 123.0 249.0 7.0 119.0 12301.0 
198.00733996706825 2.0 123.0 249.0 7.0 119.0 12301.0 
200.000449667192 2.0 123.0 249.0 7.0 119.0 12301.0 
202.01006025687073 2.0 123.0 249.0 7.0 119.0 12301.0 
204.01006025687073 2.0 123.0 249.0 7.0 119.0 12301.0 
206.01006025687073 2.0 123.0 249.0 7.0 119.0 12301.0 
208.01006025687073 2.0 123.0 249.0 7.0 119.0 12301.0 
210.01006025687073 2.033333333333333 122.0 249.0 7.0 121.0 12506.0 
212.01006025687073 2.066666666666667 120.0 249.0 7.0 123.0 12711.0 
214.01006025687073 2.0826446280991737 119.0 250.0 7.0 125.0 13014.0 
216.01006025687073 2.1322314049586777 119.0 251.0 7.0 128.0 13321.0 
218.01006025687073 2.278688524590164 112.0 251.0 7.0 138.0 14448.0 
220.01006025687073 2.3770491803278686 103.0 252.0 7.0 144.0 15063.0 
222.01006025687073 2.4508196721311473 100.0 253.0 7.0 148.0 15474.0 
224.01006025687073 2.5163934426229506 96.0 254.0 7.0 152.0 15884.0 
226.01006025687073 2.6097560975609757 93.0 255.0 7.0 159.0 16692.0 
228.0020511314164 2.707317073170732 89.0 260.0 7.0 165.0 17307.0 
230.01006025687073 2.8048780487804876 86.0 263.0 7.0 171.0 17931.0 
232.01006025687073 2.951219512195122 86.0 268.0 7.0 180.0 18855.0 
234.00655146092961 3.048780487804878 79.0 271.0 7.0 186.0 19481.0 
236.01006025687073 3.130081300813008 77.0 274.0 7.0 191.0 19992.0 
238.01006025687073 3.16260162601626 78.0 278.0 7.0 193.0 20198.0 
240.01006025687073 3.2601626016260163 83.0 288.0 7.0 198.0 20711.0 
242.01006025687073 3.341463414634146 85.0 293.0 7.0 203.0 21222.0 
244.00158129489037 3.3739837398373984 85.0 300.0 7.0 205.0 21427.0 
246.01006025687073 3.4227642276422765 90.0 307.0 7.0 208.0 21735.0 
248.0031152475408 3.4634146341463414 93.0 311.0 7.0 210.0 21939.0 
250.01006025687073 3.5121951219512195 96.0 316.0 7.0 213.0 22247.0 
252.00651008732407 3.5447154471544717 97.0 318.0 7.0 215.0 22452.0 
254.00618352023434 3.5934959349593494 97.0 322.0 7.0 218.0 22761.0 
256.007152903964 3.6260162601626016 98.0 326.0 7.0 220.0 22967.0 
258.0100602568707 3.658536585365854 99.0 328.0 7.0 222.0 23171.0 
260.0100602568707 3.6910569105691056 98.0 330.0 7.0 224.0 23376.0 
262.0100602568707 3.6910569105691056 102.0 333.0 7.0 224.0 23376.0 
264.0100602568707 3.6910569105691056 104.0 335.0 7.0 224.0 23376.0 
266.0100602568707 3.7235772357723578 105.0 338.0 7.0 226.0 23581.0 
268.0100602568707 3.7560975609756095 103.0 339.0 9.0 228.0 23812.0 
270.0100602568707 3.772357723577236 104.0 343.0 9.0 229.0 23914.0 
272.0100602568707 3.772357723577236 107.0 345.0 9.0 229.0 23914.0 
274.0100602568707 3.772357723577236 108.0 348.0 9.0 229.0 23914.0 
276.0020299033377 3.7886178861788617 110.0 350.0 9.0 230.0 24016.0 
278.0100602568707 3.821138211382114 112.0 353.0 9.0 232.0 24221.0 
280.0100602568707 3.83739837398374 111.0 354.0 9.0 233.0 24323.0 
282.00932097977307 3.8536585365853657 113.0 356.0 9.0 234.0 24426.0 
284.0100602568707 3.8536585365853657 116.0 359.0 9.0 234.0 24426.0 
286.0100602568707 3.886178861788618 114.0 362.0 9.0 236.0 24631.0 
288.0100602568707 3.886178861788618 119.0 364.0 9.0 236.0 24631.0 
290.0100602568707 3.902439024390244 118.0 365.0 11.0 237.0 24746.0 
292.0100602568707 3.902439024390244 118.0 366.0 11.0 237.0 24746.0 
294.0100602568707 3.902439024390244 118.0 366.0 11.0 237.0 24746.0 
296.00982795009685 3.902439024390244 119.0 367.0 11.0 237.0 24746.0 
298.0100602568707 3.902439024390244 119.0 368.0 11.0 237.0 24746.0 
300.0100602568707 3.902439024390244 120.0 368.0 11.0 237.0 24746.0 
302.0100602568707 3.902439024390244 121.0 369.0 11.0 237.0 24746.0 
304.0100602568707 3.902439024390244 121.0 369.0 11.0 237.0 24746.0 
306.0100602568707 3.902439024390244 121.0 369.0 11.0 237.0 24746.0 
308.0100602568707 3.902439024390244 121.0 369.0 11.0 237.0 24746.0 
310.0100602568707 3.902439024390244 121.0 369.0 11.0 237.0 24746.0 
312.006957565736 3.902439024390244 122.0 370.0 12.0 237.0 24757.0 
314.0100602568707 3.902439024390244 122.0 371.0 12.0 237.0 24757.0 
316.0100602568707 3.902439024390244 122.0 371.0 12.0 237.0 24757.0 
318.0100602568707 3.91869918699187 122.0 371.0 12.0 238.0 24859.0 
320.0084249667009 3.91869918699187 121.0 371.0 12.0 238.0 24859.0 
322.0100602568707 3.9349593495934956 120.0 371.0 12.0 239.0 24961.0 
324.0100602568707 3.951219512195122 121.0 372.0 12.0 240.0 25063.0 
326.0100602568707 3.9674796747967482 121.0 373.0 12.0 241.0 25165.0 
328.0100602568707 3.9837398373983737 121.0 374.0 12.0 242.0 25268.0 
330.0100602568707 4.016260162601626 120.0 374.0 12.0 244.0 25474.0 
332.00842323554866 4.1138211382113825 116.0 375.0 12.0 250.0 26188.0 
334.0100602568707 4.211382113821138 110.0 375.0 12.0 256.0 26898.0 
336.0100602568707 4.260162601626016 107.0 378.0 12.0 259.0 27283.0 
338.0100602568707 4.308943089430894 105.0 379.0 12.0 262.0 27592.0 
340.00673047300364 4.373983739837398 104.0 380.0 12.0 266.0 28002.0 
342.0100602568707 4.504065040650406 101.0 383.0 12.0 274.0 28820.0 
344.0100602568707 4.634146341463414 94.0 384.0 12.0 282.0 29656.0 
346.0100602568707 4.715447154471545 96.0 392.0 12.0 287.0 30168.0 
348.0100602568707 4.813008130081301 94.0 397.0 12.0 293.0 30783.0 
350.0100602568707 4.894308943089431 90.0 399.0 12.0 298.0 31298.0 
352.0100602568707 4.991869918699187 91.0 406.0 12.0 304.0 31913.0 
354.0100602568707 5.056910569105691 88.0 407.0 12.0 308.0 32323.0 
356.0100602568707 5.0894308943089435 88.0 409.0 12.0 310.0 32528.0 
358.0100602568707 5.138211382113822 88.0 411.0 12.0 313.0 32834.0 
360.0100602568707 5.170731707317073 88.0 415.0 12.0 315.0 33040.0 
362.0013387919002 5.17741935483871 89.0 419.0 12.0 318.0 33589.0 
364.0100602568707 5.241935483870968 90.0 423.0 12.0 322.0 34000.0 
366.0100602568707 5.274193548387097 88.0 423.0 12.0 324.0 34204.0 
368.0100602568707 5.306451612903226 90.0 427.0 12.0 326.0 34409.0 
370.0100602568707 5.338709677419355 89.0 429.0 12.0 328.0 34614.0 
372.0100602568707 5.387096774193548 91.0 431.0 12.0 331.0 34920.0 
374.0100602568707 5.435483870967742 88.0 435.0 12.0 334.0 35227.0 
376.0100602568707 5.451612903225806 92.0 440.0 12.0 335.0 35329.0 
378.0081447649407 5.483870967741935 95.0 444.0 12.0 337.0 35535.0 
380.0100602568707 5.548387096774194 95.0 449.0 12.0 341.0 35946.0 
382.0100602568707 5.548387096774194 96.0 449.0 12.0 341.0 35946.0 
384.0100602568707 5.596774193548387 97.0 452.0 12.0 344.0 36254.0 
386.0100602568707 5.645161290322581 97.0 456.0 12.0 347.0 36560.0 
388.0010191109828 5.645161290322581 98.0 457.0 12.0 347.0 36560.0 
390.0100602568707 5.725806451612903 94.0 459.0 12.0 352.0 37074.0 
392.0100602568707 5.725806451612903 98.0 463.0 12.0 352.0 37074.0 
394.0100602568707 5.741935483870968 102.0 467.0 12.0 353.0 37176.0 
396.0100602568707 5.741935483870968 104.0 469.0 12.0 353.0 37176.0 
398.0100602568707 5.758064516129032 105.0 470.0 12.0 354.0 37278.0 
400.0100602568707 5.758064516129032 106.0 472.0 12.0 354.0 37278.0 
402.00463256683355 5.774193548387097 107.0 474.0 12.0 355.0 37381.0 
404.0025211955176 5.774193548387097 109.0 476.0 12.0 355.0 37381.0 
406.0100602568707 5.774193548387097 111.0 480.0 12.0 355.0 37381.0 
408.0100602568707 5.774193548387097 115.0 483.0 12.0 355.0 37381.0 
410.00784589964957 5.774193548387097 117.0 484.0 12.0 355.0 37381.0 
412.0100602568707 5.774193548387097 117.0 484.0 12.0 355.0 37381.0 
414.0100602568707 5.790322580645161 118.0 485.0 12.0 356.0 37484.0 
416.0100602568707 5.806451612903226 117.0 486.0 12.0 357.0 37586.0 
418.0100602568707 5.806451612903226 117.0 486.0 12.0 357.0 37586.0 
420.0100602568707 5.806451612903226 119.0 488.0 12.0 357.0 37586.0 
422.0100602568707 5.806451612903226 119.0 488.0 12.0 357.0 37586.0 
424.0100602568707 5.806451612903226 119.0 489.0 12.0 357.0 37586.0 
426.0100602568707 5.82258064516129 120.0 490.0 12.0 358.0 37688.0 
428.0100602568707 5.838709677419355 120.0 490.0 12.0 359.0 37791.0 
430.0100602568707 5.854838709677419 118.0 490.0 12.0 360.0 37893.0 
432.0100602568707 5.854838709677419 118.0 490.0 12.0 360.0 37893.0 
434.0100602568707 5.870967741935484 119.0 491.0 12.0 361.0 37996.0 
436.0100602568707 5.870967741935484 118.0 491.0 12.0 361.0 37996.0 
438.0100602568707 5.887096774193548 119.0 492.0 12.0 362.0 38098.0 
440.0100602568707 5.919354838709678 119.0 495.0 12.0 364.0 38304.0 
442.0100602568707 5.935483870967742 118.0 495.0 12.0 365.0 38407.0 
444.0100602568707 5.983870967741935 117.0 496.0 12.0 368.0 38715.0 
446.0100602568707 6.016129032258065 115.0 496.0 12.0 370.0 38921.0 
448.0100602568707 6.129032258064516 111.0 497.0 12.0 377.0 39636.0 
450.0100602568707 6.209677419354839 107.0 497.0 12.0 382.0 40149.0 
452.0100602568707 6.241935483870968 102.0 497.0 12.0 384.0 40354.0 
454.0100602568707 6.32258064516129 101.0 498.0 12.0 389.0 40865.0 
456.0077642384629 6.354838709677419 95.0 500.0 12.0 391.0 41070.0 
458.0100602568707 6.370967741935484 96.0 500.0 12.0 392.0 41172.0 
460.0100602568707 6.403225806451613 95.0 501.0 12.0 394.0 41377.0 
462.0100602568707 6.451612903225806 96.0 504.0 12.0 397.0 41683.0 
464.00829483250965 6.516129032258065 94.0 507.0 12.0 401.0 42092.0 
466.0100602568707 6.564516129032258 95.0 514.0 12.0 404.0 42399.0 
468.00433339128534 6.612903225806452 100.0 518.0 12.0 407.0 42715.0 
470.0100602568707 6.67741935483871 95.0 518.0 12.0 411.0 43123.0 
472.0100602568707 6.709677419354839 97.0 522.0 12.0 413.0 43327.0 
474.0100602568707 6.725806451612903 98.0 524.0 12.0 414.0 43430.0 
476.0100602568707 6.758064516129032 100.0 526.0 12.0 416.0 43635.0 
478.0100602568707 6.854838709677419 99.0 531.0 12.0 422.0 44251.0 
480.0100602568707 6.935483870967742 98.0 536.0 12.0 427.0 44660.0 
482.0100602568707 6.983870967741935 94.0 536.0 12.0 430.0 44966.0 
484.0100602568707 7.032258064516129 92.0 537.0 12.0 433.0 45279.0 
486.0100602568707 7.080645161290322 95.0 540.0 12.0 436.0 45588.0 
488.0100602568707 7.145161290322581 93.0 542.0 12.0 440.0 45998.0 
490.0100602568707 7.17741935483871 93.0 546.0 12.0 442.0 46239.0 
492.0100602568707 7.17741935483871 95.0 550.0 12.0 442.0 46239.0 
494.0100602568707 7.258064516129032 95.0 553.0 12.0 447.0 46751.0 
496.0100602568707 7.32258064516129 94.0 557.0 12.0 451.0 47160.0 
498.0100602568707 7.370967741935484 93.0 559.0 12.0 454.0 47468.0 
500.0100602568707 7.387096774193548 96.0 562.0 12.0 455.0 47570.0 
502.0100602568707 7.419354838709677 97.0 566.0 12.0 457.0 47774.0 
504.0034968323633 7.451612903225806 99.0 572.0 12.0 459.0 47978.0 
506.0100602568707 7.483870967741935 103.0 574.0 12.0 461.0 48183.0 
508.00825265329087 7.516129032258065 104.0 578.0 12.0 463.0 48389.0 
510.0100602568707 7.580645161290322 103.0 582.0 12.0 467.0 48800.0 
512.0100602568707 7.612903225806452 105.0 586.0 12.0 469.0 49005.0 
514.0100602568707 7.612903225806452 106.0 587.0 12.0 469.0 49005.0 
516.0056421033959 7.629032258064516 109.0 592.0 12.0 470.0 49108.0 
518.0086479720428 7.645161290322581 111.0 593.0 12.0 471.0 49211.0 
520.0100602568707 7.645161290322581 111.0 594.0 12.0 471.0 49211.0 
522.0100602568707 7.67741935483871 111.0 594.0 12.0 473.0 49417.0 
524.0100602568707 7.67741935483871 109.0 595.0 12.0 473.0 49417.0 
526.0100602568707 7.67741935483871 112.0 598.0 12.0 473.0 49417.0 
528.0100602568707 7.709677419354838 114.0 600.0 12.0 475.0 49623.0 
530.0100602568707 7.709677419354838 114.0 601.0 12.0 475.0 49623.0 
532.0100602568707 7.709677419354838 114.0 602.0 12.0 475.0 49623.0 
534.0100602568707 7.709677419354838 116.0 603.0 12.0 475.0 49623.0 
536.0100602568707 7.725806451612903 116.0 605.0 12.0 476.0 49725.0 
538.0100602568707 7.725806451612903 117.0 606.0 12.0 476.0 49725.0 
540.0100602568707 7.741935483870968 118.0 607.0 12.0 477.0 49828.0 
542.0100602568707 7.790322580645162 120.0 609.0 12.0 480.0 50136.0 
544.0100602568707 7.806451612903226 118.0 611.0 12.0 481.0 50136.0 
546.0100602568707 7.82258064516129 119.0 612.0 12.0 482.0 50239.0 
548.0100602568707 7.838709677419354 118.0 612.0 12.0 483.0 50439.0 
550.0100602568707 7.854838709677419 117.0 612.0 12.0 484.0 50541.0 
552.0100602568707 7.854838709677419 117.0 614.0 12.0 484.0 50541.0 
554.0045952683937 7.854838709677419 119.0 615.0 12.0 484.0 50541.0 
556.0100602568707 7.870967741935484 119.0 615.0 12.0 485.0 50644.0 
558.0100602568707 7.870967741935484 119.0 616.0 12.0 485.0 50644.0 
560.0100602568707 7.903225806451613 117.0 616.0 12.0 487.0 50850.0 
562.0100602568707 7.903225806451613 117.0 616.0 12.0 487.0 50850.0 
564.0100602568707 7.951612903225806 116.0 618.0 12.0 490.0 51158.0 
566.0100602568707 8.0 114.0 619.0 12.0 493.0 51465.0 
568.0037455031141 8.080645161290322 111.0 620.0 12.0 498.0 51977.0 
570.0100602568707 8.193548387096774 106.0 621.0 12.0 505.0 52694.0 
572.0100602568707 8.193548387096774 106.0 623.0 12.0 505.0 52694.0 
574.0100602568707 8.241935483870968 108.0 627.0 12.0 508.0 53000.0 
576.0100602568707 8.274193548387096 108.0 630.0 12.0 510.0 53206.0 
578.0100602568707 8.322580645161292 107.0 631.0 12.0 513.0 53514.0 
580.0100602568707 8.403225806451612 105.0 633.0 12.0 518.0 54025.0 
582.0100602568707 8.451612903225806 104.0 636.0 12.0 521.0 54331.0 
584.0100602568707 8.46774193548387 103.0 638.0 12.0 522.0 54434.0 
586.0100602568707 8.46774193548387 104.0 638.0 12.0 522.0 54434.0 
588.0100602568707 8.53225806451613 106.0 642.0 12.0 526.0 54845.0 
590.0100602568707 8.564516129032258 102.0 642.0 12.0 528.0 55049.0 
592.0100602568707 8.629032258064516 104.0 646.0 12.0 532.0 55459.0 
594.0100602568707 8.67741935483871 101.0 647.0 12.0 535.0 55766.0 
596.0100602568707 8.725806451612904 100.0 649.0 12.0 538.0 56073.0 
598.0100602568707 8.790322580645162 98.0 652.0 12.0 542.0 56482.0 
600.0009638415073 8.82258064516129 100.0 656.0 12.0 544.0 56687.0 
602.0100602568707 8.903225806451612 100.0 661.0 12.0 549.0 57328.0 
604.0100602568707 8.943548387096774 103.0 665.0 12.0 551.0 57532.0 
606.0100602568707 9.008064516129032 103.0 670.0 12.0 555.0 57943.0 
608.0100602568707 9.088709677419354 100.0 670.0 12.0 560.0 58457.0 
610.0100602568707 9.137096774193548 99.0 672.0 12.0 563.0 58765.0 
612.0100602568707 9.185483870967742 99.0 675.0 12.0 566.0 59072.0 
614.0100602568707 9.266129032258064 96.0 677.0 12.0 571.0 59585.0 
616.0100602568707 9.28225806451613 100.0 683.0 12.0 572.0 59688.0 
618.0100602568707 9.330645161290322 100.0 684.0 12.0 575.0 59996.0 
620.0100602568707 9.379032258064516 96.0 686.0 12.0 578.0 60304.0 
622.0100602568707 9.39516129032258 99.0 691.0 12.0 579.0 60406.0 
624.0100602568707 9.39516129032258 101.0 692.0 12.0 579.0 60406.0 
626.006502779349 9.39516129032258 102.0 694.0 12.0 579.0 60406.0 
628.0100602568707 9.443548387096774 103.0 696.0 12.0 582.0 60715.0 
630.0100602568707 9.491935483870968 102.0 699.0 12.0 585.0 61022.0 
632.0100602568707 9.508064516129032 104.0 702.0 12.0 586.0 61124.0 
634.0100602568707 9.508064516129032 107.0 708.0 12.0 586.0 61124.0 
636.0100602568707 9.540322580645162 110.0 710.0 12.0 588.0 61330.0 
638.0100602568707 9.540322580645162 112.0 712.0 12.0 588.0 61330.0 
640.002061257787 9.57258064516129 110.0 715.0 12.0 590.0 61536.0 
642.0100602568707 9.588709677419354 113.0 716.0 12.0 591.0 61639.0 
644.0100602568707 9.637096774193548 112.0 716.0 12.0 594.0 61948.0 
646.0100602568707 9.653225806451612 111.0 718.0 12.0 595.0 62050.0 
648.0100602568707 9.669354838709678 111.0 719.0 12.0 596.0 62152.0 
650.0100602568707 9.669354838709678 111.0 719.0 12.0 596.0 62152.0 
652.0100602568707 9.669354838709678 112.0 720.0 12.0 596.0 62152.0 
654.0100602568707 9.685483870967742 112.0 721.0 12.0 597.0 62254.0 
656.0100602568707 9.71774193548387 111.0 722.0 12.0 599.0 62459.0 
658.0100602568707 9.71774193548387 111.0 723.0 12.0 599.0 62459.0 
660.0100602568707 9.733870967741936 114.0 725.0 12.0 600.0 62562.0 
662.0100602568707 9.733870967741936 113.0 726.0 12.0 600.0 62562.0 
664.0100602568707 9.733870967741936 114.0 726.0 12.0 600.0 62562.0 
666.0100602568707 9.75 113.0 726.0 12.0 601.0 62664.0 
668.0100602568707 9.766129032258064 114.0 727.0 12.0 602.0 62767.0 
670.0100602568707 9.798387096774194 112.0 728.0 12.0 604.0 63037.0 
672.0024808786793 9.798387096774194 114.0 730.0 12.0 604.0 63037.0 
674.0100602568707 9.846774193548388 114.0 731.0 12.0 607.0 63346.0 
676.0100602568707 9.911290322580644 112.0 732.0 12.0 611.0 63756.0 
678.0100602568707 9.943548387096774 109.0 732.0 12.0 613.0 63960.0 
680.0025284004148 9.959677419354838 107.0 735.0 12.0 614.0 64063.0 
682.0100602568707 10.008064516129032 108.0 735.0 12.0 617.0 64371.0 
684.0100602568707 10.056451612903226 110.0 740.0 12.0 620.0 64678.0 
686.0100602568707 10.07258064516129 108.0 740.0 12.0 621.0 64780.0 
688.0100602568707 10.088709677419356 106.0 740.0 12.0 622.0 64883.0 
690.0100602568707 10.153225806451612 108.0 744.0 12.0 626.0 65291.0 
692.0100602568707 10.153225806451612 108.0 746.0 12.0 626.0 65291.0 
694.0100602568707 10.21774193548387 106.0 747.0 12.0 630.0 65699.0 
696.0100602568707 10.233870967741936 108.0 750.0 12.0 631.0 65802.0 
698.0100602568707 10.266129032258064 107.0 751.0 12.0 633.0 66006.0 
700.0100602568707 10.298387096774194 108.0 754.0 12.0 635.0 66210.0 
702.0100602568707 10.362903225806452 107.0 756.0 12.0 639.0 66621.0 
704.0100602568707 10.443548387096774 104.0 758.0 12.0 644.0 67134.0 
706.0100602568707 10.491935483870968 101.0 759.0 12.0 647.0 67441.0 
708.0100602568707 10.540322580645162 99.0 760.0 12.0 650.0 67749.0 
710.0100602568707 10.588709677419356 96.0 762.0 12.0 653.0 68058.0 
712.0100602568707 10.620967741935484 98.0 763.0 12.0 655.0 68264.0 
714.0100602568707 10.669354838709676 97.0 764.0 12.0 658.0 68572.0 
716.0100602568707 10.685483870967742 94.0 764.0 12.0 659.0 68675.0 
718.0100602568707 10.78225806451613 94.0 769.0 12.0 665.0 69289.0 
720.0100602568707 10.798387096774194 94.0 771.0 12.0 666.0 69392.0 
722.0100602568707 10.830645161290324 96.0 775.0 12.0 668.0 69601.0 
724.0100602568707 10.89516129032258 96.0 779.0 12.0 672.0 70011.0 
726.0100602568707 10.92741935483871 96.0 782.0 12.0 674.0 70216.0 
728.0100602568707 10.943548387096774 96.0 784.0 12.0 675.0 70318.0 
730.0100602568707 10.975806451612904 97.0 786.0 12.0 677.0 70523.0 
732.0100602568707 11.024193548387096 97.0 789.0 12.0 680.0 70830.0 
734.0100602568707 11.07258064516129 99.0 793.0 12.0 683.0 71137.0 
736.0100602568707 11.137096774193548 99.0 796.0 12.0 687.0 71547.0 
738.0100602568707 11.201612903225806 93.0 798.0 12.0 691.0 71958.0 
740.0100602568707 11.25 98.0 803.0 12.0 694.0 72266.0 
742.0100602568707 11.25 97.0 805.0 12.0 694.0 72266.0 
744.0100602568707 11.330645161290322 97.0 807.0 12.0 699.0 72800.0 
746.0100602568707 11.330645161290322 99.0 810.0 12.0 699.0 72800.0 
748.0100602568707 11.362903225806452 102.0 815.0 12.0 701.0 73005.0 
750.0046734669047 11.39516129032258 102.0 816.0 12.0 703.0 73253.0 
752.0100602568707 11.39516129032258 104.0 821.0 12.0 703.0 73253.0 
754.0100602568707 11.411290322580646 107.0 824.0 12.0 704.0 73356.0 
756.0100602568707 11.411290322580646 109.0 826.0 12.0 704.0 73356.0 
758.0100602568707 11.42741935483871 110.0 827.0 12.0 705.0 73459.0 
760.0100602568707 11.443548387096774 111.0 829.0 12.0 706.0 73562.0 
762.0100602568707 11.491935483870968 110.0 829.0 12.0 709.0 73870.0 
764.0100602568707 11.491935483870968 111.0 833.0 12.0 709.0 73870.0 
766.0100602568707 11.508064516129032 112.0 834.0 12.0 710.0 73973.0 
768.0100602568707 11.508064516129032 113.0 836.0 12.0 710.0 73973.0 
770.0100602568707 11.524193548387096 115.0 837.0 12.0 711.0 74075.0 
772.0082197676992 11.540322580645162 114.0 838.0 12.0 712.0 74178.0 
774.0100602568707 11.57258064516129 115.0 839.0 12.0 714.0 74384.0 
776.0100602568707 11.588709677419356 114.0 840.0 12.0 715.0 74487.0 
778.0100602568707 11.60483870967742 114.0 841.0 12.0 716.0 74589.0 
780.0100602568707 11.60483870967742 114.0 842.0 12.0 716.0 74589.0 
782.0100602568707 11.620967741935484 115.0 844.0 12.0 717.0 74691.0 
784.0087593329861 11.653225806451612 113.0 845.0 12.0 719.0 74897.0 
786.0100602568707 11.741935483870968 112.0 845.0 12.0 724.0 75410.0 
788.0100602568707 11.741935483870968 111.0 848.0 12.0 724.0 75410.0 
790.0100602568707 11.741935483870968 112.0 848.0 12.0 724.0 75410.0 
792.0036483664703 11.82258064516129 111.0 849.0 12.0 729.0 76376.0 
794.0100602568707 11.85483870967742 106.0 849.0 12.0 731.0 76580.0 
796.0100602568707 11.870967741935484 106.0 850.0 12.0 732.0 76682.0 
798.0100602568707 11.919354838709676 106.0 852.0 12.0 735.0 76989.0 
800.0100602568707 11.935483870967742 107.0 854.0 12.0 736.0 77092.0 
802.0100602568707 11.96774193548387 105.0 856.0 12.0 738.0 77296.0 
804.0100602568707 12.016129032258064 106.0 858.0 12.0 741.0 77604.0 
806.0100602568707 12.048387096774194 105.0 860.0 12.0 743.0 77808.0 
808.0100602568707 12.080645161290322 105.0 861.0 12.0 745.0 78154.0 
810.0100602568707 12.080645161290322 106.0 863.0 12.0 745.0 78154.0 
812.0100602568707 12.112903225806452 109.0 867.0 12.0 747.0 78359.0 
814.0100602568707 12.14516129032258 110.0 870.0 12.0 749.0 78564.0 
816.0011108697036 12.161290322580644 110.0 871.0 12.0 750.0 78666.0 
818.0100602568707 12.161290322580644 110.0 872.0 12.0 750.0 78666.0 
820.0100602568707 12.241935483870968 108.0 873.0 12.0 755.0 79177.0 
822.0100602568707 12.274193548387096 106.0 875.0 12.0 757.0 79382.0 
824.0100602568707 12.338709677419356 108.0 879.0 12.0 761.0 79791.0 
826.0100602568707 12.387096774193548 107.0 880.0 12.0 764.0 80099.0 
828.0073625013459 12.435483870967742 103.0 881.0 12.0 767.0 80407.0 
830.0100602568707 12.451612903225806 104.0 883.0 12.0 768.0 80509.0 
832.0046777520664 12.483870967741936 103.0 886.0 12.0 770.0 80715.0 
834.0100602568707 12.548387096774194 102.0 888.0 12.0 774.0 81125.0 
836.0100602568707 12.612903225806452 101.0 891.0 12.0 778.0 81534.0 
838.0100602568707 12.661290322580644 100.0 892.0 12.0 781.0 81840.0 
840.0100602568707 12.661290322580644 102.0 896.0 12.0 781.0 81840.0 
842.0100602568707 12.758064516129032 100.0 898.0 12.0 787.0 82455.0 
844.0100602568707 12.774193548387096 99.0 899.0 13.0 788.0 82570.0 
846.0100602568707 12.838709677419356 94.0 900.0 13.0 792.0 82980.0 
848.0100602568707 12.870967741935484 94.0 901.0 13.0 794.0 83184.0 
850.0100602568707 12.919354838709676 96.0 903.0 13.0 797.0 83492.0 
852.0100602568707 12.96774193548387 94.0 906.0 13.0 800.0 83801.0 
854.0100602568707 13.03225806451613 91.0 907.0 13.0 804.0 84451.0 
856.0100602568707 13.080645161290324 89.0 909.0 13.0 807.0 84760.0 
858.0100602568707 13.129032258064516 92.0 916.0 13.0 810.0 85069.0 
860.0100602568707 13.17741935483871 94.0 919.0 13.0 813.0 85408.0 
862.0100602568707 13.193548387096774 93.0 920.0 14.0 814.0 85523.0 
864.0100602568707 13.193548387096774 95.0 923.0 14.0 814.0 85523.0 
866.0100602568707 13.241935483870968 96.0 925.0 14.0 817.0 85830.0 
868.0100602568707 13.274193548387096 95.0 927.0 14.0 819.0 86036.0 
870.0100602568707 13.290322580645162 98.0 931.0 14.0 820.0 86139.0 
872.0100602568707 13.32258064516129 98.0 933.0 14.0 822.0 86345.0 
874.0100602568707 13.32258064516129 99.0 935.0 14.0 822.0 86345.0 
876.0100602568707 13.35483870967742 101.0 940.0 14.0 824.0 86550.0 
878.0100602568707 13.370967741935484 102.0 942.0 14.0 825.0 86653.0 
880.0100602568707 13.387096774193548 105.0 946.0 14.0 826.0 86755.0 
882.0100602568707 13.403225806451612 108.0 949.0 14.0 827.0 86858.0 
884.0100602568707 13.435483870967742 109.0 950.0 14.0 829.0 87064.0 
886.0100602568707 13.435483870967742 109.0 952.0 14.0 829.0 87064.0 
888.0100602568707 13.451612903225806 109.0 953.0 14.0 830.0 87167.0 
890.0100602568707 13.483870967741936 110.0 954.0 14.0 832.0 87371.0 
892.0100602568707 13.5 109.0 956.0 14.0 833.0 87474.0 
894.0100602568707 13.516129032258064 110.0 957.0 14.0 834.0 87576.0 
896.0100602568707 13.516129032258064 110.0 960.0 14.0 834.0 87576.0 
898.0100602568707 13.548387096774194 112.0 961.0 14.0 836.0 87830.0 
900.0100602568707 13.564516129032258 113.0 963.0 14.0 837.0 87932.0 
#####################################################################
# End of data export. Simulation finished at: 2020-01-19T16:58+0000 #
#####################################################################
