#####################################################################
# Alchemist log file - simulation started at: 2020-02-10T23:08+0000 #
#####################################################################
# seed = 64.0, taskFrequency = 0.0075, cloudcost = 2.0, algorithm = false
#
# The columns have the following meaning: 
# time taskHops[Mean] hasTask[Sum] tasks[Sum] completedTasks[Sum] giveupTasks[Sum] taskLatency[Sum] 
0.0 NaN 0.0 0.0 0.0 0.0 0.0 
2.001856888354189 NaN 2.0 3.0 0.0 0.0 0.0 
4.0018568883541885 NaN 5.0 7.0 0.0 0.0 0.0 
6.0018568883541885 NaN 9.0 9.0 0.0 0.0 0.0 
8.001856888354189 NaN 10.0 11.0 0.0 0.0 0.0 
10.001856888354189 NaN 12.0 12.0 0.0 0.0 0.0 
12.001856888354189 NaN 16.0 16.0 0.0 0.0 0.0 
14.001856888354189 NaN 20.0 21.0 0.0 0.0 0.0 
16.00185688835419 NaN 21.0 22.0 0.0 0.0 0.0 
18.00185688835419 NaN 22.0 22.0 0.0 0.0 0.0 
20.00185688835419 NaN 24.0 25.0 0.0 0.0 0.0 
22.00185688835419 NaN 29.0 29.0 0.0 0.0 0.0 
24.00185688835419 NaN 30.0 31.0 0.0 0.0 0.0 
26.00185688835419 NaN 32.0 33.0 0.0 0.0 0.0 
28.00185688835419 NaN 35.0 35.0 0.0 0.0 0.0 
30.00185688835419 NaN 37.0 38.0 0.0 0.0 0.0 
32.00185688835419 NaN 39.0 39.0 0.0 0.0 0.0 
34.00185688835419 NaN 39.0 39.0 0.0 0.0 0.0 
36.00185688835419 NaN 39.0 40.0 0.0 0.0 0.0 
38.00185688835419 NaN 40.0 40.0 0.0 0.0 0.0 
40.00185688835419 NaN 40.0 40.0 0.0 0.0 0.0 
42.00185688835419 NaN 41.0 41.0 0.0 0.0 0.0 
44.00185688835419 NaN 41.0 41.0 0.0 0.0 0.0 
46.00185688835419 NaN 41.0 43.0 0.0 0.0 0.0 
48.00185688835419 NaN 43.0 43.0 0.0 0.0 0.0 
50.00185688835419 NaN 44.0 44.0 0.0 0.0 0.0 
52.00185688835419 NaN 45.0 45.0 0.0 0.0 0.0 
54.00185688835419 NaN 45.0 45.0 0.0 0.0 0.0 
56.00185688835419 NaN 45.0 45.0 0.0 0.0 0.0 
58.00185688835419 NaN 49.0 49.0 0.0 0.0 0.0 
60.00185688835419 NaN 49.0 49.0 0.0 0.0 0.0 
62.00185688835419 NaN 50.0 51.0 0.0 0.0 0.0 
64.00185688835418 NaN 51.0 51.0 0.0 0.0 0.0 
66.00185688835418 NaN 53.0 53.0 0.0 0.0 0.0 
68.00185688835418 NaN 54.0 54.0 0.0 0.0 0.0 
70.00185688835418 NaN 55.0 57.0 0.0 0.0 0.0 
72.00185688835418 NaN 57.0 57.0 0.0 0.0 0.0 
74.00185688835418 NaN 58.0 58.0 0.0 0.0 0.0 
76.00185688835418 NaN 59.0 59.0 0.0 0.0 0.0 
78.00185688835418 NaN 59.0 60.0 0.0 0.0 0.0 
80.00185688835418 NaN 61.0 61.0 0.0 0.0 0.0 
82.00185688835418 NaN 62.0 62.0 0.0 0.0 0.0 
84.00185688835418 NaN 62.0 62.0 0.0 0.0 0.0 
86.00185688835418 NaN 62.0 62.0 0.0 0.0 0.0 
88.00185688835418 NaN 63.0 63.0 0.0 0.0 0.0 
90.00185688835418 NaN 63.0 64.0 0.0 0.0 0.0 
92.00185688835418 NaN 66.0 66.0 0.0 0.0 0.0 
94.00185688835418 NaN 67.0 67.0 0.0 0.0 0.0 
96.00185688835418 NaN 67.0 67.0 0.0 0.0 0.0 
98.00185688835418 NaN 68.0 68.0 0.0 0.0 0.0 
100.00185688835418 NaN 69.0 69.0 0.0 0.0 0.0 
102.00185688835418 NaN 69.0 69.0 0.0 0.0 0.0 
104.00185688835418 NaN 70.0 71.0 0.0 0.0 0.0 
106.00185688835418 NaN 72.0 72.0 0.0 0.0 0.0 
108.00185688835418 2.0 71.0 72.0 0.0 2.0 209.0 
110.00185688835418 2.0 69.0 72.0 0.0 3.0 314.0 
112.00185688835418 2.0 67.0 72.0 0.0 6.0 629.0 
114.00185688835418 2.0 65.0 72.0 0.0 10.0 1045.0 
116.00185688835418 2.0 63.0 76.0 0.0 13.0 1353.0 
118.00185688835418 2.0 65.0 78.0 0.0 13.0 1353.0 
120.00185688835418 2.0 66.0 80.0 0.0 14.0 1456.0 
122.00185688835418 2.0 67.0 81.0 0.0 16.0 1662.0 
124.00185688835418 2.0 63.0 82.0 0.0 21.0 2192.0 
126.00185688835418 2.0 60.0 82.0 0.0 23.0 2414.0 
128.00185688835418 2.0 58.0 82.0 0.0 25.0 2619.0 
130.00185688835418 2.0 55.0 83.0 0.0 29.0 3050.0 
132.00185688835418 2.0 53.0 85.0 0.0 31.0 3254.0 
134.00185688835418 2.0 53.0 85.0 0.0 34.0 3591.0 
136.00185688835418 2.0 51.0 85.0 0.0 34.0 3591.0 
138.00185688835418 2.0 53.0 87.0 0.0 36.0 3842.0 
140.00185688835418 2.0 50.0 88.0 0.0 37.0 3945.0 
142.00185688835418 2.0 51.0 88.0 0.0 37.0 3945.0 
144.00185688835418 2.0 52.0 89.0 0.0 38.0 4047.0 
146.00185688835418 2.0 51.0 89.0 0.0 38.0 4047.0 
148.00185688835418 2.0 54.0 92.0 0.0 38.0 4047.0 
150.00185688835418 2.0 53.0 93.0 0.0 40.0 4253.0 
152.00185688835418 2.0 54.0 94.0 0.0 41.0 4356.0 
154.00185688835418 2.0 52.0 94.0 0.0 42.0 4458.0 
156.00185688835418 2.0 53.0 95.0 0.0 42.0 4458.0 
158.00185688835418 2.0 55.0 97.0 0.0 42.0 4458.0 
160.00185688835418 2.0 53.0 97.0 0.0 46.0 4866.0 
162.00185688835418 2.0 53.0 99.0 0.0 46.0 4866.0 
164.00185688835418 2.0 54.0 100.0 0.0 48.0 5129.0 
166.00185688835418 2.0 51.0 101.0 0.0 50.0 5383.0 
168.00185688835418 2.0 51.0 101.0 0.0 51.0 5486.0 
170.00185688835418 2.0 51.0 102.0 0.0 52.0 5589.0 
172.00185688835418 2.0 51.0 103.0 0.0 53.0 5691.0 
174.00185688835418 2.0 48.0 103.0 0.0 55.0 5897.0 
176.00185688835418 2.0 48.0 103.0 0.0 56.0 6000.0 
178.00185688835418 2.0 48.0 105.0 0.0 57.0 6102.0 
180.00185688835418 2.0 48.0 105.0 0.0 57.0 6102.0 
182.00185688835418 2.0 48.0 106.0 0.0 59.0 6307.0 
184.00185688835418 2.0 46.0 107.0 0.0 60.0 6409.0 
186.00185688835418 2.0 47.0 107.0 0.0 60.0 6409.0 
188.00185688835418 2.0 48.0 108.0 0.0 60.0 6409.0 
190.00185688835418 2.0 47.0 108.0 0.0 61.0 6511.0 
192.00185688835418 2.0 49.0 110.0 0.0 61.0 6511.0 
194.00185688835418 2.0 48.0 112.0 0.0 64.0 6819.0 
196.00185688835418 2.0 47.0 112.0 0.0 65.0 6921.0 
198.00185688835418 2.0 48.0 113.0 0.0 65.0 6921.0 
200.00185688835418 2.0 47.0 114.0 0.0 66.0 7023.0 
202.00185688835418 2.0 47.0 114.0 0.0 67.0 7125.0 
204.00185688835418 2.0 47.0 114.0 0.0 67.0 7125.0 
206.00185688835418 2.0 48.0 115.0 0.0 68.0 7227.0 
208.00185688835418 2.0 46.0 116.0 0.0 70.0 7432.0 
210.00185688835418 2.0 47.0 117.0 0.0 70.0 7432.0 
212.00185688835418 2.0 48.0 118.0 0.0 70.0 7432.0 
214.00185688835418 2.0 49.0 119.0 0.0 70.0 7432.0 
216.00185688835418 2.0 50.0 120.0 0.0 70.0 7432.0 
218.00185688835418 2.0 50.0 120.0 0.0 72.0 7637.0 
220.00185688835418 2.027027027027027 47.0 121.0 0.0 75.0 7946.0 
222.00185688835418 2.026666666666667 46.0 121.0 0.0 76.0 8048.0 
224.00185688835418 2.026315789473684 44.0 121.0 0.0 77.0 8150.0 
226.00185688835418 2.026315789473684 44.0 121.0 0.0 77.0 8150.0 
228.00185688835418 2.026315789473684 44.0 121.0 0.0 77.0 8150.0 
230.00185688835418 2.026315789473684 45.0 122.0 0.0 77.0 8150.0 
232.00185688835418 2.026315789473684 46.0 123.0 0.0 77.0 8150.0 
234.00185688835418 2.051948051948052 45.0 124.0 0.0 79.0 8356.0 
236.00185688835418 2.0779220779220777 44.0 124.0 0.0 80.0 8459.0 
238.00185688835418 2.0779220779220777 45.0 125.0 0.0 80.0 8459.0 
240.00185688835418 2.0759493670886076 47.0 127.0 0.0 82.0 8664.0 
242.00185688835418 2.0759493670886076 45.0 127.0 0.0 82.0 8664.0 
244.00185688835418 2.075 44.0 127.0 0.0 83.0 8767.0 
246.00185688835418 2.074074074074074 44.0 128.0 0.0 84.0 8869.0 
248.00185688835418 2.074074074074074 44.0 128.0 0.0 84.0 8869.0 
250.00185688835418 2.0963855421686746 42.0 129.0 0.0 87.0 9175.0 
252.00185688835418 2.0963855421686746 42.0 129.0 0.0 87.0 9175.0 
254.00185688835418 2.0952380952380953 42.0 130.0 0.0 88.0 9277.0 
256.00185688835415 2.0952380952380953 43.0 132.0 0.0 88.0 9277.0 
258.00185688835415 2.0941176470588236 45.0 133.0 0.0 89.0 9379.0 
260.00185688835415 2.0930232558139537 45.0 134.0 0.0 90.0 9522.0 
262.00185688835415 2.0930232558139537 44.0 134.0 0.0 90.0 9522.0 
264.00185688835415 2.0919540229885056 45.0 135.0 0.0 91.0 9625.0 
266.00185688835415 2.090909090909091 43.0 135.0 0.0 92.0 9727.0 
268.00185688835415 2.0898876404494384 43.0 135.0 0.0 93.0 9829.0 
270.00185688835415 2.0898876404494384 42.0 135.0 0.0 93.0 9829.0 
272.00185688835415 2.1123595505617976 43.0 136.0 0.0 94.0 9931.0 
274.00185688835415 2.1333333333333333 41.0 136.0 0.0 96.0 10242.0 
276.00185688835415 2.1333333333333333 41.0 137.0 0.0 96.0 10242.0 
278.00185688835415 2.1333333333333333 41.0 137.0 0.0 96.0 10242.0 
280.00185688835415 2.1555555555555554 42.0 139.0 0.0 97.0 10344.0 
282.00185688835415 2.1538461538461537 43.0 140.0 0.0 98.0 10465.0 
284.00185688835415 2.152173913043478 41.0 140.0 0.0 99.0 10567.0 
286.00185688835415 2.152173913043478 42.0 141.0 0.0 99.0 10567.0 
288.00185688835415 2.150537634408602 42.0 142.0 0.0 100.0 10670.0 
290.00185688835415 2.148936170212766 42.0 142.0 0.0 101.0 10773.0 
292.00185688835415 2.148936170212766 41.0 142.0 0.0 101.0 10773.0 
294.0017486763037 2.1473684210526316 41.0 143.0 0.0 102.0 10876.0 
296.00185688835415 2.1458333333333335 42.0 144.0 0.0 103.0 10978.0 
298.00185688835415 2.1458333333333335 41.0 144.0 0.0 103.0 10978.0 
300.00185688835415 2.1458333333333335 42.0 145.0 0.0 103.0 10978.0 
302.00185688835415 2.1458333333333335 43.0 146.0 0.0 103.0 10978.0 
304.00185688835415 2.1443298969072164 42.0 146.0 0.0 104.0 11081.0 
306.00185688835415 2.1443298969072164 42.0 146.0 0.0 104.0 11081.0 
308.00185688835415 2.1649484536082473 42.0 146.0 0.0 105.0 11184.0 
310.00185688835415 2.1649484536082473 41.0 146.0 0.0 105.0 11184.0 
312.00185688835415 2.183673469387755 40.0 147.0 0.0 107.0 11390.0 
314.00185688835415 2.1818181818181817 42.0 149.0 0.0 108.0 11493.0 
316.00185688835415 2.202020202020202 44.0 152.0 0.0 109.0 11595.0 
318.00185688835415 2.2222222222222223 43.0 152.0 0.0 110.0 11698.0 
320.00185688835415 2.2222222222222223 44.0 154.0 0.0 110.0 11698.0 
322.00185688835415 2.242424242424242 45.0 155.0 0.0 111.0 11801.0 
324.00185688835415 2.242424242424242 44.0 155.0 0.0 111.0 11801.0 
326.00185688835415 2.24 44.0 155.0 0.0 112.0 12003.0 
328.00185688835415 2.24 45.0 157.0 0.0 112.0 12003.0 
330.00185688835415 2.24 46.0 159.0 0.0 112.0 12003.0 
332.00185688835415 2.26 47.0 159.0 0.0 113.0 12105.0 
334.00185688835415 2.257425742574257 46.0 160.0 0.0 114.0 12207.0 
336.00185688835415 2.257425742574257 46.0 160.0 0.0 114.0 12207.0 
338.00185688835415 2.277227722772277 45.0 160.0 0.0 115.0 12310.0 
340.00185688835415 2.297029702970297 46.0 161.0 0.0 116.0 12412.0 
342.00185688835415 2.2941176470588234 48.0 164.0 0.0 117.0 12514.0 
344.00185688835415 2.2941176470588234 48.0 166.0 0.0 117.0 12514.0 
346.00185688835415 2.2941176470588234 49.0 166.0 0.0 117.0 12514.0 
348.00185688835415 2.2941176470588234 50.0 168.0 0.0 117.0 12514.0 
350.00185688835415 2.29126213592233 50.0 168.0 0.0 118.0 12617.0 
352.00185688835415 2.29126213592233 50.0 168.0 0.0 118.0 12617.0 
354.00185688835415 2.3106796116504853 49.0 168.0 0.0 119.0 12720.0 
356.00185688835415 2.3300970873786406 48.0 169.0 0.0 120.0 12822.0 
358.00185688835415 2.326923076923077 49.0 171.0 0.0 121.0 12924.0 
360.00185688835415 2.3653846153846154 51.0 173.0 0.0 123.0 13130.0 
362.00185688835415 2.3846153846153846 50.0 173.0 0.0 124.0 13233.0 
364.00185688835415 2.3846153846153846 49.0 173.0 0.0 124.0 13233.0 
366.00185688835415 2.380952380952381 49.0 173.0 0.0 125.0 13335.0 
368.00185688835415 2.380952380952381 49.0 175.0 0.0 125.0 13335.0 
370.00185688835415 2.4 50.0 175.0 0.0 126.0 13465.0 
372.00185688835415 2.4 50.0 176.0 0.0 126.0 13465.0 
374.00185688835415 2.419047619047619 51.0 177.0 0.0 127.0 13567.0 
376.00185688835415 2.4339622641509435 50.0 178.0 0.0 128.0 13823.0 
378.00185688835415 2.4299065420560746 50.0 178.0 0.0 129.0 13926.0 
380.00185688835415 2.4220183486238533 48.0 178.0 0.0 131.0 14330.0 
382.00185688835415 2.4324324324324325 46.0 179.0 0.0 134.0 14739.0 
384.00185688835415 2.4504504504504503 44.0 179.0 0.0 135.0 14841.0 
386.00185688835415 2.4504504504504503 46.0 181.0 0.0 135.0 14841.0 
388.00185688835415 2.4774774774774775 47.0 182.0 0.0 136.0 14943.0 
390.00185688835415 2.4732142857142856 45.0 182.0 0.0 137.0 15045.0 
392.00185688835415 2.4732142857142856 45.0 182.0 0.0 137.0 15045.0 
394.00185688835415 2.4732142857142856 45.0 182.0 0.0 137.0 15045.0 
396.00185688835415 2.4732142857142856 45.0 183.0 0.0 137.0 15045.0 
398.00185688835415 2.5089285714285716 45.0 183.0 0.0 139.0 15249.0 
400.00185688835415 2.5089285714285716 44.0 183.0 0.0 139.0 15249.0 
402.00185688835415 2.5267857142857144 44.0 183.0 0.0 140.0 15352.0 
404.00185688835415 2.544642857142857 43.0 184.0 0.0 141.0 15455.0 
406.00185688835415 2.544642857142857 44.0 185.0 0.0 141.0 15455.0 
408.00185688835415 2.544642857142857 45.0 187.0 0.0 141.0 15455.0 
410.00185688835415 2.544642857142857 46.0 187.0 0.0 141.0 15455.0 
412.00185688835415 2.544642857142857 47.0 188.0 0.0 141.0 15455.0 
414.00185688835415 2.544642857142857 48.0 189.0 0.0 141.0 15455.0 
416.00185688835415 2.5982142857142856 46.0 189.0 0.0 144.0 15762.0 
418.00185688835415 2.6517857142857144 47.0 191.0 0.0 147.0 16068.0 
420.00185688835415 2.6517857142857144 44.0 191.0 0.0 147.0 16068.0 
422.00185688835415 2.705357142857143 44.0 192.0 0.0 150.0 16501.0 
424.00185688835415 2.7232142857142856 42.0 192.0 0.0 151.0 16604.0 
426.00185688835415 2.7168141592920354 41.0 192.0 0.0 152.0 16881.0 
428.00185688835415 2.7168141592920354 40.0 192.0 0.0 152.0 16881.0 
430.00185688835415 2.752212389380531 40.0 192.0 0.0 154.0 17086.0 
432.00185688835415 2.752212389380531 38.0 192.0 0.0 154.0 17086.0 
434.00185688835415 2.752212389380531 38.0 193.0 0.0 154.0 17086.0 
436.00185688835415 2.769911504424779 41.0 195.0 0.0 155.0 17188.0 
438.00185688835415 2.769911504424779 40.0 195.0 0.0 155.0 17188.0 
440.00185688835415 2.769911504424779 40.0 195.0 0.0 155.0 17188.0 
442.00185688835415 2.7876106194690267 40.0 195.0 0.0 156.0 17291.0 
444.00185688835415 2.84070796460177 39.0 196.0 0.0 159.0 17598.0 
446.00185688835415 2.8584070796460175 36.0 197.0 0.0 160.0 17700.0 
448.00185688835415 2.8761061946902653 36.0 197.0 0.0 161.0 17803.0 
450.00185688835415 2.893805309734513 36.0 198.0 0.0 162.0 17905.0 
452.00185688835415 2.893805309734513 36.0 198.0 0.0 162.0 17905.0 
454.00185688835415 2.893805309734513 36.0 198.0 0.0 162.0 17905.0 
456.00185688835415 2.893805309734513 36.0 198.0 0.0 162.0 17905.0 
458.00185688835415 2.893805309734513 36.0 198.0 0.0 162.0 17905.0 
460.00185688835415 2.911504424778761 35.0 198.0 0.0 163.0 18008.0 
462.00185688835415 2.956140350877193 32.0 198.0 0.0 167.0 18419.0 
464.00185688835415 2.956140350877193 31.0 198.0 0.0 167.0 18419.0 
466.00185688835415 2.956140350877193 32.0 199.0 0.0 167.0 18419.0 
468.00185688835415 2.956140350877193 35.0 202.0 0.0 167.0 18419.0 
470.00185688835415 2.973684210526316 36.0 203.0 0.0 168.0 18522.0 
472.00185688835415 2.973684210526316 35.0 204.0 0.0 168.0 18522.0 
474.00185688835415 2.965217391304348 39.0 207.0 0.0 169.0 18625.0 
476.00185688835415 2.982608695652174 38.0 208.0 0.0 170.0 18727.0 
478.00185688835415 2.982608695652174 39.0 209.0 0.0 170.0 18727.0 
480.00185688835415 2.9741379310344827 38.0 209.0 0.0 171.0 18830.0 
482.00185688835415 2.9741379310344827 38.0 209.0 0.0 171.0 18830.0 
484.00185688835415 2.9913793103448274 38.0 209.0 0.0 172.0 18932.0 
486.00185688835415 2.9913793103448274 37.0 209.0 0.0 172.0 18932.0 
488.00185688835415 3.0258620689655173 39.0 211.0 0.0 174.0 19136.0 
490.00185688835415 3.043103448275862 39.0 213.0 0.0 175.0 19238.0 
492.00185688835415 3.043103448275862 39.0 214.0 0.0 175.0 19238.0 
494.00185688835415 3.043103448275862 40.0 215.0 0.0 175.0 19238.0 
496.00185688835415 3.043103448275862 41.0 216.0 0.0 175.0 19238.0 
498.00185688835415 3.043103448275862 41.0 216.0 0.0 175.0 19238.0 
500.00185688835415 3.060344827586207 41.0 217.0 0.0 176.0 19341.0 
502.00185688835415 3.060344827586207 41.0 217.0 0.0 176.0 19341.0 
504.00185688835415 3.060344827586207 42.0 219.0 0.0 176.0 19341.0 
506.00185688835415 3.060344827586207 43.0 219.0 0.0 176.0 19341.0 
508.00185688835415 3.0948275862068964 43.0 220.0 0.0 178.0 19546.0 
510.00185688835415 3.1293103448275863 42.0 222.0 0.0 180.0 19827.0 
512.0018568883542 3.1293103448275863 43.0 223.0 0.0 180.0 19827.0 
514.0018568883542 3.1196581196581197 43.0 223.0 0.0 181.0 19929.0 
516.0018568883542 3.1367521367521367 43.0 224.0 0.0 182.0 20032.0 
518.0018568883542 3.1367521367521367 43.0 225.0 0.0 182.0 20032.0 
520.0018568883542 3.1538461538461537 42.0 226.0 0.0 183.0 20134.0 
522.0018568883542 3.1538461538461537 44.0 228.0 0.0 183.0 20134.0 
524.0018568883542 3.170940170940171 45.0 228.0 0.0 184.0 20236.0 
526.0018568883542 3.170940170940171 44.0 229.0 0.0 184.0 20236.0 
528.0018568883542 3.170940170940171 46.0 230.0 0.0 184.0 20236.0 
530.0018568883542 3.170940170940171 46.0 230.0 0.0 184.0 20236.0 
532.0018568883542 3.170940170940171 46.0 230.0 0.0 184.0 20236.0 
534.0018568883542 3.170940170940171 48.0 232.0 0.0 184.0 20236.0 
536.0018568883542 3.170940170940171 48.0 232.0 0.0 184.0 20236.0 
538.0018568883542 3.2222222222222223 46.0 233.0 0.0 187.0 20543.0 
540.0018568883542 3.2393162393162394 46.0 234.0 0.0 188.0 20665.0 
542.0018568883542 3.2288135593220337 46.0 235.0 0.0 189.0 20858.0 
544.0018568883542 3.2288135593220337 47.0 236.0 0.0 189.0 20858.0 
546.0018568883542 3.2288135593220337 48.0 237.0 0.0 189.0 20858.0 
548.0018568883542 3.2184873949579833 48.0 239.0 0.0 190.0 20961.0 
550.0018568883542 3.235294117647059 48.0 239.0 0.0 191.0 21064.0 
552.0018568883542 3.2521008403361344 48.0 239.0 0.0 192.0 21166.0 
554.0018568883542 3.2521008403361344 49.0 241.0 0.0 192.0 21166.0 
556.0018568883542 3.2521008403361344 49.0 242.0 0.0 192.0 21166.0 
558.0018568883542 3.2521008403361344 52.0 244.0 0.0 192.0 21166.0 
560.0018568883542 3.2521008403361344 52.0 244.0 0.0 192.0 21166.0 
562.0018568883542 3.2521008403361344 52.0 244.0 0.0 192.0 21166.0 
564.0018568883542 3.2521008403361344 53.0 245.0 0.0 192.0 21166.0 
566.0018568883542 3.26890756302521 54.0 246.0 0.0 193.0 21364.0 
568.0018568883542 3.2857142857142856 54.0 247.0 0.0 194.0 21467.0 
570.0018568883542 3.3025210084033616 53.0 247.0 0.0 195.0 21569.0 
572.0018568883542 3.3193277310924367 52.0 247.0 0.0 196.0 21672.0 
574.0018568883542 3.3193277310924367 52.0 248.0 0.0 196.0 21672.0 
576.0018568883542 3.3865546218487395 51.0 249.0 0.0 200.0 22082.0 
578.0018568883542 3.403361344537815 51.0 251.0 0.0 201.0 22184.0 
580.0018568883542 3.4201680672268906 51.0 252.0 0.0 202.0 22297.0 
582.0018568883542 3.408333333333333 49.0 252.0 0.0 203.0 22549.0 
584.0018568883542 3.425 49.0 252.0 0.0 204.0 22655.0 
586.0018568883542 3.425 48.0 252.0 0.0 204.0 22655.0 
588.0018568883542 3.425 48.0 252.0 0.0 204.0 22655.0 
590.0018568883542 3.458333333333333 47.0 252.0 0.0 206.0 22859.0 
592.0018568883542 3.4916666666666667 48.0 254.0 0.0 208.0 23065.0 
594.0018568883542 3.5083333333333333 46.0 255.0 0.0 209.0 23167.0 
596.0018568883542 3.525 45.0 256.0 0.0 210.0 23269.0 
598.0018568883542 3.541666666666667 47.0 257.0 0.0 211.0 23371.0 
600.0018568883542 3.541666666666667 46.0 257.0 0.0 211.0 23371.0 
602.0018568883542 3.558333333333333 47.0 259.0 0.0 212.0 23474.0 
604.0018568883542 3.558333333333333 47.0 259.0 0.0 212.0 23474.0 
606.0018568883542 3.575 46.0 259.0 0.0 213.0 23576.0 
608.0018568883542 3.591666666666667 45.0 259.0 0.0 214.0 23679.0 
610.0018568883542 3.6083333333333334 45.0 259.0 0.0 215.0 23782.0 
612.0018568883542 3.6416666666666666 44.0 259.0 0.0 217.0 23987.0 
614.0018568883542 3.658333333333333 44.0 261.0 0.0 218.0 24089.0 
616.0018568883542 3.658333333333333 45.0 263.0 0.0 218.0 24089.0 
618.0018568883542 3.675 44.0 264.0 0.0 219.0 24191.0 
620.0018568883542 3.691666666666667 45.0 265.0 0.0 220.0 24293.0 
622.0018568883542 3.691666666666667 45.0 265.0 0.0 220.0 24293.0 
624.0018568883542 3.708333333333333 44.0 265.0 0.0 221.0 24396.0 
626.0018568883542 3.725 45.0 267.0 0.0 222.0 24499.0 
628.0018568883542 3.725 45.0 267.0 0.0 222.0 24499.0 
630.0018568883542 3.775 43.0 268.0 0.0 225.0 24811.0 
632.0018568883542 3.775 43.0 268.0 0.0 225.0 24811.0 
634.0018568883542 3.775 43.0 268.0 0.0 225.0 24811.0 
636.0018568883542 3.808333333333333 41.0 268.0 0.0 227.0 25015.0 
638.0018568883542 3.808333333333333 42.0 270.0 0.0 227.0 25015.0 
640.0018568883542 3.825 44.0 272.0 0.0 228.0 25117.0 
642.0018568883542 3.825 45.0 275.0 0.0 228.0 25117.0 
644.0018568883542 3.8583333333333334 46.0 275.0 0.0 230.0 25323.0 
646.0018568883542 3.875 45.0 276.0 0.0 231.0 25426.0 
648.0018568883542 3.8916666666666666 46.0 279.0 0.0 232.0 25528.0 
650.0018568883542 3.87603305785124 47.0 279.0 0.0 233.0 25631.0 
652.0018568883542 3.8925619834710745 47.0 281.0 0.0 234.0 25734.0 
654.0018568883542 3.8925619834710745 47.0 281.0 0.0 234.0 25734.0 
656.0018568883542 3.925619834710744 45.0 282.0 0.0 236.0 25938.0 
658.0018568883542 3.925619834710744 46.0 282.0 0.0 236.0 25938.0 
660.0018568883542 3.975206611570248 46.0 284.0 0.0 239.0 26245.0 
662.0018568883542 3.975206611570248 46.0 285.0 0.0 239.0 26245.0 
664.0018568883542 3.975206611570248 46.0 286.0 0.0 239.0 26245.0 
666.0018568883542 3.9917355371900825 48.0 287.0 0.0 240.0 26348.0 
668.0018568883542 3.975409836065574 47.0 288.0 0.0 241.0 26450.0 
670.0018568883542 3.9918032786885247 47.0 288.0 0.0 242.0 26553.0 
672.0018568883542 3.9918032786885247 46.0 288.0 0.0 242.0 26553.0 
674.0018568883542 3.9918032786885247 47.0 289.0 0.0 242.0 26553.0 
676.0018568883542 4.008196721311475 46.0 290.0 0.0 243.0 26655.0 
678.0018568883542 4.024590163934426 47.0 290.0 0.0 244.0 26757.0 
680.0018568883542 4.040983606557377 47.0 291.0 0.0 245.0 26859.0 
682.0018568883542 4.057377049180328 47.0 292.0 0.0 246.0 26961.0 
684.0018568883542 4.057377049180328 46.0 293.0 0.0 246.0 26961.0 
686.0018568883542 4.057377049180328 47.0 294.0 0.0 246.0 26961.0 
688.0018568883542 4.057377049180328 51.0 298.0 0.0 246.0 26961.0 
690.0018568883542 4.057377049180328 52.0 299.0 0.0 246.0 26961.0 
692.0018568883542 4.057377049180328 53.0 299.0 0.0 246.0 26961.0 
694.0018568883542 4.090163934426229 51.0 299.0 0.0 248.0 27165.0 
696.0018568883542 4.10655737704918 51.0 300.0 0.0 249.0 27267.0 
698.0018568883542 4.10655737704918 52.0 301.0 0.0 249.0 27267.0 
700.0018568883542 4.10655737704918 52.0 301.0 0.0 249.0 27267.0 
702.0018568883542 4.10655737704918 54.0 303.0 0.0 249.0 27267.0 
704.0018568883542 4.122950819672131 54.0 303.0 0.0 250.0 27370.0 
706.0018568883542 4.139344262295082 54.0 305.0 0.0 251.0 27473.0 
708.0018568883542 4.139344262295082 54.0 306.0 0.0 251.0 27473.0 
710.0018568883542 4.139344262295082 55.0 306.0 0.0 251.0 27473.0 
712.0018568883542 4.139344262295082 55.0 306.0 0.0 251.0 27473.0 
714.0018568883542 4.139344262295082 55.0 306.0 0.0 251.0 27473.0 
716.0018568883542 4.172131147540983 55.0 306.0 0.0 253.0 27677.0 
718.0018568883542 4.204918032786885 53.0 306.0 0.0 255.0 27883.0 
720.0018568883542 4.204918032786885 51.0 306.0 0.0 255.0 27883.0 
722.0018568883542 4.237704918032787 50.0 306.0 0.0 257.0 28088.0 
724.0018568883542 4.237704918032787 53.0 310.0 0.0 257.0 28088.0 
726.0018568883542 4.237704918032787 53.0 310.0 0.0 257.0 28088.0 
728.0018568883542 4.270491803278689 52.0 311.0 0.0 259.0 28293.0 
730.0018568883542 4.270491803278689 52.0 311.0 0.0 259.0 28293.0 
732.0018568883542 4.286885245901639 52.0 312.0 0.0 260.0 28395.0 
734.0018568883542 4.286885245901639 52.0 312.0 0.0 260.0 28395.0 
736.0018568883542 4.30327868852459 52.0 312.0 0.0 261.0 28723.0 
738.0018568883542 4.30327868852459 51.0 312.0 0.0 261.0 28723.0 
740.0018568883542 4.319672131147541 52.0 313.0 0.0 262.0 28826.0 
742.0018568883542 4.336065573770492 50.0 313.0 0.0 263.0 28929.0 
744.0018568883542 4.368852459016393 50.0 314.0 0.0 265.0 29134.0 
746.0018568883542 4.385245901639344 49.0 315.0 0.0 266.0 29237.0 
748.0018568883542 4.385245901639344 49.0 315.0 0.0 266.0 29237.0 
750.0018568883542 4.434426229508197 50.0 318.0 0.0 269.0 29545.0 
752.0018568883542 4.450819672131147 48.0 319.0 0.0 270.0 29648.0 
754.0018568883542 4.516393442622951 49.0 320.0 0.0 274.0 30249.0 
756.0018568883542 4.495934959349594 47.0 322.0 0.0 275.0 30984.0 
758.0018568883542 4.495934959349594 47.0 322.0 0.0 275.0 30984.0 
760.0018568883542 4.512195121951219 47.0 323.0 0.0 276.0 31087.0 
762.0018568883542 4.544715447154472 47.0 323.0 0.0 278.0 31291.0 
764.0018568883542 4.560975609756097 44.0 323.0 0.0 279.0 31393.0 
766.0018568883542 4.560975609756097 44.0 323.0 0.0 279.0 31393.0 
768.0018568883542 4.59349593495935 42.0 323.0 0.0 281.0 31598.0 
770.0018568883542 4.609756097560975 42.0 323.0 0.0 282.0 31700.0 
772.0018568883542 4.609756097560975 41.0 323.0 0.0 282.0 31700.0 
774.0018568883542 4.609756097560975 41.0 323.0 0.0 282.0 31700.0 
776.0018568883542 4.626016260162602 41.0 324.0 0.0 283.0 31802.0 
778.0018568883542 4.626016260162602 42.0 325.0 0.0 283.0 31802.0 
780.0018568883542 4.642276422764228 42.0 328.0 0.0 284.0 31905.0 
782.0018568883542 4.658536585365853 44.0 328.0 0.0 285.0 32008.0 
784.0018568883542 4.67479674796748 44.0 330.0 0.0 286.0 32110.0 
786.0018568883542 4.67479674796748 44.0 330.0 0.0 286.0 32110.0 
788.0018568883542 4.691056910569106 43.0 331.0 0.0 287.0 32213.0 
790.0018568883542 4.7560975609756095 43.0 333.0 0.0 291.0 32622.0 
792.0018568883542 4.772357723577236 41.0 335.0 0.0 292.0 32725.0 
794.0018568883542 4.788617886178862 43.0 336.0 0.0 293.0 32828.0 
796.0018568883542 4.788617886178862 43.0 336.0 0.0 293.0 32828.0 
798.0018568883542 4.804878048780488 45.0 338.0 0.0 294.0 32930.0 
800.0018568883542 4.821138211382114 43.0 338.0 0.0 295.0 33032.0 
802.0018568883542 4.821138211382114 43.0 338.0 0.0 295.0 33032.0 
804.0018568883542 4.853658536585366 43.0 338.0 0.0 297.0 33236.0 
806.0018568883542 4.853658536585366 42.0 341.0 0.0 297.0 33236.0 
808.0018568883542 4.8861788617886175 43.0 341.0 0.0 299.0 33440.0 
810.0018568883542 4.8861788617886175 43.0 343.0 0.0 299.0 33440.0 
812.0018568883542 4.902439024390244 43.0 343.0 0.0 300.0 33543.0 
814.0018568883542 4.902439024390244 43.0 343.0 0.0 300.0 33543.0 
816.0018568883542 4.902439024390244 43.0 343.0 0.0 300.0 33543.0 
818.0018568883542 4.902439024390244 44.0 344.0 0.0 300.0 33543.0 
820.0018568883542 4.902439024390244 45.0 345.0 0.0 300.0 33543.0 
822.0018568883542 4.902439024390244 45.0 345.0 0.0 300.0 33543.0 
824.0018568883542 4.902439024390244 45.0 345.0 0.0 300.0 33543.0 
826.0018568883542 4.967479674796747 43.0 345.0 0.0 304.0 33953.0 
828.0018568883542 4.967479674796747 41.0 346.0 0.0 304.0 33953.0 
830.0018568883542 4.967479674796747 42.0 346.0 0.0 304.0 33953.0 
832.0018568883542 4.983739837398374 41.0 346.0 0.0 305.0 34056.0 
834.0018568883542 4.983739837398374 42.0 347.0 0.0 305.0 34056.0 
836.0018568883542 5.016260162601626 42.0 349.0 0.0 307.0 34397.0 
838.0018568883542 5.016260162601626 44.0 351.0 0.0 307.0 34397.0 
840.0018568883542 5.016260162601626 44.0 351.0 0.0 307.0 34397.0 
842.0018568883542 5.032520325203252 43.0 351.0 0.0 308.0 34499.0 
844.0018568883542 5.032520325203252 43.0 352.0 0.0 308.0 34499.0 
846.0018568883542 5.032520325203252 44.0 352.0 0.0 308.0 34499.0 
848.0018568883542 5.048780487804878 44.0 352.0 0.0 309.0 34602.0 
850.0018568883542 5.048780487804878 43.0 352.0 0.0 309.0 34602.0 
852.0018568883542 5.08130081300813 45.0 354.0 0.0 311.0 34806.0 
854.0018568883542 5.097560975609756 42.0 354.0 0.0 312.0 34909.0 
856.0018568883542 5.138211382113822 45.0 358.0 0.0 314.0 35114.0 
858.0018568883542 5.154471544715447 43.0 359.0 0.0 315.0 35216.0 
860.0018568883542 5.154471544715447 44.0 359.0 0.0 315.0 35216.0 
862.0018568883542 5.170731707317073 44.0 359.0 0.0 316.0 35319.0 
864.0018568883542 5.170731707317073 44.0 360.0 0.0 316.0 35319.0 
866.0018568883542 5.170731707317073 44.0 360.0 0.0 316.0 35319.0 
868.0018568883542 5.170731707317073 45.0 361.0 0.0 316.0 35319.0 
870.0018568883542 5.170731707317073 47.0 363.0 0.0 316.0 35319.0 
872.0018568883542 5.170731707317073 47.0 363.0 0.0 316.0 35319.0 
874.0018568883542 5.170731707317073 48.0 364.0 0.0 316.0 35319.0 
876.0018568883542 5.170731707317073 48.0 364.0 0.0 316.0 35319.0 
878.0018568883542 5.170731707317073 49.0 365.0 0.0 316.0 35319.0 
880.0018568883542 5.186991869918699 52.0 368.0 0.0 317.0 35421.0 
882.0018568883542 5.203252032520325 51.0 369.0 0.0 318.0 35523.0 
884.0018568883542 5.252032520325203 48.0 369.0 0.0 321.0 35869.0 
886.0018568883542 5.2682926829268295 48.0 369.0 0.0 322.0 35971.0 
888.0018568883542 5.284552845528455 47.0 370.0 0.0 323.0 36074.0 
890.0018568883542 5.258064516129032 47.0 371.0 0.0 324.0 36772.0 
892.0018568883542 5.290322580645161 46.0 372.0 0.0 326.0 36977.0 
894.0018568883542 5.306451612903226 46.0 373.0 0.0 327.0 37080.0 
896.0018568883542 5.354838709677419 45.0 374.0 0.0 330.0 37389.0 
898.0018568883542 5.354838709677419 45.0 375.0 0.0 330.0 37389.0 
900.0018568883542 5.370967741935484 48.0 378.0 0.0 331.0 37492.0 
#####################################################################
# End of data export. Simulation finished at: 2020-02-10T23:09+0000 #
#####################################################################
