#####################################################################
# Alchemist log file - simulation started at: 2020-01-14T14:49+0000 #
#####################################################################
# seed = 20.0, taskFrequency = 0.00316, cloudcost = 6.0, algorithm = false
#
# The columns have the following meaning: 
# time taskHops[Mean] hasTask[Sum] tasks[Sum] completedTasks[Sum] giveupTasks[Sum] taskLatency[Sum] 
0.0 NaN 0.0 0.0 0.0 0.0 0.0 
2.003042634521602 NaN 0.0 1.0 0.0 0.0 0.0 
4.003042634521602 NaN 1.0 1.0 0.0 0.0 0.0 
6.003042634521602 NaN 2.0 2.0 0.0 0.0 0.0 
8.003042634521602 NaN 2.0 2.0 0.0 0.0 0.0 
10.003042634521602 NaN 2.0 2.0 0.0 0.0 0.0 
12.003042634521602 NaN 2.0 2.0 0.0 0.0 0.0 
14.003042634521602 NaN 2.0 2.0 0.0 0.0 0.0 
16.003042634521602 NaN 2.0 2.0 0.0 0.0 0.0 
18.003042634521602 NaN 2.0 2.0 0.0 0.0 0.0 
20.003042634521602 NaN 2.0 2.0 0.0 0.0 0.0 
22.003042634521602 NaN 2.0 2.0 0.0 0.0 0.0 
24.003042634521602 NaN 2.0 2.0 0.0 0.0 0.0 
26.003042634521602 NaN 2.0 2.0 0.0 0.0 0.0 
28.003042634521602 NaN 2.0 2.0 0.0 0.0 0.0 
30.003042634521602 NaN 2.0 2.0 0.0 0.0 0.0 
32.003042634521606 NaN 3.0 3.0 0.0 0.0 0.0 
34.003042634521606 NaN 3.0 3.0 0.0 0.0 0.0 
36.003042634521606 NaN 4.0 5.0 0.0 0.0 0.0 
38.003042634521606 NaN 5.0 5.0 0.0 0.0 0.0 
40.003042634521606 NaN 5.0 5.0 0.0 0.0 0.0 
42.003042634521606 NaN 6.0 6.0 0.0 0.0 0.0 
44.003042634521606 NaN 6.0 6.0 0.0 0.0 0.0 
46.003042634521606 NaN 6.0 6.0 0.0 0.0 0.0 
48.003042634521606 NaN 7.0 7.0 0.0 0.0 0.0 
50.003042634521606 NaN 8.0 8.0 0.0 0.0 0.0 
52.003042634521606 NaN 9.0 10.0 0.0 0.0 0.0 
54.003042634521606 NaN 11.0 11.0 0.0 0.0 0.0 
56.003042634521606 2.0 12.0 13.0 1.0 0.0 14.0 
58.003042634521606 2.0 12.0 13.0 1.0 0.0 14.0 
60.003042634521606 2.0 12.0 13.0 1.0 0.0 14.0 
62.003042634521606 2.0 13.0 14.0 1.0 0.0 14.0 
64.0030426345216 2.0 13.0 14.0 1.0 0.0 14.0 
66.0030426345216 2.0 13.0 14.0 1.0 0.0 14.0 
68.0030426345216 2.0 14.0 15.0 1.0 0.0 14.0 
70.0030426345216 2.0 14.0 16.0 2.0 0.0 47.0 
72.0030426345216 2.0 16.0 18.0 2.0 0.0 47.0 
74.0030426345216 2.0 16.0 18.0 2.0 0.0 47.0 
76.0030426345216 2.0 16.0 18.0 2.0 0.0 47.0 
78.0030426345216 2.0 17.0 19.0 2.0 0.0 47.0 
80.0030426345216 2.0 17.0 19.0 2.0 0.0 47.0 
82.0030426345216 2.0 17.0 19.0 2.0 0.0 47.0 
84.0030426345216 2.0 17.0 19.0 2.0 0.0 47.0 
86.0030426345216 2.0 17.0 19.0 2.0 0.0 47.0 
88.0030426345216 2.0 17.0 19.0 2.0 0.0 47.0 
90.0030426345216 2.0 17.0 19.0 2.0 0.0 47.0 
92.0030426345216 2.0 18.0 21.0 2.0 0.0 47.0 
94.0030426345216 2.0 19.0 21.0 2.0 0.0 47.0 
96.0030426345216 2.0 19.0 21.0 2.0 0.0 47.0 
98.0030426345216 2.0 19.0 21.0 2.0 0.0 47.0 
100.0030426345216 2.0 19.0 21.0 2.0 0.0 47.0 
102.0030426345216 2.0 20.0 22.0 2.0 0.0 47.0 
104.0030426345216 2.0 21.0 23.0 2.0 0.0 47.0 
106.0030426345216 2.0 21.0 23.0 2.0 0.0 47.0 
108.0030426345216 2.0 22.0 24.0 2.0 0.0 47.0 
110.0030426345216 2.0 22.0 24.0 2.0 0.0 47.0 
112.0030426345216 2.0 22.0 24.0 2.0 0.0 47.0 
114.0030426345216 2.0 22.0 25.0 2.0 0.0 47.0 
116.0030426345216 2.0 23.0 25.0 2.0 0.0 47.0 
118.0030426345216 2.0 23.0 25.0 2.0 0.0 47.0 
120.0030426345216 2.0 23.0 25.0 2.0 0.0 47.0 
122.0030426345216 2.0 24.0 26.0 2.0 0.0 47.0 
124.0030426345216 2.0 24.0 26.0 2.0 0.0 47.0 
126.0030426345216 2.0 24.0 26.0 2.0 0.0 47.0 
128.0030426345216 2.0 27.0 29.0 2.0 0.0 47.0 
130.0030426345216 2.0 29.0 31.0 2.0 0.0 47.0 
132.0030426345216 2.0 30.0 32.0 2.0 0.0 47.0 
134.0030426345216 2.0 30.0 32.0 2.0 0.0 47.0 
136.0030426345216 2.0 30.0 32.0 2.0 0.0 47.0 
138.0030426345216 2.0 30.0 32.0 2.0 0.0 47.0 
140.0030426345216 2.0 31.0 33.0 2.0 0.0 47.0 
142.0030426345216 2.0 31.0 33.0 2.0 0.0 47.0 
144.0030426345216 2.0 31.0 34.0 2.0 0.0 47.0 
146.0030426345216 2.0 32.0 34.0 2.0 0.0 47.0 
148.0030426345216 2.0 32.0 34.0 2.0 0.0 47.0 
150.0030426345216 2.0 33.0 35.0 2.0 0.0 47.0 
152.0030426345216 2.0 34.0 36.0 2.0 0.0 47.0 
154.0030426345216 3.3333333333333335 35.0 37.0 2.0 1.0 199.0 
156.0030426345216 4.666666666666667 33.0 39.0 2.0 4.0 529.0 
158.0030426345216 4.666666666666667 34.0 41.0 2.0 4.0 529.0 
160.0030426345216 4.666666666666667 35.0 41.0 2.0 4.0 529.0 
162.0030426345216 4.666666666666667 36.0 42.0 2.0 4.0 529.0 
164.0030426345216 4.666666666666667 36.0 42.0 2.0 4.0 529.0 
166.0030426345216 4.666666666666667 36.0 43.0 2.0 4.0 529.0 
168.0030426345216 4.666666666666667 37.0 43.0 2.0 4.0 529.0 
170.0030426345216 4.857142857142857 36.0 43.0 2.0 5.0 631.0 
172.0030426345216 4.857142857142857 37.0 44.0 2.0 5.0 631.0 
174.0030426345216 5.111111111111111 37.0 44.0 2.0 7.0 835.0 
176.0030426345216 5.2 34.0 44.0 2.0 8.0 941.0 
178.0030426345216 5.2 34.0 44.0 2.0 8.0 941.0 
180.0030426345216 5.2727272727272725 34.0 45.0 2.0 9.0 1043.0 
182.0030426345216 5.2727272727272725 34.0 45.0 2.0 9.0 1043.0 
184.0030426345216 5.2727272727272725 34.0 45.0 2.0 9.0 1043.0 
186.0030426345216 5.2727272727272725 35.0 46.0 2.0 9.0 1043.0 
188.0030426345216 5.2727272727272725 35.0 46.0 2.0 9.0 1043.0 
190.0030426345216 5.2727272727272725 35.0 46.0 2.0 9.0 1043.0 
192.0030426345216 5.333333333333333 35.0 46.0 2.0 10.0 1185.0 
194.0030426345216 5.384615384615385 34.0 46.0 2.0 11.0 1332.0 
196.0030426345216 5.384615384615385 33.0 46.0 2.0 11.0 1332.0 
198.0030426345216 5.384615384615385 33.0 47.0 2.0 11.0 1332.0 
200.0030426345216 5.384615384615385 35.0 48.0 2.0 11.0 1332.0 
202.0030426345216 5.428571428571429 34.0 48.0 2.0 12.0 1441.0 
204.0030426345216 5.466666666666667 34.0 48.0 2.0 13.0 1543.0 
206.0030426345216 5.529411764705882 33.0 49.0 2.0 15.0 1759.0 
208.0030426345216 5.529411764705882 33.0 50.0 2.0 15.0 1759.0 
210.0030426345216 5.555555555555555 33.0 51.0 2.0 16.0 1861.0 
212.0030426345216 5.555555555555555 33.0 51.0 2.0 16.0 1861.0 
214.0030426345216 5.555555555555555 33.0 51.0 2.0 16.0 1861.0 
216.0030426345216 5.555555555555555 35.0 53.0 2.0 16.0 1861.0 
218.0030426345216 5.578947368421052 35.0 54.0 2.0 17.0 1964.0 
220.0030426345216 5.578947368421052 36.0 57.0 2.0 17.0 1964.0 
222.0030426345216 5.578947368421052 38.0 57.0 2.0 17.0 1964.0 
224.0030426345216 5.6 39.0 59.0 2.0 18.0 2066.0 
226.0030426345216 5.6 39.0 60.0 2.0 18.0 2066.0 
228.0030426345216 5.6 40.0 60.0 2.0 18.0 2066.0 
230.0030426345216 5.6521739130434785 40.0 61.0 2.0 21.0 2466.0 
232.0030426345216 5.666666666666667 40.0 63.0 2.0 22.0 2568.0 
234.0030426345216 5.68 39.0 64.0 2.0 23.0 2671.0 
236.0030426345216 5.68 42.0 67.0 2.0 23.0 2671.0 
238.0030426345216 5.68 42.0 67.0 2.0 23.0 2671.0 
240.0030426345216 5.68 42.0 67.0 2.0 23.0 2671.0 
242.0030426345216 5.6923076923076925 44.0 70.0 2.0 24.0 2774.0 
244.0030426345216 5.6923076923076925 45.0 71.0 2.0 24.0 2774.0 
246.0030426345216 5.6923076923076925 45.0 71.0 2.0 24.0 2774.0 
248.0030426345216 5.6923076923076925 45.0 71.0 2.0 24.0 2774.0 
250.0030426345216 5.6923076923076925 45.0 71.0 2.0 24.0 2774.0 
252.0030426345216 5.703703703703703 45.0 71.0 2.0 25.0 2877.0 
254.0030426345216 5.714285714285714 44.0 72.0 2.0 26.0 3124.0 
256.0030426345216 5.724137931034483 45.0 73.0 2.0 27.0 3227.0 
258.0030426345216 5.733333333333333 44.0 73.0 2.0 28.0 3329.0 
260.0030426345216 5.741935483870968 46.0 76.0 2.0 29.0 3432.0 
262.0030426345216 5.75 44.0 76.0 2.0 30.0 3535.0 
264.0030426345216 5.75 44.0 76.0 2.0 30.0 3535.0 
266.0030426345216 5.75 44.0 76.0 2.0 30.0 3535.0 
268.0030426345216 5.75 44.0 76.0 2.0 30.0 3535.0 
270.0030426345216 5.9375 43.0 76.0 2.0 31.0 3638.0 
272.0030426345216 5.9375 43.0 76.0 2.0 31.0 3638.0 
274.0030426345216 5.9393939393939394 43.0 76.0 2.0 32.0 3740.0 
276.0030426345216 5.9393939393939394 43.0 77.0 2.0 32.0 3740.0 
278.0030426345216 5.9393939393939394 43.0 77.0 2.0 32.0 3740.0 
280.0030426345216 5.9393939393939394 43.0 78.0 2.0 32.0 3740.0 
282.0030426345216 6.121212121212121 45.0 79.0 2.0 33.0 3842.0 
284.0030426345216 6.121212121212121 45.0 80.0 2.0 33.0 3842.0 
286.0030426345216 6.117647058823529 44.0 80.0 2.0 34.0 4000.0 
288.0030426345216 6.142857142857143 44.0 81.0 2.0 35.0 4231.0 
290.0030426345216 6.142857142857143 44.0 81.0 2.0 35.0 4231.0 
292.0030426345216 6.142857142857143 44.0 81.0 2.0 35.0 4231.0 
294.0030426345216 6.142857142857143 44.0 81.0 2.0 35.0 4231.0 
296.0030426345216 6.142857142857143 44.0 81.0 2.0 35.0 4231.0 
298.0030426345216 6.142857142857143 44.0 81.0 2.0 35.0 4231.0 
300.0030426345216 6.142857142857143 45.0 82.0 2.0 35.0 4231.0 
302.0030426345216 6.135135135135135 45.0 83.0 2.0 37.0 4437.0 
304.0030426345216 6.135135135135135 45.0 84.0 2.0 37.0 4437.0 
306.0030426345216 6.135135135135135 46.0 85.0 2.0 37.0 4437.0 
308.0030426345216 6.131578947368421 46.0 85.0 2.0 38.0 4539.0 
310.0030426345216 6.128205128205129 45.0 85.0 2.0 39.0 4642.0 
312.0030426345216 6.121951219512195 42.0 85.0 2.0 41.0 4870.0 
314.0030426345216 6.121951219512195 42.0 85.0 2.0 41.0 4870.0 
316.0030426345216 6.121951219512195 42.0 85.0 2.0 41.0 4870.0 
318.0030426345216 6.261904761904762 41.0 86.0 2.0 43.0 5074.0 
320.0030426345216 6.2558139534883725 41.0 86.0 2.0 44.0 5176.0 
322.0030426345216 6.2444444444444445 40.0 86.0 2.0 46.0 5456.0 
324.0030426345216 6.239130434782608 38.0 87.0 2.0 47.0 5559.0 
326.0030426345216 6.229166666666667 36.0 87.0 2.0 49.0 5763.0 
328.0030426345216 6.229166666666667 37.0 88.0 2.0 49.0 5763.0 
330.0030426345216 6.224489795918368 36.0 88.0 2.0 50.0 5866.0 
332.0030426345216 6.22 36.0 88.0 2.0 51.0 5969.0 
334.0030426345216 6.34 35.0 89.0 2.0 52.0 6072.0 
336.0030426345216 6.34 36.0 90.0 2.0 52.0 6072.0 
338.0030426345216 6.314814814814815 34.0 91.0 2.0 56.0 6482.0 
340.0030426345216 6.314814814814815 34.0 92.0 2.0 56.0 6482.0 
342.0030426345216 6.3090909090909095 34.0 92.0 2.0 57.0 6769.0 
344.0030426345216 6.410714285714286 31.0 92.0 2.0 59.0 6973.0 
346.0030426345216 6.396551724137931 29.0 92.0 2.0 61.0 7178.0 
348.0030426345216 6.396551724137931 29.0 92.0 2.0 61.0 7178.0 
350.0030426345216 6.396551724137931 29.0 92.0 2.0 61.0 7178.0 
352.0030426345216 6.396551724137931 30.0 93.0 2.0 61.0 7178.0 
354.0030426345216 6.396551724137931 30.0 93.0 2.0 61.0 7178.0 
356.0030426345216 6.389830508474576 31.0 96.0 2.0 62.0 7280.0 
358.0030426345216 6.383333333333334 32.0 96.0 2.0 63.0 7383.0 
360.0030426345216 6.383333333333334 31.0 96.0 2.0 63.0 7383.0 
362.0030426345216 6.365079365079366 31.0 96.0 2.0 66.0 7690.0 
364.0030426345216 6.365079365079366 28.0 97.0 2.0 66.0 7690.0 
366.0030426345216 6.365079365079366 29.0 97.0 2.0 66.0 7690.0 
368.0030426345216 6.359375 29.0 98.0 2.0 67.0 7928.0 
370.0030426345216 6.359375 30.0 99.0 2.0 67.0 7928.0 
372.0030426345216 6.359375 31.0 100.0 2.0 67.0 7928.0 
374.0030426345216 6.359375 31.0 101.0 2.0 67.0 7928.0 
376.0030426345216 6.359375 32.0 101.0 2.0 67.0 7928.0 
378.0030426345216 6.453125 31.0 101.0 2.0 68.0 8030.0 
380.0030426345216 6.453125 32.0 102.0 2.0 68.0 8030.0 
382.0030426345216 6.446153846153846 33.0 103.0 2.0 69.0 8192.0 
384.0030426345216 6.4393939393939394 32.0 103.0 2.0 70.0 8294.0 
386.0030426345216 6.432835820895522 31.0 104.0 2.0 71.0 8396.0 
388.0030426345216 6.432835820895522 31.0 104.0 2.0 71.0 8396.0 
390.0030426345216 6.4411764705882355 32.0 105.0 2.0 72.0 8498.0 
392.0030426345216 6.4411764705882355 31.0 105.0 2.0 72.0 8498.0 
394.0030426345216 6.4411764705882355 31.0 106.0 2.0 72.0 8498.0 
396.0030426345216 6.4411764705882355 32.0 106.0 2.0 72.0 8498.0 
398.0030426345216 6.4411764705882355 32.0 106.0 2.0 72.0 8498.0 
400.0030426345216 6.4411764705882355 33.0 107.0 2.0 72.0 8498.0 
402.0030426345216 6.529411764705882 33.0 107.0 2.0 73.0 8600.0 
404.0030426345216 6.529411764705882 32.0 107.0 2.0 73.0 8600.0 
406.0030426345216 6.617647058823529 32.0 108.0 2.0 74.0 8702.0 
408.0030426345216 6.608695652173913 32.0 108.0 2.0 75.0 9049.0 
410.0030426345216 6.608695652173913 31.0 108.0 2.0 75.0 9049.0 
412.0030426345216 6.608695652173913 31.0 108.0 2.0 75.0 9049.0 
414.0030426345216 6.608695652173913 31.0 108.0 2.0 75.0 9049.0 
416.0030426345216 6.608695652173913 31.0 109.0 2.0 75.0 9049.0 
418.0030426345216 6.608695652173913 32.0 109.0 2.0 75.0 9049.0 
420.0030426345216 6.608695652173913 32.0 109.0 2.0 75.0 9049.0 
422.0030426345216 6.695652173913044 31.0 109.0 2.0 76.0 9152.0 
424.0030426345216 6.695652173913044 31.0 109.0 2.0 76.0 9152.0 
426.0030426345216 6.782608695652174 32.0 110.0 2.0 77.0 9254.0 
428.0030426345216 6.782608695652174 31.0 110.0 2.0 77.0 9254.0 
430.0030426345216 6.771428571428571 31.0 111.0 2.0 78.0 9356.0 
432.0030426345216 6.771428571428571 32.0 113.0 2.0 78.0 9356.0 
434.0030426345216 6.771428571428571 33.0 113.0 2.0 78.0 9356.0 
436.0030426345216 6.771428571428571 33.0 113.0 2.0 78.0 9356.0 
438.0030426345216 6.847222222222222 32.0 114.0 2.0 81.0 9836.0 
440.0030426345216 6.930555555555555 31.0 115.0 2.0 82.0 9938.0 
442.0030426345216 7.013888888888889 31.0 115.0 2.0 83.0 10041.0 
444.0030426345216 7.013888888888889 31.0 116.0 2.0 83.0 10041.0 
446.0030426345216 7.0 33.0 118.0 2.0 84.0 10207.0 
448.0030426345216 7.0 34.0 120.0 2.0 84.0 10207.0 
450.0030426345216 7.0 34.0 120.0 2.0 84.0 10207.0 
452.0030426345216 7.0 34.0 120.0 2.0 84.0 10207.0 
454.0030426345216 6.986486486486486 33.0 120.0 2.0 85.0 10309.0 
456.0030426345216 6.986486486486486 35.0 122.0 2.0 85.0 10309.0 
458.0030426345216 6.9605263157894735 35.0 122.0 2.0 87.0 10515.0 
460.0030426345216 6.9480519480519485 32.0 122.0 2.0 88.0 10618.0 
462.0030426345216 6.9480519480519485 32.0 122.0 2.0 88.0 10618.0 
464.0030426345216 6.9480519480519485 32.0 122.0 2.0 88.0 10618.0 
466.0030426345216 6.9480519480519485 32.0 122.0 2.0 88.0 10618.0 
468.0030426345216 6.9480519480519485 33.0 123.0 2.0 88.0 10618.0 
470.0030426345216 6.924050632911392 33.0 125.0 2.0 90.0 10888.0 
472.0030426345216 6.9125 33.0 125.0 2.0 91.0 10990.0 
474.0030426345216 6.913580246913581 32.0 125.0 2.0 92.0 11093.0 
476.0030426345216 6.902439024390244 31.0 125.0 2.0 93.0 11263.0 
478.0030426345216 6.891566265060241 30.0 126.0 2.0 94.0 11366.0 
480.0030426345216 6.891566265060241 31.0 127.0 2.0 94.0 11366.0 
482.0030426345216 6.9638554216867465 32.0 128.0 2.0 95.0 11469.0 
484.0030426345216 6.9523809523809526 30.0 128.0 2.0 96.0 11571.0 
486.0030426345216 6.9523809523809526 30.0 128.0 2.0 96.0 11571.0 
488.0030426345216 6.9523809523809526 31.0 129.0 2.0 96.0 11571.0 
490.0030426345216 6.9523809523809526 32.0 130.0 2.0 96.0 11571.0 
492.0030426345216 6.9523809523809526 32.0 130.0 2.0 96.0 11571.0 
494.0030426345216 6.9523809523809526 32.0 130.0 2.0 96.0 11571.0 
496.0030426345216 6.9523809523809526 33.0 131.0 2.0 96.0 11571.0 
498.0030426345216 7.023809523809524 32.0 131.0 2.0 97.0 11674.0 
500.0030426345216 7.023809523809524 32.0 131.0 2.0 97.0 11674.0 
502.0030426345216 7.095238095238095 32.0 132.0 2.0 98.0 11776.0 
504.0030426345216 7.095238095238095 33.0 133.0 2.0 98.0 11776.0 
506.0030426345216 7.095238095238095 33.0 133.0 2.0 98.0 11776.0 
508.0030426345216 7.095238095238095 34.0 134.0 2.0 98.0 11776.0 
510.0030426345216 7.095238095238095 34.0 134.0 2.0 98.0 11776.0 
512.0030426345215 7.095238095238095 35.0 135.0 2.0 98.0 11776.0 
514.0030426345215 7.095238095238095 35.0 135.0 2.0 98.0 11776.0 
516.0030426345215 7.095238095238095 36.0 136.0 2.0 98.0 11776.0 
518.0030426345215 7.095238095238095 36.0 136.0 2.0 98.0 11776.0 
520.0030426345215 7.08235294117647 36.0 137.0 2.0 99.0 11879.0 
522.0030426345215 7.08235294117647 36.0 137.0 2.0 99.0 11879.0 
524.0030426345215 7.08235294117647 36.0 137.0 2.0 99.0 11879.0 
526.0030426345215 7.08235294117647 36.0 137.0 2.0 99.0 11879.0 
528.0030426345215 7.069767441860465 38.0 140.0 2.0 100.0 11982.0 
530.0030426345215 7.069767441860465 38.0 140.0 2.0 100.0 11982.0 
532.0030426345215 7.057471264367816 38.0 141.0 2.0 101.0 12084.0 
534.0030426345215 7.126436781609195 37.0 141.0 2.0 102.0 12186.0 
536.0030426345215 7.195402298850575 36.0 141.0 2.0 103.0 12289.0 
538.0030426345215 7.264367816091954 36.0 141.0 2.0 104.0 12438.0 
540.0030426345215 7.25 36.0 142.0 2.0 105.0 12540.0 
542.0030426345215 7.314606741573034 35.0 142.0 2.0 107.0 12798.0 
544.0030426345215 7.314606741573034 34.0 143.0 2.0 107.0 12798.0 
546.0030426345215 7.3 33.0 143.0 2.0 108.0 13188.0 
548.0030426345215 7.366666666666666 33.0 143.0 2.0 109.0 13291.0 
550.0030426345215 7.5 32.0 144.0 2.0 111.0 13496.0 
552.0030426345215 7.5 31.0 145.0 2.0 111.0 13496.0 
554.0030426345215 7.5 32.0 145.0 2.0 111.0 13496.0 
556.0030426345215 7.5 32.0 145.0 2.0 111.0 13496.0 
558.0030426345215 7.56043956043956 31.0 146.0 2.0 113.0 13700.0 
560.0030426345215 7.56043956043956 31.0 146.0 2.0 113.0 13700.0 
562.0030426345215 7.56043956043956 31.0 147.0 2.0 113.0 13700.0 
564.0030426345215 7.56043956043956 32.0 147.0 2.0 113.0 13700.0 
566.0030426345215 7.56043956043956 35.0 150.0 2.0 113.0 13700.0 
568.0030426345215 7.56043956043956 36.0 151.0 2.0 113.0 13700.0 
570.0030426345215 7.543478260869565 37.0 152.0 2.0 114.0 13802.0 
572.0030426345215 7.673913043478261 36.0 152.0 2.0 116.0 14006.0 
574.0030426345215 7.673913043478261 34.0 152.0 2.0 116.0 14006.0 
576.0030426345215 7.655913978494624 33.0 152.0 2.0 117.0 14350.0 
578.0030426345215 7.655913978494624 33.0 152.0 2.0 117.0 14350.0 
580.0030426345215 7.720430107526882 32.0 152.0 2.0 118.0 14452.0 
582.0030426345215 7.78494623655914 32.0 152.0 2.0 119.0 14555.0 
584.0030426345215 7.78494623655914 31.0 152.0 2.0 119.0 14555.0 
586.0030426345215 7.78494623655914 31.0 152.0 2.0 119.0 14555.0 
588.0030426345215 7.78494623655914 31.0 152.0 2.0 119.0 14555.0 
590.0030426345215 7.76595744680851 30.0 152.0 2.0 120.0 14657.0 
592.0030426345215 7.747368421052632 30.0 153.0 2.0 121.0 14759.0 
594.0030426345215 7.747368421052632 30.0 153.0 2.0 121.0 14759.0 
596.0030426345215 7.747368421052632 31.0 155.0 2.0 121.0 14759.0 
598.0030426345215 7.810526315789474 32.0 155.0 2.0 122.0 14862.0 
600.0030426345215 7.810526315789474 32.0 156.0 2.0 122.0 14862.0 
602.0030426345215 7.810526315789474 33.0 158.0 2.0 122.0 14862.0 
604.0030426345215 7.791666666666667 34.0 158.0 2.0 123.0 14964.0 
606.0030426345215 7.854166666666666 32.0 158.0 2.0 124.0 15066.0 
608.0030426345215 7.854166666666666 32.0 158.0 2.0 124.0 15066.0 
610.0030426345215 7.835051546391752 34.0 160.0 2.0 125.0 15168.0 
612.0030426345215 7.835051546391752 33.0 160.0 2.0 125.0 15168.0 
614.0030426345215 7.896907216494846 32.0 160.0 2.0 126.0 15270.0 
616.0030426345215 7.896907216494846 33.0 161.0 2.0 126.0 15270.0 
618.0030426345215 7.958762886597938 32.0 162.0 2.0 127.0 15372.0 
620.0030426345215 7.958762886597938 33.0 162.0 2.0 127.0 15372.0 
622.0030426345215 7.958762886597938 34.0 163.0 2.0 127.0 15372.0 
624.0030426345215 7.958762886597938 34.0 163.0 2.0 127.0 15372.0 
626.0030426345215 7.958762886597938 34.0 163.0 2.0 127.0 15372.0 
628.0030426345215 7.958762886597938 34.0 163.0 2.0 127.0 15372.0 
630.0030426345215 8.0 34.0 164.0 2.0 129.0 15577.0 
632.0030426345215 8.0 33.0 165.0 2.0 129.0 15577.0 
634.0030426345215 8.0 35.0 166.0 2.0 129.0 15577.0 
636.0030426345215 8.061224489795919 34.0 166.0 2.0 130.0 15680.0 
638.0030426345215 8.061224489795919 34.0 167.0 2.0 130.0 15680.0 
640.0030426345215 8.061224489795919 35.0 167.0 2.0 130.0 15680.0 
642.0030426345215 8.122448979591837 35.0 168.0 2.0 131.0 15782.0 
644.0030426345215 8.122448979591837 36.0 171.0 2.0 131.0 15782.0 
646.0030426345215 8.183673469387756 38.0 171.0 2.0 132.0 15884.0 
648.0030426345215 8.183673469387756 37.0 171.0 2.0 132.0 15884.0 
650.0030426345215 8.183673469387756 37.0 171.0 2.0 132.0 15884.0 
652.0030426345215 8.244897959183673 37.0 171.0 2.0 133.0 15987.0 
654.0030426345215 8.244897959183673 37.0 172.0 2.0 133.0 15987.0 
656.0030426345215 8.306122448979592 36.0 172.0 2.0 134.0 16090.0 
658.0030426345215 8.306122448979592 37.0 173.0 2.0 134.0 16090.0 
660.0030426345215 8.36734693877551 37.0 173.0 2.0 135.0 16231.0 
662.0030426345215 8.428571428571429 35.0 173.0 2.0 136.0 16334.0 
664.0030426345215 8.489795918367347 34.0 173.0 2.0 137.0 16846.0 
666.0030426345215 8.551020408163266 34.0 174.0 2.0 138.0 16949.0 
668.0030426345215 8.646464646464647 33.0 176.0 2.0 141.0 17338.0 
670.0030426345215 8.707070707070708 35.0 178.0 2.0 142.0 17441.0 
672.0030426345215 8.68 34.0 178.0 2.0 143.0 17543.0 
674.0030426345215 8.68 33.0 178.0 2.0 143.0 17543.0 
676.0030426345215 8.68 34.0 179.0 2.0 143.0 17543.0 
678.0030426345215 8.68 35.0 180.0 2.0 143.0 17543.0 
680.0030426345215 8.68 36.0 181.0 2.0 143.0 17543.0 
682.0030426345215 8.68 36.0 181.0 2.0 143.0 17543.0 
684.0030426345215 8.68 36.0 182.0 2.0 143.0 17543.0 
686.0030426345215 8.68 37.0 182.0 2.0 143.0 17543.0 
688.0030426345215 8.68 37.0 182.0 2.0 143.0 17543.0 
690.0030426345215 8.68 37.0 182.0 2.0 143.0 17543.0 
692.0030426345215 8.68 38.0 183.0 2.0 143.0 17543.0 
694.0030426345215 8.68 39.0 184.0 2.0 143.0 17543.0 
696.0030426345215 8.68 40.0 185.0 2.0 143.0 17543.0 
698.0030426345215 8.8 39.0 185.0 2.0 145.0 17814.0 
700.0030426345215 8.86 37.0 185.0 2.0 146.0 17917.0 
702.0030426345215 8.891089108910892 37.0 186.0 2.0 148.0 18155.0 
704.0030426345215 8.83495145631068 35.0 186.0 2.0 150.0 18907.0 
706.0030426345215 8.893203883495145 33.0 186.0 2.0 151.0 19010.0 
708.0030426345215 8.865384615384615 33.0 186.0 2.0 152.0 19354.0 
710.0030426345215 8.865384615384615 32.0 186.0 2.0 152.0 19354.0 
712.0030426345215 8.923076923076923 32.0 186.0 2.0 153.0 19457.0 
714.0030426345215 8.923076923076923 31.0 186.0 2.0 153.0 19457.0 
716.0030426345215 8.923076923076923 31.0 187.0 2.0 153.0 19457.0 
718.0030426345215 8.895238095238096 32.0 188.0 2.0 154.0 19560.0 
720.0030426345215 8.895238095238096 32.0 188.0 2.0 154.0 19560.0 
722.0030426345215 8.850467289719626 30.0 188.0 2.0 156.0 19793.0 
724.0030426345215 8.906542056074766 29.0 188.0 2.0 157.0 19895.0 
726.0030426345215 8.906542056074766 29.0 188.0 2.0 157.0 19895.0 
728.0030426345215 8.906542056074766 29.0 188.0 2.0 157.0 19895.0 
730.0030426345215 8.906542056074766 30.0 189.0 2.0 157.0 19895.0 
732.0030426345215 8.962616822429906 29.0 191.0 2.0 158.0 19997.0 
734.0030426345215 8.962616822429906 31.0 191.0 2.0 158.0 19997.0 
736.0030426345215 9.018691588785046 30.0 193.0 2.0 159.0 20100.0 
738.0030426345215 9.018691588785046 32.0 193.0 2.0 159.0 20100.0 
740.0030426345215 9.018691588785046 32.0 193.0 2.0 159.0 20100.0 
742.0030426345215 9.074766355140188 31.0 193.0 2.0 160.0 20203.0 
744.0030426345215 9.074766355140188 31.0 193.0 2.0 160.0 20203.0 
746.0030426345215 9.130841121495326 32.0 194.0 2.0 161.0 20305.0 
748.0030426345215 9.242990654205608 29.0 194.0 2.0 163.0 20511.0 
750.0030426345215 9.242990654205608 29.0 194.0 2.0 163.0 20511.0 
752.0030426345215 9.242990654205608 29.0 194.0 2.0 163.0 20511.0 
754.0030426345215 9.242990654205608 29.0 194.0 2.0 163.0 20511.0 
756.0030426345215 9.242990654205608 29.0 194.0 2.0 163.0 20511.0 
758.0030426345215 9.242990654205608 30.0 195.0 2.0 163.0 20511.0 
760.0030426345215 9.212962962962964 32.0 198.0 2.0 164.0 20613.0 
762.0030426345215 9.212962962962964 32.0 198.0 2.0 164.0 20613.0 
764.0030426345215 9.212962962962964 32.0 198.0 2.0 164.0 20613.0 
766.0030426345215 9.212962962962964 33.0 200.0 2.0 164.0 20613.0 
768.0030426345215 9.18348623853211 34.0 201.0 2.0 165.0 20715.0 
770.0030426345215 9.154545454545454 33.0 201.0 2.0 166.0 20817.0 
772.0030426345215 9.318181818181817 32.0 201.0 2.0 169.0 21141.0 
774.0030426345215 9.318181818181817 31.0 202.0 2.0 169.0 21141.0 
776.0030426345215 9.318181818181817 31.0 203.0 2.0 169.0 21141.0 
778.0030426345215 9.381818181818181 33.0 204.0 2.0 170.0 21243.0 
780.0030426345215 9.436363636363636 32.0 204.0 2.0 171.0 21345.0 
782.0030426345215 9.49090909090909 32.0 205.0 2.0 172.0 21447.0 
784.0030426345215 9.49090909090909 32.0 206.0 2.0 172.0 21447.0 
786.0030426345215 9.49090909090909 32.0 206.0 2.0 172.0 21447.0 
788.0030426345215 9.49090909090909 33.0 207.0 2.0 172.0 21447.0 
790.0030426345215 9.49090909090909 33.0 207.0 2.0 172.0 21447.0 
792.0030426345215 9.49090909090909 33.0 207.0 2.0 172.0 21447.0 
794.0030426345215 9.554545454545455 33.0 207.0 2.0 173.0 21549.0 
796.0030426345215 9.554545454545455 33.0 208.0 2.0 173.0 21549.0 
798.0030426345215 9.60909090909091 34.0 209.0 2.0 174.0 21651.0 
800.0030426345215 9.60909090909091 33.0 209.0 2.0 174.0 21651.0 
802.0030426345215 9.60909090909091 33.0 209.0 2.0 174.0 21651.0 
804.0030426345215 9.60909090909091 33.0 209.0 2.0 174.0 21651.0 
806.0030426345215 9.663636363636364 32.0 209.0 2.0 175.0 21754.0 
808.0030426345215 9.663636363636364 32.0 209.0 2.0 175.0 21754.0 
810.0030426345215 9.663636363636364 32.0 209.0 2.0 175.0 21754.0 
812.0030426345215 9.663636363636364 32.0 209.0 2.0 175.0 21754.0 
814.0030426345215 9.663636363636364 32.0 209.0 2.0 175.0 21754.0 
816.0030426345215 9.663636363636364 32.0 209.0 2.0 175.0 21754.0 
818.0030426345215 9.663636363636364 33.0 210.0 2.0 175.0 21754.0 
820.0030426345215 9.727272727272727 32.0 210.0 2.0 176.0 21857.0 
822.0030426345215 9.693693693693692 31.0 210.0 2.0 177.0 21960.0 
824.0030426345215 9.693693693693692 31.0 210.0 2.0 177.0 21960.0 
826.0030426345215 9.693693693693692 31.0 210.0 2.0 177.0 21960.0 
828.0030426345215 9.693693693693692 33.0 212.0 2.0 177.0 21960.0 
830.0030426345215 9.747747747747747 34.0 213.0 2.0 178.0 22106.0 
832.0030426345215 9.747747747747747 33.0 213.0 2.0 178.0 22106.0 
834.0030426345215 9.810810810810812 33.0 213.0 2.0 179.0 22307.0 
836.0030426345215 9.776785714285714 31.0 213.0 2.0 180.0 22412.0 
838.0030426345215 9.830357142857144 31.0 213.0 2.0 181.0 22518.0 
840.0030426345215 9.991071428571427 28.0 215.0 2.0 184.0 22921.0 
842.0030426345215 9.991071428571427 29.0 215.0 2.0 184.0 22921.0 
844.0030426345215 9.991071428571427 30.0 216.0 2.0 184.0 22921.0 
846.0030426345215 9.991071428571427 30.0 216.0 2.0 184.0 22921.0 
848.0030426345215 10.044642857142856 31.0 218.0 2.0 185.0 23023.0 
850.0030426345215 10.044642857142856 32.0 219.0 2.0 185.0 23023.0 
852.0030426345215 10.044642857142856 32.0 219.0 2.0 185.0 23023.0 
854.0030426345215 10.044642857142856 32.0 219.0 2.0 185.0 23023.0 
856.0030426345215 10.098214285714286 31.0 219.0 2.0 186.0 23146.0 
858.0030426345215 10.098214285714286 31.0 219.0 2.0 186.0 23146.0 
860.0030426345215 10.098214285714286 31.0 219.0 2.0 186.0 23146.0 
862.0030426345215 10.205357142857144 31.0 219.0 2.0 188.0 23352.0 
864.0030426345215 10.205357142857144 29.0 219.0 2.0 188.0 23352.0 
866.0030426345215 10.205357142857144 30.0 220.0 2.0 188.0 23352.0 
868.0030426345215 10.258928571428573 30.0 221.0 2.0 189.0 23454.0 
870.0030426345215 10.366071428571427 29.0 221.0 2.0 191.0 23660.0 
872.0030426345215 10.366071428571427 30.0 223.0 2.0 191.0 23660.0 
874.0030426345215 10.366071428571427 31.0 224.0 2.0 191.0 23660.0 
876.0030426345215 10.419642857142856 31.0 224.0 2.0 192.0 23762.0 
878.0030426345215 10.419642857142856 30.0 224.0 2.0 192.0 23762.0 
880.0030426345215 10.526785714285714 29.0 225.0 2.0 194.0 23967.0 
882.0030426345215 10.526785714285714 29.0 226.0 2.0 194.0 23967.0 
884.0030426345215 10.526785714285714 31.0 228.0 2.0 194.0 23967.0 
886.0030426345215 10.580357142857144 31.0 229.0 2.0 195.0 24069.0 
888.0030426345215 10.580357142857144 32.0 229.0 2.0 195.0 24069.0 
890.0030426345215 10.539823008849556 31.0 229.0 2.0 196.0 24171.0 
892.0030426345215 10.539823008849556 31.0 229.0 2.0 196.0 24171.0 
894.0030426345215 10.539823008849556 32.0 231.0 2.0 196.0 24171.0 
896.0030426345215 10.539823008849556 33.0 231.0 2.0 196.0 24171.0 
898.0030426345215 10.5929203539823 33.0 231.0 2.0 197.0 24273.0 
900.0030426345215 10.5929203539823 33.0 232.0 2.0 197.0 24273.0 
#####################################################################
# End of data export. Simulation finished at: 2020-01-14T14:50+0000 #
#####################################################################
