#####################################################################
# Alchemist log file - simulation started at: 2020-02-14T20:36+0000 #
#####################################################################
# seed = 69.0, taskFrequency = 0.01778, cloudcost = 50.0, algorithm = true
#
# The columns have the following meaning: 
# time taskHops[Mean] hasTask[Sum] tasks[Sum] completedTasks[Sum] giveupTasks[Sum] taskLatency[Sum] 
0.0 NaN 0.0 0.0 0.0 0.0 0.0 
2.003244929081333 NaN 3.0 6.0 0.0 0.0 0.0 
4.003244929081333 NaN 7.0 8.0 0.0 0.0 0.0 
6.003244929081333 NaN 13.0 13.0 0.0 0.0 0.0 
8.003244929081333 NaN 15.0 16.0 0.0 0.0 0.0 
10.003244929081333 NaN 19.0 20.0 0.0 0.0 0.0 
12.003244929081333 NaN 23.0 24.0 0.0 0.0 0.0 
14.003244929081333 NaN 29.0 30.0 0.0 0.0 0.0 
16.003244929081333 2.5 28.0 32.0 4.0 0.0 54.0 
18.003244929081333 2.5 34.0 39.0 6.0 0.0 86.0 
20.003244929081333 2.4285714285714284 33.0 39.0 7.0 0.0 102.0 
22.003244929081333 2.3333333333333335 30.0 40.0 9.0 0.0 132.0 
24.003244929081333 2.3333333333333335 33.0 44.0 9.0 0.0 132.0 
26.003244929081333 2.3 37.0 48.0 10.0 0.0 150.0 
28.003244929081333 2.3636363636363638 42.0 53.0 11.0 0.0 173.0 
30.003244929081333 2.3333333333333335 44.0 56.0 12.0 0.0 186.0 
32.00324492908133 2.2666666666666666 46.0 59.0 15.0 0.0 241.0 
34.00324492908133 2.1875 46.0 63.0 16.0 0.0 257.0 
36.00324492908133 2.176470588235294 47.0 65.0 17.0 0.0 276.0 
38.00324492908133 2.611111111111111 48.0 66.0 19.0 0.0 325.0 
40.00324492908133 2.526315789473684 48.0 67.0 20.0 0.0 340.0 
42.00324492908133 2.55 49.0 72.0 21.0 0.0 371.0 
44.00054226015132 2.55 53.0 77.0 21.0 0.0 371.0 
46.00324492908133 2.4347826086956523 57.0 80.0 24.0 0.0 433.0 
48.00324492908133 2.4347826086956523 58.0 83.0 24.0 0.0 433.0 
50.00324492908133 2.625 60.0 86.0 26.0 0.0 481.0 
52.00324492908133 2.625 61.0 87.0 26.0 0.0 481.0 
54.00324492908133 2.5925925925925926 63.0 92.0 30.0 0.0 556.0 
56.00324492908133 2.5925925925925926 65.0 96.0 30.0 0.0 556.0 
58.00324492908133 2.5925925925925926 67.0 97.0 30.0 0.0 556.0 
60.00324492908133 2.5925925925925926 69.0 99.0 30.0 0.0 556.0 
62.00324492908133 2.607142857142857 70.0 101.0 31.0 0.0 576.0 
64.00324492908133 2.6333333333333333 68.0 101.0 34.0 0.0 642.0 
66.00324492908133 2.5806451612903225 66.0 103.0 35.0 0.0 655.0 
68.00324492908133 2.625 71.0 108.0 37.0 0.0 688.0 
70.00324492908133 2.588235294117647 73.0 110.0 39.0 0.0 742.0 
72.00324492908133 2.611111111111111 72.0 112.0 42.0 0.0 801.0 
74.00324492908133 2.611111111111111 72.0 114.0 42.0 0.0 801.0 
76.00324492908133 2.611111111111111 72.0 114.0 42.0 0.0 801.0 
78.00324492908133 2.611111111111111 73.0 115.0 42.0 0.0 801.0 
80.00324492908133 2.7027027027027026 74.0 118.0 44.0 0.0 886.0 
82.00324492908133 2.666666666666667 72.0 118.0 47.0 0.0 946.0 
84.00324492908133 2.666666666666667 74.0 121.0 47.0 0.0 946.0 
86.00324492908133 2.666666666666667 74.0 121.0 47.0 0.0 946.0 
88.00324492908133 2.658536585365854 74.0 122.0 49.0 0.0 1020.0 
90.00324492908133 2.7142857142857144 75.0 125.0 51.0 0.0 1079.0 
92.00324492908133 2.7142857142857144 75.0 127.0 51.0 0.0 1079.0 
94.00324492908133 2.7142857142857144 77.0 129.0 51.0 0.0 1079.0 
96.00324492908133 2.7142857142857144 79.0 130.0 51.0 0.0 1079.0 
98.00324492908133 2.744186046511628 78.0 131.0 54.0 0.0 1163.0 
100.00324492908133 2.8863636363636362 77.0 131.0 57.0 0.0 1280.0 
102.00324492908133 2.8863636363636362 76.0 133.0 57.0 0.0 1280.0 
104.00324492908133 3.9555555555555557 76.0 134.0 58.0 1.0 1396.0 
106.00324492908133 8.580000000000002 75.0 137.0 58.0 6.0 1858.0 
108.00324492908133 11.92452830188679 71.0 138.0 59.0 10.0 2089.0 
110.00324492908133 12.685185185185183 68.0 138.0 60.0 11.0 2216.0 
112.00324492908133 13.363636363636365 68.0 140.0 60.0 12.0 2317.0 
114.00324492908133 15.733333333333334 65.0 141.0 61.0 16.0 2740.0 
116.00324492908133 19.808823529411764 60.0 141.0 62.0 24.0 3350.0 
118.00324492908133 22.95945945945946 51.0 143.0 63.0 31.0 3762.0 
120.00324492908133 23.441558441558442 50.0 145.0 64.0 33.0 3990.0 
122.00324492908133 24.423076923076923 49.0 148.0 64.0 35.0 4165.0 
124.00324492908133 24.81012658227848 50.0 150.0 65.0 36.0 4284.0 
126.00324492908133 25.50617283950617 49.0 151.0 67.0 38.0 4500.0 
128.00324492908135 26.746987951807228 46.0 153.0 68.0 41.0 4724.0 
130.00324492908135 28.720930232558135 42.0 156.0 68.0 46.0 4975.0 
132.00324492908135 30.03370786516854 40.0 157.0 70.0 50.0 5293.0 
134.00324492908135 31.157303370786515 38.0 158.0 70.0 52.0 5404.0 
136.00324492908135 33.04301075268817 35.0 159.0 70.0 58.0 5761.0 
138.00324492908135 33.755319148936174 32.0 161.0 70.0 60.0 5878.0 
140.00324492908135 35.03157894736842 31.0 164.0 71.0 63.0 6011.0 
142.00324492908135 35.04210526315789 33.0 169.0 72.0 63.0 6025.0 
144.00324492908135 36.239583333333336 32.0 170.0 72.0 66.0 6231.0 
146.00324492908135 38.4059405940594 29.0 170.0 72.0 74.0 6697.0 
148.00324492908135 38.8952380952381 21.0 174.0 72.0 78.0 6933.0 
150.00324492908135 39.84761904761905 23.0 175.0 72.0 80.0 6934.0 
152.00324492908135 39.990566037735846 24.0 179.0 74.0 81.0 7041.0 
154.00324492908135 41.405660377358494 23.0 180.0 74.0 84.0 7093.0 
156.00324492908135 41.51401869158879 22.0 182.0 77.0 85.0 7235.0 
158.00324492908135 41.138888888888886 20.0 183.0 78.0 85.0 7249.0 
160.00324492908135 41.138888888888886 20.0 183.0 78.0 85.0 7249.0 
162.00324492908135 41.138888888888886 22.0 185.0 78.0 85.0 7249.0 
164.00324492908135 41.138888888888886 24.0 188.0 78.0 85.0 7249.0 
166.00324492908135 41.138888888888886 25.0 188.0 78.0 85.0 7249.0 
168.00324492908135 41.71559633027523 27.0 193.0 80.0 87.0 7436.0 
170.00324492908135 42.7 26.0 193.0 80.0 90.0 7596.0 
172.00324492908135 42.02678571428571 22.0 195.0 82.0 90.0 7651.0 
174.00324492908135 42.53982300884955 26.0 200.0 82.0 92.0 7772.0 
176.00324492908135 43.04385964912281 26.0 201.0 82.0 94.0 7799.0 
178.00324492908135 43.05263157894737 30.0 207.0 83.0 94.0 7816.0 
180.00324492908135 43.05263157894737 31.0 208.0 83.0 94.0 7816.0 
182.00324492908135 43.54782608695652 32.0 209.0 83.0 96.0 7944.0 
184.00324492908135 43.982608695652175 33.0 213.0 83.0 97.0 7945.0 
186.00324492908135 43.99130434782609 36.0 216.0 84.0 97.0 7958.0 
188.00324492908135 44.10344827586207 33.0 217.0 87.0 98.0 8115.0 
190.00324492908135 44.15384615384615 35.0 221.0 87.0 99.0 8116.0 
192.00324492908135 44.19658119658119 34.0 225.0 89.0 99.0 8153.0 
194.00324492908135 44.19658119658119 41.0 229.0 89.0 99.0 8153.0 
196.00324492908135 44.19658119658119 44.0 232.0 89.0 99.0 8153.0 
198.00324492908135 44.239316239316246 43.0 232.0 90.0 99.0 8173.0 
200.00324492908135 44.239316239316246 44.0 233.0 90.0 99.0 8173.0 
202.00324492908135 44.29059829059829 46.0 235.0 93.0 99.0 8216.0 
204.00324492908135 46.85470085470085 44.0 236.0 93.0 105.0 8373.0 
206.00324492908135 46.888888888888886 38.0 237.0 96.0 105.0 8417.0 
208.00324492908135 46.9059829059829 39.0 241.0 97.0 105.0 8417.0 
210.00324492908135 46.9059829059829 40.0 242.0 97.0 105.0 8417.0 
212.00324492908135 46.940170940170944 41.0 245.0 98.0 105.0 8448.0 
214.00324492908135 46.64406779661017 42.0 246.0 102.0 105.0 8572.0 
216.00324492908135 46.64406779661017 43.0 250.0 102.0 105.0 8572.0 
218.00324492908135 46.64406779661017 47.0 254.0 102.0 105.0 8572.0 
220.00324492908135 46.64406779661017 47.0 254.0 102.0 105.0 8572.0 
222.00324492908135 47.91525423728814 47.0 256.0 102.0 108.0 8685.0 
224.00324492908135 47.59166666666667 46.0 259.0 104.0 109.0 8832.0 
226.00324492908135 48.03333333333333 47.0 262.0 105.0 110.0 8935.0 
228.00324492908135 48.45 48.0 264.0 105.0 111.0 8961.0 
230.00324492908135 48.48333333333333 47.0 265.0 106.0 111.0 9000.0 
232.00324492908135 49.325 50.0 270.0 107.0 113.0 9086.0 
234.00324492908135 49.74166666666666 50.0 272.0 107.0 114.0 9145.0 
236.00324492908135 49.74166666666666 51.0 272.0 107.0 114.0 9145.0 
238.00324492908135 49.75833333333334 51.0 273.0 108.0 114.0 9160.0 
240.00324492908135 50.21487603305785 52.0 276.0 111.0 116.0 9333.0 
242.00324492908135 49.82786885245902 49.0 277.0 113.0 116.0 9375.0 
244.00324492908135 49.82786885245902 51.0 280.0 113.0 116.0 9375.0 
246.00324492908135 50.647540983606554 52.0 282.0 113.0 118.0 9399.0 
248.00324492908135 50.713114754098356 51.0 282.0 115.0 118.0 9483.0 
250.00324492908135 50.729508196721305 49.0 282.0 116.0 118.0 9502.0 
252.00324492908135 50.74590163934427 49.0 283.0 117.0 118.0 9515.0 
254.00324492908135 51.16393442622951 47.0 283.0 118.0 119.0 9630.0 
256.00324492908135 51.56910569105691 47.0 286.0 118.0 121.0 9822.0 
258.00324492908135 52.78861788617886 50.0 291.0 118.0 124.0 9877.0 
260.00324492908135 53.61788617886179 47.0 292.0 119.0 126.0 10134.0 
262.00324492908135 53.61788617886179 48.0 293.0 119.0 126.0 10134.0 
264.00324492908135 53.62903225806452 49.0 296.0 121.0 127.0 10250.0 
266.00324492908135 53.62903225806452 49.0 298.0 121.0 127.0 10250.0 
268.00324492908135 54.08064516129033 51.0 300.0 122.0 128.0 10302.0 
270.00251532675424 54.48387096774193 51.0 302.0 122.0 129.0 10404.0 
272.00324492908135 55.29032258064517 50.0 303.0 122.0 131.0 10595.0 
274.00324492908135 55.29032258064517 52.0 307.0 122.0 131.0 10595.0 
276.00324492908135 56.975806451612904 50.0 309.0 125.0 135.0 10822.0 
278.00324492908135 56.576 50.0 311.0 126.0 135.0 10905.0 
280.00324492908135 58.176 50.0 313.0 126.0 139.0 11178.0 
282.00324492908135 58.976 47.0 315.0 126.0 141.0 11226.0 
284.00324492908135 59.376 49.0 317.0 126.0 142.0 11327.0 
286.00324492908135 59.775999999999996 50.0 319.0 126.0 143.0 11344.0 
288.00324492908135 60.632 49.0 320.0 128.0 145.0 11548.0 
290.00324492908135 60.632 49.0 323.0 128.0 145.0 11548.0 
292.00324492908135 60.648 51.0 325.0 129.0 145.0 11581.0 
294.00324492908135 61.44799999999999 53.0 327.0 129.0 147.0 11746.0 
296.00324492908135 63.06400000000001 47.0 330.0 131.0 151.0 12070.0 
298.00324492908135 63.864 48.0 332.0 131.0 153.0 12123.0 
300.00324492908135 63.864 48.0 332.0 131.0 153.0 12123.0 
302.00324492908135 63.864 49.0 333.0 131.0 153.0 12123.0 
304.00324492908135 64.664 49.0 335.0 131.0 155.0 12234.0 
306.00324492908135 64.664 50.0 337.0 131.0 155.0 12234.0 
308.00324492908135 64.664 53.0 339.0 131.0 155.0 12234.0 
310.00324492908135 65.488 51.0 339.0 134.0 157.0 12490.0 
312.00324492908135 66.712 48.0 341.0 136.0 160.0 12651.0 
314.00324492908135 66.712 47.0 343.0 136.0 160.0 12651.0 
316.00324492908135 67.16 47.0 343.0 139.0 161.0 12813.0 
318.00324492908135 67.616 44.0 345.0 141.0 162.0 12953.0 
320.00324492908135 69.216 42.0 347.0 141.0 166.0 13123.0 
322.00324492908135 69.216 41.0 348.0 141.0 166.0 13123.0 
324.00324492908135 69.216 43.0 351.0 141.0 166.0 13123.0 
326.00324492908135 70.06400000000001 44.0 353.0 145.0 168.0 13352.0 
328.00324492908135 71.264 39.0 355.0 145.0 171.0 13603.0 
330.00324492908135 74.104 34.0 355.0 146.0 178.0 14073.0 
332.00324492908135 74.928 30.0 356.0 147.0 180.0 14205.0 
334.00324492908135 75.328 33.0 362.0 147.0 181.0 14205.0 
336.00324492908135 75.352 34.0 366.0 149.0 181.0 14237.0 
338.00324492908135 76.152 34.0 367.0 149.0 183.0 14244.0 
340.00324492908135 76.55199999999999 39.0 372.0 149.0 184.0 14346.0 
342.00324492908135 77.432 37.0 373.0 152.0 186.0 14523.0 
344.00324492908135 78.24 34.0 373.0 153.0 188.0 14689.0 
346.00324492908135 78.64 34.0 375.0 153.0 189.0 14790.0 
348.00324492908135 79.056 33.0 376.0 154.0 190.0 14812.0 
350.00324492908135 80.256 32.0 379.0 154.0 193.0 14841.0 
352.00324492908135 80.256 36.0 383.0 154.0 193.0 14841.0 
354.00324492908135 80.304 37.0 384.0 155.0 193.0 14861.0 
356.00324492908135 80.304 40.0 390.0 155.0 193.0 14861.0 
358.00324492908135 81.104 43.0 391.0 155.0 195.0 15055.0 
360.00324492908135 82.352 38.0 394.0 157.0 198.0 15110.0 
362.00324492908135 82.352 39.0 395.0 157.0 198.0 15110.0 
364.00324492908135 82.352 42.0 397.0 157.0 198.0 15110.0 
366.00324492908135 82.368 45.0 400.0 158.0 198.0 15141.0 
368.00324492908135 83.592 42.0 402.0 160.0 201.0 15298.0 
370.00324492908135 83.616 41.0 402.0 161.0 201.0 15317.0 
372.00324492908135 84.03999999999999 40.0 404.0 162.0 202.0 15385.0 
374.00324492908135 84.84 40.0 405.0 162.0 204.0 15501.0 
376.00324492908135 85.656 39.0 407.0 163.0 206.0 15691.0 
378.00324492908135 87.256 36.0 408.0 163.0 210.0 15860.0 
380.002468406097 88.056 35.0 411.0 163.0 212.0 15981.0 
382.00324492908135 88.45599999999999 37.0 413.0 163.0 213.0 16026.0 
384.00324492908135 88.47200000000001 39.0 415.0 164.0 213.0 16046.0 
386.00324492908135 88.88799999999999 37.0 416.0 165.0 214.0 16167.0 
388.00324492908135 88.88799999999999 38.0 417.0 165.0 214.0 16167.0 
390.00324492908135 89.288 37.0 418.0 165.0 215.0 16268.0 
392.00324492908135 90.488 38.0 419.0 165.0 218.0 16378.0 
394.00324492908135 91.312 35.0 423.0 166.0 220.0 16517.0 
396.00324492908135 92.512 37.0 424.0 166.0 223.0 16583.0 
398.00324492908135 92.512 37.0 427.0 166.0 223.0 16583.0 
400.00324492908135 92.93599999999999 39.0 428.0 167.0 224.0 16617.0 
402.00324492908135 92.952 38.0 429.0 168.0 224.0 16637.0 
404.00324492908135 92.952 39.0 432.0 168.0 224.0 16637.0 
406.00324492908135 92.99199999999999 42.0 434.0 169.0 224.0 16664.0 
408.00324492908135 92.99199999999999 43.0 437.0 169.0 224.0 16664.0 
410.00324492908135 94.592 45.0 438.0 169.0 228.0 16745.0 
412.00324492908135 95.03200000000001 41.0 440.0 171.0 229.0 16868.0 
414.00324492908135 95.84 38.0 442.0 172.0 231.0 17056.0 
416.00324492908135 96.64 39.0 444.0 172.0 233.0 17163.0 
418.00324492908135 96.656 41.0 446.0 173.0 233.0 17183.0 
420.00324492908135 96.664 44.0 450.0 174.0 233.0 17205.0 
422.00324492908135 96.664 43.0 450.0 174.0 233.0 17205.0 
424.00324492908135 97.464 44.0 452.0 174.0 235.0 17407.0 
426.00324492908135 97.47999999999999 45.0 454.0 175.0 235.0 17426.0 
428.00324492908135 97.88 43.0 455.0 175.0 236.0 17528.0 
430.00324492908135 98.344 43.0 455.0 176.0 237.0 17618.0 
432.00324492908135 98.344 43.0 457.0 176.0 237.0 17618.0 
434.00324492908135 98.344 47.0 461.0 176.0 237.0 17618.0 
436.00324492908135 99.176 50.0 465.0 177.0 239.0 17724.0 
438.00324492908135 99.208 49.0 466.0 178.0 239.0 17760.0 
440.00324492908135 99.208 51.0 469.0 178.0 239.0 17760.0 
442.00324492908135 100.808 53.0 472.0 178.0 243.0 17870.0 
444.00324492908135 100.86399999999999 49.0 473.0 180.0 243.0 17917.0 
446.00324492908135 101.288 51.0 477.0 181.0 244.0 17991.0 
448.00324492908135 102.11200000000001 51.0 478.0 183.0 246.0 18161.0 
450.00324492908135 103.352 46.0 479.0 184.0 249.0 18310.0 
452.00324492908135 103.352 46.0 479.0 184.0 249.0 18310.0 
454.00324492908135 104.168 47.0 481.0 185.0 251.0 18385.0 
456.00324492908135 105.376 45.0 483.0 186.0 254.0 18621.0 
458.00324492908135 105.4 44.0 484.0 187.0 254.0 18645.0 
460.00324492908135 106.61600000000001 44.0 487.0 188.0 257.0 18704.0 
462.00324492908135 107.024 43.0 492.0 189.0 258.0 18823.0 
464.00324492908135 108.624 46.0 493.0 189.0 262.0 19185.0 
466.00324492908135 109.424 45.0 497.0 189.0 264.0 19189.0 
468.00324492908135 109.424 46.0 499.0 189.0 264.0 19189.0 
470.00324492908135 109.512 45.0 501.0 192.0 264.0 19279.0 
472.00324492908135 109.52000000000001 47.0 503.0 193.0 264.0 19292.0 
474.00324492908135 109.91999999999999 47.0 505.0 193.0 265.0 19393.0 
476.00324492908135 110.784 47.0 506.0 195.0 267.0 19532.0 
478.00324492908135 111.224 45.0 509.0 197.0 268.0 19576.0 
480.00324492908135 112.05600000000001 45.0 512.0 198.0 270.0 19684.0 
482.00324492908135 112.88799999999999 42.0 513.0 199.0 272.0 19861.0 
484.00324492908135 114.488 40.0 513.0 199.0 276.0 20091.0 
486.00324492908135 115.296 36.0 513.0 200.0 278.0 20270.0 
488.00324492908135 115.744 36.0 515.0 202.0 279.0 20359.0 
490.00324492908135 115.752 34.0 517.0 203.0 279.0 20375.0 
492.00324492908135 115.76 34.0 517.0 204.0 279.0 20395.0 
494.00324492908135 116.16000000000001 35.0 520.0 204.0 280.0 20496.0 
496.00324492908135 116.632 37.0 521.0 205.0 281.0 20683.0 
498.00324492908135 118.264 32.0 522.0 207.0 285.0 21017.0 
500.00324492908135 118.272 32.0 525.0 208.0 285.0 21039.0 
502.00324492908135 118.288 33.0 527.0 209.0 285.0 21076.0 
504.00324492908135 118.304 37.0 532.0 210.0 285.0 21117.0 
506.00324492908135 118.72 38.0 535.0 212.0 286.0 21153.0 
508.00324492908135 118.736 38.0 537.0 213.0 286.0 21168.0 
510.00324492908135 119.55199999999999 40.0 540.0 214.0 288.0 21401.0 
512.0032449290813 120.79199999999999 38.0 541.0 215.0 291.0 21590.0 
514.0032449290813 120.824 38.0 545.0 217.0 291.0 21624.0 
516.0032449290813 121.256 36.0 546.0 218.0 292.0 21653.0 
518.0032449290813 121.656 36.0 547.0 218.0 293.0 21754.0 
520.0032449290813 122.072 36.0 548.0 219.0 294.0 21928.0 
522.0032449290813 122.88 36.0 549.0 220.0 296.0 21983.0 
524.0032449290813 122.91199999999999 35.0 552.0 223.0 296.0 22032.0 
526.0032449290813 124.52000000000001 35.0 556.0 224.0 300.0 22178.0 
528.0032449290813 124.92 34.0 558.0 224.0 301.0 22213.0 
530.0032449290813 124.92 37.0 562.0 224.0 301.0 22213.0 
532.0032449290813 125.71999999999998 36.0 566.0 224.0 303.0 22270.0 
534.0032449290813 125.736 40.0 569.0 225.0 303.0 22289.0 
536.0032449290813 126.93599999999999 40.0 570.0 225.0 306.0 22332.0 
538.0032449290813 127.35200000000002 41.0 572.0 226.0 307.0 22347.0 
540.0032449290813 127.4 38.0 573.0 228.0 307.0 22391.0 
542.0032449290813 127.43199999999999 37.0 575.0 231.0 307.0 22445.0 
544.0032449290813 127.43199999999999 37.0 575.0 231.0 307.0 22445.0 
546.0032449290813 127.832 41.0 579.0 231.0 308.0 22546.0 
548.0032449290813 127.88 38.0 579.0 233.0 308.0 22581.0 
550.0032449290813 128.28 39.0 581.0 233.0 309.0 22649.0 
552.0032449290813 129.07999999999998 41.0 583.0 233.0 311.0 22742.0 
554.0032449290813 129.48 42.0 586.0 233.0 312.0 22743.0 
556.0032449290813 129.496 42.0 588.0 234.0 312.0 22766.0 
558.0032449290813 129.544 41.0 588.0 236.0 312.0 22807.0 
560.0032449290813 129.544 41.0 590.0 236.0 312.0 22807.0 
562.0032449290813 130.03199999999998 42.0 591.0 238.0 313.0 22891.0 
564.0032449290813 130.03199999999998 41.0 593.0 238.0 313.0 22891.0 
566.0032449290813 130.448 42.0 595.0 239.0 314.0 22927.0 
568.0032449290813 132.072 40.0 597.0 240.0 318.0 23244.0 
570.0032449290813 132.87199999999999 40.0 599.0 240.0 320.0 23383.0 
572.0032449290813 133.272 38.0 600.0 240.0 321.0 23485.0 
574.0032449290813 133.272 40.0 601.0 240.0 321.0 23485.0 
576.0032449290813 133.704 43.0 606.0 241.0 322.0 23605.0 
578.0032449290813 134.144 43.0 609.0 242.0 323.0 23704.0 
580.0032449290813 135.36 41.0 610.0 244.0 326.0 23868.0 
582.0032449290813 135.416 43.0 613.0 247.0 326.0 23923.0 
584.0032449290813 135.416 43.0 616.0 247.0 326.0 23923.0 
586.0032449290813 135.848 41.0 616.0 249.0 327.0 23969.0 
588.0032449290813 135.86399999999998 41.0 618.0 250.0 327.0 24006.0 
590.0032449290813 136.28 42.0 620.0 252.0 328.0 24173.0 
592.0032449290813 136.68 41.0 622.0 252.0 329.0 24185.0 
594.0032449290813 138.32 42.0 626.0 254.0 333.0 24357.0 
596.0032449290813 138.336 40.0 630.0 256.0 333.0 24383.0 
598.0032449290813 138.368 44.0 633.0 257.0 333.0 24473.0 
600.0032449290813 139.184 43.0 634.0 258.0 335.0 24692.0 
602.0032449290813 140.816 38.0 635.0 260.0 339.0 24912.0 
604.0032449290813 140.816 38.0 638.0 260.0 339.0 24912.0 
606.0032449290813 141.624 40.0 640.0 261.0 341.0 25032.0 
608.0032449290813 142.456 36.0 640.0 261.0 343.0 25235.0 
610.0032449290813 142.456 36.0 641.0 261.0 343.0 25235.0 
612.0032449290813 142.48 38.0 644.0 263.0 343.0 25269.0 
614.0032449290813 142.48 42.0 648.0 263.0 343.0 25269.0 
616.0032449290813 144.12 40.0 649.0 266.0 347.0 25543.0 
618.0032449290813 144.94400000000002 35.0 650.0 268.0 349.0 25598.0 
620.0032449290813 144.95999999999998 35.0 652.0 270.0 349.0 25733.0 
622.0032449290813 144.95999999999998 36.0 655.0 270.0 349.0 25733.0 
624.0032449290813 145.392 37.0 657.0 272.0 350.0 25813.0 
626.0032449290813 145.81599999999997 35.0 660.0 273.0 351.0 25839.0 
628.0032449290813 146.216 36.0 663.0 273.0 352.0 25874.0 
630.0032449290813 147.41600000000003 38.0 665.0 273.0 355.0 26003.0 
632.0032449290813 147.86399999999998 37.0 666.0 275.0 356.0 26125.0 
634.0032449290813 148.328 31.0 666.0 278.0 357.0 26224.0 
636.0032449290813 148.72799999999998 32.0 669.0 278.0 358.0 26234.0 
638.0032449290813 148.72799999999998 36.0 672.0 278.0 358.0 26234.0 
640.0032449290813 148.76799999999997 39.0 676.0 281.0 358.0 26288.0 
642.0032449290813 148.83999999999997 35.0 677.0 283.0 358.0 26336.0 
644.0032449290813 148.88 36.0 679.0 284.0 358.0 26380.0 
646.0032449290813 149.28 37.0 680.0 284.0 359.0 26397.0 
648.0032449290813 150.48 38.0 683.0 284.0 362.0 26538.0 
650.0032449290813 150.88 36.0 684.0 284.0 363.0 26610.0 
652.0032449290813 150.88799999999998 37.0 685.0 285.0 363.0 26623.0 
654.0032449290813 150.93599999999998 37.0 686.0 287.0 363.0 26656.0 
656.0032449290813 152.536 34.0 687.0 287.0 367.0 26808.0 
658.0032449290813 152.576 32.0 687.0 289.0 367.0 26845.0 
660.0032449290813 152.576 32.0 690.0 289.0 367.0 26845.0 
662.0032449290813 153.0 34.0 695.0 291.0 368.0 26984.0 
664.0032449290813 153.424 36.0 697.0 292.0 369.0 27001.0 
666.0032449290813 153.424 38.0 700.0 292.0 369.0 27001.0 
668.0032449290813 153.83999999999997 39.0 701.0 293.0 370.0 27121.0 
670.0032449290813 154.696 36.0 702.0 295.0 372.0 27329.0 
672.0032449290813 154.752 35.0 704.0 297.0 372.0 27409.0 
674.0032449290813 155.168 35.0 705.0 298.0 373.0 27428.0 
676.0032449290813 155.17600000000002 34.0 706.0 299.0 373.0 27442.0 
678.0032449290813 156.4 37.0 711.0 300.0 376.0 27567.0 
680.0032449290813 156.4 38.0 714.0 300.0 376.0 27567.0 
682.0032449290813 156.432 40.0 716.0 301.0 376.0 27587.0 
684.0032449290813 156.832 38.0 716.0 301.0 377.0 27689.0 
686.0032449290813 156.848 40.0 719.0 302.0 377.0 27706.0 
688.0032449290813 156.86399999999998 41.0 723.0 303.0 377.0 27728.0 
690.0032449290813 158.88 45.0 727.0 304.0 382.0 28024.0 
692.0032449290813 158.88799999999998 42.0 729.0 305.0 382.0 28055.0 
694.0032449290813 159.32000000000002 41.0 729.0 306.0 383.0 28187.0 
696.0032449290813 160.12 41.0 732.0 306.0 385.0 28340.0 
698.0032449290813 160.544 41.0 734.0 307.0 386.0 28396.0 
700.0032449290813 162.16000000000003 40.0 737.0 308.0 390.0 28492.0 
702.0032449290813 162.576 41.0 741.0 309.0 391.0 28523.0 
704.0032449290813 162.576 43.0 743.0 309.0 391.0 28523.0 
706.0032449290813 162.608 43.0 746.0 311.0 391.0 28585.0 
708.0032449290813 163.03199999999998 47.0 750.0 312.0 392.0 28719.0 
710.0032449290813 163.464 47.0 752.0 313.0 393.0 28784.0 
712.0032449290813 163.464 49.0 755.0 313.0 393.0 28784.0 
714.0032449290813 163.464 49.0 755.0 313.0 393.0 28784.0 
716.0032449290813 163.528 49.0 756.0 316.0 393.0 28853.0 
718.0032449290813 163.528 47.0 756.0 316.0 393.0 28853.0 
720.0032449290813 163.528 51.0 760.0 316.0 393.0 28853.0 
722.0032449290813 163.552 51.0 760.0 317.0 393.0 28872.0 
724.0032449290813 163.592 49.0 762.0 319.0 393.0 28934.0 
726.0032449290813 164.0 54.0 767.0 320.0 394.0 28985.0 
728.0032449290813 165.256 51.0 770.0 322.0 397.0 29236.0 
730.0032449290813 167.25600000000003 50.0 772.0 322.0 402.0 29494.0 
732.0032449290813 168.472 47.0 773.0 323.0 405.0 29769.0 
734.0026938608918 169.296 41.0 773.0 325.0 407.0 29920.0 
736.0032449290813 169.69599999999997 43.0 776.0 325.0 408.0 30021.0 
738.0032449290813 170.89600000000002 44.0 780.0 325.0 411.0 30238.0 
740.0032449290813 171.712 45.0 782.0 326.0 413.0 30331.0 
742.0032449290813 172.53599999999997 42.0 784.0 327.0 415.0 30437.0 
744.0032449290813 173.36 42.0 786.0 328.0 417.0 30513.0 
746.0032449290813 173.36800000000002 41.0 786.0 329.0 417.0 30530.0 
748.0032449290813 173.8 42.0 789.0 330.0 418.0 30558.0 
750.0032449290813 174.264 44.0 793.0 333.0 419.0 30644.0 
752.0032449290813 174.27200000000002 42.0 795.0 334.0 419.0 30658.0 
754.0032449290813 174.28000000000003 41.0 795.0 335.0 419.0 30682.0 
756.0032449290813 174.67999999999998 41.0 796.0 335.0 420.0 30784.0 
758.0032449290813 174.67999999999998 42.0 799.0 335.0 420.0 30784.0 
760.0032449290813 174.76799999999997 45.0 803.0 337.0 420.0 30877.0 
762.0032449290813 174.76799999999997 49.0 806.0 337.0 420.0 30877.0 
764.0032449290813 174.77599999999998 50.0 808.0 338.0 420.0 30891.0 
766.0032449290813 175.99200000000002 48.0 810.0 339.0 423.0 31020.0 
768.0032449290813 176.41600000000003 49.0 812.0 340.0 424.0 31056.0 
770.0032449290813 177.23200000000003 46.0 812.0 341.0 426.0 31202.0 
772.0032449290813 177.28000000000003 44.0 814.0 343.0 426.0 31236.0 
774.0032449290813 178.07999999999998 47.0 817.0 343.0 428.0 31338.0 
776.0032449290813 179.288 45.0 818.0 344.0 431.0 31436.0 
778.0032449290813 179.288 44.0 822.0 344.0 431.0 31436.0 
780.0032449290813 180.20800000000003 48.0 826.0 349.0 433.0 31737.0 
782.0032449290813 181.82399999999998 41.0 828.0 350.0 437.0 31954.0 
784.0032449290813 181.82399999999998 41.0 828.0 350.0 437.0 31954.0 
786.0032449290813 182.28000000000003 39.0 830.0 353.0 438.0 32152.0 
788.0032449290813 182.71999999999997 40.0 832.0 355.0 439.0 32199.0 
790.0032449290813 183.12 39.0 834.0 355.0 440.0 32215.0 
792.0032449290813 183.92000000000002 38.0 835.0 355.0 442.0 32268.0 
794.0032449290813 183.92000000000002 42.0 839.0 355.0 442.0 32268.0 
796.0032449290813 183.94400000000002 45.0 842.0 356.0 442.0 32284.0 
798.0032449290813 183.98399999999998 45.0 844.0 358.0 442.0 32322.0 
800.0032449290813 184.784 43.0 844.0 358.0 444.0 32486.0 
802.0032449290813 186.8 39.0 845.0 360.0 449.0 32818.0 
804.0032449290813 188.00799999999998 36.0 849.0 361.0 452.0 32984.0 
806.0032449290813 188.01600000000002 37.0 851.0 362.0 452.0 32997.0 
808.0032449290813 188.83999999999997 40.0 855.0 363.0 454.0 33190.0 
810.0032449290813 192.04000000000002 39.0 857.0 363.0 462.0 33492.0 
812.0032449290813 192.44 33.0 859.0 363.0 463.0 33508.0 
814.0032449290813 192.46400000000003 33.0 860.0 364.0 463.0 33529.0 
816.0032449290813 192.46400000000003 35.0 863.0 364.0 463.0 33529.0 
818.0032449290813 192.472 36.0 865.0 365.0 463.0 33572.0 
820.0032449290813 192.472 37.0 866.0 365.0 463.0 33572.0 
822.0032449290813 192.504 38.0 868.0 366.0 463.0 33599.0 
824.0032449290813 192.53599999999997 42.0 871.0 367.0 463.0 33619.0 
826.0032449290813 193.35999999999999 40.0 872.0 368.0 465.0 33697.0 
828.0032449290813 194.56 38.0 872.0 368.0 468.0 33885.0 
830.0032449290813 194.576 38.0 876.0 369.0 468.0 33907.0 
832.0032449290813 194.99200000000002 40.0 880.0 370.0 469.0 33924.0 
834.0032449290813 195.79199999999997 40.0 885.0 370.0 471.0 34027.0 
836.0032449290813 195.808 45.0 886.0 371.0 471.0 34040.0 
838.0032449290813 195.81599999999997 46.0 889.0 372.0 471.0 34069.0 
840.0032449290813 196.216 46.0 889.0 372.0 472.0 34093.0 
842.0032449290813 197.06400000000002 46.0 892.0 374.0 474.0 34290.0 
844.0032449290813 197.48 43.0 894.0 375.0 475.0 34405.0 
846.0032449290813 197.488 44.0 894.0 376.0 475.0 34445.0 
848.0032449290813 197.512 47.0 899.0 378.0 475.0 34484.0 
850.0032449290813 198.72799999999998 46.0 900.0 379.0 478.0 34786.0 
852.0032449290813 201.152 37.0 900.0 381.0 484.0 35142.0 
854.0032449290813 201.552 35.0 900.0 381.0 485.0 35244.0 
856.0032449290813 201.95999999999998 36.0 903.0 382.0 486.0 35273.0 
858.0032449290813 201.95999999999998 38.0 906.0 382.0 486.0 35273.0 
860.0032449290813 201.96800000000002 37.0 907.0 383.0 486.0 35290.0 
862.0032449290813 202.77599999999998 40.0 910.0 384.0 488.0 35364.0 
864.0032449290813 203.2 36.0 910.0 385.0 489.0 35412.0 
866.0032449290813 206.0 31.0 911.0 385.0 496.0 35680.0 
868.0032449290813 206.03199999999998 30.0 912.0 386.0 496.0 35700.0 
870.0032449290813 206.03199999999998 31.0 914.0 386.0 496.0 35700.0 
872.0032449290813 206.04000000000002 33.0 918.0 387.0 496.0 35713.0 
874.0032449290813 206.84 34.0 918.0 387.0 498.0 35750.0 
876.0032449290813 207.24 34.0 920.0 387.0 499.0 35813.0 
878.0032449290813 207.64000000000001 34.0 922.0 387.0 500.0 35881.0 
880.0032449290813 208.86399999999998 35.0 923.0 388.0 503.0 35966.0 
882.0032449290813 208.86399999999998 35.0 926.0 388.0 503.0 35966.0 
884.0032449290813 208.88 35.0 928.0 389.0 503.0 35988.0 
886.0032449290813 208.89600000000002 36.0 929.0 391.0 503.0 36015.0 
888.0032449290813 209.304 38.0 934.0 392.0 504.0 36156.0 
890.0032449290813 210.10399999999998 40.0 938.0 392.0 506.0 36199.0 
892.0032449290813 210.10399999999998 40.0 939.0 392.0 506.0 36199.0 
894.0032449290813 210.528 41.0 941.0 393.0 507.0 36221.0 
896.0032449290813 210.53599999999997 42.0 944.0 394.0 507.0 36234.0 
898.0032449290813 211.73600000000002 44.0 946.0 394.0 510.0 36405.0 
900.0032449290813 212.16799999999998 44.0 948.0 395.0 511.0 36535.0 
#####################################################################
# End of data export. Simulation finished at: 2020-02-14T21:55+0000 #
#####################################################################
