#####################################################################
# Alchemist log file - simulation started at: 2020-02-15T14:08+0000 #
#####################################################################
# seed = 70.0, taskFrequency = 0.01778, cloudcost = 29.0, algorithm = false
#
# The columns have the following meaning: 
# time taskHops[Mean] hasTask[Sum] tasks[Sum] completedTasks[Sum] giveupTasks[Sum] taskLatency[Sum] 
0.0 NaN 0.0 0.0 0.0 0.0 0.0 
2.003080252868684 NaN 2.0 3.0 0.0 0.0 0.0 
4.003080252868684 NaN 4.0 6.0 0.0 0.0 0.0 
6.003080252868684 NaN 10.0 10.0 0.0 0.0 0.0 
8.003080252868685 NaN 12.0 14.0 0.0 0.0 0.0 
10.003080252868685 NaN 14.0 14.0 0.0 0.0 0.0 
12.003080252868685 NaN 18.0 19.0 0.0 0.0 0.0 
14.003080252868685 NaN 19.0 20.0 0.0 0.0 0.0 
16.003080252868685 NaN 23.0 25.0 0.0 0.0 0.0 
18.003080252868685 NaN 27.0 28.0 0.0 0.0 0.0 
20.003080252868685 NaN 31.0 31.0 0.0 0.0 0.0 
22.003080252868685 NaN 31.0 32.0 0.0 0.0 0.0 
24.003080252868685 NaN 34.0 36.0 0.0 0.0 0.0 
26.003080252868685 NaN 39.0 40.0 0.0 0.0 0.0 
28.003080252868685 NaN 41.0 41.0 0.0 0.0 0.0 
30.003080252868685 NaN 43.0 45.0 0.0 0.0 0.0 
32.003080252868685 NaN 47.0 47.0 0.0 0.0 0.0 
34.003080252868685 NaN 50.0 51.0 0.0 0.0 0.0 
36.003080252868685 NaN 53.0 55.0 0.0 0.0 0.0 
38.003080252868685 NaN 55.0 55.0 0.0 0.0 0.0 
40.003080252868685 NaN 58.0 59.0 0.0 0.0 0.0 
42.003080252868685 NaN 59.0 60.0 0.0 0.0 0.0 
44.003080252868685 NaN 61.0 61.0 0.0 0.0 0.0 
46.003080252868685 NaN 61.0 61.0 0.0 0.0 0.0 
48.003080252868685 NaN 61.0 62.0 0.0 0.0 0.0 
50.003080252868685 NaN 63.0 64.0 0.0 0.0 0.0 
52.003080252868685 NaN 64.0 64.0 0.0 0.0 0.0 
54.003080252868685 NaN 66.0 67.0 0.0 0.0 0.0 
56.003080252868685 NaN 68.0 68.0 0.0 0.0 0.0 
58.003080252868685 NaN 71.0 71.0 0.0 0.0 0.0 
60.003080252868685 NaN 71.0 72.0 0.0 0.0 0.0 
62.003080252868685 NaN 72.0 74.0 0.0 0.0 0.0 
64.00308025286868 NaN 76.0 76.0 0.0 0.0 0.0 
66.00308025286868 NaN 76.0 77.0 0.0 0.0 0.0 
68.00308025286868 NaN 80.0 80.0 0.0 0.0 0.0 
70.00308025286868 NaN 80.0 80.0 0.0 0.0 0.0 
72.00308025286868 NaN 81.0 82.0 0.0 0.0 0.0 
74.00308025286868 NaN 83.0 83.0 0.0 0.0 0.0 
76.00308025286868 NaN 84.0 84.0 0.0 0.0 0.0 
78.00308025286868 NaN 85.0 85.0 0.0 0.0 0.0 
80.00308025286868 NaN 87.0 87.0 0.0 0.0 0.0 
82.00308025286868 NaN 87.0 87.0 0.0 0.0 0.0 
84.00308025286868 NaN 88.0 89.0 0.0 0.0 0.0 
86.00308025286868 NaN 90.0 90.0 0.0 0.0 0.0 
88.00308025286868 NaN 90.0 90.0 0.0 0.0 0.0 
90.00308025286868 NaN 91.0 92.0 0.0 0.0 0.0 
92.00308025286868 NaN 95.0 96.0 0.0 0.0 0.0 
94.00308025286868 NaN 96.0 97.0 0.0 0.0 0.0 
96.00308025286868 NaN 99.0 99.0 0.0 0.0 0.0 
98.00308025286868 NaN 100.0 100.0 0.0 0.0 0.0 
100.00308025286868 NaN 101.0 101.0 0.0 0.0 0.0 
102.00308025286868 NaN 104.0 104.0 0.0 0.0 0.0 
104.00308025286868 29.0 104.0 104.0 0.0 1.0 103.0 
106.00308025286868 29.0 103.0 104.0 0.0 1.0 103.0 
108.00308025286868 29.0 103.0 105.0 0.0 3.0 308.0 
110.00308025286868 29.0 102.0 105.0 0.0 4.0 413.0 
112.00308025286868 29.0 101.0 106.0 0.0 5.0 516.0 
114.00308025286868 29.0 99.0 106.0 0.0 9.0 940.0 
116.00308025286868 29.0 96.0 106.0 0.0 10.0 1043.0 
118.00308025286868 29.0 92.0 107.0 0.0 17.0 1790.0 
120.00308025286868 29.0 90.0 109.0 0.0 21.0 2200.0 
122.00308025286868 29.0 87.0 109.0 0.0 25.0 2610.0 
124.00308025286868 29.0 84.0 110.0 0.0 25.0 2610.0 
126.00308025286868 29.0 83.0 110.0 0.0 29.0 3039.0 
128.0030802528687 29.0 78.0 112.0 0.0 33.0 3465.0 
130.0030802528687 29.0 77.0 112.0 0.0 37.0 3898.0 
132.0030802528687 29.0 75.0 114.0 0.0 39.0 4103.0 
134.0030802528687 29.0 74.0 115.0 0.0 43.0 4545.0 
136.0030802528687 29.0 71.0 115.0 0.0 46.0 4854.0 
138.0030802528687 29.0 68.0 115.0 0.0 49.0 5162.0 
140.0030802528687 29.0 64.0 115.0 0.0 51.0 5368.0 
142.0030802528687 29.0 64.0 115.0 0.0 53.0 5573.0 
144.0030802528687 29.0 62.0 116.0 0.0 54.0 5676.0 
146.0030802528687 29.0 61.0 116.0 0.0 56.0 5881.0 
148.0030802528687 29.0 61.0 117.0 0.0 56.0 5881.0 
150.0030802528687 29.0 61.0 117.0 0.0 56.0 5881.0 
152.0030802528687 29.0 61.0 118.0 0.0 58.0 6087.0 
154.0030802528687 29.0 59.0 118.0 0.0 59.0 6190.0 
156.0030802528687 29.0 59.0 118.0 0.0 60.0 6292.0 
158.0030802528687 29.0 58.0 120.0 0.0 62.0 6497.0 
160.0030802528687 29.446153846153845 58.0 121.0 0.0 66.0 6803.0 
162.0030802528687 29.446153846153845 56.0 122.0 0.0 66.0 6803.0 
164.0030802528687 29.439393939393938 55.0 122.0 0.0 67.0 6906.0 
166.0030802528687 29.414285714285715 53.0 122.0 0.0 71.0 7368.0 
168.0030802528687 29.414285714285715 54.0 125.0 0.0 71.0 7368.0 
170.0030802528687 29.39189189189189 53.0 126.0 0.0 75.0 7823.0 
172.0030802528687 29.39189189189189 53.0 128.0 0.0 75.0 7823.0 
174.0030802528687 29.386666666666667 53.0 129.0 0.0 76.0 7926.0 
176.0030802528687 29.376623376623378 52.0 131.0 0.0 78.0 8131.0 
178.0030802528687 29.371794871794872 55.0 133.0 0.0 79.0 8233.0 
180.0030802528687 29.367088607594937 55.0 135.0 0.0 80.0 8336.0 
182.0030802528687 29.358024691358025 56.0 137.0 0.0 82.0 8541.0 
184.0030802528687 29.358024691358025 56.0 138.0 0.0 82.0 8541.0 
186.0030802528687 29.353658536585368 60.0 142.0 0.0 83.0 8643.0 
188.0030802528687 29.345238095238095 58.0 143.0 0.0 85.0 8849.0 
190.0030802528687 29.345238095238095 60.0 147.0 0.0 85.0 8849.0 
192.0030802528687 29.341176470588234 62.0 148.0 0.0 86.0 8951.0 
194.0030802528687 29.325842696629213 61.0 148.0 0.0 90.0 9362.0 
196.0030802528687 29.322222222222223 57.0 150.0 0.0 91.0 9465.0 
198.0030802528687 29.311827956989248 58.0 153.0 0.0 94.0 9772.0 
200.0030802528687 29.30851063829787 60.0 154.0 0.0 95.0 9874.0 
202.0030802528687 29.305263157894736 59.0 155.0 0.0 96.0 9976.0 
204.0030802528687 29.29591836734694 58.0 156.0 0.0 99.0 10283.0 
206.0030802528687 29.29591836734694 59.0 159.0 0.0 99.0 10283.0 
208.0030802528687 29.29591836734694 62.0 161.0 0.0 99.0 10283.0 
210.0030802528687 29.292929292929294 63.0 162.0 0.0 100.0 10385.0 
212.0030802528687 29.292929292929294 63.0 163.0 0.0 100.0 10385.0 
214.0030802528687 29.29 63.0 166.0 0.0 101.0 10487.0 
216.0030802528687 29.29 65.0 166.0 0.0 101.0 10487.0 
218.0030802528687 29.29 66.0 167.0 0.0 101.0 10487.0 
220.0030802528687 29.29 69.0 170.0 0.0 101.0 10487.0 
222.0030802528687 29.281553398058254 68.0 171.0 0.0 104.0 10795.0 
224.0030802528687 29.281553398058254 70.0 174.0 0.0 104.0 10795.0 
226.0030802528687 29.281553398058254 70.0 174.0 0.0 104.0 10795.0 
228.0030802528687 29.278846153846153 69.0 174.0 0.0 105.0 10898.0 
230.0030802528687 29.557692307692307 69.0 174.0 0.0 106.0 11001.0 
232.0030802528687 29.55238095238095 67.0 175.0 0.0 107.0 11104.0 
234.0030802528687 29.82857142857143 68.0 175.0 0.0 108.0 11207.0 
236.0030802528687 30.09433962264151 67.0 176.0 0.0 110.0 11413.0 
238.0030802528687 30.09433962264151 66.0 176.0 0.0 110.0 11413.0 
240.0030802528687 30.08411214953271 69.0 180.0 0.0 111.0 11620.0 
242.0030802528687 30.074074074074073 69.0 181.0 0.0 112.0 11822.0 
244.0030802528687 30.074074074074073 70.0 182.0 0.0 112.0 11822.0 
246.0030802528687 30.06422018348624 70.0 182.0 0.0 113.0 11924.0 
248.0030802528687 30.06422018348624 70.0 183.0 0.0 113.0 11924.0 
250.0030802528687 30.3302752293578 70.0 185.0 0.0 114.0 12026.0 
252.0030802528687 30.3302752293578 71.0 186.0 0.0 114.0 12026.0 
254.0030802528687 30.31818181818182 73.0 188.0 0.0 115.0 12128.0 
256.0030802528687 30.31818181818182 73.0 190.0 0.0 115.0 12128.0 
258.0030802528687 30.31818181818182 76.0 191.0 0.0 115.0 12128.0 
260.0030802528687 30.306306306306304 77.0 192.0 0.0 116.0 12231.0 
262.0030802528687 30.306306306306304 77.0 193.0 0.0 116.0 12231.0 
264.0030802528687 30.306306306306304 79.0 196.0 0.0 116.0 12231.0 
266.0030802528687 30.306306306306304 82.0 198.0 0.0 116.0 12231.0 
268.0030802528687 30.306306306306304 82.0 198.0 0.0 116.0 12231.0 
270.0030802528687 31.090090090090094 82.0 199.0 0.0 119.0 12537.0 
272.0030802528687 31.090090090090094 82.0 201.0 0.0 119.0 12537.0 
274.0030802528687 31.58928571428571 82.0 203.0 0.0 122.0 12844.0 
276.0030802528687 31.58928571428571 81.0 203.0 0.0 122.0 12844.0 
278.0030802528687 31.84821428571429 82.0 205.0 0.0 123.0 12947.0 
280.0030802528687 32.27826086956522 80.0 206.0 0.0 128.0 13599.0 
282.0030802528687 32.27826086956522 78.0 206.0 0.0 128.0 13599.0 
284.0030802528687 33.28695652173913 77.0 208.0 0.0 132.0 14014.0 
286.0030802528687 33.25 77.0 209.0 0.0 133.0 14116.0 
288.0030802528687 33.957264957264954 74.0 209.0 0.0 137.0 14525.0 
290.0030802528687 33.957264957264954 72.0 210.0 0.0 137.0 14525.0 
292.0030802528687 34.452991452991455 74.0 211.0 0.0 139.0 14731.0 
294.0030802528687 35.19658119658119 70.0 212.0 0.0 142.0 15039.0 
296.0030802528687 35.19658119658119 70.0 212.0 0.0 142.0 15039.0 
298.0030802528687 35.19658119658119 70.0 212.0 0.0 142.0 15039.0 
300.0030802528687 36.18803418803419 69.0 214.0 0.0 146.0 15450.0 
302.0030802528687 36.61864406779661 67.0 216.0 0.0 149.0 15655.0 
304.0030802528687 36.86440677966102 67.0 218.0 0.0 150.0 15758.0 
306.0030802528687 36.86440677966102 69.0 221.0 0.0 150.0 15758.0 
308.0030802528687 37.601694915254235 69.0 222.0 0.0 153.0 16065.0 
310.0030802528687 38.59322033898305 67.0 222.0 0.0 157.0 16495.0 
312.0030802528687 38.7563025210084 65.0 222.0 0.0 159.0 16848.0 
314.0030802528687 39.0 63.0 222.0 0.0 160.0 16950.0 
316.0030802528687 39.24369747899159 61.0 222.0 0.0 161.0 17052.0 
318.0030802528687 39.73109243697479 60.0 223.0 0.0 163.0 17258.0 
320.0030802528687 39.97478991596639 62.0 226.0 0.0 164.0 17361.0 
322.0030802528687 40.705882352941174 62.0 228.0 0.0 167.0 17668.0 
324.0030802528687 40.94957983193277 61.0 228.0 0.0 168.0 17771.0 
326.0030802528687 41.33333333333333 58.0 228.0 0.0 171.0 18077.0 
328.0030802528687 41.231404958677686 59.0 230.0 0.0 172.0 18247.0 
330.0018784832732 41.231404958677686 58.0 231.0 0.0 172.0 18247.0 
332.0030802528687 41.231404958677686 60.0 232.0 0.0 172.0 18247.0 
334.0030802528687 41.231404958677686 60.0 232.0 0.0 172.0 18247.0 
336.0030802528687 41.47107438016529 59.0 232.0 0.0 173.0 18350.0 
338.0030802528687 41.710743801652896 63.0 236.0 0.0 174.0 18453.0 
340.0030802528687 41.710743801652896 65.0 239.0 0.0 174.0 18453.0 
342.0030802528687 42.429752066115704 66.0 241.0 0.0 177.0 18760.0 
344.0030802528687 42.90909090909091 63.0 242.0 0.0 179.0 18965.0 
346.0030802528687 43.14876033057851 63.0 243.0 0.0 180.0 19068.0 
348.0030802528687 43.14876033057851 63.0 244.0 0.0 180.0 19068.0 
350.0030802528687 43.14876033057851 64.0 244.0 0.0 180.0 19068.0 
352.0030802528687 43.388429752066116 64.0 245.0 0.0 181.0 19171.0 
354.0030802528687 43.62809917355372 63.0 246.0 0.0 182.0 19274.0 
356.0030802528687 43.98360655737705 63.0 246.0 0.0 185.0 19582.0 
358.0030802528687 43.98360655737705 63.0 248.0 0.0 185.0 19582.0 
360.0030802528687 44.69672131147541 62.0 249.0 0.0 188.0 19890.0 
362.0030802528687 44.9344262295082 62.0 250.0 0.0 189.0 19993.0 
364.0030802528687 45.17213114754098 61.0 250.0 0.0 190.0 20096.0 
366.0030802528687 45.647540983606554 62.0 252.0 0.0 192.0 20300.0 
368.0030802528687 46.36065573770492 60.0 253.0 0.0 195.0 20607.0 
370.0030802528687 46.36065573770492 59.0 256.0 0.0 195.0 20607.0 
372.0030802528687 46.36065573770492 61.0 256.0 0.0 195.0 20607.0 
374.0030802528687 47.07377049180327 59.0 258.0 0.0 198.0 20914.0 
376.0030802528687 47.16260162601627 59.0 259.0 0.0 200.0 21212.0 
378.0030802528687 47.39837398373983 61.0 262.0 0.0 201.0 21315.0 
380.0030802528687 47.86991869918699 62.0 266.0 0.0 203.0 21519.0 
382.0030802528687 48.105691056910565 64.0 267.0 0.0 204.0 21621.0 
384.0030802528687 48.105691056910565 64.0 268.0 0.0 204.0 21621.0 
386.0030802528687 48.105691056910565 64.0 268.0 0.0 204.0 21621.0 
388.0030802528687 48.577235772357724 64.0 269.0 0.0 206.0 21827.0 
390.0030802528687 48.577235772357724 64.0 271.0 0.0 206.0 21827.0 
392.0030802528687 48.577235772357724 66.0 273.0 0.0 206.0 21827.0 
394.0030802528687 49.048780487804876 67.0 274.0 0.0 208.0 22033.0 
396.0030802528687 49.048780487804876 67.0 275.0 0.0 208.0 22033.0 
398.0030802528687 49.28455284552845 67.0 276.0 0.0 209.0 22136.0 
400.0030802528687 49.28455284552845 68.0 279.0 0.0 209.0 22136.0 
402.0030802528687 49.28455284552845 71.0 280.0 0.0 209.0 22136.0 
404.0030802528687 49.99186991869918 72.0 282.0 0.0 212.0 22446.0 
406.0030802528687 49.99186991869918 73.0 285.0 0.0 212.0 22446.0 
408.0030802528687 50.46341463414634 71.0 285.0 0.0 214.0 22651.0 
410.0030802528687 51.170731707317074 70.0 287.0 0.0 217.0 22959.0 
412.0030802528687 51.170731707317074 73.0 290.0 0.0 217.0 22959.0 
414.0030802528687 51.170731707317074 73.0 290.0 0.0 217.0 22959.0 
416.0030802528687 51.170731707317074 73.0 291.0 0.0 217.0 22959.0 
418.0030802528687 51.170731707317074 74.0 291.0 0.0 217.0 22959.0 
420.0030802528687 51.40650406504065 76.0 293.0 0.0 218.0 23062.0 
422.0030802528687 52.11382113821138 73.0 293.0 0.0 221.0 23384.0 
424.0030802528687 52.82113821138211 72.0 295.0 0.0 224.0 23693.0 
426.0030802528687 53.05691056910569 71.0 295.0 0.0 225.0 23872.0 
428.0030802528687 53.05691056910569 71.0 296.0 0.0 225.0 23872.0 
430.0030802528687 53.29268292682927 71.0 297.0 0.0 226.0 23974.0 
432.0030802528687 53.29268292682927 71.0 297.0 0.0 226.0 23974.0 
434.0030802528687 53.52845528455285 72.0 298.0 0.0 227.0 24077.0 
436.0030802528687 53.52845528455285 71.0 298.0 0.0 227.0 24077.0 
438.0030802528687 53.52845528455285 72.0 299.0 0.0 227.0 24077.0 
440.0030802528687 54.47154471544715 73.0 300.0 0.0 231.0 24486.0 
442.0030802528687 54.70731707317073 70.0 301.0 0.0 232.0 24588.0 
444.0030802528687 55.17886178861788 69.0 304.0 0.0 234.0 24792.0 
446.0030802528687 55.17886178861788 70.0 304.0 0.0 234.0 24792.0 
448.0030802528687 55.41463414634147 71.0 306.0 0.0 235.0 24895.0 
450.0030802528687 55.65040650406504 71.0 307.0 0.0 236.0 24998.0 
452.0030802528687 55.88617886178862 71.0 309.0 0.0 237.0 25101.0 
454.0030802528687 55.88617886178862 74.0 312.0 0.0 237.0 25101.0 
456.0030802528687 56.1219512195122 76.0 314.0 0.0 238.0 25204.0 
458.0030802528687 56.35772357723577 77.0 316.0 0.0 239.0 25307.0 
460.0002781932356 56.829268292682926 78.0 318.0 0.0 241.0 25511.0 
462.0030802528687 57.0650406504065 76.0 318.0 0.0 242.0 25613.0 
464.0030802528687 57.30081300813008 75.0 318.0 0.0 243.0 25715.0 
466.0030802528687 57.30081300813008 75.0 318.0 0.0 243.0 25715.0 
468.0030802528687 57.77235772357723 74.0 318.0 0.0 245.0 25919.0 
470.0030802528687 58.24390243902439 73.0 319.0 0.0 247.0 26022.0 
472.0030802528687 58.47967479674797 72.0 319.0 0.0 248.0 26124.0 
474.0030802528687 58.951219512195124 69.0 319.0 0.0 250.0 26330.0 
476.0030802528687 59.1869918699187 69.0 319.0 0.0 251.0 26432.0 
478.0030802528687 59.422764227642276 67.0 319.0 0.0 252.0 26535.0 
480.0030802528687 60.36585365853658 65.0 320.0 0.0 256.0 26944.0 
482.0030802528687 61.07317073170732 64.0 320.0 0.0 259.0 27293.0 
484.0030802528687 62.016260162601625 59.0 321.0 0.0 263.0 27802.0 
486.0030802528687 62.2520325203252 58.0 321.0 0.0 264.0 27905.0 
488.0030802528687 62.48780487804878 58.0 322.0 0.0 265.0 28062.0 
490.0030802528687 62.72357723577236 57.0 324.0 0.0 266.0 28164.0 
492.0030802528687 63.19512195121951 58.0 325.0 0.0 268.0 28431.0 
494.0030802528687 63.66666666666667 59.0 328.0 0.0 270.0 28637.0 
496.0030802528687 64.13821138211382 58.0 330.0 0.0 272.0 28843.0 
498.0030802528687 64.13821138211382 58.0 330.0 0.0 272.0 28843.0 
500.0030802528687 64.3739837398374 59.0 331.0 0.0 273.0 28945.0 
502.0030802528687 64.60975609756098 57.0 331.0 0.0 274.0 29047.0 
504.0030802528687 65.3170731707317 57.0 333.0 0.0 277.0 29356.0 
506.0030802528687 65.55284552845528 56.0 333.0 0.0 278.0 29458.0 
508.0030802528687 66.26016260162602 54.0 335.0 0.0 281.0 29765.0 
510.0030802528687 66.26016260162602 58.0 339.0 0.0 281.0 29765.0 
512.0030802528687 66.73170731707317 58.0 340.0 0.0 283.0 29971.0 
514.0030802528687 67.4390243902439 58.0 343.0 0.0 286.0 30279.0 
516.0030802528687 67.4390243902439 59.0 345.0 0.0 286.0 30279.0 
518.0030802528687 67.4390243902439 59.0 346.0 0.0 286.0 30279.0 
520.0030802528687 67.67479674796748 59.0 346.0 0.0 287.0 30382.0 
522.0030802528687 68.14634146341464 58.0 347.0 0.0 289.0 30587.0 
524.0030802528687 68.14634146341464 58.0 348.0 0.0 289.0 30587.0 
526.0030802528687 68.3821138211382 62.0 351.0 0.0 290.0 30690.0 
528.0030802528687 68.6178861788618 61.0 352.0 0.0 291.0 30793.0 
530.0030802528687 68.85365853658536 61.0 353.0 0.0 292.0 30896.0 
532.0030802528687 69.08943089430895 61.0 354.0 0.0 293.0 30998.0 
534.0030802528687 69.08943089430895 64.0 358.0 0.0 293.0 30998.0 
536.0030802528687 69.32520325203252 65.0 360.0 0.0 294.0 31100.0 
538.0030802528687 69.32520325203252 66.0 360.0 0.0 294.0 31100.0 
540.0030802528687 69.5609756097561 67.0 362.0 0.0 295.0 31203.0 
542.0030802528687 69.79674796747967 68.0 364.0 0.0 296.0 31305.0 
544.0030802528687 70.03252032520325 68.0 364.0 0.0 297.0 31407.0 
546.0030802528687 70.5040650406504 65.0 364.0 0.0 299.0 31611.0 
548.0030802528687 70.73983739837398 65.0 365.0 0.0 300.0 31714.0 
550.0030802528687 70.97560975609755 65.0 366.0 0.0 301.0 31816.0 
552.0030802528687 71.21138211382113 64.0 366.0 0.0 302.0 31918.0 
554.0030802528687 71.6829268292683 63.0 367.0 0.0 304.0 32178.0 
556.0030802528687 72.39024390243902 64.0 370.0 0.0 307.0 32485.0 
558.0030802528687 73.09756097560975 62.0 371.0 0.0 310.0 32793.0 
560.0030802528687 73.5691056910569 62.0 373.0 0.0 312.0 32998.0 
562.0030802528687 73.8048780487805 60.0 373.0 0.0 313.0 33100.0 
564.0030802528687 73.8048780487805 60.0 373.0 0.0 313.0 33100.0 
566.0030802528687 73.8048780487805 61.0 375.0 0.0 313.0 33100.0 
568.0030802528687 73.8048780487805 63.0 376.0 0.0 313.0 33100.0 
570.0030802528687 73.8048780487805 63.0 377.0 0.0 313.0 33100.0 
572.0030802528687 73.8048780487805 65.0 378.0 0.0 313.0 33100.0 
574.0030802528687 73.8048780487805 65.0 378.0 0.0 313.0 33100.0 
576.0030802528687 73.8048780487805 66.0 379.0 0.0 313.0 33100.0 
578.0030802528687 73.8048780487805 69.0 383.0 0.0 313.0 33100.0 
580.0030802528687 73.8048780487805 70.0 384.0 0.0 313.0 33100.0 
582.0030802528687 74.04065040650406 71.0 384.0 0.0 314.0 33202.0 
584.0030802528687 74.04065040650406 71.0 385.0 0.0 314.0 33202.0 
586.0030802528687 74.04065040650406 71.0 386.0 0.0 314.0 33202.0 
588.0030802528687 74.04065040650406 73.0 387.0 0.0 314.0 33202.0 
590.0030802528687 74.27642276422765 73.0 388.0 0.0 315.0 33304.0 
592.0030802528687 74.51219512195122 74.0 389.0 0.0 316.0 33406.0 
594.0030802528687 74.98373983739837 73.0 390.0 0.0 318.0 33611.0 
596.0030802528687 75.45528455284554 72.0 390.0 0.0 320.0 33816.0 
598.0030802528687 75.6910569105691 70.0 390.0 0.0 321.0 33918.0 
600.0030802528687 75.92682926829268 68.0 391.0 0.0 322.0 34021.0 
602.0030802528687 75.92682926829268 71.0 394.0 0.0 322.0 34021.0 
604.0030802528687 75.92682926829268 73.0 395.0 0.0 322.0 34021.0 
606.0030802528687 76.39837398373984 73.0 395.0 0.0 324.0 34226.0 
608.0030802528687 76.39837398373984 74.0 398.0 0.0 324.0 34226.0 
610.0030802528687 76.869918699187 74.0 398.0 0.0 326.0 34438.0 
612.0030802528687 78.04878048780488 72.0 401.0 0.0 331.0 34949.0 
614.0030802528687 78.04878048780488 71.0 402.0 0.0 331.0 34949.0 
616.0030802528687 78.52032520325204 70.0 403.0 0.0 333.0 35154.0 
618.0030802528687 79.46341463414633 69.0 404.0 0.0 337.0 35566.0 
620.0030802528687 79.69918699186992 68.0 405.0 0.0 338.0 35727.0 
622.0030802528687 79.9349593495935 66.0 406.0 0.0 339.0 35830.0 
624.0030802528687 79.9349593495935 67.0 406.0 0.0 339.0 35830.0 
626.0030802528687 80.17073170731706 66.0 406.0 0.0 340.0 35933.0 
628.0030802528687 80.8780487804878 64.0 406.0 0.0 343.0 36239.0 
630.0030802528687 81.11382113821138 63.0 406.0 0.0 344.0 36341.0 
632.0030802528687 81.34959349593495 62.0 406.0 0.0 345.0 36479.0 
634.0030802528687 81.82113821138212 61.0 407.0 0.0 347.0 36685.0 
636.0030802528687 82.09677419354837 59.0 407.0 0.0 351.0 37615.0 
638.0030802528687 82.56451612903226 55.0 407.0 0.0 353.0 37821.0 
640.0030802528687 82.79838709677418 54.0 408.0 0.0 354.0 37924.0 
642.0030802528687 83.03225806451614 55.0 411.0 0.0 355.0 38026.0 
644.0030802528687 83.73387096774192 54.0 411.0 0.0 358.0 38334.0 
646.0030802528687 83.73387096774192 56.0 414.0 0.0 358.0 38334.0 
648.0030802528687 83.73387096774192 56.0 414.0 0.0 358.0 38334.0 
650.0030802528687 84.20161290322582 56.0 415.0 0.0 360.0 38603.0 
652.0030802528687 84.43548387096774 55.0 416.0 0.0 361.0 38705.0 
654.0030802528687 84.43548387096774 56.0 417.0 0.0 361.0 38705.0 
656.0030802528687 84.90322580645163 56.0 418.0 0.0 363.0 39123.0 
658.0030802528687 85.60483870967741 54.0 418.0 0.0 366.0 39430.0 
660.0030802528687 86.0725806451613 52.0 419.0 0.0 368.0 39532.0 
662.0030802528687 86.30645161290323 52.0 422.0 0.0 369.0 39634.0 
664.0030802528687 86.30645161290323 55.0 424.0 0.0 369.0 39634.0 
666.0030802528687 86.30645161290323 57.0 426.0 0.0 369.0 39634.0 
668.0030802528687 86.54032258064515 59.0 429.0 0.0 370.0 39737.0 
670.0030802528687 87.00806451612904 59.0 430.0 0.0 372.0 39942.0 
672.0030802528687 87.00806451612904 59.0 431.0 0.0 372.0 39942.0 
674.0030802528687 87.4758064516129 60.0 433.0 0.0 374.0 40147.0 
676.0030802528687 87.4758064516129 59.0 433.0 0.0 374.0 40147.0 
678.0030802528687 87.70967741935485 62.0 436.0 0.0 375.0 40249.0 
680.0030802528687 88.41129032258065 60.0 438.0 0.0 378.0 40556.0 
682.0030802528687 88.64516129032259 59.0 438.0 0.0 379.0 40659.0 
684.0030802528687 88.87903225806451 59.0 439.0 0.0 380.0 40762.0 
686.0030802528687 89.11290322580643 58.0 439.0 0.0 381.0 40864.0 
688.0030802528687 89.11290322580643 58.0 439.0 0.0 381.0 40864.0 
690.0030802528687 89.58064516129033 61.0 445.0 0.0 383.0 41069.0 
692.0030802528687 89.81451612903226 62.0 446.0 0.0 384.0 41172.0 
694.0030802528687 90.04838709677418 63.0 449.0 0.0 385.0 41274.0 
696.0030802528687 90.28225806451614 65.0 450.0 0.0 386.0 41376.0 
698.0030802528687 90.28225806451614 67.0 453.0 0.0 386.0 41376.0 
700.0030802528687 90.28225806451614 67.0 453.0 0.0 386.0 41376.0 
702.0030802528687 90.28225806451614 67.0 454.0 0.0 386.0 41376.0 
704.0030802528687 90.51612903225808 68.0 454.0 0.0 387.0 41478.0 
706.0030802528687 90.98387096774192 65.0 454.0 0.0 389.0 41683.0 
708.0023649344112 90.98387096774192 66.0 455.0 0.0 389.0 41683.0 
710.0030802528687 91.68548387096774 65.0 456.0 0.0 392.0 41990.0 
712.0030802528687 91.91935483870967 65.0 458.0 0.0 393.0 42101.0 
714.0030802528687 92.62096774193549 66.0 460.0 0.0 396.0 42407.0 
716.0030802528687 92.85483870967741 65.0 461.0 0.0 397.0 42510.0 
718.0030802528687 92.85483870967741 64.0 462.0 0.0 397.0 42510.0 
720.0030802528687 93.55645161290323 64.0 463.0 0.0 400.0 42876.0 
722.0030802528687 93.79032258064515 64.0 464.0 0.0 401.0 42979.0 
724.0030802528687 93.79032258064515 64.0 465.0 0.0 401.0 42979.0 
726.0030802528687 94.0241935483871 63.0 465.0 0.0 402.0 43082.0 
728.0030802528687 94.0241935483871 63.0 466.0 0.0 402.0 43082.0 
730.0030802528687 94.0241935483871 64.0 466.0 0.0 402.0 43082.0 
732.0030802528687 94.0241935483871 66.0 468.0 0.0 402.0 43082.0 
734.0030802528687 94.0241935483871 68.0 470.0 0.0 402.0 43082.0 
736.0030802528687 94.25806451612904 69.0 471.0 0.0 403.0 43185.0 
738.0030802528687 94.25806451612904 68.0 471.0 0.0 403.0 43185.0 
740.001197812972 94.25806451612904 70.0 473.0 0.0 403.0 43185.0 
742.0030802528687 94.49193548387096 70.0 474.0 0.0 404.0 43287.0 
744.0030802528687 94.7258064516129 71.0 477.0 0.0 405.0 43389.0 
746.0030802528687 95.19354838709677 70.0 478.0 0.0 407.0 43595.0 
748.0030802528687 95.89516129032259 72.0 479.0 0.0 410.0 43904.0 
750.0030802528687 95.89516129032259 69.0 479.0 0.0 410.0 43904.0 
752.0030802528687 96.12903225806451 70.0 480.0 0.0 411.0 44007.0 
754.0030802528687 96.36290322580643 69.0 480.0 0.0 412.0 44109.0 
756.0030802528687 96.59677419354837 68.0 483.0 0.0 413.0 44212.0 
758.0030802528687 96.59677419354837 70.0 483.0 0.0 413.0 44212.0 
760.0030802528687 96.83064516129033 70.0 484.0 0.0 414.0 44448.0 
762.0030802528687 96.83064516129033 72.0 486.0 0.0 414.0 44448.0 
764.0030802528687 97.06451612903226 72.0 486.0 0.0 415.0 44551.0 
766.0030802528687 97.76612903225808 71.0 488.0 0.0 418.0 44859.0 
768.0030802528687 98.23387096774192 71.0 490.0 0.0 420.0 45064.0 
770.0030802528687 98.70161290322582 69.0 490.0 0.0 422.0 45270.0 
772.0030802528687 99.16935483870967 69.0 492.0 0.0 424.0 45476.0 
774.0030802528687 99.40322580645163 68.0 492.0 0.0 425.0 45578.0 
776.0030802528687 100.10483870967741 67.0 494.0 0.0 428.0 45958.0 
778.0030802528687 100.10483870967741 67.0 496.0 0.0 428.0 45958.0 
780.0030802528687 100.80645161290323 66.0 496.0 0.0 431.0 46264.0 
782.0030802528687 101.04032258064515 67.0 500.0 0.0 432.0 46366.0 
784.0030802528687 101.2741935483871 67.0 501.0 0.0 433.0 46469.0 
786.0030802528687 101.50806451612904 68.0 502.0 0.0 434.0 46571.0 
788.0030802528687 101.50806451612904 68.0 502.0 0.0 434.0 46571.0 
790.0030802528687 101.74193548387096 69.0 503.0 0.0 435.0 46914.0 
792.0030802528687 102.6774193548387 64.0 504.0 0.0 439.0 47322.0 
794.0030802528687 102.91129032258065 65.0 505.0 0.0 440.0 47425.0 
796.0030802528687 103.37903225806451 64.0 507.0 0.0 442.0 47630.0 
798.0030802528687 104.08064516129033 62.0 507.0 0.0 445.0 47938.0 
800.0030802528687 104.78225806451614 64.0 509.0 0.0 448.0 48244.0 
802.0030802528687 104.78225806451614 61.0 509.0 0.0 448.0 48244.0 
804.0030802528687 104.78225806451614 62.0 511.0 0.0 448.0 48244.0 
806.0030802528687 105.01612903225808 62.0 511.0 0.0 449.0 48347.0 
808.0030802528687 105.01612903225808 62.0 513.0 0.0 449.0 48347.0 
810.0030802528687 105.71774193548386 64.0 513.0 0.0 452.0 48726.0 
812.0030802528687 105.71774193548386 63.0 515.0 0.0 452.0 48726.0 
814.0030802528687 106.18548387096774 61.0 516.0 0.0 454.0 48931.0 
816.0030802528687 106.65322580645163 63.0 518.0 0.0 456.0 49137.0 
818.0030802528687 106.88709677419357 65.0 521.0 0.0 457.0 49239.0 
820.0030802528687 107.12096774193549 63.0 521.0 0.0 458.0 49396.0 
822.0030802528687 107.35483870967741 62.0 521.0 0.0 459.0 49499.0 
824.0030802528687 107.58870967741935 63.0 523.0 0.0 460.0 49601.0 
826.0030802528687 108.05645161290323 64.0 525.0 0.0 462.0 49815.0 
828.0030802528687 108.05645161290323 63.0 525.0 0.0 462.0 49815.0 
830.0030802528687 108.05645161290323 64.0 526.0 0.0 462.0 49815.0 
832.0030802528687 108.29032258064515 64.0 527.0 0.0 463.0 49918.0 
834.0030802528687 108.75806451612904 64.0 527.0 0.0 465.0 50122.0 
836.0030802528687 109.2258064516129 61.0 527.0 0.0 467.0 50326.0 
838.0030802528687 109.45967741935485 61.0 528.0 0.0 468.0 50428.0 
840.0030802528687 109.45967741935485 60.0 529.0 0.0 468.0 50428.0 
842.0030802528687 109.9274193548387 61.0 530.0 0.0 470.0 50633.0 
844.0030802528687 110.16129032258065 59.0 530.0 0.0 471.0 50735.0 
846.0030802528687 110.39516129032259 60.0 531.0 0.0 472.0 50837.0 
848.0030802528687 110.62903225806451 59.0 532.0 0.0 473.0 50940.0 
850.0030802528687 110.86290322580645 60.0 533.0 0.0 474.0 51042.0 
852.0030802528687 110.86290322580645 59.0 533.0 0.0 474.0 51042.0 
854.0030802528687 110.86290322580645 61.0 535.0 0.0 474.0 51042.0 
856.0030802528687 110.86290322580645 62.0 537.0 0.0 474.0 51042.0 
858.0030802528687 110.86290322580645 64.0 538.0 0.0 474.0 51042.0 
860.0030802528687 111.56451612903226 61.0 538.0 0.0 477.0 51351.0 
862.0030802528687 111.56451612903226 61.0 538.0 0.0 477.0 51351.0 
864.0030802528687 112.26612903225808 63.0 542.0 0.0 480.0 51659.0 
866.0030802528687 112.26612903225808 64.0 544.0 0.0 480.0 51659.0 
868.0030802528687 112.73387096774192 63.0 545.0 0.0 482.0 51863.0 
870.0030802528687 113.20161290322581 63.0 546.0 0.0 484.0 52068.0 
872.0030802528687 113.20161290322581 65.0 549.0 0.0 484.0 52068.0 
874.0030802528687 113.66935483870967 65.0 550.0 0.0 486.0 52272.0 
876.0030802528687 113.66935483870967 64.0 551.0 0.0 486.0 52272.0 
878.0030802528687 113.90322580645163 66.0 553.0 0.0 487.0 52374.0 
880.0030802528687 114.37096774193549 66.0 554.0 0.0 489.0 52579.0 
882.0030802528687 114.37096774193549 66.0 555.0 0.0 489.0 52579.0 
884.0030802528687 115.0725806451613 67.0 556.0 0.0 492.0 52887.0 
886.0030802528687 115.30645161290323 65.0 558.0 0.0 493.0 52990.0 
888.0030802528687 115.77419354838712 64.0 558.0 0.0 495.0 53196.0 
890.0030802528687 115.77419354838712 63.0 559.0 0.0 495.0 53196.0 
892.0030802528687 116.00806451612904 67.0 562.0 0.0 496.0 53298.0 
894.0030802528687 116.00806451612904 68.0 564.0 0.0 496.0 53298.0 
896.0030802528687 116.47580645161288 69.0 567.0 0.0 498.0 53518.0 
898.0030802528687 116.70967741935485 70.0 568.0 0.0 499.0 53621.0 
900.0030802528687 116.94354838709677 68.0 568.0 0.0 500.0 53724.0 
#####################################################################
# End of data export. Simulation finished at: 2020-02-15T14:09+0000 #
#####################################################################
