#####################################################################
# Alchemist log file - simulation started at: 2020-01-14T13:35+0000 #
#####################################################################
# seed = 20.0, taskFrequency = 5.6E-4, cloudcost = 50.0, algorithm = false
#
# The columns have the following meaning: 
# time taskHops[Mean] hasTask[Sum] tasks[Sum] completedTasks[Sum] giveupTasks[Sum] taskLatency[Sum] 
0.0 NaN 0.0 0.0 0.0 0.0 0.0 
3.0103538860127044 NaN 0.0 0.0 0.0 0.0 0.0 
6.007699914191611 NaN 0.0 1.0 0.0 0.0 0.0 
9.00438993185466 NaN 1.0 1.0 0.0 0.0 0.0 
12.007810895991707 NaN 1.0 1.0 0.0 0.0 0.0 
15.006558268153567 NaN 1.0 1.0 0.0 0.0 0.0 
18.001937659548027 NaN 1.0 1.0 0.0 0.0 0.0 
21.020127445735298 NaN 1.0 1.0 0.0 0.0 0.0 
24.022350569404853 NaN 2.0 2.0 0.0 0.0 0.0 
27.009687302255475 NaN 2.0 2.0 0.0 0.0 0.0 
30.009629568040676 NaN 2.0 2.0 0.0 0.0 0.0 
33.00639183934936 NaN 2.0 2.0 0.0 0.0 0.0 
36.00214151519849 NaN 2.0 2.0 0.0 0.0 0.0 
39.00305667950103 NaN 2.0 2.0 0.0 0.0 0.0 
42.00487347183326 NaN 3.0 3.0 0.0 0.0 0.0 
45.046009588357435 NaN 3.0 3.0 0.0 0.0 0.0 
48.01389796830181 NaN 3.0 3.0 0.0 0.0 0.0 
51.00698524464484 NaN 3.0 3.0 0.0 0.0 0.0 
54.00073598392605 NaN 3.0 3.0 0.0 0.0 0.0 
57.00080906989503 NaN 3.0 3.0 0.0 0.0 0.0 
60.01047659471171 NaN 3.0 3.0 0.0 0.0 0.0 
63.0154754408956 1.0 2.0 3.0 1.0 0.0 22.0 
66.01266818446416 1.0 1.0 3.0 2.0 0.0 65.0 
69.00943638489288 1.0 1.0 3.0 2.0 0.0 65.0 
72.00315894562415 1.0 1.0 3.0 2.0 0.0 65.0 
75.00453990325845 1.0 1.0 3.0 2.0 0.0 65.0 
78.00633094479485 1.0 1.0 3.0 2.0 0.0 65.0 
81.0039136910126 1.0 1.0 3.0 2.0 0.0 65.0 
84.01232025526294 1.0 1.0 3.0 2.0 0.0 65.0 
87.00612557326095 1.0 1.0 3.0 2.0 0.0 65.0 
90.00245649070152 1.0 2.0 4.0 2.0 0.0 65.0 
93.00549878407264 1.0 2.0 4.0 2.0 0.0 65.0 
96.00077871104268 1.0 2.0 4.0 2.0 0.0 65.0 
99.00289621995852 2.0 2.0 4.0 3.0 0.0 158.0 
102.00298529414395 2.0 2.0 4.0 3.0 0.0 158.0 
105.00749026561647 2.0 2.0 5.0 3.0 0.0 158.0 
108.00249754523709 2.0 2.0 5.0 3.0 0.0 158.0 
111.00553885610103 2.0 2.0 5.0 3.0 0.0 158.0 
114.00902465906181 2.0 2.0 5.0 3.0 0.0 158.0 
117.01052733532381 2.0 2.0 5.0 3.0 0.0 158.0 
120.00187813618984 2.0 2.0 5.0 3.0 0.0 158.0 
123.00337176674732 2.0 2.0 5.0 3.0 0.0 158.0 
126.00639980865782 2.0 1.0 6.0 4.0 0.0 194.0 
129.00047406961727 2.0 2.0 6.0 4.0 0.0 194.0 
132.01801118134503 2.0 2.0 6.0 4.0 0.0 194.0 
135.01583266835374 2.0 3.0 7.0 4.0 0.0 194.0 
138.00180028344928 2.0 3.0 7.0 4.0 0.0 194.0 
141.0019222051792 2.0 3.0 7.0 4.0 0.0 194.0 
144.01300198986664 1.8 5.0 9.0 5.0 0.0 234.0 
147.00348797981437 1.6666666666666665 4.0 9.0 6.0 0.0 248.0 
150.01464896512618 1.6666666666666665 3.0 9.0 6.0 0.0 248.0 
153.00471870527275 1.6666666666666665 3.0 9.0 6.0 0.0 248.0 
156.00925016381493 1.6666666666666665 3.0 9.0 6.0 0.0 248.0 
159.00392721846214 1.6666666666666665 3.0 9.0 6.0 0.0 248.0 
162.00952741588108 1.6666666666666665 3.0 9.0 6.0 0.0 248.0 
165.00733561432975 1.6666666666666665 3.0 9.0 6.0 0.0 248.0 
168.00138343420326 1.7142857142857142 2.0 9.0 7.0 0.0 273.0 
171.0198984111253 1.7142857142857142 2.0 9.0 7.0 0.0 273.0 
174.00025949585083 1.875 1.0 9.0 8.0 0.0 320.0 
177.0047869427469 1.875 1.0 9.0 8.0 0.0 320.0 
180.01005397810536 1.875 1.0 9.0 8.0 0.0 320.0 
183.00655198598486 1.875 1.0 9.0 8.0 0.0 320.0 
186.0053901991185 1.875 1.0 9.0 8.0 0.0 320.0 
189.00278179529874 1.875 2.0 10.0 8.0 0.0 320.0 
192.00034713552242 1.875 2.0 10.0 8.0 0.0 320.0 
195.00516641673374 1.875 2.0 10.0 8.0 0.0 320.0 
198.00237234805059 1.875 2.0 10.0 8.0 0.0 320.0 
201.00659269667855 1.875 2.0 10.0 8.0 0.0 320.0 
204.01782052261083 1.875 2.0 10.0 8.0 0.0 320.0 
207.00419568596072 1.875 2.0 10.0 8.0 0.0 320.0 
210.01376222034804 1.875 2.0 11.0 8.0 0.0 320.0 
213.00169935545912 1.875 3.0 11.0 8.0 0.0 320.0 
216.000081256226 1.875 3.0 11.0 8.0 0.0 320.0 
219.00939650359678 1.875 3.0 11.0 8.0 0.0 320.0 
222.00562852344572 1.875 4.0 12.0 8.0 0.0 320.0 
225.00845743263974 1.875 4.0 12.0 8.0 0.0 320.0 
228.00110125064504 1.8888888888888888 4.0 12.0 9.0 0.0 359.0 
231.0008148583494 1.8888888888888888 3.0 12.0 9.0 0.0 359.0 
234.00038888741378 1.8888888888888888 3.0 12.0 9.0 0.0 359.0 
237.00107052827394 1.8888888888888888 3.0 12.0 9.0 0.0 359.0 
240.00364782649382 1.8888888888888888 3.0 12.0 9.0 0.0 359.0 
243.00822765339268 1.8888888888888888 3.0 12.0 9.0 0.0 359.0 
246.00262315266932 1.8888888888888888 3.0 12.0 9.0 0.0 359.0 
249.00307908639098 1.8888888888888888 4.0 13.0 9.0 0.0 359.0 
252.02996578984036 1.8888888888888888 4.0 13.0 9.0 0.0 359.0 
255.00853929966252 1.9 3.0 13.0 10.0 0.0 392.0 
258.0014965271181 1.8181818181818181 2.0 13.0 11.0 0.0 439.0 
261.0036011466831 1.8181818181818181 2.0 13.0 11.0 0.0 439.0 
264.01563230747433 1.8181818181818181 2.0 13.0 11.0 0.0 439.0 
267.0004043993951 1.8181818181818181 2.0 13.0 11.0 0.0 439.0 
270.00697650391 1.8181818181818181 2.0 13.0 11.0 0.0 439.0 
273.00090858586236 1.8181818181818181 2.0 13.0 11.0 0.0 439.0 
276.0049345004797 1.9166666666666667 2.0 13.0 12.0 0.0 467.0 
279.00013726005665 1.9166666666666667 1.0 15.0 12.0 0.0 467.0 
282.0206211487743 1.9166666666666667 3.0 15.0 12.0 0.0 467.0 
285.01035273484104 1.9166666666666667 3.0 15.0 12.0 0.0 467.0 
288.0152905554155 1.9166666666666667 3.0 15.0 12.0 0.0 467.0 
291.01303072419705 1.9166666666666667 3.0 15.0 12.0 0.0 467.0 
294.0001282322114 1.9166666666666667 3.0 15.0 12.0 0.0 467.0 
297.00381994812324 1.9166666666666667 3.0 15.0 12.0 0.0 467.0 
300.0036048298707 1.9166666666666667 3.0 15.0 12.0 0.0 467.0 
303.0147798492145 1.9166666666666667 4.0 16.0 12.0 0.0 467.0 
306.0002546326088 1.9166666666666667 5.0 17.0 12.0 0.0 467.0 
309.0113261032324 1.9166666666666667 5.0 17.0 12.0 0.0 467.0 
312.0067483448483 1.8461538461538463 5.0 17.0 13.0 0.0 500.0 
315.0204507234618 1.8461538461538463 4.0 17.0 13.0 0.0 500.0 
318.0144618186603 1.8461538461538463 4.0 17.0 13.0 0.0 500.0 
321.00506484650697 1.8461538461538463 4.0 17.0 13.0 0.0 500.0 
324.00312041648954 1.8461538461538463 4.0 17.0 13.0 0.0 500.0 
327.0097022086889 1.8461538461538463 4.0 17.0 13.0 0.0 500.0 
330.03030014949263 1.8461538461538463 4.0 17.0 13.0 0.0 500.0 
333.00594568089844 1.8461538461538463 4.0 17.0 13.0 0.0 500.0 
336.00072370109297 1.8461538461538463 4.0 17.0 13.0 0.0 500.0 
339.00724212791425 2.076923076923077 4.0 17.0 14.0 0.0 561.0 
342.025516121439 2.0 3.0 17.0 15.0 0.0 600.0 
345.0170369204132 2.0 2.0 17.0 15.0 0.0 600.0 
348.01593003934283 2.0 2.0 17.0 15.0 0.0 600.0 
351.0047237362034 2.0 2.0 17.0 15.0 0.0 600.0 
354.0100661244279 2.0 3.0 18.0 15.0 0.0 600.0 
357.00106233117066 2.0 3.0 18.0 15.0 0.0 600.0 
360.0014663517889 2.0 3.0 18.0 15.0 0.0 600.0 
363.00441629550295 2.0 3.0 18.0 15.0 0.0 600.0 
366.01046368233625 2.0 3.0 18.0 15.0 0.0 600.0 
369.0180431410312 2.0 4.0 19.0 15.0 0.0 600.0 
372.0056199233384 2.0 4.0 19.0 15.0 0.0 600.0 
375.0037097355956 2.0 5.0 20.0 15.0 0.0 600.0 
378.00813196662295 2.0 5.0 20.0 15.0 0.0 600.0 
381.000165513951 2.0 5.0 20.0 15.0 0.0 600.0 
384.0072361652158 2.0 5.0 20.0 15.0 0.0 600.0 
387.0002301263519 2.0 5.0 20.0 15.0 0.0 600.0 
390.0082962407625 5.2 6.0 21.0 15.0 1.0 846.0 
393.0008536939568 5.2 5.0 21.0 15.0 1.0 846.0 
396.00888808613814 5.2 5.0 21.0 15.0 1.0 846.0 
399.00337433934016 5.2 5.0 21.0 15.0 1.0 846.0 
402.000831960342 5.2 5.0 21.0 15.0 1.0 846.0 
405.00214093780045 5.2 6.0 22.0 15.0 1.0 846.0 
408.00774056735503 5.2 7.0 23.0 15.0 1.0 846.0 
411.00521264324203 5.0625 6.0 23.0 16.0 1.0 880.0 
414.0201192697643 5.0625 6.0 23.0 16.0 1.0 880.0 
417.0057160607508 5.0625 6.0 24.0 16.0 1.0 880.0 
420.00785182313155 5.0625 8.0 25.0 16.0 1.0 880.0 
423.0095079991972 5.0625 8.0 25.0 16.0 1.0 880.0 
426.0014920823792 5.0625 8.0 25.0 16.0 1.0 880.0 
429.0000770697841 5.0625 8.0 25.0 16.0 1.0 880.0 
432.00087327304493 5.0625 8.0 25.0 16.0 1.0 880.0 
435.00556394275577 5.0625 8.0 25.0 16.0 1.0 880.0 
438.00587677483225 5.0625 8.0 25.0 16.0 1.0 880.0 
441.00559627679127 5.0625 8.0 25.0 16.0 1.0 880.0 
444.0084925222691 4.882352941176471 8.0 25.0 17.0 1.0 905.0 
447.0257507584962 4.882352941176471 7.0 25.0 17.0 1.0 905.0 
450.00554296309355 4.882352941176471 8.0 26.0 17.0 1.0 905.0 
453.00040819825944 4.722222222222223 7.0 26.0 18.0 1.0 937.0 
456.00554076039816 4.722222222222223 7.0 26.0 18.0 1.0 937.0 
459.0068895351348 4.722222222222223 7.0 26.0 18.0 1.0 937.0 
462.0080025310309 4.722222222222223 7.0 26.0 18.0 1.0 937.0 
465.0054486273521 4.722222222222223 7.0 26.0 18.0 1.0 937.0 
468.0014690041046 4.722222222222223 7.0 26.0 18.0 1.0 937.0 
471.0071278994851 7.105263157894736 7.0 26.0 18.0 2.0 1039.0 
474.0101207814985 7.105263157894736 7.0 27.0 18.0 2.0 1039.0 
477.00032328657767 7.105263157894736 7.0 27.0 18.0 2.0 1039.0 
480.00544503697574 7.105263157894736 7.0 27.0 18.0 2.0 1039.0 
483.0046752083749 7.105263157894736 7.0 27.0 18.0 2.0 1039.0 
486.0133498899427 7.105263157894736 7.0 27.0 18.0 2.0 1039.0 
489.0247342013335 7.105263157894736 7.0 27.0 18.0 2.0 1039.0 
492.0040187238058 6.900000000000001 6.0 27.0 19.0 2.0 1080.0 
495.0009656761936 8.952380952380954 6.0 27.0 19.0 3.0 1185.0 
498.00258077219644 8.952380952380954 5.0 27.0 19.0 3.0 1185.0 
501.0009639229312 8.952380952380954 5.0 27.0 19.0 3.0 1185.0 
504.0043113404089 8.952380952380954 5.0 27.0 19.0 3.0 1185.0 
507.0052096038768 8.952380952380954 5.0 27.0 19.0 3.0 1185.0 
510.0004130565439 10.90909090909091 5.0 28.0 19.0 4.0 1388.0 
513.0042942824899 12.608695652173912 4.0 28.0 19.0 5.0 1492.0 
516.0011361624348 12.608695652173912 5.0 29.0 19.0 5.0 1492.0 
519.0171221339511 12.608695652173912 5.0 29.0 19.0 5.0 1492.0 
522.0022370587085 12.608695652173912 5.0 29.0 19.0 5.0 1492.0 
525.0009777384375 12.608695652173912 5.0 29.0 19.0 5.0 1492.0 
528.0064175088636 12.608695652173912 5.0 29.0 19.0 5.0 1492.0 
531.0144064597704 12.608695652173912 5.0 29.0 19.0 5.0 1492.0 
534.0104539125325 12.608695652173912 5.0 29.0 19.0 5.0 1492.0 
537.0089125770604 12.208333333333332 4.0 29.0 20.0 5.0 1514.0 
540.002801251366 12.208333333333332 4.0 29.0 20.0 5.0 1514.0 
543.00284322625 12.208333333333332 4.0 29.0 20.0 5.0 1514.0 
546.010029045161 12.208333333333332 4.0 29.0 20.0 5.0 1514.0 
549.0027472155102 11.461538461538462 3.0 29.0 22.0 5.0 1854.0 
552.0009834035656 11.461538461538462 2.0 29.0 22.0 5.0 1854.0 
555.0036019837069 11.461538461538462 2.0 29.0 22.0 5.0 1854.0 
558.0052988552226 11.461538461538462 2.0 29.0 22.0 5.0 1854.0 
561.0036725927474 11.461538461538462 2.0 29.0 22.0 5.0 1854.0 
564.0066652643247 11.461538461538462 2.0 29.0 22.0 5.0 1854.0 
567.0008521707417 11.461538461538462 2.0 29.0 22.0 5.0 1854.0 
570.0071345778217 11.5 2.0 30.0 23.0 5.0 1951.0 
573.0055722718681 11.222222222222221 2.0 30.0 24.0 5.0 2016.0 
576.0030766150519 11.222222222222221 2.0 31.0 24.0 5.0 2016.0 
579.0027423063987 11.222222222222221 2.0 31.0 24.0 5.0 2016.0 
582.0161108149723 11.222222222222221 2.0 31.0 24.0 5.0 2016.0 
585.0100779291641 11.222222222222221 2.0 31.0 24.0 5.0 2016.0 
588.0011291643832 11.222222222222221 2.0 31.0 24.0 5.0 2016.0 
591.0025640050796 11.222222222222221 2.0 31.0 24.0 5.0 2016.0 
594.0082403978215 11.222222222222221 2.0 31.0 24.0 5.0 2016.0 
597.0075267238991 11.222222222222221 2.0 31.0 24.0 5.0 2016.0 
600.0058232962257 11.222222222222221 3.0 32.0 24.0 5.0 2016.0 
603.0126390419075 11.222222222222221 4.0 33.0 24.0 5.0 2016.0 
606.0176107028772 11.222222222222221 4.0 34.0 24.0 5.0 2016.0 
609.0092367886812 11.222222222222221 6.0 35.0 24.0 5.0 2016.0 
612.0004912200363 10.857142857142856 5.0 35.0 25.0 5.0 2054.0 
615.0100751996541 10.857142857142856 5.0 35.0 25.0 5.0 2054.0 
618.0102119734121 10.857142857142856 5.0 35.0 25.0 5.0 2054.0 
621.0023929864918 10.857142857142856 5.0 35.0 25.0 5.0 2054.0 
624.005204409275 10.517241379310343 4.0 35.0 26.0 5.0 2078.0 
627.0047916507234 10.199999999999998 4.0 35.0 27.0 5.0 2097.0 
630.0053075932142 10.199999999999998 3.0 35.0 27.0 5.0 2097.0 
633.0093381230708 9.93548387096774 3.0 35.0 28.0 5.0 2128.0 
636.0040535311509 9.93548387096774 3.0 36.0 28.0 5.0 2128.0 
639.0127123985466 9.93548387096774 3.0 36.0 28.0 5.0 2128.0 
642.0132558920728 9.93548387096774 3.0 36.0 28.0 5.0 2128.0 
645.0000423472211 9.93548387096774 3.0 36.0 28.0 5.0 2128.0 
648.0055377239502 9.93548387096774 3.0 36.0 28.0 5.0 2128.0 
651.0029657658057 9.93548387096774 3.0 36.0 28.0 5.0 2128.0 
654.0074516676341 9.93548387096774 4.0 37.0 28.0 5.0 2128.0 
657.0027931696477 9.65625 3.0 37.0 29.0 5.0 2150.0 
660.0200756192263 9.65625 3.0 37.0 29.0 5.0 2150.0 
663.0003659242957 9.393939393939396 3.0 37.0 30.0 5.0 2206.0 
666.0209675715371 9.393939393939396 3.0 38.0 30.0 5.0 2206.0 
669.0000086707565 9.393939393939396 3.0 38.0 30.0 5.0 2206.0 
672.0098739645131 9.393939393939396 4.0 39.0 30.0 5.0 2206.0 
675.0015605663015 9.424242424242426 3.0 39.0 31.0 5.0 2228.0 
678.0134067689388 9.424242424242426 3.0 39.0 31.0 5.0 2228.0 
681.0014603153439 9.424242424242426 3.0 39.0 31.0 5.0 2228.0 
684.0027219141723 9.424242424242426 3.0 39.0 31.0 5.0 2228.0 
687.0021622784271 9.424242424242426 3.0 39.0 31.0 5.0 2228.0 
690.0010804585777 9.424242424242426 3.0 39.0 31.0 5.0 2228.0 
693.0106110975988 9.424242424242426 4.0 40.0 31.0 5.0 2228.0 
696.0096138711151 9.424242424242426 4.0 40.0 31.0 5.0 2228.0 
699.0176380037695 9.424242424242426 4.0 40.0 31.0 5.0 2228.0 
702.0013162270361 9.235294117647058 4.0 41.0 32.0 5.0 2358.0 
705.0051212557883 9.235294117647058 4.0 41.0 32.0 5.0 2358.0 
708.0086798611053 9.264705882352942 4.0 42.0 33.0 5.0 2371.0 
711.0124388242969 9.264705882352942 4.0 42.0 33.0 5.0 2371.0 
714.0012539192011 9.264705882352942 5.0 43.0 33.0 5.0 2371.0 
717.0049874925558 9.264705882352942 5.0 43.0 33.0 5.0 2371.0 
720.0022419130837 9.264705882352942 5.0 43.0 33.0 5.0 2371.0 
723.0431522006975 9.264705882352942 5.0 43.0 33.0 5.0 2371.0 
726.0021057504692 9.264705882352942 5.0 43.0 33.0 5.0 2371.0 
729.0021887356838 9.264705882352942 5.0 43.0 33.0 5.0 2371.0 
732.0006896899732 9.264705882352942 5.0 43.0 33.0 5.0 2371.0 
735.0309064032955 9.02857142857143 5.0 43.0 34.0 5.0 2394.0 
738.0036896215537 9.02857142857143 4.0 43.0 34.0 5.0 2394.0 
741.0128302458754 9.02857142857143 4.0 43.0 34.0 5.0 2394.0 
744.0066723754206 8.805555555555554 4.0 43.0 35.0 5.0 2437.0 
747.0043798267692 8.805555555555554 3.0 43.0 35.0 5.0 2437.0 
750.0058491857105 8.805555555555554 3.0 43.0 35.0 5.0 2437.0 
753.0018264666094 8.805555555555554 3.0 43.0 35.0 5.0 2437.0 
756.0036475459618 8.805555555555554 3.0 43.0 35.0 5.0 2437.0 
759.0006630239999 8.805555555555554 4.0 44.0 35.0 5.0 2437.0 
762.0109692533375 8.805555555555554 4.0 44.0 35.0 5.0 2437.0 
765.0105079651548 8.805555555555554 4.0 44.0 35.0 5.0 2437.0 
768.0114537221964 8.805555555555554 5.0 46.0 35.0 5.0 2437.0 
771.0031796392408 10.194444444444446 6.0 47.0 35.0 6.0 2544.0 
774.0069496363678 10.194444444444446 7.0 48.0 35.0 6.0 2544.0 
777.0000732975449 10.194444444444446 7.0 48.0 35.0 6.0 2544.0 
780.0002689742837 10.222222222222221 6.0 48.0 36.0 6.0 2564.0 
783.0290261192584 9.972972972972974 6.0 48.0 37.0 6.0 2579.0 
786.0030105791063 9.972972972972974 5.0 49.0 37.0 6.0 2579.0 
789.004249379059 9.972972972972974 6.0 49.0 37.0 6.0 2579.0 
792.0219703012667 9.972972972972974 6.0 49.0 37.0 6.0 2579.0 
795.0018829430442 9.972972972972974 7.0 50.0 37.0 6.0 2579.0 
798.0160313150797 9.972972972972974 7.0 50.0 37.0 6.0 2579.0 
801.0145129402748 9.972972972972974 7.0 50.0 37.0 6.0 2579.0 
804.0010809909186 9.972972972972974 7.0 50.0 37.0 6.0 2579.0 
807.0242367780427 9.972972972972974 7.0 51.0 37.0 6.0 2579.0 
810.0029527569856 9.972972972972974 8.0 51.0 37.0 6.0 2579.0 
813.0207397804608 9.972972972972974 8.0 51.0 37.0 6.0 2579.0 
816.0006369584146 9.972972972972974 8.0 51.0 37.0 6.0 2579.0 
819.0020721471315 9.972972972972974 8.0 51.0 37.0 6.0 2579.0 
822.0047502355745 10.0 7.0 51.0 38.0 6.0 2592.0 
825.0050725256187 10.0 7.0 51.0 38.0 6.0 2592.0 
828.000514244271 10.0 7.0 51.0 38.0 6.0 2592.0 
831.0131995281523 10.0 7.0 51.0 38.0 6.0 2592.0 
834.0048940974324 10.0 7.0 51.0 38.0 6.0 2592.0 
837.0000249378589 10.0 7.0 51.0 38.0 6.0 2592.0 
840.0090055323335 10.0 7.0 52.0 38.0 6.0 2592.0 
843.0013175212238 10.0 8.0 52.0 38.0 6.0 2592.0 
846.0001389494537 10.0 8.0 52.0 38.0 6.0 2592.0 
849.0280497631143 10.0 8.0 52.0 38.0 6.0 2592.0 
852.0054489063826 10.0 8.0 52.0 38.0 6.0 2592.0 
855.0068137119515 10.0 8.0 52.0 38.0 6.0 2592.0 
858.0134363987428 10.0 8.0 52.0 38.0 6.0 2592.0 
861.001042937588 10.0 9.0 54.0 38.0 6.0 2592.0 
864.0143307353762 10.0 10.0 54.0 38.0 6.0 2592.0 
867.0039947740995 10.0 10.0 54.0 38.0 6.0 2592.0 
870.0097000656189 11.351351351351349 9.0 54.0 38.0 7.0 2694.0 
873.003819493394 11.351351351351349 9.0 54.0 38.0 7.0 2694.0 
876.001751924221 11.13157894736842 9.0 54.0 39.0 7.0 2709.0 
879.0073643781476 11.13157894736842 8.0 54.0 39.0 7.0 2709.0 
882.0008273688746 10.897435897435898 8.0 55.0 40.0 7.0 2729.0 
885.0050305449643 10.897435897435898 9.0 56.0 40.0 7.0 2729.0 
888.0044398283342 11.875 9.0 57.0 40.0 8.0 2846.0 
891.0076594262572 11.875 9.0 57.0 40.0 8.0 2846.0 
894.0088840288538 11.875 9.0 57.0 40.0 8.0 2846.0 
897.0079519214565 12.804878048780488 8.0 57.0 40.0 9.0 2948.0 
900.0052963707934 13.69047619047619 7.0 57.0 40.0 10.0 3140.0 
903.0283506474137 13.785714285714285 6.0 57.0 41.0 10.0 3159.0 
906.0118474955641 13.785714285714285 6.0 57.0 41.0 10.0 3159.0 
909.0005243729748 13.511627906976745 5.0 57.0 42.0 10.0 3185.0 
912.0087439624231 13.511627906976745 5.0 57.0 42.0 10.0 3185.0 
915.0064349768088 13.511627906976745 6.0 58.0 42.0 10.0 3185.0 
918.0107806622527 13.511627906976745 7.0 59.0 42.0 10.0 3185.0 
921.020638507663 13.511627906976745 7.0 59.0 42.0 10.0 3185.0 
924.0205897976716 13.511627906976745 7.0 59.0 42.0 10.0 3185.0 
927.0166221900961 13.511627906976745 7.0 59.0 42.0 10.0 3185.0 
930.0043566010853 13.511627906976745 7.0 59.0 42.0 10.0 3185.0 
933.0017587479383 13.477272727272728 6.0 59.0 43.0 10.0 3330.0 
936.0050869354525 13.56818181818182 6.0 59.0 44.0 10.0 3380.0 
939.0264513168803 13.56818181818182 5.0 59.0 44.0 10.0 3380.0 
942.0033496814377 14.795454545454547 4.0 59.0 44.0 11.0 3483.0 
945.0047183018797 14.795454545454547 4.0 59.0 44.0 11.0 3483.0 
948.0009695749277 14.795454545454547 4.0 59.0 44.0 11.0 3483.0 
951.0052022408888 14.795454545454547 4.0 59.0 44.0 11.0 3483.0 
954.0054080557553 14.795454545454547 4.0 59.0 44.0 11.0 3483.0 
957.0038163493135 14.795454545454547 4.0 59.0 44.0 11.0 3483.0 
960.0074119053755 14.795454545454547 4.0 59.0 44.0 11.0 3483.0 
963.0085618451195 14.795454545454547 5.0 60.0 44.0 11.0 3483.0 
966.00956864205 14.795454545454547 5.0 60.0 44.0 11.0 3483.0 
969.0003722820479 14.795454545454547 5.0 60.0 44.0 11.0 3483.0 
972.0076279799474 14.795454545454547 5.0 60.0 44.0 11.0 3483.0 
975.0012089632961 14.577777777777776 5.0 60.0 45.0 11.0 3544.0 
978.003051628293 14.577777777777776 4.0 60.0 45.0 11.0 3544.0 
981.0002793228552 14.577777777777776 4.0 60.0 45.0 11.0 3544.0 
984.0090444281277 14.577777777777776 4.0 60.0 45.0 11.0 3544.0 
987.0013177239775 14.577777777777776 4.0 60.0 45.0 11.0 3544.0 
990.0040262501648 14.577777777777776 4.0 60.0 45.0 11.0 3544.0 
993.0082652357611 14.577777777777776 4.0 61.0 45.0 11.0 3544.0 
996.0018845861366 14.577777777777776 5.0 61.0 45.0 11.0 3544.0 
999.009405830396 14.577777777777776 5.0 61.0 45.0 11.0 3544.0 
1002.0010777288812 14.577777777777776 5.0 61.0 45.0 11.0 3544.0 
1005.0004463688941 14.577777777777776 5.0 61.0 45.0 11.0 3544.0 
1008.0069899945007 14.577777777777776 5.0 61.0 45.0 11.0 3544.0 
1011.0009477528438 14.577777777777776 6.0 62.0 45.0 11.0 3544.0 
1014.0090685861218 14.577777777777776 7.0 63.0 45.0 11.0 3544.0 
1017.0001820033714 14.577777777777776 7.0 63.0 45.0 11.0 3544.0 
1020.0058540785044 15.688888888888888 7.0 63.0 45.0 12.0 3647.0 
1023.0066204517352 15.688888888888888 6.0 63.0 45.0 12.0 3647.0 
1026.0051099424377 15.711111111111112 6.0 63.0 46.0 12.0 3663.0 
1029.002680425116 15.711111111111112 5.0 63.0 46.0 12.0 3663.0 
1032.0041345934856 15.41304347826087 4.0 63.0 47.0 12.0 3733.0 
1035.0027132941755 15.127659574468087 3.0 63.0 48.0 12.0 3755.0 
1038.0002537517014 15.127659574468087 4.0 64.0 48.0 12.0 3755.0 
1041.0163083853627 15.127659574468087 4.0 64.0 48.0 12.0 3755.0 
1044.0032693126807 14.895833333333332 4.0 64.0 49.0 12.0 4128.0 
1047.012653505807 14.895833333333332 3.0 64.0 49.0 12.0 4128.0 
1050.0039992692525 14.895833333333332 4.0 65.0 49.0 12.0 4128.0 
1053.0035896913325 14.895833333333332 4.0 65.0 49.0 12.0 4128.0 
1056.0005682334 14.895833333333332 4.0 65.0 49.0 12.0 4128.0 
1059.006854928573 14.895833333333332 4.0 65.0 49.0 12.0 4128.0 
1062.0002683992939 15.612244897959181 3.0 65.0 49.0 13.0 4417.0 
1065.0009887631613 15.612244897959181 3.0 65.0 49.0 13.0 4417.0 
1068.003398248935 15.612244897959181 3.0 65.0 49.0 13.0 4417.0 
1071.028016947554 15.612244897959181 3.0 65.0 49.0 13.0 4417.0 
1074.012162004583 15.359999999999998 3.0 66.0 50.0 13.0 4454.0 
1077.022581739631 15.359999999999998 4.0 67.0 50.0 13.0 4454.0 
1080.0006252034211 15.359999999999998 4.0 67.0 50.0 13.0 4454.0 
1083.0110229312559 15.359999999999998 4.0 67.0 50.0 13.0 4454.0 
1086.0069135651172 15.078431372549021 4.0 67.0 51.0 13.0 4547.0 
1089.0109772779233 15.078431372549021 3.0 67.0 51.0 13.0 4547.0 
1092.0027629632352 15.078431372549021 3.0 67.0 51.0 13.0 4547.0 
1095.0025346564478 15.078431372549021 3.0 67.0 51.0 13.0 4547.0 
1098.0009314430354 15.078431372549021 4.0 68.0 51.0 13.0 4547.0 
1101.0014256630689 15.078431372549021 4.0 68.0 51.0 13.0 4547.0 
1104.0587809011174 15.098039215686276 5.0 69.0 52.0 13.0 4576.0 
1107.001778537758 15.098039215686276 4.0 69.0 52.0 13.0 4576.0 
1110.0021148377411 15.098039215686276 4.0 69.0 52.0 13.0 4576.0 
1113.0029561696306 15.117647058823527 4.0 69.0 53.0 13.0 4593.0 
1116.0016592057084 15.117647058823527 3.0 69.0 53.0 13.0 4593.0 
1119.005005860826 15.117647058823527 3.0 69.0 53.0 13.0 4593.0 
1122.014697076578 15.117647058823527 3.0 69.0 53.0 13.0 4593.0 
1125.00555499166 14.961538461538462 3.0 69.0 54.0 13.0 4669.0 
1128.0011458279812 14.735849056603774 2.0 69.0 55.0 13.0 4723.0 
1131.0017786329795 14.735849056603774 1.0 69.0 55.0 13.0 4723.0 
1134.0009230234195 14.735849056603774 1.0 69.0 55.0 13.0 4723.0 
1137.0420419578975 14.735849056603774 1.0 69.0 55.0 13.0 4723.0 
1140.0035011044263 14.735849056603774 2.0 70.0 55.0 13.0 4723.0 
1143.0014196719562 14.735849056603774 3.0 71.0 55.0 13.0 4723.0 
1146.0028731948598 14.735849056603774 3.0 71.0 55.0 13.0 4723.0 
1149.0026081749313 14.735849056603774 3.0 71.0 55.0 13.0 4723.0 
1152.005423663141 14.735849056603774 3.0 71.0 55.0 13.0 4723.0 
1155.0048102461844 14.735849056603774 3.0 71.0 55.0 13.0 4723.0 
1158.0017123446817 14.735849056603774 3.0 71.0 55.0 13.0 4723.0 
1161.0056361296686 14.735849056603774 4.0 72.0 55.0 13.0 4723.0 
1164.0390984265562 14.735849056603774 5.0 73.0 55.0 13.0 4723.0 
1167.0052713979721 14.754716981132075 4.0 73.0 56.0 13.0 4748.0 
1170.0095418387107 14.754716981132075 4.0 73.0 56.0 13.0 4748.0 
1173.0041453350507 14.754716981132075 5.0 74.0 56.0 13.0 4748.0 
1176.0047300872234 14.754716981132075 5.0 74.0 56.0 13.0 4748.0 
1179.0202644294684 14.754716981132075 5.0 74.0 56.0 13.0 4748.0 
1182.001612177512 14.754716981132075 5.0 74.0 56.0 13.0 4748.0 
1185.0245115464493 14.754716981132075 5.0 74.0 56.0 13.0 4748.0 
1188.0045236426283 14.5 4.0 74.0 57.0 13.0 4832.0 
1191.0051980280855 14.5 4.0 74.0 57.0 13.0 4832.0 
1194.0000500528126 14.5 4.0 74.0 57.0 13.0 4832.0 
1197.000010123468 14.5 5.0 75.0 57.0 13.0 4832.0 
1200.0042741968498 14.5 5.0 75.0 57.0 13.0 4832.0 
1203.0026822371683 14.5 5.0 75.0 57.0 13.0 4832.0 
1206.0009186262607 14.5 5.0 75.0 57.0 13.0 4832.0 
1209.0048025368842 14.5 5.0 75.0 57.0 13.0 4832.0 
1212.0032524248356 14.5 5.0 75.0 57.0 13.0 4832.0 
1215.0086341680396 14.5 6.0 76.0 57.0 13.0 4832.0 
1218.0010508484727 14.5 6.0 77.0 57.0 13.0 4832.0 
1221.0015964898819 14.5 7.0 77.0 57.0 13.0 4832.0 
1224.002809129266 14.5 7.0 77.0 57.0 13.0 4832.0 
1227.006259767217 14.5 8.0 78.0 57.0 13.0 4832.0 
1230.000410543631 14.5 8.0 78.0 57.0 13.0 4832.0 
1233.0157340887476 14.254545454545458 7.0 78.0 58.0 13.0 4903.0 
1236.014913650197 14.254545454545458 7.0 78.0 58.0 13.0 4903.0 
1239.002305242153 14.254545454545458 7.0 78.0 58.0 13.0 4903.0 
1242.0022807228822 14.254545454545458 7.0 78.0 58.0 13.0 4903.0 
1245.0034214608922 14.254545454545458 7.0 78.0 58.0 13.0 4903.0 
1248.0002377728456 14.254545454545458 7.0 78.0 58.0 13.0 4903.0 
1251.0000499429318 14.254545454545458 7.0 78.0 58.0 13.0 4903.0 
1254.012444443604 14.254545454545458 8.0 79.0 58.0 13.0 4903.0 
1257.0117704433824 14.254545454545458 8.0 79.0 58.0 13.0 4903.0 
1260.0101612109877 14.254545454545458 8.0 79.0 58.0 13.0 4903.0 
1263.0007376474782 14.892857142857146 7.0 79.0 58.0 14.0 5026.0 
1266.003772539362 14.892857142857146 7.0 79.0 58.0 14.0 5026.0 
1269.0104507607668 14.892857142857146 7.0 79.0 58.0 14.0 5026.0 
1272.0028307205093 14.892857142857146 7.0 79.0 58.0 14.0 5026.0 
1275.0192028672677 14.684210526315791 7.0 79.0 59.0 14.0 5082.0 
1278.015720915789 14.465517241379313 5.0 79.0 60.0 14.0 5200.0 
1281.012857647219 14.465517241379313 5.0 79.0 60.0 14.0 5200.0 
1284.0005217462547 14.465517241379313 5.0 79.0 60.0 14.0 5200.0 
1287.0033764823775 14.465517241379313 5.0 79.0 60.0 14.0 5200.0 
1290.012698336671 14.465517241379313 5.0 79.0 60.0 14.0 5200.0 
1293.0081637924034 14.3728813559322 5.0 80.0 61.0 14.0 5266.0 
1296.0115813123277 14.3728813559322 5.0 80.0 61.0 14.0 5266.0 
1299.0032630515716 14.3728813559322 5.0 80.0 61.0 14.0 5266.0 
1302.000442448575 14.3728813559322 5.0 80.0 61.0 14.0 5266.0 
1305.0111030889063 14.3728813559322 5.0 80.0 61.0 14.0 5266.0 
1308.008988996184 14.3728813559322 5.0 80.0 61.0 14.0 5266.0 
1311.010136029292 14.3728813559322 5.0 80.0 61.0 14.0 5266.0 
1314.00590290134 14.3728813559322 5.0 80.0 61.0 14.0 5266.0 
1317.005775751794 15.220338983050844 4.0 80.0 61.0 15.0 5409.0 
1320.0058022965823 15.220338983050844 4.0 80.0 61.0 15.0 5409.0 
1323.0045776189634 15.254237288135595 3.0 80.0 62.0 15.0 5534.0 
1326.0017503052827 15.254237288135595 3.0 80.0 62.0 15.0 5534.0 
1329.0035596210287 15.254237288135595 3.0 80.0 62.0 15.0 5534.0 
1332.0004227998409 15.254237288135595 3.0 80.0 62.0 15.0 5534.0 
1335.0005810243047 15.254237288135595 3.0 81.0 62.0 15.0 5534.0 
1338.0099561030877 15.254237288135595 4.0 81.0 62.0 15.0 5534.0 
1341.0073948397126 15.254237288135595 4.0 81.0 62.0 15.0 5534.0 
1344.003033629489 15.254237288135595 4.0 82.0 62.0 15.0 5534.0 
1347.004389007744 15.254237288135595 6.0 83.0 62.0 15.0 5534.0 
1350.0001487219015 15.254237288135595 6.0 83.0 62.0 15.0 5534.0 
1353.0148240868848 15.254237288135595 8.0 85.0 62.0 15.0 5534.0 
1356.0099454435044 15.254237288135595 8.0 85.0 62.0 15.0 5534.0 
1359.003475611986 15.254237288135595 8.0 85.0 62.0 15.0 5534.0 
1362.0079632007119 15.016666666666666 7.0 85.0 63.0 15.0 5552.0 
1365.0095577392062 15.016666666666666 7.0 85.0 63.0 15.0 5552.0 
1368.0014301135323 15.06666666666667 7.0 86.0 65.0 15.0 5583.0 
1371.0027751777868 15.06666666666667 6.0 86.0 65.0 15.0 5583.0 
1374.0021016777066 15.06666666666667 6.0 86.0 65.0 15.0 5583.0 
1377.0016156844983 15.06666666666667 6.0 86.0 65.0 15.0 5583.0 
1380.0032090291663 15.06666666666667 6.0 86.0 65.0 15.0 5583.0 
1383.034417492345 15.06666666666667 6.0 86.0 65.0 15.0 5583.0 
1386.0002082672995 15.083333333333332 5.0 86.0 66.0 15.0 5635.0 
1389.0052823401525 15.083333333333332 5.0 86.0 66.0 15.0 5635.0 
1392.0074990092032 15.083333333333332 5.0 86.0 66.0 15.0 5635.0 
1395.0093032240225 15.083333333333332 5.0 86.0 66.0 15.0 5635.0 
1398.005318807389 15.083333333333332 5.0 86.0 66.0 15.0 5635.0 
1401.0030297898531 15.083333333333332 5.0 86.0 66.0 15.0 5635.0 
1404.0119501112006 15.083333333333332 5.0 86.0 66.0 15.0 5635.0 
1407.0166823381644 15.083333333333332 5.0 86.0 66.0 15.0 5635.0 
1410.0034084556753 14.868852459016395 5.0 86.0 67.0 15.0 5677.0 
1413.000448537259 14.868852459016395 4.0 86.0 67.0 15.0 5677.0 
1416.0072032980681 14.868852459016395 4.0 86.0 67.0 15.0 5677.0 
1419.0100812180408 14.868852459016395 4.0 86.0 67.0 15.0 5677.0 
1422.014756430068 14.868852459016395 4.0 86.0 67.0 15.0 5677.0 
1425.0041115917395 14.868852459016395 4.0 86.0 67.0 15.0 5677.0 
1428.0012868590907 15.451612903225808 4.0 87.0 67.0 16.0 5890.0 
1431.0002812579758 15.451612903225808 5.0 89.0 67.0 16.0 5890.0 
1434.0025404540193 15.451612903225808 6.0 90.0 67.0 16.0 5890.0 
1437.0003923095533 15.451612903225808 7.0 90.0 67.0 16.0 5890.0 
1440.0326304946166 15.451612903225808 7.0 90.0 67.0 16.0 5890.0 
1443.0063743418123 16.274193548387093 5.0 90.0 68.0 17.0 6051.0 
1446.0216682448815 16.809523809523814 5.0 90.0 68.0 18.0 6242.0 
1449.0042714023502 16.809523809523814 4.0 90.0 68.0 18.0 6242.0 
1452.0030161079496 16.809523809523814 4.0 90.0 68.0 18.0 6242.0 
1455.0042776668045 16.809523809523814 4.0 90.0 68.0 18.0 6242.0 
1458.004477341103 16.809523809523814 4.0 90.0 68.0 18.0 6242.0 
1461.0039053643509 16.809523809523814 5.0 91.0 68.0 18.0 6242.0 
1464.00783204647 16.809523809523814 5.0 91.0 68.0 18.0 6242.0 
1467.0067408616212 16.809523809523814 6.0 92.0 68.0 18.0 6242.0 
1470.0004667952883 16.809523809523814 6.0 92.0 68.0 18.0 6242.0 
1473.0037848955342 16.809523809523814 6.0 92.0 68.0 18.0 6242.0 
1476.0043717721094 16.809523809523814 7.0 93.0 68.0 18.0 6242.0 
1479.0210349737413 16.809523809523814 7.0 93.0 68.0 18.0 6242.0 
1482.002830959659 16.809523809523814 7.0 93.0 68.0 18.0 6242.0 
1485.0171466633365 16.5625 6.0 93.0 69.0 18.0 6296.0 
1488.0038110106354 16.5625 6.0 93.0 69.0 18.0 6296.0 
1491.004667244899 16.5625 7.0 94.0 69.0 18.0 6296.0 
1494.01885201704 16.5625 7.0 94.0 69.0 18.0 6296.0 
1497.0037609115307 16.5625 7.0 94.0 69.0 18.0 6296.0 
1500.029742631547 16.5625 7.0 94.0 69.0 18.0 6296.0 
1503.0041350042748 16.5625 8.0 95.0 69.0 18.0 6296.0 
1506.0034023692156 16.5625 9.0 96.0 69.0 18.0 6296.0 
1509.0034607409366 16.5625 9.0 96.0 69.0 18.0 6296.0 
1512.00000070841 16.5625 10.0 97.0 69.0 18.0 6296.0 
1515.018615513057 16.5625 10.0 97.0 69.0 18.0 6296.0 
1518.0197647042903 16.5625 10.0 97.0 69.0 18.0 6296.0 
1521.0083498122117 16.5625 10.0 97.0 69.0 18.0 6296.0 
1524.0030663601146 16.5625 10.0 98.0 69.0 18.0 6296.0 
1527.0037055894136 16.323076923076922 11.0 99.0 70.0 18.0 6396.0 
1530.0013740399804 16.323076923076922 11.0 99.0 70.0 18.0 6396.0 
1533.0000494796857 16.323076923076922 11.0 99.0 70.0 18.0 6396.0 
1536.0284942930225 17.621212121212118 9.0 99.0 70.0 20.0 6686.0 
1539.0024678529 17.621212121212118 9.0 99.0 70.0 20.0 6686.0 
1542.0005331931288 17.621212121212118 9.0 99.0 70.0 20.0 6686.0 
1545.0009361131997 17.621212121212118 9.0 99.0 70.0 20.0 6686.0 
1548.0075102406395 17.621212121212118 9.0 99.0 70.0 20.0 6686.0 
1551.004224616489 17.621212121212118 9.0 99.0 70.0 20.0 6686.0 
1554.002410545932 17.621212121212118 9.0 99.0 70.0 20.0 6686.0 
1557.004379004454 17.621212121212118 9.0 99.0 70.0 20.0 6686.0 
1560.0037139086985 17.621212121212118 9.0 99.0 70.0 20.0 6686.0 
1563.0011225854887 17.621212121212118 10.0 100.0 70.0 20.0 6686.0 
1566.0002960086406 17.621212121212118 10.0 100.0 70.0 20.0 6686.0 
1569.011505044543 17.621212121212118 10.0 100.0 70.0 20.0 6686.0 
1572.0067345163598 17.636363636363637 9.0 100.0 71.0 20.0 6755.0 
1575.0172359151861 17.636363636363637 9.0 100.0 71.0 20.0 6755.0 
1578.0001798571764 18.13432835820895 7.0 100.0 72.0 21.0 6883.0 
1581.0061302227027 18.13432835820895 8.0 101.0 72.0 21.0 6883.0 
1584.0201449616854 17.882352941176475 7.0 102.0 73.0 21.0 6992.0 
1587.0178812581441 17.882352941176475 8.0 103.0 73.0 21.0 6992.0 
1590.014189116174 17.882352941176475 9.0 103.0 73.0 21.0 6992.0 
1593.005201090972 18.617647058823525 8.0 103.0 73.0 22.0 7095.0 
1596.0247028902725 18.617647058823525 8.0 103.0 73.0 22.0 7095.0 
1599.014264159008 18.617647058823525 8.0 103.0 73.0 22.0 7095.0 
1602.0141440761508 18.617647058823525 8.0 103.0 73.0 22.0 7095.0 
1605.008924265442 18.617647058823525 8.0 103.0 73.0 22.0 7095.0 
1608.0041394581924 18.617647058823525 8.0 103.0 73.0 22.0 7095.0 
1611.0158626196885 18.617647058823525 8.0 103.0 73.0 22.0 7095.0 
1614.0004771380297 18.617647058823525 8.0 103.0 73.0 22.0 7095.0 
1617.0041005282899 19.072463768115945 7.0 103.0 73.0 23.0 7199.0 
1620.0172992240127 19.072463768115945 7.0 103.0 73.0 23.0 7199.0 
1623.0072873439137 19.072463768115945 7.0 103.0 73.0 23.0 7199.0 
1626.0054977771447 19.072463768115945 7.0 103.0 73.0 23.0 7199.0 
1629.0043583777804 19.072463768115945 7.0 103.0 73.0 23.0 7199.0 
1632.000127832693 19.188405797101453 6.0 103.0 74.0 23.0 7247.0 
1635.0034539690698 18.97142857142857 5.0 103.0 75.0 23.0 7421.0 
1638.0037966725963 18.985714285714288 5.0 103.0 76.0 23.0 7536.0 
1641.020059840055 18.985714285714288 4.0 103.0 76.0 23.0 7536.0 
1644.0031552896178 18.788732394366193 3.0 103.0 77.0 23.0 7593.0 
1647.012719313934 18.788732394366193 3.0 103.0 77.0 23.0 7593.0 
1650.0076470078723 18.788732394366193 4.0 104.0 77.0 23.0 7593.0 
1653.0032643944521 18.788732394366193 4.0 104.0 77.0 23.0 7593.0 
1656.0002653268057 18.56944444444444 3.0 104.0 78.0 23.0 7668.0 
1659.0180744921151 18.56944444444444 3.0 104.0 78.0 23.0 7668.0 
1662.0114188081207 18.56944444444444 4.0 105.0 78.0 23.0 7668.0 
1665.0022387341794 18.56944444444444 4.0 105.0 78.0 23.0 7668.0 
1668.0019289761583 18.597222222222218 3.0 105.0 79.0 23.0 7829.0 
1671.0160022626696 18.625 2.0 105.0 80.0 23.0 7850.0 
1674.0105035348254 18.625 2.0 105.0 80.0 23.0 7850.0 
1677.0034573469356 18.625 2.0 105.0 80.0 23.0 7850.0 
1680.014247242079 18.625 2.0 105.0 80.0 23.0 7850.0 
1683.0073012542368 18.625 2.0 105.0 80.0 23.0 7850.0 
1686.012158616757 18.625 2.0 105.0 80.0 23.0 7850.0 
1689.0085418743245 18.625 2.0 105.0 80.0 23.0 7850.0 
1692.0008209846576 18.625 2.0 105.0 80.0 23.0 7850.0 
1695.0031705855624 18.625 2.0 105.0 80.0 23.0 7850.0 
1698.0051593352018 18.625 2.0 105.0 80.0 23.0 7850.0 
1701.0014481585329 18.625 2.0 105.0 80.0 23.0 7850.0 
1704.0004293536233 18.625 3.0 107.0 80.0 23.0 7850.0 
1707.000430125102 18.625 4.0 107.0 80.0 23.0 7850.0 
1710.0046511685284 18.68055555555556 3.0 107.0 81.0 23.0 8033.0 
1713.0155492470358 18.68055555555556 3.0 107.0 81.0 23.0 8033.0 
1716.001400459192 18.68055555555556 3.0 108.0 81.0 23.0 8033.0 
1719.0020737307075 18.68055555555556 4.0 108.0 81.0 23.0 8033.0 
1722.00155852853 18.68055555555556 4.0 108.0 81.0 23.0 8033.0 
1725.0049959170212 18.68055555555556 4.0 108.0 81.0 23.0 8033.0 
1728.0058230592326 18.68055555555556 4.0 108.0 81.0 23.0 8033.0 
1731.0116094116918 18.708333333333336 3.0 108.0 82.0 23.0 8062.0 
1734.0139613020094 18.46575342465754 2.0 108.0 83.0 23.0 8079.0 
1737.0023182070843 18.46575342465754 2.0 109.0 83.0 23.0 8079.0 
1740.0005944134969 18.46575342465754 4.0 110.0 83.0 23.0 8079.0 
1743.004484815635 18.46575342465754 4.0 110.0 83.0 23.0 8079.0 
1746.011451657265 18.46575342465754 4.0 110.0 83.0 23.0 8079.0 
1749.0112373855075 18.46575342465754 4.0 110.0 83.0 23.0 8079.0 
1752.0138011736399 18.46575342465754 4.0 110.0 83.0 23.0 8079.0 
1755.0060951144096 18.46575342465754 4.0 110.0 83.0 23.0 8079.0 
1758.001415120394 18.46575342465754 4.0 110.0 83.0 23.0 8079.0 
1761.0012991572573 18.46575342465754 4.0 110.0 83.0 23.0 8079.0 
1764.0036875158335 18.229729729729726 3.0 110.0 84.0 23.0 8182.0 
1767.0012373510956 18.229729729729726 4.0 111.0 84.0 23.0 8182.0 
1770.0008061500655 18.229729729729726 4.0 111.0 84.0 23.0 8182.0 
1773.0200276141866 18.229729729729726 4.0 111.0 84.0 23.0 8182.0 
1776.0151181805593 18.229729729729726 4.0 111.0 84.0 23.0 8182.0 
1779.0027884463511 18.24324324324325 5.0 112.0 85.0 23.0 8222.0 
1782.0109399061275 18.24324324324325 4.0 112.0 85.0 23.0 8222.0 
1785.0111519450697 18.24324324324325 4.0 112.0 85.0 23.0 8222.0 
1788.001425310225 18.24324324324325 4.0 112.0 85.0 23.0 8222.0 
1791.0055216400895 18.24324324324325 4.0 112.0 85.0 23.0 8222.0 
1794.0130537829652 18.24324324324325 4.0 112.0 85.0 23.0 8222.0 
1797.0096006851757 18.24324324324325 4.0 112.0 85.0 23.0 8222.0 
1800.0091488392843 18.24324324324325 4.0 112.0 85.0 23.0 8222.0 
#####################################################################
# End of data export. Simulation finished at: 2020-01-14T13:38+0000 #
#####################################################################
