#####################################################################
# Alchemist log file - simulation started at: 2020-01-15T15:05+0000 #
#####################################################################
# seed = 21.0, taskFrequency = 0.04217, cloudcost = 1.0, algorithm = true
#
# The columns have the following meaning: 
# time taskHops[Mean] hasTask[Sum] tasks[Sum] completedTasks[Sum] giveupTasks[Sum] taskLatency[Sum] 
0.0 NaN 0.0 0.0 0.0 0.0 0.0 
2.006049613452473 NaN 9.0 13.0 0.0 0.0 0.0 
4.006049613452473 NaN 17.0 21.0 0.0 0.0 0.0 
6.006049613452473 NaN 24.0 30.0 0.0 0.0 0.0 
8.006049613452472 NaN 34.0 34.0 0.0 0.0 0.0 
10.003294902511302 NaN 39.0 42.0 0.0 0.0 0.0 
12.006049613452472 NaN 44.0 46.0 0.0 0.0 0.0 
14.006049613452472 1.5 52.0 57.0 6.0 0.0 78.0 
16.006049613452472 1.3636363636363635 55.0 64.0 11.0 0.0 148.0 
18.006049613452472 1.3076923076923077 56.0 69.0 13.0 0.0 175.0 
20.006049613452472 1.2941176470588236 64.0 77.0 17.0 0.0 233.0 
22.006049613452472 1.2941176470588236 67.0 84.0 17.0 0.0 233.0 
24.006049613452472 1.45 69.0 88.0 20.0 0.0 280.0 
26.006049613452472 1.5 73.0 95.0 22.0 0.0 312.0 
28.006049613452472 1.4782608695652173 75.0 100.0 23.0 0.0 325.0 
30.006049613452472 1.56 78.0 105.0 25.0 0.0 359.0 
32.006049613452475 1.5769230769230769 85.0 111.0 26.0 0.0 376.0 
34.006049613452475 1.5925925925925926 87.0 113.0 27.0 0.0 396.0 
36.006049613452475 1.65625 84.0 114.0 32.0 0.0 496.0 
38.006049613452475 1.65625 85.0 118.0 32.0 0.0 496.0 
40.006049613452475 1.7428571428571429 87.0 120.0 35.0 0.0 550.0 
42.006049613452475 1.7714285714285714 87.0 123.0 36.0 0.0 564.0 
44.006049613452475 1.7777777777777777 87.0 124.0 37.0 0.0 591.0 
46.006049613452475 1.8157894736842106 89.0 126.0 39.0 0.0 633.0 
48.006049613452475 1.829268292682927 86.0 127.0 42.0 0.0 691.0 
50.006049613452475 1.829268292682927 85.0 127.0 42.0 0.0 691.0 
52.006049613452475 1.8571428571428572 85.0 129.0 43.0 0.0 707.0 
54.006049613452475 1.8571428571428572 87.0 130.0 43.0 0.0 707.0 
56.006049613452475 1.8409090909090908 87.0 133.0 45.0 0.0 739.0 
58.006049613452475 1.826086956521739 88.0 136.0 47.0 0.0 784.0 
60.006049613452475 1.851063829787234 91.0 139.0 48.0 0.0 806.0 
62.006049613452475 1.872340425531915 90.0 139.0 49.0 0.0 822.0 
64.00604961345248 1.9795918367346939 92.0 143.0 52.0 0.0 901.0 
66.00604961345248 2.0392156862745097 91.0 144.0 54.0 0.0 968.0 
68.00604961345248 2.0392156862745097 92.0 147.0 54.0 0.0 968.0 
70.00604961345248 2.0588235294117645 94.0 148.0 55.0 0.0 985.0 
72.00604961345248 2.0588235294117645 94.0 150.0 55.0 0.0 985.0 
74.00604961345248 2.0588235294117645 95.0 150.0 55.0 0.0 985.0 
76.00604961345248 2.0588235294117645 97.0 152.0 55.0 0.0 985.0 
78.00604961345248 2.188679245283019 96.0 154.0 58.0 0.0 1101.0 
80.00604961345248 2.2264150943396226 96.0 155.0 59.0 0.0 1120.0 
82.00604961345248 2.2264150943396226 96.0 157.0 59.0 0.0 1120.0 
84.00604961345248 2.240740740740741 97.0 159.0 61.0 0.0 1153.0 
86.00604961345248 2.259259259259259 99.0 161.0 62.0 0.0 1170.0 
88.00604961345248 2.263157894736842 98.0 163.0 66.0 0.0 1350.0 
90.00604961345248 2.333333333333333 96.0 164.0 68.0 0.0 1427.0 
92.00604961345248 2.333333333333333 96.0 164.0 68.0 0.0 1427.0 
94.00604961345248 2.310344827586207 96.0 165.0 69.0 0.0 1509.0 
96.00604961345248 2.3559322033898304 97.0 167.0 72.0 0.0 1563.0 
98.00604961345248 2.466666666666667 96.0 170.0 74.0 0.0 1630.0 
100.00604961345248 2.466666666666667 96.0 171.0 74.0 0.0 1630.0 
102.00604961345248 2.55 99.0 173.0 75.0 0.0 1650.0 
104.00604961345248 2.492063492063492 96.0 173.0 75.0 4.0 2041.0 
106.00604961345248 2.420289855072464 89.0 175.0 76.0 12.0 2723.0 
108.00604961345248 2.3246753246753245 85.0 177.0 76.0 22.0 3591.0 
110.00248388512246 2.2650602409638556 73.0 181.0 76.0 31.0 4329.0 
112.00604961345248 2.2222222222222223 68.0 181.0 78.0 39.0 5142.0 
114.00604961345248 2.208333333333333 64.0 186.0 79.0 49.0 5847.0 
116.00604961345248 2.2323232323232323 53.0 186.0 79.0 57.0 6349.0 
118.00604961345248 2.233009708737864 50.0 190.0 79.0 66.0 6827.0 
120.00604961345248 2.18348623853211 43.0 193.0 79.0 74.0 7319.0 
122.00604961345248 2.1842105263157894 38.0 197.0 80.0 83.0 8003.0 
124.00604961345248 2.1982758620689657 31.0 198.0 80.0 89.0 8292.0 
126.00604961345248 2.1965811965811968 30.0 199.0 80.0 91.0 8495.0 
128.0060496134525 2.206611570247934 30.0 204.0 81.0 99.0 8833.0 
130.0060496134525 2.2295081967213113 23.0 207.0 81.0 104.0 8940.0 
132.0060496134525 2.252032520325203 21.0 209.0 83.0 105.0 9055.0 
134.0060496134525 2.2764227642276422 25.0 215.0 83.0 108.0 9079.0 
136.0060496134525 2.284552845528455 32.0 224.0 83.0 109.0 9084.0 
138.0060496134525 2.3008130081300813 32.0 226.0 84.0 109.0 9104.0 
140.0060496134525 2.3170731707317076 39.0 232.0 84.0 111.0 9106.0 
142.0060496134525 2.373983739837398 40.0 236.0 85.0 112.0 9172.0 
144.0060496134525 2.373983739837398 43.0 240.0 85.0 112.0 9172.0 
146.0060496134525 2.382113821138211 47.0 247.0 85.0 113.0 9175.0 
148.0060496134525 2.3902439024390243 53.0 252.0 86.0 113.0 9188.0 
150.0060496134525 2.435483870967742 53.0 254.0 88.0 114.0 9366.0 
152.0060496134525 2.475806451612903 52.0 258.0 90.0 115.0 9440.0 
154.0060496134525 2.475806451612903 56.0 262.0 90.0 115.0 9440.0 
156.0060496134525 2.5161290322580645 57.0 266.0 91.0 119.0 9589.0 
158.0046697287708 2.532258064516129 60.0 271.0 91.0 121.0 9630.0 
160.0060496134525 2.588709677419355 58.0 273.0 93.0 123.0 9747.0 
162.0060496134525 2.6129032258064515 60.0 277.0 95.0 123.0 9794.0 
164.0060496134525 2.629032258064516 61.0 279.0 96.0 123.0 9823.0 
166.0060496134525 2.645161290322581 64.0 284.0 96.0 125.0 9863.0 
168.0060496134525 2.645161290322581 65.0 287.0 96.0 125.0 9863.0 
170.0060496134525 2.6774193548387095 66.0 289.0 97.0 125.0 9894.0 
172.0060496134525 2.6774193548387095 70.0 294.0 97.0 125.0 9894.0 
174.0060496134525 2.7419354838709675 71.0 297.0 100.0 125.0 9947.0 
176.0060496134525 2.782258064516129 73.0 300.0 102.0 125.0 9990.0 
178.0060496134525 2.782258064516129 74.0 302.0 102.0 125.0 9990.0 
180.0060496134525 2.7840000000000003 77.0 307.0 103.0 126.0 10106.0 
182.0060496134525 2.8240000000000003 79.0 309.0 104.0 127.0 10139.0 
184.0060496134525 2.872 79.0 311.0 106.0 127.0 10179.0 
186.0060496134525 2.896 78.0 314.0 106.0 130.0 10284.0 
188.0060496134525 2.936 79.0 317.0 107.0 131.0 10402.0 
190.0060496134525 2.976 79.0 321.0 107.0 133.0 10501.0 
192.0060496134525 3.016 80.0 323.0 109.0 134.0 10542.0 
194.0060496134525 3.024 84.0 330.0 110.0 134.0 10555.0 
196.00285180184045 3.024 87.0 331.0 110.0 134.0 10555.0 
198.0060496134525 3.104 90.0 334.0 111.0 139.0 10825.0 
200.0060496134525 3.192 83.0 338.0 112.0 147.0 11064.0 
202.0060496134525 3.2159999999999997 78.0 339.0 113.0 149.0 11236.0 
204.0060496134525 3.232 76.0 340.0 113.0 151.0 11276.0 
206.0060496134525 3.232 77.0 341.0 113.0 151.0 11276.0 
208.0060496134525 3.256 80.0 348.0 116.0 151.0 11323.0 
210.0060496134525 3.2960000000000003 83.0 352.0 118.0 152.0 11396.0 
212.0060496134525 3.336 84.0 355.0 119.0 154.0 11431.0 
214.0060496134525 3.4560000000000004 79.0 359.0 120.0 161.0 11751.0 
216.0060496134525 3.4560000000000004 81.0 362.0 120.0 161.0 11751.0 
218.0060496134525 3.5279999999999996 81.0 362.0 123.0 163.0 11919.0 
220.0060496134525 3.584 80.0 368.0 125.0 166.0 12124.0 
222.0060496134525 3.648 75.0 371.0 125.0 174.0 12492.0 
224.0060496134525 3.7520000000000002 69.0 375.0 126.0 183.0 13012.0 
226.0060496134525 3.824 63.0 379.0 127.0 189.0 13158.0 
228.0060496134525 3.84 67.0 383.0 128.0 190.0 13257.0 
230.0060496134525 3.904 66.0 389.0 129.0 196.0 13429.0 
232.0060496134525 3.936 63.0 392.0 129.0 200.0 13566.0 
234.0060496134525 3.976 66.0 397.0 129.0 202.0 13769.0 
236.0060496134525 4.072 65.0 401.0 130.0 209.0 14160.0 
238.0060496134525 4.168 58.0 404.0 130.0 221.0 14684.0 
240.0060496134525 4.184 53.0 406.0 130.0 223.0 14701.0 
242.0060496134525 4.215999999999999 52.0 408.0 131.0 226.0 14895.0 
244.0060496134525 4.272 49.0 410.0 133.0 230.0 15173.0 
246.0060496134525 4.311999999999999 46.0 412.0 134.0 234.0 15249.0 
248.0060496134525 4.343999999999999 43.0 415.0 134.0 238.0 15496.0 
250.0060496134525 4.4079999999999995 41.0 423.0 134.0 246.0 15841.0 
252.0060496134525 4.4399999999999995 43.0 427.0 135.0 249.0 15982.0 
254.0060496134525 4.456 46.0 433.0 135.0 251.0 16100.0 
256.0060496134525 4.488 51.0 437.0 136.0 254.0 16241.0 
258.0060496134525 4.496 49.0 440.0 136.0 255.0 16243.0 
260.0060496134525 4.504 52.0 443.0 136.0 256.0 16256.0 
262.0060496134525 4.536 56.0 449.0 137.0 257.0 16388.0 
264.0060496134525 4.552 58.0 454.0 137.0 259.0 16513.0 
266.0060496134525 4.568 58.0 458.0 137.0 261.0 16618.0 
268.0060496134525 4.632 57.0 462.0 138.0 267.0 16729.0 
270.0060496134525 4.656000000000001 62.0 467.0 139.0 267.0 16749.0 
272.0060496134525 4.696 61.0 470.0 141.0 267.0 16846.0 
274.0060496134525 4.728 62.0 473.0 141.0 271.0 17051.0 
276.0060496134525 4.784 60.0 477.0 142.0 277.0 17203.0 
278.0060496134525 4.832 60.0 484.0 143.0 282.0 17313.0 
280.0060496134525 4.904 57.0 488.0 147.0 282.0 17402.0 
282.0060496134525 4.968 58.0 491.0 149.0 286.0 17515.0 
284.0060496134525 4.984 57.0 496.0 150.0 286.0 17521.0 
286.0060496134525 4.984 64.0 501.0 150.0 286.0 17521.0 
288.0060496134525 5.016 70.0 506.0 150.0 290.0 17591.0 
290.0060496134525 5.096 72.0 515.0 154.0 290.0 17662.0 
292.0060496134525 5.144 75.0 519.0 155.0 293.0 17803.0 
294.0060496134525 5.176 68.0 520.0 155.0 297.0 17912.0 
296.0060496134525 5.224 68.0 522.0 155.0 301.0 17982.0 
298.0060496134525 5.264 67.0 529.0 156.0 304.0 18032.0 
300.0060496134525 5.264 71.0 532.0 156.0 304.0 18032.0 
302.0060496134525 5.279999999999999 74.0 535.0 156.0 306.0 18082.0 
304.0060496134525 5.32 75.0 541.0 159.0 306.0 18132.0 
306.0060496134525 5.36 76.0 544.0 162.0 308.0 18238.0 
308.0060496134525 5.392 78.0 552.0 162.0 312.0 18332.0 
310.0060496134525 5.4399999999999995 81.0 557.0 163.0 317.0 18777.0 
312.0060496134525 5.544 76.0 560.0 165.0 322.0 19173.0 
314.0060496134525 5.5920000000000005 71.0 563.0 167.0 326.0 19295.0 
316.0060496134525 5.6 71.0 565.0 168.0 326.0 19309.0 
318.0060496134525 5.64 70.0 567.0 169.0 330.0 19380.0 
320.0060496134525 5.664 69.0 570.0 171.0 330.0 19430.0 
322.0060496134525 5.672 70.0 571.0 171.0 331.0 19500.0 
324.0060496134525 5.688000000000001 71.0 573.0 171.0 333.0 19614.0 
326.0060496134525 5.696 70.0 576.0 171.0 334.0 19641.0 
328.0060496134525 5.784000000000001 70.0 577.0 173.0 339.0 19884.0 
330.0060496134525 5.856 69.0 584.0 175.0 345.0 20188.0 
332.0060496134525 5.896 62.0 584.0 176.0 349.0 20300.0 
334.0060496134525 5.912 58.0 585.0 176.0 351.0 20389.0 
336.0060496134525 5.92 61.0 591.0 176.0 352.0 20396.0 
338.0060496134525 6.008 64.0 595.0 177.0 357.0 20618.0 
340.0060496134525 6.08 59.0 599.0 177.0 366.0 20871.0 
342.0060496134525 6.16 58.0 605.0 178.0 369.0 20992.0 
344.0060496134525 6.184 61.0 609.0 178.0 372.0 21040.0 
346.0060496134525 6.24 59.0 612.0 180.0 373.0 21082.0 
348.0060496134525 6.247999999999999 62.0 616.0 181.0 373.0 21112.0 
350.0060496134525 6.256 62.0 617.0 182.0 373.0 21137.0 
352.0060496134525 6.279999999999999 63.0 619.0 182.0 376.0 21176.0 
354.0060496134525 6.303999999999999 63.0 621.0 183.0 378.0 21224.0 
356.0060496134525 6.343999999999999 62.0 625.0 184.0 382.0 21536.0 
358.0029336525565 6.384 62.0 629.0 185.0 386.0 21664.0 
360.0060496134525 6.424 56.0 633.0 185.0 391.0 22052.0 
362.0060496134525 6.5040000000000004 58.0 639.0 189.0 395.0 22242.0 
364.0060496134525 6.544 57.0 643.0 189.0 400.0 22529.0 
366.0060496134525 6.5600000000000005 55.0 647.0 189.0 402.0 22536.0 
368.0060496134525 6.5680000000000005 58.0 650.0 189.0 403.0 22600.0 
370.0060496134525 6.6 56.0 650.0 189.0 407.0 22658.0 
372.0060496134525 6.6240000000000006 52.0 653.0 190.0 408.0 22705.0 
374.0060496134525 6.672 56.0 657.0 192.0 411.0 22759.0 
376.0060496134525 6.68 55.0 659.0 192.0 412.0 22822.0 
378.0060496134525 6.728 57.0 665.0 192.0 418.0 23083.0 
380.0060496134525 6.784000000000001 59.0 670.0 195.0 419.0 23214.0 
382.0060496134525 6.84 57.0 675.0 196.0 421.0 23349.0 
384.0060496134525 6.848000000000001 60.0 677.0 196.0 422.0 23361.0 
386.0060496134525 6.888 62.0 682.0 196.0 427.0 23696.0 
388.0060496134525 6.976 58.0 684.0 198.0 433.0 24104.0 
390.0060496134525 7.064 50.0 686.0 200.0 440.0 24466.0 
392.0060496134525 7.088 47.0 689.0 200.0 443.0 24573.0 
394.0060496134525 7.151999999999999 45.0 693.0 201.0 449.0 24650.0 
396.0060496134525 7.208 39.0 697.0 201.0 456.0 24796.0 
398.0060496134525 7.215999999999999 44.0 702.0 201.0 457.0 24828.0 
400.0060496134525 7.247999999999999 45.0 705.0 202.0 459.0 24860.0 
402.0060496134525 7.247999999999999 46.0 709.0 202.0 459.0 24860.0 
404.0060496134525 7.288 54.0 716.0 203.0 460.0 24890.0 
406.0060496134525 7.3759999999999994 51.0 717.0 205.0 467.0 25119.0 
408.0060496134525 7.4 47.0 721.0 205.0 470.0 25240.0 
410.0060496134525 7.424 49.0 726.0 205.0 473.0 25385.0 
412.0004144720809 7.608 45.0 730.0 206.0 483.0 25614.0 
414.0060496134525 7.616 42.0 734.0 207.0 483.0 25630.0 
416.0060496134525 7.656000000000001 49.0 745.0 207.0 488.0 25710.0 
418.0060496134525 7.656000000000001 56.0 752.0 207.0 488.0 25710.0 
420.0060496134525 7.656000000000001 59.0 754.0 207.0 488.0 25710.0 
422.0060496134525 7.672 60.0 756.0 208.0 488.0 25729.0 
424.0060496134525 7.688000000000001 63.0 759.0 209.0 488.0 25749.0 
426.0060496134525 7.704 62.0 760.0 210.0 488.0 25762.0 
428.0060496134525 7.720000000000001 63.0 763.0 210.0 490.0 25965.0 
430.0060496134525 7.752000000000001 67.0 768.0 211.0 493.0 26110.0 
432.0060496134525 7.816000000000001 62.0 771.0 212.0 500.0 26367.0 
434.0060496134525 7.856 57.0 773.0 212.0 505.0 26516.0 
436.0060496134525 7.872 62.0 780.0 212.0 507.0 26523.0 
438.0060496134525 7.944 60.0 783.0 214.0 509.0 26605.0 
440.0060496134525 8.0 61.0 787.0 215.0 512.0 26808.0 
442.0060496134525 8.04 61.0 794.0 215.0 517.0 26947.0 
444.0060496134525 8.064 64.0 800.0 215.0 518.0 27048.0 
446.0060496134525 8.104 72.0 807.0 216.0 520.0 27107.0 
448.0060496134525 8.176 70.0 811.0 217.0 525.0 27280.0 
450.0060496134525 8.184000000000001 71.0 814.0 217.0 526.0 27326.0 
452.0060496134525 8.2 70.0 815.0 217.0 528.0 27333.0 
454.0060496134525 8.264 72.0 819.0 219.0 533.0 27479.0 
456.0060496134525 8.328 69.0 824.0 221.0 536.0 27559.0 
458.0060496134525 8.344 68.0 826.0 221.0 538.0 27694.0 
460.0060496134525 8.344 69.0 829.0 221.0 538.0 27694.0 
462.0060496134525 8.376 70.0 830.0 223.0 540.0 27784.0 
464.0060496134525 8.44 64.0 832.0 225.0 545.0 27990.0 
466.0060496134525 8.456 68.0 841.0 225.0 547.0 28092.0 
468.0060496134525 8.496 65.0 843.0 227.0 550.0 28304.0 
470.0060496134525 8.56 67.0 846.0 228.0 553.0 28340.0 
472.0060496134525 8.568 69.0 852.0 229.0 553.0 28366.0 
474.0060496134525 8.568 71.0 853.0 229.0 553.0 28366.0 
476.0060496134525 8.672 71.0 856.0 231.0 559.0 28528.0 
478.0060496134525 8.712 70.0 862.0 232.0 561.0 28573.0 
480.0060496134525 8.72 68.0 863.0 232.0 562.0 28631.0 
482.0060496134525 8.776 72.0 868.0 233.0 563.0 28751.0 
484.0060496134525 8.848 68.0 870.0 234.0 568.0 28989.0 
486.0060496134525 8.943999999999999 65.0 875.0 236.0 577.0 29354.0 
488.0060496134525 8.991999999999999 61.0 877.0 239.0 578.0 29388.0 
490.0060496134525 8.991999999999999 63.0 880.0 239.0 578.0 29388.0 
492.0060496134525 8.991999999999999 64.0 881.0 239.0 578.0 29388.0 
494.0060496134525 9.120000000000001 65.0 886.0 241.0 585.0 29557.0 
496.0060496134525 9.152 60.0 889.0 241.0 589.0 29694.0 
498.0060496134525 9.168 62.0 892.0 242.0 589.0 29714.0 
500.0060496134525 9.248000000000001 59.0 894.0 245.0 594.0 30015.0 
502.0060496134525 9.32 55.0 898.0 246.0 602.0 30532.0 
504.0060496134525 9.344 51.0 900.0 247.0 603.0 30654.0 
506.0060496134525 9.431999999999999 48.0 907.0 247.0 614.0 31030.0 
508.0060496134525 9.448 46.0 910.0 247.0 616.0 31070.0 
510.0060496134525 9.456 48.0 914.0 247.0 617.0 31163.0 
512.0060496134524 9.512 48.0 917.0 248.0 623.0 31526.0 
514.0015354320341 9.584 42.0 920.0 248.0 632.0 31741.0 
516.0060496134524 9.68 41.0 925.0 251.0 633.0 31902.0 
518.0060496134524 9.72 41.0 926.0 252.0 636.0 32027.0 
520.0060496134524 9.776 36.0 927.0 252.0 643.0 32166.0 
522.004834141682 9.776 32.0 929.0 252.0 643.0 32166.0 
524.0060496134524 9.808 36.0 935.0 253.0 643.0 32224.0 
526.0060496134524 9.808 40.0 939.0 253.0 643.0 32224.0 
528.0060496134524 9.832 43.0 942.0 253.0 646.0 32261.0 
530.0060496134524 9.848 42.0 944.0 253.0 648.0 32286.0 
532.0060496134524 9.863999999999999 44.0 947.0 253.0 650.0 32307.0 
534.0060496134524 9.888 44.0 949.0 253.0 653.0 32326.0 
536.0060496134524 9.92 44.0 954.0 254.0 655.0 32364.0 
538.0060496134524 9.96 47.0 961.0 254.0 660.0 32558.0 
540.0060496134524 10.024 47.0 965.0 256.0 665.0 32815.0 
542.0060496134524 10.032 45.0 969.0 256.0 666.0 32893.0 
544.0060496134524 10.056000000000001 50.0 972.0 256.0 669.0 33055.0 
546.0060496134524 10.088 47.0 975.0 257.0 672.0 33186.0 
548.0060496134524 10.104 48.0 979.0 257.0 674.0 33192.0 
550.0060496134524 10.16 49.0 983.0 258.0 677.0 33265.0 
552.0060496134524 10.168 52.0 990.0 258.0 678.0 33266.0 
554.0060496134524 10.216 55.0 992.0 259.0 681.0 33362.0 
556.0060496134524 10.28 50.0 993.0 261.0 685.0 33563.0 
558.0060496134524 10.312000000000001 45.0 998.0 261.0 689.0 33701.0 
560.0060496134524 10.376000000000001 48.0 1002.0 262.0 694.0 33728.0 
562.0060496134524 10.392 46.0 1004.0 262.0 696.0 33739.0 
564.0060496134524 10.456 47.0 1008.0 265.0 696.0 33818.0 
566.0060496134524 10.472 50.0 1013.0 266.0 697.0 33845.0 
568.0060496134524 10.496 54.0 1021.0 266.0 700.0 34054.0 
570.0060496134524 10.496 60.0 1027.0 266.0 700.0 34054.0 
572.0060496134524 10.504 65.0 1031.0 266.0 701.0 34062.0 
574.0060496134524 10.6 62.0 1032.0 268.0 704.0 34177.0 
576.0060496134524 10.623999999999999 63.0 1036.0 268.0 707.0 34247.0 
578.0060496134524 10.687999999999999 63.0 1044.0 270.0 710.0 34526.0 
580.0060496134524 10.744 63.0 1045.0 270.0 717.0 34689.0 
582.0060496134524 10.76 61.0 1049.0 271.0 717.0 34707.0 
584.0060496134524 10.76 64.0 1053.0 271.0 717.0 34707.0 
586.0060496134524 10.792 64.0 1055.0 271.0 721.0 34796.0 
588.0060496134524 10.863999999999999 64.0 1059.0 272.0 724.0 34893.0 
590.0060496134524 10.952 63.0 1064.0 273.0 734.0 35145.0 
592.0060496134524 10.984 57.0 1068.0 274.0 737.0 35161.0 
594.0060496134524 11.008000000000001 59.0 1071.0 275.0 737.0 35164.0 
596.0060496134524 11.04 62.0 1076.0 276.0 737.0 35184.0 
598.0060496134524 11.08 64.0 1079.0 277.0 738.0 35238.0 
600.0060496134524 11.08 65.0 1080.0 277.0 738.0 35238.0 
602.0060496134524 11.088 66.0 1082.0 278.0 738.0 35251.0 
604.0060496134524 11.136000000000001 65.0 1085.0 278.0 744.0 35473.0 
606.0060496134524 11.192 68.0 1091.0 280.0 745.0 35648.0 
608.0060496134524 11.28 63.0 1094.0 281.0 753.0 35899.0 
610.0060496134524 11.312000000000001 60.0 1098.0 281.0 757.0 36028.0 
612.0060496134524 11.328 61.0 1101.0 282.0 758.0 36117.0 
614.0060496134524 11.36 61.0 1103.0 283.0 760.0 36193.0 
616.0060496134524 11.367999999999999 62.0 1107.0 283.0 761.0 36263.0 
618.0060496134524 11.392 64.0 1111.0 283.0 764.0 36343.0 
620.0060496134524 11.424 64.0 1113.0 285.0 765.0 36467.0 
622.0060496134524 11.464 62.0 1113.0 286.0 765.0 36474.0 
624.0060496134524 11.512 64.0 1118.0 288.0 766.0 36663.0 
626.0060496134524 11.552 66.0 1124.0 288.0 771.0 37056.0 
628.0060496134524 11.584 66.0 1127.0 289.0 773.0 37109.0 
630.0060496134524 11.6 65.0 1129.0 289.0 775.0 37138.0 
632.0060496134524 11.68 65.0 1132.0 290.0 779.0 37341.0 
634.0060496134524 11.696000000000002 64.0 1134.0 290.0 781.0 37441.0 
636.0060496134524 11.696000000000002 67.0 1138.0 290.0 781.0 37441.0 
638.0060496134524 11.760000000000002 68.0 1142.0 293.0 784.0 37625.0 
640.0030891371293 11.8 66.0 1146.0 295.0 785.0 37704.0 
642.0060496134524 11.84 65.0 1148.0 296.0 789.0 37853.0 
644.0060496134524 11.872 64.0 1150.0 297.0 791.0 37920.0 
646.0060496134524 11.936 61.0 1153.0 298.0 798.0 38265.0 
648.0060496134524 11.952000000000002 58.0 1158.0 299.0 799.0 38350.0 
650.0060496134524 12.008000000000001 62.0 1162.0 300.0 801.0 38405.0 
652.0060496134524 12.04 62.0 1165.0 301.0 804.0 38564.0 
654.0060496134524 12.2 60.0 1168.0 304.0 811.0 38860.0 
656.0060496134524 12.224 55.0 1173.0 304.0 814.0 38962.0 
658.0060496134524 12.232 62.0 1180.0 304.0 815.0 38963.0 
660.0060496134524 12.232 64.0 1183.0 304.0 815.0 38963.0 
662.0060496134524 12.312000000000001 66.0 1187.0 306.0 818.0 39033.0 
664.0060496134524 12.384 62.0 1189.0 309.0 821.0 39140.0 
666.0060496134524 12.384 61.0 1191.0 309.0 821.0 39140.0 
668.0060496134524 12.416 60.0 1193.0 309.0 825.0 39397.0 
670.0013934191802 12.528 57.0 1200.0 311.0 834.0 39655.0 
672.0060496134524 12.623999999999999 54.0 1205.0 313.0 839.0 39993.0 
674.0060496134524 12.687999999999999 50.0 1209.0 314.0 846.0 40525.0 
676.0060496134524 12.712 50.0 1212.0 314.0 849.0 40633.0 
678.0060496134524 12.768 49.0 1215.0 314.0 856.0 40962.0 
680.0060496134524 12.815999999999999 48.0 1221.0 314.0 862.0 41144.0 
682.0060496134524 12.872 45.0 1227.0 315.0 867.0 41334.0 
684.0060496134524 12.879999999999999 47.0 1232.0 315.0 868.0 41345.0 
686.0060496134524 12.912 51.0 1237.0 315.0 872.0 41423.0 
688.0060496134524 13.0 51.0 1242.0 317.0 876.0 41460.0 
690.0060496134524 13.064 50.0 1245.0 317.0 881.0 41501.0 
692.0060496134524 13.072 47.0 1247.0 317.0 882.0 41509.0 
694.0060496134524 13.096 53.0 1253.0 318.0 882.0 41529.0 
696.0060496134524 13.128 56.0 1258.0 318.0 886.0 41673.0 
698.0060496134524 13.168 53.0 1261.0 318.0 891.0 41837.0 
700.0060496134524 13.208 55.0 1266.0 319.0 892.0 41874.0 
702.0060496134524 13.208 60.0 1272.0 319.0 892.0 41874.0 
704.0060496134524 13.232 66.0 1277.0 321.0 893.0 41957.0 
706.0060496134524 13.304 57.0 1278.0 322.0 899.0 42196.0 
708.0060496134524 13.336 58.0 1280.0 323.0 901.0 42269.0 
710.0060496134524 13.384 62.0 1289.0 323.0 907.0 42356.0 
712.0060496134524 13.416 59.0 1290.0 324.0 910.0 42496.0 
714.0060496134524 13.456 57.0 1293.0 325.0 913.0 42597.0 
716.0060496134524 13.479999999999999 58.0 1297.0 327.0 913.0 42637.0 
718.0060496134524 13.479999999999999 60.0 1301.0 327.0 913.0 42637.0 
720.0060496134524 13.559999999999999 63.0 1307.0 328.0 921.0 42940.0 
722.0060496134524 13.584 58.0 1309.0 328.0 924.0 42996.0 
724.0060496134524 13.584 58.0 1310.0 328.0 924.0 42996.0 
726.0060496134524 13.616 62.0 1315.0 329.0 925.0 43133.0 
728.0060496134524 13.623999999999999 64.0 1320.0 329.0 926.0 43135.0 
730.0060496134524 13.656 67.0 1323.0 329.0 930.0 43273.0 
732.0040137421832 13.712 67.0 1328.0 331.0 932.0 43447.0 
734.0060496134524 13.735999999999999 65.0 1329.0 331.0 935.0 43478.0 
736.0044077250699 13.768 66.0 1332.0 332.0 937.0 43579.0 
738.0060496134524 13.808 66.0 1335.0 333.0 939.0 43643.0 
740.0060496134524 13.815999999999999 66.0 1338.0 333.0 940.0 43684.0 
742.0060496134524 13.879999999999999 66.0 1342.0 334.0 945.0 43831.0 
744.0060496134524 13.928 62.0 1345.0 334.0 951.0 43982.0 
746.0060496134524 14.0 63.0 1351.0 335.0 953.0 44118.0 
748.0060496134524 14.032 62.0 1355.0 335.0 957.0 44182.0 
750.0008168987067 14.048 67.0 1362.0 336.0 958.0 44202.0 
752.0060496134524 14.088 67.0 1363.0 336.0 963.0 44326.0 
754.0060496134524 14.112 64.0 1366.0 336.0 966.0 44389.0 
756.0060496134524 14.112 65.0 1367.0 336.0 966.0 44389.0 
758.0021333000326 14.152 63.0 1368.0 336.0 971.0 44649.0 
760.0060496134524 14.184000000000001 64.0 1374.0 336.0 975.0 44706.0 
762.0060496134524 14.272 58.0 1375.0 337.0 980.0 44937.0 
764.0060496134524 14.296 60.0 1377.0 338.0 981.0 44939.0 
766.0060496134524 14.32 60.0 1383.0 339.0 983.0 45026.0 
768.0060496134524 14.384 61.0 1384.0 341.0 983.0 45080.0 
770.0060496134524 14.424 63.0 1390.0 342.0 983.0 45107.0 
772.0060496134524 14.448 67.0 1393.0 342.0 986.0 45227.0 
774.0060496134524 14.495999999999999 61.0 1395.0 343.0 991.0 45513.0 
776.0060496134524 14.559999999999999 60.0 1399.0 343.0 999.0 45733.0 
778.0060496134524 14.584 58.0 1401.0 344.0 999.0 45752.0 
780.0060496134524 14.607999999999999 60.0 1404.0 344.0 1002.0 45772.0 
782.0060496134524 14.672 56.0 1407.0 346.0 1007.0 46054.0 
784.0060496134524 14.703999999999999 55.0 1410.0 347.0 1010.0 46216.0 
786.0060496134524 14.751999999999999 53.0 1414.0 348.0 1012.0 46381.0 
788.0060496134524 14.8 55.0 1422.0 348.0 1018.0 46718.0 
790.0060496134524 14.856 55.0 1425.0 348.0 1025.0 46830.0 
792.0060496134524 14.896 54.0 1428.0 349.0 1029.0 46905.0 
794.0060496134524 14.904 52.0 1432.0 349.0 1030.0 46914.0 
796.0060496134524 14.92 57.0 1436.0 350.0 1031.0 47029.0 
798.0060496134524 14.943999999999999 61.0 1443.0 350.0 1034.0 47145.0 
800.0060496134524 14.991999999999999 59.0 1445.0 351.0 1036.0 47297.0 
802.0056487611911 15.024 59.0 1448.0 351.0 1040.0 47591.0 
804.0060496134524 15.056000000000001 57.0 1451.0 351.0 1044.0 47659.0 
806.0060496134524 15.128 56.0 1455.0 352.0 1049.0 47862.0 
808.0060496134524 15.16 53.0 1459.0 352.0 1053.0 48081.0 
810.0060496134524 15.216 54.0 1463.0 353.0 1058.0 48161.0 
812.003918583243 15.272 51.0 1467.0 353.0 1065.0 48495.0 
814.0060496134524 15.344 46.0 1471.0 353.0 1074.0 48652.0 
816.0060496134524 15.344 47.0 1476.0 353.0 1074.0 48652.0 
818.0060496134524 15.344 51.0 1479.0 353.0 1074.0 48652.0 
820.0060496134524 15.376000000000001 53.0 1482.0 353.0 1078.0 48805.0 
822.0060496134524 15.416 46.0 1485.0 353.0 1083.0 49033.0 
824.0060496134524 15.440000000000001 49.0 1488.0 354.0 1084.0 49112.0 
826.0060496134524 15.448 55.0 1493.0 354.0 1085.0 49126.0 
828.0060496134524 15.48 56.0 1499.0 355.0 1086.0 49156.0 
830.0060496134524 15.504 58.0 1500.0 355.0 1089.0 49249.0 
832.0060496134524 15.552 53.0 1502.0 356.0 1093.0 49472.0 
834.0060496134524 15.607999999999999 57.0 1511.0 358.0 1096.0 49581.0 
836.0060496134524 15.632 59.0 1514.0 358.0 1097.0 49582.0 
838.0060496134524 15.64 60.0 1516.0 358.0 1098.0 49582.0 
840.0060496134524 15.68 59.0 1516.0 359.0 1102.0 49641.0 
842.0060496134524 15.72 55.0 1522.0 359.0 1107.0 49706.0 
844.0060496134524 15.735999999999999 57.0 1526.0 360.0 1108.0 49730.0 
846.0060496134524 15.751999999999999 58.0 1528.0 360.0 1110.0 49774.0 
848.0060496134524 15.808 56.0 1530.0 361.0 1115.0 50113.0 
850.0060496134524 15.84 56.0 1534.0 362.0 1116.0 50179.0 
852.0060496134524 15.848 57.0 1536.0 362.0 1117.0 50250.0 
854.0060496134524 15.863999999999999 61.0 1542.0 362.0 1119.0 50288.0 
856.0060496134524 15.879999999999999 64.0 1547.0 362.0 1121.0 50334.0 
858.0060496134524 15.96 62.0 1550.0 363.0 1125.0 50510.0 
860.0060496134524 15.96 66.0 1555.0 363.0 1125.0 50510.0 
862.0060496134524 15.984 70.0 1560.0 364.0 1126.0 50622.0 
864.0060496134524 16.016000000000002 68.0 1561.0 365.0 1129.0 50707.0 
866.0060496134524 16.064 69.0 1565.0 366.0 1130.0 50795.0 
868.0060496134524 16.112000000000002 70.0 1570.0 368.0 1133.0 50886.0 
870.0060496134524 16.144 68.0 1574.0 368.0 1137.0 50964.0 
872.0060496134524 16.208 69.0 1576.0 368.0 1145.0 51323.0 
874.0060496134524 16.256 64.0 1579.0 368.0 1151.0 51519.0 
876.0060496134524 16.288 63.0 1587.0 368.0 1155.0 51660.0 
878.0060496134524 16.448 64.0 1590.0 370.0 1163.0 51872.0 
880.0060496134524 16.456 59.0 1595.0 370.0 1164.0 51910.0 
882.0060496134524 16.456 65.0 1599.0 370.0 1164.0 51910.0 
884.0000596741278 16.52 64.0 1601.0 372.0 1168.0 52000.0 
886.0025197884668 16.56 59.0 1602.0 373.0 1172.0 52113.0 
888.0060496134524 16.584 59.0 1604.0 373.0 1175.0 52231.0 
890.0060496134524 16.616 59.0 1609.0 373.0 1179.0 52351.0 
892.0060496134524 16.648 58.0 1613.0 373.0 1183.0 52499.0 
894.0060496134524 16.656 59.0 1617.0 373.0 1184.0 52511.0 
896.0060496134524 16.728 58.0 1620.0 376.0 1188.0 52780.0 
898.0060496134524 16.784 58.0 1626.0 376.0 1195.0 53203.0 
900.0060496134524 16.912 56.0 1633.0 378.0 1198.0 53334.0 
#####################################################################
# End of data export. Simulation finished at: 2020-01-15T17:47+0000 #
#####################################################################
