#####################################################################
# Alchemist log file - simulation started at: 2020-01-14T13:39+0000 #
#####################################################################
# seed = 0.0, taskFrequency = 0.0075, cloudcost = 29.0, algorithm = false
#
# The columns have the following meaning: 
# time taskHops[Mean] hasTask[Sum] tasks[Sum] completedTasks[Sum] giveupTasks[Sum] taskLatency[Sum] 
0.0 NaN 0.0 0.0 0.0 0.0 0.0 
3.0186630489745854 NaN 1.0 2.0 0.0 0.0 0.0 
6.00091934133531 NaN 3.0 6.0 0.0 0.0 0.0 
9.021541792348993 NaN 7.0 8.0 0.0 0.0 0.0 
12.002055065899292 NaN 9.0 9.0 0.0 0.0 0.0 
15.008812839450576 NaN 11.0 12.0 0.0 0.0 0.0 
18.002376817640506 NaN 12.0 13.0 0.0 0.0 0.0 
21.00110483314952 NaN 16.0 16.0 0.0 0.0 0.0 
24.00275823632686 NaN 17.0 17.0 0.0 0.0 0.0 
27.002556917611408 NaN 17.0 17.0 0.0 0.0 0.0 
30.00367149275674 NaN 18.0 18.0 0.0 0.0 0.0 
33.00483566678055 NaN 19.0 20.0 0.0 0.0 0.0 
36.00061014220706 NaN 23.0 26.0 0.0 0.0 0.0 
39.015910660141024 NaN 28.0 29.0 0.0 0.0 0.0 
42.006628811777446 NaN 29.0 29.0 0.0 0.0 0.0 
45.00281710614562 NaN 30.0 31.0 0.0 0.0 0.0 
48.00468200198425 NaN 32.0 33.0 0.0 0.0 0.0 
51.00222791197268 NaN 33.0 34.0 0.0 0.0 0.0 
54.003387121809354 NaN 36.0 37.0 0.0 0.0 0.0 
57.00321633015156 NaN 38.0 39.0 0.0 0.0 0.0 
60.00921138234335 NaN 39.0 40.0 0.0 0.0 0.0 
63.018553092259694 NaN 40.0 40.0 0.0 0.0 0.0 
66.01354796401444 NaN 43.0 43.0 0.0 0.0 0.0 
69.012428088579 NaN 44.0 44.0 0.0 0.0 0.0 
72.00527015684534 NaN 45.0 45.0 0.0 0.0 0.0 
75.00168112972233 NaN 46.0 46.0 0.0 0.0 0.0 
78.01915633640832 NaN 50.0 50.0 0.0 0.0 0.0 
81.00015786370344 NaN 51.0 51.0 0.0 0.0 0.0 
84.01274034578265 NaN 51.0 52.0 0.0 0.0 0.0 
87.00171338722275 NaN 53.0 56.0 0.0 0.0 0.0 
90.0174277009474 NaN 57.0 57.0 0.0 0.0 0.0 
93.002242955869 NaN 57.0 57.0 0.0 0.0 0.0 
96.00739570293962 NaN 59.0 59.0 0.0 0.0 0.0 
99.02715997570982 NaN 60.0 60.0 0.0 0.0 0.0 
102.00300084500674 NaN 61.0 61.0 0.0 0.0 0.0 
105.00222503933385 NaN 61.0 63.0 0.0 0.0 0.0 
108.0035347539576 NaN 63.0 65.0 0.0 0.0 0.0 
111.01255384868627 29.0 65.0 68.0 0.0 3.0 315.0 
114.00143516017826 29.0 66.0 69.0 0.0 3.0 315.0 
117.00004540549237 29.0 65.0 70.0 0.0 6.0 630.0 
120.02041149890096 29.0 63.0 72.0 0.0 8.0 842.0 
123.0006979995831 29.0 63.0 73.0 0.0 12.0 1270.0 
126.00086911658597 29.0 61.0 73.0 0.0 13.0 1389.0 
129.01808881397523 29.0 60.0 73.0 0.0 13.0 1389.0 
132.00853470257908 29.0 59.0 73.0 0.0 14.0 1491.0 
135.00251968192825 29.0 61.0 75.0 0.0 15.0 1593.0 
138.00345999840772 29.0 59.0 77.0 0.0 18.0 1929.0 
141.00618063919197 29.0 54.0 78.0 0.0 24.0 2555.0 
144.00417359265043 29.0 54.0 80.0 0.0 25.0 2660.0 
147.00738931349372 29.0 56.0 83.0 0.0 25.0 2660.0 
150.0123241449566 29.0 56.0 84.0 0.0 27.0 2867.0 
153.0171508601585 29.0 56.0 84.0 0.0 28.0 2971.0 
156.00277955952149 29.0 57.0 88.0 0.0 32.0 3403.0 
159.00858422185138 29.0 53.0 88.0 0.0 35.0 3746.0 
162.00478471736875 29.0 54.0 91.0 0.0 36.0 3852.0 
165.01090649061547 29.0 55.0 92.0 0.0 37.0 3955.0 
168.00129787253002 29.0 54.0 93.0 0.0 39.0 4159.0 
171.00002422396307 29.0 53.0 93.0 0.0 40.0 4263.0 
174.00146693350538 29.0 55.0 95.0 0.0 40.0 4263.0 
177.01026253913363 29.0 54.0 96.0 0.0 42.0 4471.0 
180.0137131150388 29.0 52.0 98.0 0.0 45.0 4775.0 
183.0099393013565 29.0 52.0 99.0 0.0 47.0 4982.0 
186.009235521086 29.0 53.0 101.0 0.0 48.0 5084.0 
189.0211922967156 29.0 52.0 101.0 0.0 51.0 5393.0 
192.00215157552893 29.0 49.0 102.0 0.0 53.0 5597.0 
195.0055361321166 28.48148148148148 48.0 102.0 1.0 53.0 5768.0 
198.00613050972544 28.5 49.0 104.0 1.0 55.0 5972.0 
201.0104521450256 28.50877192982456 49.0 105.0 1.0 56.0 6075.0 
204.0020522475886 28.517241379310345 48.0 106.0 1.0 57.0 6177.0 
207.00749115642716 28.52542372881356 48.0 107.0 1.0 58.0 6279.0 
210.00703494031268 28.548387096774192 48.0 108.0 1.0 61.0 6587.0 
213.00012571818874 28.609375 47.0 110.0 1.0 63.0 6792.0 
216.00640367538588 28.62121212121212 46.0 111.0 1.0 65.0 7000.0 
219.00407121033183 28.62686567164179 46.0 113.0 1.0 66.0 7103.0 
222.0001614570716 28.63235294117647 45.0 113.0 1.0 67.0 7205.0 
225.003994456744 28.63768115942029 46.0 114.0 1.0 68.0 7307.0 
228.0037128788225 29.057142857142857 44.0 116.0 1.0 70.0 7413.0 
231.00056415182172 29.057142857142857 48.0 120.0 1.0 70.0 7413.0 
234.01334448947176 29.056338028169016 49.0 120.0 1.0 71.0 7577.0 
237.00887689505723 29.464788732394368 49.0 123.0 1.0 72.0 7679.0 
240.00110221309137 29.458333333333336 49.0 123.0 1.0 73.0 7784.0 
243.01239477243791 29.44 49.0 124.0 1.0 76.0 8097.0 
246.015770636901 29.434210526315788 47.0 124.0 1.0 77.0 8200.0 
249.0193460496898 29.805194805194805 46.0 125.0 1.0 79.0 8407.0 
252.00377306218016 29.805194805194805 45.0 125.0 1.0 79.0 8407.0 
255.0076957437347 30.1375 44.0 126.0 1.0 83.0 8828.0 
258.00281023717815 30.123456790123456 42.0 128.0 1.0 84.0 8930.0 
261.00284537267146 30.10843373493976 42.0 129.0 1.0 86.0 9141.0 
264.0069979533028 30.44047619047619 44.0 132.0 1.0 88.0 9346.0 
267.0062737926989 30.423529411764704 44.0 133.0 1.0 89.0 9452.0 
270.00073671190734 30.406976744186046 46.0 136.0 1.0 90.0 9677.0 
273.00391021416306 30.74418604651163 44.0 136.0 1.0 91.0 9782.0 
276.00954743812275 31.413793103448278 42.0 136.0 1.0 94.0 10089.0 
279.0013476876142 31.413793103448278 42.0 139.0 1.0 94.0 10089.0 
282.00001868952035 31.74712643678161 45.0 140.0 1.0 95.0 10193.0 
285.03067715222795 32.04545454545455 43.0 142.0 1.0 97.0 10400.0 
288.0028471126856 32.04545454545455 45.0 143.0 1.0 97.0 10400.0 
291.00260121026486 32.70454545454545 46.0 145.0 1.0 99.0 10612.0 
294.0015564809384 32.70454545454545 47.0 147.0 1.0 99.0 10612.0 
297.00141428696645 33.03409090909091 47.0 148.0 1.0 100.0 10717.0 
300.0080540568297 32.901098901098905 47.0 150.0 1.0 103.0 11214.0 
303.00780716547905 33.21978021978022 47.0 152.0 1.0 104.0 11317.0 
306.0062185108377 33.21978021978022 47.0 152.0 1.0 104.0 11317.0 
309.0143975504465 33.173913043478265 48.0 154.0 1.0 105.0 11422.0 
312.00342869641975 33.08510638297872 48.0 154.0 1.0 107.0 11629.0 
315.0068113951641 33.34736842105263 48.0 158.0 1.0 109.0 11836.0 
318.01382155683956 33.34736842105263 49.0 159.0 1.0 109.0 11836.0 
321.0058467970699 33.30208333333333 49.0 161.0 1.0 110.0 11938.0 
324.0028790470554 33.30208333333333 51.0 162.0 1.0 110.0 11938.0 
327.01338465553135 32.93877551020408 49.0 162.0 2.0 111.0 12205.0 
330.00743267885514 32.93877551020408 49.0 163.0 2.0 111.0 12205.0 
333.0003177822608 33.484848484848484 49.0 164.0 2.0 114.0 12517.0 
336.01161949432446 33.44 48.0 164.0 2.0 115.0 12624.0 
339.01879442195843 33.396039603960396 49.0 165.0 2.0 116.0 12727.0 
342.01326620392376 33.63725490196079 46.0 166.0 2.0 118.0 12935.0 
345.00313599445377 33.63725490196079 47.0 167.0 2.0 118.0 12935.0 
348.0058668285255 33.592233009708735 46.0 168.0 2.0 119.0 13039.0 
351.00543434964567 33.873786407766985 49.0 170.0 2.0 120.0 13142.0 
354.00234856784914 33.873786407766985 49.0 171.0 2.0 120.0 13142.0 
357.00002529160065 34.10576923076923 50.0 172.0 2.0 122.0 13374.0 
360.0161448226453 34.10576923076923 48.0 172.0 2.0 122.0 13374.0 
363.0042209391474 34.38461538461539 48.0 174.0 2.0 123.0 13482.0 
366.00024337241 34.88571428571428 47.0 175.0 2.0 126.0 13789.0 
369.01025949404396 35.10377358490565 45.0 175.0 2.0 128.0 14002.0 
372.0061142241163 35.58878504672898 42.0 176.0 2.0 131.0 14312.0 
375.00164847645357 35.85981308411215 43.0 177.0 2.0 132.0 14417.0 
378.014034764066 35.85981308411215 43.0 177.0 2.0 132.0 14417.0 
381.005703152518 35.85981308411215 43.0 177.0 2.0 132.0 14417.0 
384.0029958450388 36.20000000000001 40.0 180.0 2.0 137.0 15004.0 
387.0061792490801 36.46363636363636 43.0 182.0 2.0 138.0 15106.0 
390.0108347019943 36.727272727272734 44.0 185.0 2.0 139.0 15210.0 
393.0079269611045 36.93693693693693 42.0 185.0 2.0 141.0 15416.0 
396.0026164982478 36.93693693693693 44.0 188.0 2.0 141.0 15416.0 
399.0210314306531 37.45945945945947 44.0 188.0 2.0 143.0 15625.0 
402.0027092393554 37.642857142857146 41.0 191.0 2.0 145.0 15834.0 
405.0036687697814 37.82300884955752 45.0 192.0 2.0 147.0 16040.0 
408.0078032243264 38.07964601769912 44.0 195.0 2.0 148.0 16145.0 
411.006122318158 38.59292035398231 44.0 195.0 2.0 150.0 16350.0 
414.00911429679155 38.59292035398231 43.0 195.0 2.0 150.0 16350.0 
417.00134201588725 38.8495575221239 42.0 195.0 2.0 151.0 16452.0 
420.02000560199787 39.27192982456141 41.0 197.0 2.0 154.0 16762.0 
423.0045952578632 39.27192982456141 42.0 199.0 2.0 154.0 16762.0 
426.01376055008774 39.27192982456141 45.0 201.0 2.0 154.0 16762.0 
429.0004194047832 40.03508771929825 46.0 202.0 2.0 157.0 17118.0 
432.0171239089538 40.289473684210535 43.0 202.0 2.0 158.0 17317.0 
435.00361781279764 40.54385964912281 43.0 204.0 2.0 159.0 17423.0 
438.01309181140283 41.05263157894737 43.0 205.0 2.0 161.0 17629.0 
441.01700254297765 41.05263157894737 44.0 207.0 2.0 161.0 17629.0 
444.00134507756025 41.30701754385966 43.0 207.0 2.0 162.0 17731.0 
447.0032198938798 41.561403508771924 43.0 207.0 2.0 163.0 17834.0 
450.00085442639175 41.561403508771924 42.0 207.0 2.0 163.0 17834.0 
453.00738010572843 41.95652173913044 39.0 207.0 2.0 166.0 18144.0 
456.0011486535257 42.208695652173915 39.0 208.0 2.0 167.0 18245.0 
459.02100834483 42.46086956521739 40.0 210.0 2.0 168.0 18349.0 
462.0277549932548 42.46086956521739 44.0 214.0 2.0 168.0 18349.0 
465.0061223479092 42.46086956521739 45.0 215.0 2.0 168.0 18349.0 
468.0009792401282 42.844827586206904 44.0 215.0 2.0 171.0 18662.0 
471.002193930957 42.844827586206904 42.0 216.0 2.0 171.0 18662.0 
474.0154377155037 42.844827586206904 44.0 218.0 2.0 171.0 18662.0 
477.00672604331294 43.344827586206904 45.0 220.0 2.0 173.0 18870.0 
480.00325327812493 43.344827586206904 45.0 220.0 2.0 173.0 18870.0 
483.0008582941832 43.594827586206904 44.0 220.0 2.0 174.0 19036.0 
486.0009113053993 43.470085470085465 43.0 220.0 2.0 175.0 19138.0 
489.0125251649502 43.83898305084746 41.0 221.0 2.0 178.0 19447.0 
492.0003463980505 43.83898305084746 41.0 221.0 2.0 178.0 19447.0 
495.0112040153079 44.57627118644068 39.0 222.0 2.0 181.0 19831.0 
498.00335251284974 45.067796610169495 37.0 222.0 2.0 183.0 20036.0 
501.00033638130867 45.313559322033896 36.0 223.0 2.0 184.0 20140.0 
504.0008087044858 45.32203389830509 37.0 223.0 3.0 184.0 20260.0 
507.0071488573047 45.8135593220339 36.0 224.0 3.0 186.0 20468.0 
510.0003642932743 46.30508474576271 34.0 225.0 3.0 188.0 20673.0 
513.0049624343824 46.403361344537814 35.0 228.0 3.0 190.0 20882.0 
516.0026345950607 46.403361344537814 35.0 228.0 3.0 190.0 20882.0 
519.0047567505653 46.403361344537814 36.0 229.0 3.0 190.0 20882.0 
522.0024907395385 46.64705882352941 36.0 230.0 3.0 191.0 20985.0 
525.0157256806506 46.89075630252101 35.0 231.0 3.0 192.0 21087.0 
528.0139363670768 47.142857142857146 36.0 233.0 3.0 193.0 21190.0 
531.0000856318233 47.38655462184874 36.0 233.0 3.0 194.0 21297.0 
534.0048003740334 47.63025210084034 36.0 234.0 3.0 195.0 21402.0 
537.001734481198 48.11764705882352 35.0 235.0 3.0 197.0 21606.0 
540.0069530725398 48.36134453781513 35.0 235.0 3.0 198.0 21707.0 
543.02323105352 48.84873949579831 35.0 237.0 3.0 200.0 21914.0 
546.0002139162434 48.84873949579831 34.0 237.0 3.0 200.0 21914.0 
549.0022891270548 48.84873949579831 34.0 237.0 3.0 200.0 21914.0 
552.0012295532584 48.84873949579831 34.0 237.0 3.0 200.0 21914.0 
555.001050454132 48.857142857142854 34.0 237.0 4.0 200.0 22079.0 
558.0025470914209 48.857142857142854 35.0 239.0 4.0 200.0 22079.0 
561.027099302797 48.93333333333333 36.0 243.0 4.0 202.0 22283.0 
564.0035266062059 49.65833333333333 36.0 243.0 4.0 205.0 22588.0 
567.0031716702744 49.9 34.0 244.0 4.0 206.0 22689.0 
570.0030221709726 49.9 35.0 245.0 4.0 206.0 22689.0 
573.0024941626211 50.14166666666667 36.0 247.0 4.0 207.0 22791.0 
576.0044800881358 50.625 35.0 248.0 4.0 209.0 22995.0 
579.0000805035189 51.10833333333333 34.0 249.0 4.0 211.0 23197.0 
582.003356252169 51.10833333333333 35.0 250.0 4.0 211.0 23197.0 
585.0135524567113 51.10833333333333 39.0 255.0 4.0 211.0 23197.0 
588.0013124011036 51.10833333333333 40.0 255.0 4.0 211.0 23197.0 
591.0011611591331 51.10833333333333 40.0 255.0 4.0 211.0 23197.0 
594.0146175804557 51.60833333333333 38.0 255.0 4.0 213.0 23401.0 
597.0084974636602 51.60833333333333 38.0 255.0 4.0 213.0 23401.0 
600.0031995973479 51.42148760330578 38.0 255.0 4.0 214.0 23597.0 
603.0282594923233 51.42148760330578 38.0 256.0 4.0 214.0 23597.0 
606.0069316727283 51.66115702479338 38.0 257.0 4.0 215.0 23701.0 
609.0027822272831 51.91735537190082 38.0 259.0 5.0 216.0 23901.0 
612.0052570609523 52.15702479338844 38.0 261.0 5.0 217.0 24004.0 
615.0052874494324 52.39669421487603 38.0 263.0 5.0 218.0 24107.0 
618.0086381881198 52.63636363636364 40.0 264.0 5.0 219.0 24301.0 
621.0241051364515 53.11570247933885 40.0 266.0 5.0 221.0 24561.0 
624.0097176028899 53.35537190082645 40.0 267.0 5.0 222.0 24664.0 
627.0023441392741 53.59504132231405 40.0 268.0 5.0 223.0 24871.0 
630.0241309408227 53.83471074380165 39.0 268.0 5.0 224.0 24976.0 
633.0049373105869 54.074380165289256 38.0 268.0 5.0 225.0 25080.0 
636.0246598407214 54.074380165289256 39.0 269.0 5.0 225.0 25080.0 
639.0054770344916 54.074380165289256 39.0 269.0 5.0 225.0 25080.0 
642.0021744172234 54.561983471074385 39.0 272.0 5.0 227.0 25299.0 
645.0011465941459 54.80165289256199 41.0 274.0 5.0 228.0 25402.0 
648.0054208651478 55.04132231404959 42.0 276.0 5.0 229.0 25505.0 
651.0216502704345 55.04132231404959 42.0 277.0 5.0 229.0 25505.0 
654.001595092827 55.04132231404959 43.0 277.0 5.0 229.0 25505.0 
657.0145313892332 55.04132231404959 43.0 277.0 5.0 229.0 25505.0 
660.0055392467925 55.52066115702479 43.0 278.0 5.0 231.0 25711.0 
663.0089242995265 56.0 42.0 279.0 5.0 233.0 25916.0 
666.0013327678544 56.239669421487605 42.0 281.0 5.0 234.0 26021.0 
669.0018419374337 56.47933884297521 41.0 281.0 5.0 235.0 26124.0 
672.0062621285791 56.25409836065573 41.0 284.0 5.0 236.0 26226.0 
675.0088507637303 56.49180327868853 44.0 286.0 5.0 237.0 26330.0 
678.0004587018017 56.729508196721305 44.0 286.0 5.0 238.0 26433.0 
681.0026302157253 57.20491803278689 43.0 287.0 5.0 240.0 26639.0 
684.0019444749204 57.442622950819676 41.0 288.0 5.0 241.0 26740.0 
687.004270169037 58.155737704918025 40.0 288.0 5.0 244.0 27047.0 
690.0006922473598 58.63114754098361 38.0 289.0 5.0 246.0 27257.0 
693.0110905468091 58.63114754098361 38.0 289.0 5.0 246.0 27257.0 
696.0029591132632 58.63114754098361 38.0 289.0 5.0 246.0 27257.0 
699.0084606165173 58.63114754098361 40.0 291.0 5.0 246.0 27257.0 
702.0111760574648 58.63114754098361 41.0 293.0 5.0 246.0 27257.0 
705.0049874855155 58.86885245901639 43.0 294.0 5.0 247.0 27361.0 
708.0139409370087 58.86885245901639 43.0 295.0 5.0 247.0 27361.0 
711.0022986371627 59.58196721311475 43.0 296.0 5.0 250.0 27673.0 
714.0062018473318 60.057377049180324 41.0 298.0 5.0 252.0 28006.0 
717.0028657564917 60.5327868852459 42.0 301.0 5.0 254.0 28211.0 
720.0007433149899 61.008196721311464 41.0 301.0 5.0 256.0 28421.0 
723.0088816646049 61.48360655737705 39.0 302.0 5.0 258.0 28629.0 
726.0180000451851 61.721311475409834 39.0 303.0 5.0 259.0 28733.0 
729.0027832992118 61.6910569105691 38.0 304.0 5.0 261.0 28942.0 
732.0202351272891 61.6910569105691 38.0 304.0 5.0 261.0 28942.0 
735.021112088436 61.6910569105691 38.0 305.0 5.0 261.0 28942.0 
738.0045123450851 61.92682926829268 40.0 309.0 5.0 262.0 29225.0 
741.0030211905998 62.16260162601626 41.0 309.0 5.0 263.0 29328.0 
744.0082031900151 62.63414634146342 41.0 311.0 5.0 265.0 29534.0 
747.0002261279873 63.34146341463415 39.0 313.0 5.0 268.0 29842.0 
750.0152464683201 63.58536585365853 38.0 315.0 6.0 269.0 30183.0 
753.0026568051189 63.58536585365853 41.0 317.0 6.0 269.0 30183.0 
756.000555038103 63.82113821138212 42.0 317.0 6.0 270.0 30288.0 
759.0017323323895 63.82113821138212 43.0 319.0 6.0 270.0 30288.0 
762.0001507210084 63.82113821138212 43.0 319.0 6.0 270.0 30288.0 
765.0015590890307 63.82113821138212 45.0 321.0 6.0 270.0 30288.0 
768.0058552183718 64.52845528455285 45.0 323.0 6.0 273.0 30614.0 
771.0026693362106 64.52845528455285 46.0 325.0 6.0 273.0 30614.0 
774.0019731269391 64.76422764227642 46.0 326.0 6.0 274.0 30728.0 
777.0063956178509 65.71544715447155 46.0 329.0 6.0 278.0 31148.0 
780.0147741243015 65.95121951219512 46.0 332.0 6.0 279.0 31252.0 
783.0015869427343 66.1869918699187 50.0 335.0 6.0 280.0 31354.0 
786.0030355246661 66.1869918699187 50.0 337.0 6.0 280.0 31354.0 
789.0090138150673 66.42276422764228 52.0 338.0 6.0 281.0 31461.0 
792.0013017320797 66.42276422764228 52.0 339.0 6.0 281.0 31461.0 
795.0006571192254 66.66666666666666 50.0 340.0 7.0 282.0 31645.0 
798.0290330569677 66.66666666666666 53.0 342.0 7.0 282.0 31645.0 
801.0085344805599 66.90243902439025 54.0 343.0 7.0 283.0 31747.0 
804.017247320727 67.3739837398374 54.0 345.0 7.0 285.0 31957.0 
807.015914347822 67.3739837398374 53.0 346.0 7.0 285.0 31957.0 
810.0080560874576 67.84552845528455 53.0 347.0 7.0 287.0 32166.0 
813.0009411514975 67.84552845528455 54.0 349.0 7.0 287.0 32166.0 
816.0238168125347 68.5691056910569 53.0 349.0 8.0 290.0 32517.0 
819.0028348234359 68.5691056910569 52.0 350.0 8.0 290.0 32517.0 
822.00024077581 69.04065040650406 51.0 351.0 8.0 292.0 32725.0 
825.0040673676544 69.04065040650406 52.0 352.0 8.0 292.0 32725.0 
828.0021107560469 69.27642276422765 53.0 355.0 8.0 293.0 32831.0 
831.0069148913205 69.7479674796748 54.0 357.0 8.0 295.0 33037.0 
834.0070199766983 69.98373983739837 55.0 358.0 8.0 296.0 33205.0 
837.0041358254044 69.98373983739837 55.0 359.0 8.0 296.0 33205.0 
840.0149505247311 70.6910569105691 54.0 361.0 8.0 299.0 33512.0 
843.0007166975977 70.92682926829268 53.0 361.0 8.0 300.0 33616.0 
846.0016381226648 71.16260162601625 52.0 363.0 8.0 301.0 33722.0 
849.0128019638611 71.63414634146342 53.0 363.0 8.0 303.0 33931.0 
852.0008898763427 72.10569105691057 50.0 363.0 8.0 305.0 34137.0 
855.0005395843908 72.8130081300813 47.0 363.0 8.0 308.0 34448.0 
858.0028195333994 73.04878048780488 47.0 364.0 8.0 309.0 34553.0 
861.0243969097654 73.28455284552845 48.0 365.0 8.0 310.0 34656.0 
864.0018928719046 73.52032520325203 47.0 366.0 8.0 311.0 34759.0 
867.0316226823833 73.99186991869918 47.0 367.0 8.0 313.0 34965.0 
870.0112231240635 74.22764227642276 45.0 368.0 8.0 314.0 35067.0 
873.0101822576831 74.69918699186992 45.0 369.0 8.0 316.0 35273.0 
876.0112203789696 74.9349593495935 45.0 370.0 8.0 317.0 35375.0 
879.011661292901 75.40650406504065 45.0 370.0 8.0 319.0 35582.0 
882.0032706836826 75.8780487804878 41.0 371.0 8.0 321.0 35788.0 
885.03395282796 76.34959349593495 41.0 371.0 8.0 323.0 35993.0 
888.0024054207656 76.58536585365854 40.0 372.0 8.0 324.0 36098.0 
891.0125168650289 77.0569105691057 40.0 374.0 8.0 326.0 36307.0 
894.0240940685444 77.32520325203252 38.0 374.0 10.0 327.0 36529.0 
897.0055336544021 77.57723577235772 38.0 377.0 11.0 328.0 36633.0 
900.0121507625104 77.8130081300813 37.0 377.0 11.0 329.0 36737.0 
903.0044481704653 78.7560975609756 36.0 378.0 11.0 333.0 37245.0 
906.0105094533742 78.99186991869918 34.0 381.0 11.0 334.0 37349.0 
909.0356031472938 78.99186991869918 36.0 381.0 11.0 334.0 37349.0 
912.0181781356318 78.99186991869918 38.0 383.0 11.0 334.0 37349.0 
915.0008289330013 78.8225806451613 37.0 384.0 11.0 336.0 37558.0 
918.0102509749728 79.29032258064515 36.0 385.0 11.0 338.0 37771.0 
921.0260452256767 79.29032258064515 37.0 387.0 11.0 338.0 37771.0 
924.0034679060152 79.5241935483871 38.0 389.0 11.0 339.0 37873.0 
927.0067650810421 79.75806451612904 39.0 390.0 11.0 340.0 37976.0 
930.0258830413435 80.45967741935485 37.0 390.0 11.0 343.0 38340.0 
933.0050271438971 80.69354838709677 36.0 392.0 11.0 344.0 38444.0 
936.0123242247465 81.39516129032259 36.0 394.0 11.0 347.0 38758.0 
939.0104719774732 81.62903225806451 36.0 395.0 11.0 348.0 38860.0 
942.011393566237 81.44 37.0 396.0 11.0 350.0 39066.0 
945.0281010571734 81.44 40.0 401.0 11.0 350.0 39066.0 
948.0012461506543 81.672 39.0 401.0 11.0 351.0 39168.0 
951.0264613808368 81.904 40.0 404.0 11.0 352.0 39271.0 
954.0151080891642 81.904 41.0 405.0 11.0 352.0 39271.0 
957.0047989920389 81.904 42.0 405.0 11.0 352.0 39271.0 
960.0057893148977 81.904 42.0 405.0 11.0 352.0 39271.0 
963.0025600447219 82.368 41.0 406.0 11.0 354.0 39479.0 
966.0007527297175 82.368 42.0 407.0 11.0 354.0 39479.0 
969.02166044492 82.6 41.0 407.0 11.0 355.0 39582.0 
972.0153321943981 82.832 41.0 408.0 11.0 356.0 39737.0 
975.0057311654197 83.52799999999999 40.0 409.0 11.0 359.0 40050.0 
978.0022860477035 83.52799999999999 41.0 411.0 11.0 359.0 40050.0 
981.0027794222727 83.52799999999999 42.0 412.0 11.0 359.0 40050.0 
984.0053160314878 83.52799999999999 43.0 413.0 11.0 359.0 40050.0 
987.0034713841053 83.76 43.0 416.0 11.0 360.0 40154.0 
990.0173747777553 83.99199999999999 45.0 418.0 11.0 361.0 40258.0 
993.0002816967749 84.224 47.0 422.0 11.0 362.0 40361.0 
996.0127671921433 84.45599999999999 48.0 422.0 11.0 363.0 40464.0 
999.00538132301 84.92 48.0 424.0 11.0 365.0 40668.0 
1002.0059964550237 84.92 48.0 424.0 11.0 365.0 40668.0 
1005.0000062856246 85.152 48.0 424.0 11.0 366.0 40771.0 
1008.0274989705953 85.152 48.0 425.0 11.0 366.0 40771.0 
1011.0005100618243 85.152 48.0 425.0 11.0 366.0 40771.0 
1014.0027887251493 85.152 51.0 428.0 11.0 366.0 40771.0 
1017.0199770015506 85.848 49.0 429.0 11.0 369.0 41086.0 
1020.0005752056712 86.08 50.0 430.0 11.0 370.0 41189.0 
1023.0036858377676 86.312 51.0 432.0 11.0 371.0 41292.0 
1026.0161615147538 86.544 51.0 434.0 11.0 372.0 41394.0 
1029.0047704617743 87.24 49.0 436.0 11.0 375.0 41707.0 
1032.016050787591 87.24 50.0 436.0 11.0 375.0 41707.0 
1035.0029360093517 87.47200000000001 51.0 437.0 11.0 376.0 41810.0 
1038.0041619990143 87.936 50.0 438.0 11.0 378.0 42017.0 
1041.0011091112683 88.4 47.0 439.0 11.0 380.0 42224.0 
1044.0044642312118 88.4 49.0 441.0 11.0 380.0 42224.0 
1047.000721303549 89.56 46.0 443.0 11.0 385.0 42774.0 
1050.001009301833 90.024 45.0 443.0 11.0 387.0 42985.0 
1053.0024322301717 90.72 44.0 444.0 11.0 390.0 43333.0 
1056.0002513652469 90.72 44.0 445.0 11.0 390.0 43333.0 
1059.0040014053518 90.952 44.0 446.0 11.0 391.0 43438.0 
1062.0110011823117 90.952 44.0 446.0 11.0 391.0 43438.0 
1065.0028783584955 90.952 45.0 448.0 11.0 391.0 43438.0 
1068.0013484362544 91.184 47.0 449.0 11.0 392.0 43542.0 
1071.0136708238788 91.416 47.0 452.0 11.0 393.0 43646.0 
1074.0003880436657 91.648 47.0 452.0 11.0 394.0 43749.0 
1077.004059204145 91.648 50.0 455.0 11.0 394.0 43749.0 
1080.0020944689527 92.344 48.0 455.0 11.0 397.0 44250.0 
1083.0302941695575 92.576 47.0 455.0 11.0 398.0 44356.0 
1086.0055243279737 93.03999999999999 44.0 455.0 11.0 400.0 44564.0 
1089.0023116116056 93.03999999999999 44.0 455.0 11.0 400.0 44564.0 
1092.0065854321294 93.736 43.0 456.0 11.0 403.0 44875.0 
1095.0032829327731 94.2 42.0 457.0 11.0 405.0 45080.0 
1098.026890999866 94.896 38.0 457.0 11.0 408.0 45398.0 
1101.0031670395035 95.36 37.0 457.0 11.0 410.0 45601.0 
1104.002009706834 95.36 36.0 458.0 11.0 410.0 45601.0 
1107.0061101787107 95.36 38.0 462.0 11.0 410.0 45601.0 
1110.026501930119 95.592 41.0 463.0 11.0 411.0 45720.0 
1113.0054133074175 95.824 40.0 463.0 11.0 412.0 45825.0 
1116.002479185413 96.056 39.0 463.0 11.0 413.0 45928.0 
1119.0063260928882 96.752 36.0 463.0 11.0 416.0 46241.0 
1122.0082364418424 96.752 38.0 467.0 11.0 416.0 46241.0 
1125.0290290374971 97.232 38.0 467.0 11.0 418.0 46446.0 
1128.0076089452446 97.928 37.0 467.0 11.0 421.0 46758.0 
1131.0027246514037 98.16 36.0 469.0 11.0 422.0 46859.0 
1134.0030822076362 98.16 39.0 472.0 11.0 422.0 46859.0 
1137.0091393646892 98.624 38.0 474.0 11.0 424.0 47191.0 
1140.0035429627032 99.088 40.0 478.0 11.0 426.0 47397.0 
1143.0006530679075 99.088 42.0 479.0 11.0 426.0 47397.0 
1146.0102624547876 99.55199999999999 43.0 481.0 11.0 428.0 47602.0 
1149.022211477065 99.784 41.0 482.0 11.0 429.0 47800.0 
1152.0115694749531 100.248 41.0 482.0 11.0 431.0 48010.0 
1155.0044441828647 100.48 40.0 482.0 11.0 432.0 48112.0 
1158.0066989090808 100.48 39.0 482.0 11.0 432.0 48112.0 
1161.0063481177008 100.712 41.0 484.0 11.0 433.0 48216.0 
1164.0119866598918 100.944 39.0 484.0 11.0 434.0 48322.0 
1167.0016002037594 101.176 40.0 486.0 11.0 435.0 48426.0 
1170.0068727507792 101.408 40.0 488.0 11.0 436.0 48529.0 
1173.0053335657778 101.872 44.0 491.0 11.0 438.0 48735.0 
1176.0017616965542 102.104 42.0 492.0 11.0 439.0 48839.0 
1179.000424283927 102.568 41.0 493.0 11.0 441.0 49045.0 
1182.0145480466813 102.568 44.0 497.0 11.0 441.0 49045.0 
1185.0015869296792 102.568 45.0 499.0 11.0 441.0 49045.0 
1188.0041982850116 102.568 47.0 499.0 11.0 441.0 49045.0 
1191.0193795537784 102.568 48.0 500.0 11.0 441.0 49045.0 
1194.0072722323284 102.568 49.0 501.0 11.0 441.0 49045.0 
1197.0047653147603 102.8 48.0 501.0 11.0 442.0 49147.0 
1200.0010009013035 103.032 49.0 503.0 11.0 443.0 49255.0 
1203.0010151560127 103.032 50.0 504.0 11.0 443.0 49255.0 
1206.002616764235 103.032 51.0 505.0 11.0 443.0 49255.0 
1209.001511647676 103.496 53.0 508.0 11.0 445.0 49460.0 
1212.023544366807 104.192 51.0 509.0 11.0 448.0 49769.0 
1215.0028156615006 104.424 50.0 509.0 11.0 449.0 49877.0 
1218.0079448983113 104.424 49.0 511.0 11.0 449.0 49877.0 
1221.0110568399382 104.424 51.0 511.0 11.0 449.0 49877.0 
1224.0012105598398 104.656 50.0 511.0 11.0 450.0 49979.0 
1227.0006646126742 105.352 49.0 512.0 11.0 453.0 50293.0 
1230.0078565855486 105.352 49.0 514.0 11.0 453.0 50293.0 
1233.009587288325 105.584 51.0 516.0 11.0 454.0 50395.0 
1236.0012058091 106.28 50.0 517.0 11.0 457.0 50794.0 
1239.008174356185 106.976 48.0 518.0 11.0 460.0 51105.0 
1242.005862215952 107.672 45.0 519.0 11.0 463.0 51413.0 
1245.0005883895321 107.904 46.0 522.0 11.0 464.0 51517.0 
1248.008149949879 108.6 45.0 524.0 11.0 467.0 51825.0 
1251.002144345909 108.6 46.0 524.0 11.0 467.0 51825.0 
1254.002635860288 108.832 45.0 524.0 11.0 468.0 51929.0 
1257.0017837189728 108.832 46.0 526.0 11.0 468.0 51929.0 
1260.007560974418 108.832 47.0 527.0 11.0 468.0 51929.0 
1263.0135050104523 109.064 47.0 528.0 11.0 469.0 52030.0 
1266.0041066239314 109.064 50.0 531.0 11.0 469.0 52030.0 
1269.0079576345272 109.52799999999999 50.0 531.0 11.0 471.0 52235.0 
1272.0047977085565 109.52799999999999 50.0 532.0 11.0 471.0 52235.0 
1275.0035822332575 110.45599999999999 48.0 532.0 11.0 475.0 52650.0 
1278.0094830938733 110.928 45.0 535.0 11.0 477.0 52857.0 
1281.0048740371321 110.928 48.0 537.0 11.0 477.0 52857.0 
1284.0026304371625 111.4 47.0 538.0 12.0 479.0 53206.0 
1287.0027472365873 111.632 46.0 538.0 12.0 480.0 53313.0 
1290.001669667927 112.096 46.0 539.0 12.0 482.0 53521.0 
1293.0003270130137 112.328 46.0 543.0 12.0 483.0 53624.0 
1296.0073087725066 112.56 47.0 544.0 12.0 484.0 53725.0 
1299.0160141175065 112.56 50.0 546.0 12.0 484.0 53725.0 
1302.0265276288815 113.024 49.0 546.0 12.0 486.0 53931.0 
1305.0082482431196 113.256 49.0 548.0 12.0 487.0 54035.0 
1308.0157574858902 113.256 50.0 549.0 12.0 487.0 54035.0 
1311.0068391706677 114.184 47.0 549.0 12.0 491.0 54449.0 
1314.0007438204605 114.184 47.0 551.0 12.0 491.0 54449.0 
1317.0004827532337 114.416 49.0 553.0 12.0 492.0 54552.0 
1320.0024436366937 114.648 48.0 553.0 12.0 493.0 54654.0 
1323.004813850037 115.112 46.0 553.0 12.0 495.0 54900.0 
1326.0018531290864 115.112 47.0 554.0 12.0 495.0 54900.0 
1329.0021343015621 115.344 49.0 558.0 12.0 496.0 55003.0 
1332.0012278394129 115.576 49.0 559.0 12.0 497.0 55106.0 
1335.0155128480253 116.048 49.0 562.0 13.0 499.0 55412.0 
1338.0025706706904 116.28 49.0 562.0 13.0 500.0 55414.0 
1341.0057164368322 116.28 50.0 564.0 13.0 500.0 55414.0 
1344.0054903176233 116.512 52.0 568.0 13.0 501.0 55521.0 
1347.009403907889 116.976 52.0 568.0 13.0 503.0 55728.0 
1350.0007590998812 117.904 50.0 568.0 13.0 507.0 56143.0 
1353.0181918815508 117.904 48.0 568.0 13.0 507.0 56143.0 
1356.0009967907727 117.904 48.0 568.0 13.0 507.0 56143.0 
1359.0000634221642 118.13600000000001 48.0 570.0 13.0 508.0 56246.0 
1362.0019517518879 118.6 49.0 571.0 13.0 510.0 56455.0 
1365.0051863700041 118.6 48.0 572.0 13.0 510.0 56455.0 
1368.0171908080943 119.296 46.0 572.0 13.0 513.0 56764.0 
1371.002326400469 119.296 47.0 573.0 13.0 513.0 56764.0 
1374.0025032057283 119.52799999999999 48.0 576.0 13.0 514.0 56870.0 
1377.0024901599547 119.52799999999999 50.0 578.0 13.0 514.0 56870.0 
1380.0025125692287 119.76 53.0 580.0 13.0 515.0 56973.0 
1383.0059586323466 120.224 51.0 582.0 13.0 517.0 57178.0 
1386.0000557632802 120.45599999999999 51.0 584.0 13.0 518.0 57281.0 
1389.0101031011986 120.45599999999999 53.0 584.0 13.0 518.0 57281.0 
1392.0047751761613 120.91999999999999 54.0 586.0 13.0 520.0 57491.0 
1395.0003963881359 121.152 52.0 586.0 13.0 521.0 57596.0 
1398.0007597540987 121.61600000000001 51.0 586.0 13.0 523.0 57802.0 
1401.0109812383048 122.312 51.0 587.0 13.0 526.0 58124.0 
1404.0027269132158 122.54400000000001 50.0 589.0 13.0 527.0 58344.0 
1407.0058847314158 122.776 50.0 592.0 13.0 528.0 58448.0 
1410.002134762964 122.776 51.0 592.0 13.0 528.0 58448.0 
1413.0040897203908 123.00800000000001 52.0 594.0 13.0 529.0 58556.0 
1416.0049391747427 123.00800000000001 53.0 595.0 13.0 529.0 58556.0 
1419.0026129425983 123.704 52.0 597.0 13.0 532.0 58867.0 
1422.0058304306995 123.704 52.0 597.0 13.0 532.0 58867.0 
1425.012701032504 123.93599999999999 51.0 597.0 13.0 533.0 58977.0 
1428.006942626249 124.168 50.0 597.0 13.0 534.0 59080.0 
1431.0002432371302 124.86399999999999 48.0 600.0 13.0 537.0 59387.0 
1434.0149364852773 125.10400000000001 48.0 600.0 14.0 538.0 59567.0 
1437.0146605245411 125.56800000000001 47.0 600.0 14.0 540.0 59777.0 
1440.0002138468042 125.8 47.0 601.0 14.0 541.0 59883.0 
1443.0125514860028 126.264 45.0 601.0 14.0 543.0 60157.0 
1446.0119517028895 126.728 44.0 603.0 14.0 545.0 60364.0 
1449.00380451079 127.192 43.0 603.0 14.0 547.0 60575.0 
1452.0073896028139 127.192 43.0 604.0 14.0 547.0 60575.0 
1455.01243903025 127.192 45.0 606.0 14.0 547.0 60575.0 
1458.0179608425485 127.192 45.0 606.0 14.0 547.0 60575.0 
1461.000557109393 127.192 48.0 609.0 14.0 547.0 60575.0 
1464.003234995759 127.656 47.0 609.0 14.0 549.0 60782.0 
1467.0069087803724 127.88799999999999 48.0 613.0 14.0 550.0 61184.0 
1470.0188368173403 128.12 50.0 615.0 14.0 551.0 61288.0 
1473.0071480339195 128.12 52.0 617.0 14.0 551.0 61288.0 
1476.015494893698 128.816 50.0 617.0 14.0 554.0 61598.0 
1479.0028462736655 128.816 49.0 617.0 14.0 554.0 61598.0 
1482.0123846972401 129.976 46.0 619.0 14.0 559.0 62124.0 
1485.0025604054765 130.208 48.0 622.0 14.0 560.0 62227.0 
1488.025445858282 130.208 49.0 623.0 14.0 560.0 62227.0 
1491.0017614845287 131.136 46.0 625.0 14.0 564.0 62958.0 
1494.00865399153 131.368 49.0 629.0 14.0 565.0 63062.0 
1497.003888670309 131.6 49.0 629.0 14.0 566.0 63168.0 
1500.0017322846943 131.6 49.0 629.0 14.0 566.0 63168.0 
1503.0033557633235 132.06400000000002 47.0 631.0 14.0 568.0 63612.0 
1506.005045724273 132.296 49.0 633.0 14.0 569.0 63714.0 
1509.0008674090916 132.99200000000002 49.0 634.0 14.0 572.0 64119.0 
1512.0117911039918 133.456 48.0 636.0 14.0 574.0 64331.0 
1515.00218493037 133.688 47.0 637.0 14.0 575.0 64435.0 
1518.00708892968 133.92000000000002 47.0 638.0 14.0 576.0 64538.0 
1521.0172661615702 134.384 49.0 641.0 14.0 578.0 64746.0 
1524.000456128172 134.384 49.0 641.0 14.0 578.0 64746.0 
1527.0011645127145 134.384 50.0 642.0 14.0 578.0 64746.0 
1530.0086452587277 134.384 50.0 643.0 14.0 578.0 64746.0 
1533.0128737515051 134.384 51.0 646.0 14.0 578.0 64746.0 
1536.0001576741245 134.632 53.0 648.0 15.0 579.0 64954.0 
1539.0132987193774 134.86399999999998 53.0 648.0 15.0 580.0 65060.0 
1542.0079149466017 134.86399999999998 54.0 650.0 15.0 580.0 65060.0 
1545.000464851916 135.096 54.0 650.0 15.0 581.0 65164.0 
1548.002030309087 135.792 54.0 652.0 15.0 584.0 65621.0 
1551.0268644166513 135.792 54.0 653.0 15.0 584.0 65621.0 
1554.003694773309 136.024 53.0 654.0 15.0 585.0 65724.0 
1557.0121616446058 136.024 54.0 654.0 15.0 585.0 65724.0 
1560.0176281417823 136.024 54.0 654.0 15.0 585.0 65724.0 
1563.024602224104 136.952 53.0 654.0 15.0 589.0 66250.0 
1566.0002395951674 136.952 51.0 656.0 15.0 589.0 66250.0 
1569.0005221292959 137.184 52.0 656.0 15.0 590.0 66352.0 
1572.0039933454684 137.88 50.0 657.0 15.0 593.0 66668.0 
1575.0113820027482 138.576 47.0 657.0 15.0 596.0 66978.0 
1578.0058601657731 138.576 46.0 657.0 15.0 596.0 66978.0 
1581.0111445436373 138.576 48.0 659.0 15.0 596.0 66978.0 
1584.0040746830841 139.04000000000002 47.0 659.0 15.0 598.0 67184.0 
1587.0046820880102 139.272 46.0 660.0 15.0 599.0 67287.0 
1590.0043760428214 139.736 46.0 662.0 15.0 601.0 67497.0 
1593.006420316812 139.96800000000002 46.0 663.0 15.0 602.0 67601.0 
1596.0013365011484 140.672 46.0 664.0 15.0 605.0 67911.0 
1599.0041483685209 141.13600000000002 45.0 667.0 15.0 607.0 68123.0 
1602.0021679239792 141.6 45.0 668.0 15.0 609.0 68377.0 
1605.0198754352516 142.06400000000002 44.0 668.0 15.0 611.0 68853.0 
1608.0182364151085 142.528 41.0 668.0 15.0 613.0 69060.0 
1611.0027732502288 142.76 39.0 668.0 15.0 614.0 69165.0 
1614.0140807569085 143.224 39.0 669.0 15.0 616.0 69372.0 
1617.0143930933323 143.688 37.0 671.0 15.0 618.0 69577.0 
1620.0005637125682 143.688 38.0 671.0 15.0 618.0 69577.0 
1623.006812692148 144.384 38.0 672.0 15.0 621.0 69951.0 
1626.0043316335523 144.848 35.0 673.0 15.0 623.0 70403.0 
1629.0002597345745 145.312 34.0 674.0 15.0 625.0 70614.0 
1632.0068921317522 145.312 36.0 676.0 15.0 625.0 70614.0 
1635.0191735891876 145.312 39.0 679.0 15.0 625.0 70614.0 
1638.0031904104328 146.472 35.0 679.0 15.0 630.0 71137.0 
1641.0006262590848 146.704 35.0 682.0 15.0 631.0 71242.0 
1644.0046230287537 146.93599999999998 36.0 683.0 15.0 632.0 71345.0 
1647.014844676991 147.168 35.0 684.0 15.0 633.0 71449.0 
1650.001405049083 147.168 37.0 687.0 15.0 633.0 71449.0 
1653.0028993715616 147.632 37.0 687.0 15.0 635.0 71655.0 
1656.0045864187832 147.632 39.0 689.0 15.0 635.0 71655.0 
1659.0032387584254 147.632 40.0 690.0 15.0 635.0 71655.0 
1662.0211518234173 147.86399999999998 40.0 692.0 15.0 636.0 71761.0 
1665.0010976273056 147.86399999999998 41.0 692.0 15.0 636.0 71761.0 
1668.0055319755286 148.10399999999998 40.0 692.0 15.0 637.0 71864.0 
1671.0004939758371 148.336 40.0 694.0 15.0 638.0 71967.0 
1674.0036852977948 148.568 43.0 696.0 15.0 639.0 72069.0 
1677.0023811251433 148.568 43.0 697.0 15.0 639.0 72069.0 
1680.0090568198023 148.8 42.0 698.0 15.0 640.0 72281.0 
1683.0124678835673 149.03199999999998 45.0 700.0 15.0 641.0 72384.0 
1686.002403969751 149.03199999999998 45.0 701.0 15.0 641.0 72384.0 
1689.0090234021782 149.03199999999998 46.0 702.0 15.0 641.0 72384.0 
1692.0006162012887 149.264 47.0 703.0 15.0 642.0 72489.0 
1695.0000661385907 149.95999999999998 44.0 704.0 15.0 645.0 72801.0 
1698.0004385989287 149.95999999999998 45.0 705.0 15.0 645.0 72801.0 
1701.0033950871723 150.656 44.0 706.0 15.0 648.0 73109.0 
1704.0112521190747 151.12 43.0 707.0 15.0 650.0 73317.0 
1707.0288853661236 151.12 42.0 707.0 15.0 650.0 73317.0 
1710.0183808992604 151.12 42.0 707.0 15.0 650.0 73317.0 
1713.000534274075 151.12 42.0 708.0 15.0 650.0 73317.0 
1716.0029083672673 151.352 43.0 708.0 15.0 651.0 73419.0 
1719.0037427122165 151.352 43.0 711.0 15.0 651.0 73419.0 
1722.0010667508714 151.816 48.0 715.0 15.0 653.0 73629.0 
1725.0190155959676 151.816 48.0 717.0 15.0 653.0 73629.0 
1728.0046561643924 152.048 50.0 719.0 15.0 654.0 73736.0 
1731.0039371969822 152.512 48.0 719.0 15.0 656.0 73941.0 
1734.0018701387098 152.976 49.0 722.0 15.0 658.0 74147.0 
1737.0043099710006 153.44 48.0 722.0 15.0 660.0 74352.0 
1740.0085333174645 153.672 48.0 725.0 15.0 661.0 74457.0 
1743.005999805455 153.904 49.0 725.0 15.0 662.0 74561.0 
1746.0046421345696 154.13600000000002 47.0 725.0 15.0 663.0 74664.0 
1749.007326438868 154.6 45.0 725.0 15.0 665.0 75097.0 
1752.0054646069684 155.072 44.0 726.0 15.0 667.0 75405.0 
1755.0006887015443 155.536 44.0 727.0 15.0 669.0 75613.0 
1758.007327105041 156.232 42.0 728.0 15.0 672.0 75927.0 
1761.0012110089372 156.464 42.0 730.0 15.0 673.0 76029.0 
1764.0021391004518 156.696 42.0 730.0 15.0 674.0 76132.0 
1767.001887596165 156.928 40.0 731.0 15.0 675.0 76236.0 
1770.0034314653562 156.93599999999998 41.0 731.0 16.0 675.0 76267.0 
1773.0071098509295 157.4 40.0 732.0 16.0 677.0 76471.0 
1776.0066100354784 157.632 38.0 732.0 16.0 678.0 76573.0 
1779.0030293775635 157.86399999999998 38.0 733.0 16.0 679.0 76678.0 
1782.006837351944 158.328 40.0 735.0 16.0 681.0 76924.0 
1785.003743025532 158.328 39.0 737.0 16.0 681.0 76924.0 
1788.0129868162182 159.04000000000002 37.0 737.0 16.0 684.0 77237.0 
1791.0108581338925 159.04000000000002 39.0 739.0 16.0 684.0 77237.0 
1794.0063241520945 159.744 39.0 742.0 16.0 687.0 77657.0 
1797.005763204306 159.744 39.0 742.0 16.0 687.0 77657.0 
1800.0088829526364 160.208 39.0 745.0 16.0 689.0 77865.0 
#####################################################################
# End of data export. Simulation finished at: 2020-01-14T13:42+0000 #
#####################################################################
