#####################################################################
# Alchemist log file - simulation started at: 2020-02-11T16:26+0000 #
#####################################################################
# seed = 65.0, taskFrequency = 0.00316, cloudcost = 3.0, algorithm = false
#
# The columns have the following meaning: 
# time taskHops[Mean] hasTask[Sum] tasks[Sum] completedTasks[Sum] giveupTasks[Sum] taskLatency[Sum] 
0.0 NaN 0.0 0.0 0.0 0.0 0.0 
2.0004081532582054 NaN 0.0 0.0 0.0 0.0 0.0 
4.000408153258205 NaN 0.0 1.0 0.0 0.0 0.0 
6.000408153258205 NaN 1.0 1.0 0.0 0.0 0.0 
8.000408153258206 NaN 1.0 1.0 0.0 0.0 0.0 
10.000408153258206 NaN 3.0 3.0 0.0 0.0 0.0 
12.000408153258206 NaN 3.0 3.0 0.0 0.0 0.0 
14.000408153258206 NaN 4.0 4.0 0.0 0.0 0.0 
16.000408153258206 NaN 4.0 4.0 0.0 0.0 0.0 
18.000408153258206 NaN 4.0 4.0 0.0 0.0 0.0 
20.000408153258206 NaN 6.0 6.0 0.0 0.0 0.0 
22.000408153258206 NaN 7.0 7.0 0.0 0.0 0.0 
24.000408153258206 NaN 8.0 8.0 0.0 0.0 0.0 
26.000408153258206 NaN 8.0 8.0 0.0 0.0 0.0 
28.000408153258206 NaN 8.0 8.0 0.0 0.0 0.0 
30.000408153258206 NaN 9.0 9.0 0.0 0.0 0.0 
32.000408153258206 NaN 9.0 9.0 0.0 0.0 0.0 
34.000408153258206 NaN 10.0 10.0 0.0 0.0 0.0 
36.000408153258206 NaN 10.0 10.0 0.0 0.0 0.0 
38.000408153258206 NaN 10.0 11.0 0.0 0.0 0.0 
40.000408153258206 NaN 11.0 11.0 0.0 0.0 0.0 
42.000408153258206 NaN 11.0 11.0 0.0 0.0 0.0 
44.000408153258206 NaN 11.0 11.0 0.0 0.0 0.0 
46.000408153258206 NaN 11.0 11.0 0.0 0.0 0.0 
48.000408153258206 NaN 12.0 12.0 0.0 0.0 0.0 
50.000408153258206 NaN 12.0 12.0 0.0 0.0 0.0 
52.000408153258206 NaN 14.0 14.0 0.0 0.0 0.0 
54.000408153258206 NaN 16.0 16.0 0.0 0.0 0.0 
56.000408153258206 NaN 17.0 17.0 0.0 0.0 0.0 
58.000408153258206 NaN 17.0 17.0 0.0 0.0 0.0 
60.000408153258206 NaN 18.0 18.0 0.0 0.0 0.0 
62.000408153258206 NaN 18.0 18.0 0.0 0.0 0.0 
64.0004081532582 NaN 18.0 18.0 0.0 0.0 0.0 
66.0004081532582 NaN 20.0 21.0 0.0 0.0 0.0 
68.0004081532582 NaN 22.0 22.0 0.0 0.0 0.0 
70.0004081532582 NaN 23.0 24.0 0.0 0.0 0.0 
72.0004081532582 NaN 24.0 24.0 0.0 0.0 0.0 
74.0004081532582 NaN 24.0 24.0 0.0 0.0 0.0 
76.0004081532582 NaN 24.0 24.0 0.0 0.0 0.0 
78.0004081532582 NaN 25.0 25.0 0.0 0.0 0.0 
80.0004081532582 NaN 25.0 25.0 0.0 0.0 0.0 
82.0004081532582 NaN 25.0 26.0 0.0 0.0 0.0 
84.0004081532582 NaN 26.0 26.0 0.0 0.0 0.0 
86.0004081532582 NaN 27.0 27.0 0.0 0.0 0.0 
88.0004081532582 NaN 27.0 27.0 0.0 0.0 0.0 
90.0004081532582 NaN 27.0 28.0 0.0 0.0 0.0 
92.0004081532582 NaN 28.0 28.0 0.0 0.0 0.0 
94.0004081532582 NaN 28.0 28.0 0.0 0.0 0.0 
96.0004081532582 NaN 28.0 28.0 0.0 0.0 0.0 
98.0004081532582 NaN 29.0 30.0 0.0 0.0 0.0 
100.0004081532582 NaN 30.0 30.0 0.0 0.0 0.0 
102.0004081532582 NaN 30.0 30.0 0.0 0.0 0.0 
104.0004081532582 NaN 31.0 31.0 0.0 0.0 0.0 
106.0004081532582 NaN 31.0 31.0 0.0 0.0 0.0 
108.0004081532582 NaN 32.0 32.0 0.0 0.0 0.0 
110.0004081532582 NaN 32.0 32.0 0.0 0.0 0.0 
112.0004081532582 NaN 33.0 33.0 0.0 0.0 0.0 
114.0004081532582 NaN 33.0 33.0 0.0 0.0 0.0 
116.0004081532582 NaN 33.0 33.0 0.0 0.0 0.0 
118.0004081532582 NaN 34.0 34.0 0.0 0.0 0.0 
120.0004081532582 NaN 34.0 34.0 0.0 0.0 0.0 
122.0004081532582 3.0 36.0 36.0 0.0 2.0 215.0 
124.0004081532582 3.0 34.0 36.0 0.0 2.0 215.0 
126.0004081532582 3.0 34.0 36.0 0.0 2.0 215.0 
128.0004081532582 3.0 34.0 36.0 0.0 2.0 215.0 
130.0004081532582 3.0 34.0 36.0 0.0 2.0 215.0 
132.0004081532582 3.0 34.0 36.0 0.0 2.0 215.0 
134.0004081532582 3.0 34.0 38.0 0.0 2.0 215.0 
136.0004081532582 3.0 37.0 40.0 0.0 4.0 423.0 
138.0004081532582 3.0 36.0 40.0 0.0 4.0 423.0 
140.0004081532582 3.0 36.0 40.0 0.0 4.0 423.0 
142.0004081532582 3.0 34.0 40.0 0.0 6.0 654.0 
144.0004081532582 3.0 34.0 40.0 0.0 6.0 654.0 
146.0004081532582 3.0 34.0 40.0 0.0 6.0 654.0 
148.0004081532582 3.0 34.0 40.0 0.0 6.0 654.0 
150.0004081532582 3.0 34.0 40.0 0.0 6.0 654.0 
152.0004081532582 3.0 34.0 40.0 0.0 6.0 654.0 
154.0004081532582 3.0 34.0 40.0 0.0 6.0 654.0 
156.0004081532582 3.0 34.0 40.0 0.0 8.0 861.0 
158.0004081532582 3.0 32.0 41.0 0.0 11.0 1251.0 
160.0004081532582 3.0 29.0 41.0 0.0 13.0 1497.0 
162.0004081532582 3.0 27.0 41.0 0.0 14.0 1599.0 
164.0004081532582 3.0 28.0 42.0 0.0 14.0 1599.0 
166.0004081532582 3.0 28.0 42.0 0.0 14.0 1599.0 
168.0004081532582 3.0 29.0 43.0 0.0 16.0 1817.0 
170.0004081532582 3.0588235294117645 27.0 43.0 0.0 17.0 1919.0 
172.0004081532582 3.0555555555555554 27.0 44.0 0.0 18.0 2022.0 
174.0004081532582 3.0526315789473686 25.0 44.0 0.0 19.0 2125.0 
176.0004081532582 3.0526315789473686 26.0 45.0 0.0 19.0 2125.0 
178.0004081532582 3.0526315789473686 26.0 45.0 0.0 19.0 2125.0 
180.0004081532582 3.05 26.0 45.0 0.0 20.0 2227.0 
182.0004081532582 3.05 25.0 45.0 0.0 20.0 2227.0 
184.0004081532582 3.05 25.0 45.0 0.0 20.0 2227.0 
186.0004081532582 3.0476190476190474 26.0 47.0 0.0 21.0 2330.0 
188.0004081532582 3.0454545454545454 26.0 48.0 0.0 22.0 2432.0 
190.0004081532582 3.0454545454545454 27.0 49.0 0.0 22.0 2432.0 
192.0004081532582 3.0434782608695654 26.0 49.0 0.0 23.0 2576.0 
194.0004081532582 3.0434782608695654 26.0 49.0 0.0 23.0 2576.0 
196.0004081532582 3.0434782608695654 27.0 50.0 0.0 23.0 2576.0 
198.0004081532582 3.0434782608695654 29.0 52.0 0.0 23.0 2576.0 
200.0004081532582 3.04 27.0 52.0 0.0 25.0 2811.0 
202.0004081532582 3.0384615384615383 26.0 52.0 0.0 26.0 2914.0 
204.0004081532582 3.0384615384615383 26.0 52.0 0.0 26.0 2914.0 
206.0004081532582 3.037037037037037 26.0 53.0 0.0 27.0 3109.0 
208.0004081532582 3.037037037037037 26.0 53.0 0.0 27.0 3109.0 
210.0004081532582 3.0357142857142856 25.0 53.0 0.0 28.0 3211.0 
212.0004081532582 3.0357142857142856 25.0 53.0 0.0 28.0 3211.0 
214.0004081532582 3.0344827586206895 25.0 53.0 0.0 29.0 3314.0 
216.0004081532582 3.0344827586206895 24.0 53.0 0.0 29.0 3314.0 
218.0004081532582 3.0344827586206895 25.0 55.0 0.0 29.0 3314.0 
220.0004081532582 3.0344827586206895 26.0 55.0 0.0 29.0 3314.0 
222.0004081532582 3.0344827586206895 26.0 55.0 0.0 29.0 3314.0 
224.0004081532582 3.033333333333333 25.0 55.0 0.0 30.0 3416.0 
226.0004081532582 3.033333333333333 25.0 55.0 0.0 30.0 3416.0 
228.0004081532582 3.033333333333333 25.0 55.0 0.0 30.0 3416.0 
230.0004081532582 3.033333333333333 26.0 56.0 0.0 30.0 3416.0 
232.0004081532582 3.033333333333333 26.0 56.0 0.0 30.0 3416.0 
234.0004081532582 3.033333333333333 27.0 57.0 0.0 30.0 3416.0 
236.0004081532582 3.033333333333333 27.0 57.0 0.0 30.0 3416.0 
238.0004081532582 3.129032258064516 27.0 58.0 0.0 32.0 3737.0 
240.0004081532582 3.129032258064516 26.0 58.0 0.0 32.0 3737.0 
242.0004081532582 3.129032258064516 26.0 58.0 0.0 32.0 3737.0 
244.0004081532582 3.129032258064516 26.0 58.0 0.0 32.0 3737.0 
246.0004081532582 3.129032258064516 26.0 58.0 0.0 32.0 3737.0 
248.0004081532582 3.129032258064516 27.0 59.0 0.0 32.0 3737.0 
250.0004081532582 3.129032258064516 27.0 59.0 0.0 32.0 3737.0 
252.0004081532582 3.129032258064516 27.0 59.0 0.0 32.0 3737.0 
254.0004081532582 3.129032258064516 28.0 60.0 0.0 32.0 3737.0 
256.0004081532582 3.129032258064516 28.0 60.0 0.0 32.0 3737.0 
258.0004081532582 3.129032258064516 28.0 60.0 0.0 32.0 3737.0 
260.0004081532582 3.225806451612903 29.0 61.0 0.0 33.0 3839.0 
262.0004081532582 3.225806451612903 29.0 62.0 0.0 33.0 3839.0 
264.0004081532582 3.225806451612903 29.0 62.0 0.0 33.0 3839.0 
266.0004081532582 3.21875 30.0 63.0 0.0 34.0 3942.0 
268.0004081532582 3.21875 29.0 63.0 0.0 34.0 3942.0 
270.0004081532582 3.21875 29.0 63.0 0.0 34.0 3942.0 
272.0004081532582 3.21875 29.0 63.0 0.0 34.0 3942.0 
274.0004081532582 3.212121212121212 31.0 65.0 0.0 35.0 4045.0 
276.0004081532582 3.212121212121212 30.0 65.0 0.0 35.0 4045.0 
278.0004081532582 3.2058823529411766 29.0 65.0 0.0 36.0 4147.0 
280.0004081532582 3.2058823529411766 29.0 66.0 0.0 36.0 4147.0 
282.0004081532582 3.2058823529411766 31.0 67.0 0.0 36.0 4147.0 
284.0004081532582 3.2058823529411766 31.0 67.0 0.0 36.0 4147.0 
286.0004081532582 3.2 31.0 68.0 0.0 37.0 4297.0 
288.0004081532582 3.189189189189189 31.0 68.0 0.0 39.0 4503.0 
290.0004081532582 3.3513513513513513 30.0 71.0 0.0 41.0 4727.0 
292.0004081532582 3.3421052631578947 30.0 71.0 0.0 42.0 4830.0 
294.0004081532582 3.3421052631578947 29.0 71.0 0.0 42.0 4830.0 
296.0004081532582 3.3421052631578947 29.0 71.0 0.0 42.0 4830.0 
298.0004081532582 3.3333333333333335 29.0 71.0 0.0 43.0 4932.0 
300.0004081532582 3.41025641025641 28.0 71.0 0.0 44.0 5035.0 
302.0004081532582 3.41025641025641 27.0 71.0 0.0 44.0 5035.0 
304.0004081532582 3.41025641025641 28.0 72.0 0.0 44.0 5035.0 
306.0004081532582 3.41025641025641 29.0 73.0 0.0 44.0 5035.0 
308.0004081532582 3.4 29.0 73.0 0.0 45.0 5137.0 
310.0004081532582 3.4 28.0 73.0 0.0 45.0 5137.0 
312.0004081532582 3.4 29.0 74.0 0.0 45.0 5137.0 
314.0004081532582 3.4 30.0 75.0 0.0 45.0 5137.0 
316.0004081532582 3.4 30.0 75.0 0.0 45.0 5137.0 
318.0004081532582 3.4 30.0 75.0 0.0 45.0 5137.0 
320.0004081532582 3.4 30.0 75.0 0.0 45.0 5137.0 
322.0004081532582 3.475 29.0 75.0 0.0 46.0 5240.0 
324.0004081532582 3.475 29.0 76.0 0.0 46.0 5240.0 
326.0004081532582 3.475 30.0 76.0 0.0 46.0 5240.0 
328.0004081532582 3.475 31.0 77.0 0.0 46.0 5240.0 
330.0004081532582 3.4634146341463414 31.0 77.0 0.0 47.0 5453.0 
332.0004081532582 3.4523809523809526 29.0 77.0 0.0 48.0 5650.0 
334.0004081532582 3.4523809523809526 30.0 78.0 0.0 48.0 5650.0 
336.0004081532582 3.5238095238095237 30.0 78.0 0.0 49.0 5753.0 
338.0004081532582 3.511627906976744 30.0 79.0 0.0 50.0 6001.0 
340.0004081532582 3.5 29.0 80.0 0.0 51.0 6103.0 
342.0004081532582 3.488888888888889 29.0 80.0 0.0 52.0 6311.0 
344.0004081532582 3.488888888888889 28.0 80.0 0.0 52.0 6311.0 
346.0004081532582 3.488888888888889 29.0 81.0 0.0 52.0 6311.0 
348.0004081532582 3.488888888888889 29.0 81.0 0.0 52.0 6311.0 
350.0004081532582 3.488888888888889 29.0 81.0 0.0 52.0 6311.0 
352.0004081532582 3.488888888888889 29.0 81.0 0.0 52.0 6311.0 
354.0004081532582 3.4782608695652173 28.0 81.0 0.0 53.0 6416.0 
356.0004081532582 3.4680851063829787 27.0 82.0 0.0 54.0 6518.0 
358.0004081532582 3.5319148936170213 28.0 83.0 0.0 55.0 6658.0 
360.0004081532582 3.5319148936170213 28.0 84.0 0.0 55.0 6658.0 
362.0004081532582 3.520833333333333 28.0 84.0 0.0 56.0 6760.0 
364.0004081532582 3.510204081632653 27.0 84.0 0.0 57.0 6862.0 
366.0004081532582 3.510204081632653 27.0 84.0 0.0 57.0 6862.0 
368.0004081532582 3.5 26.0 84.0 0.0 58.0 6965.0 
370.0004081532582 3.5 26.0 84.0 0.0 58.0 6965.0 
372.0004081532582 3.5 26.0 84.0 0.0 58.0 6965.0 
374.0004081532582 3.5 26.0 84.0 0.0 58.0 6965.0 
376.0004081532582 3.4901960784313726 25.0 84.0 0.0 59.0 7067.0 
378.0004081532582 3.4901960784313726 25.0 84.0 0.0 59.0 7067.0 
380.0004081532582 3.4901960784313726 27.0 86.0 0.0 59.0 7067.0 
382.0004081532582 3.4901960784313726 28.0 87.0 0.0 59.0 7067.0 
384.0004081532582 3.4901960784313726 29.0 88.0 0.0 59.0 7067.0 
386.0004081532582 3.4901960784313726 29.0 88.0 0.0 59.0 7067.0 
388.0004081532582 3.4901960784313726 29.0 88.0 0.0 59.0 7067.0 
390.0004081532582 3.4901960784313726 29.0 89.0 0.0 59.0 7067.0 
392.0004081532582 3.480769230769231 29.0 89.0 0.0 60.0 7169.0 
394.0004081532582 3.462962962962963 28.0 90.0 0.0 62.0 7385.0 
396.0004081532582 3.462962962962963 28.0 90.0 0.0 62.0 7385.0 
398.0004081532582 3.462962962962963 28.0 90.0 0.0 62.0 7385.0 
400.0004081532582 3.462962962962963 29.0 91.0 0.0 62.0 7385.0 
402.0004081532582 3.462962962962963 29.0 91.0 0.0 62.0 7385.0 
404.0004081532582 3.462962962962963 29.0 93.0 0.0 62.0 7385.0 
406.0004081532582 3.518518518518518 32.0 94.0 0.0 63.0 7488.0 
408.0004081532582 3.509090909090909 32.0 96.0 0.0 64.0 7591.0 
410.0004081532582 3.509090909090909 34.0 98.0 0.0 64.0 7591.0 
412.0004081532582 3.509090909090909 34.0 98.0 0.0 64.0 7591.0 
414.0004081532582 3.563636363636364 35.0 99.0 0.0 65.0 7693.0 
416.0004081532582 3.563636363636364 34.0 99.0 0.0 65.0 7693.0 
418.0004081532582 3.563636363636364 34.0 99.0 0.0 65.0 7693.0 
420.0004081532582 3.563636363636364 34.0 99.0 0.0 65.0 7693.0 
422.0004081532582 3.563636363636364 34.0 99.0 0.0 65.0 7693.0 
424.0004081532582 3.563636363636364 35.0 100.0 0.0 65.0 7693.0 
426.0004081532582 3.563636363636364 36.0 101.0 0.0 65.0 7693.0 
428.0004081532582 3.5438596491228074 35.0 101.0 0.0 67.0 8103.0 
430.0004081532582 3.5344827586206895 34.0 101.0 0.0 68.0 8205.0 
432.0004081532582 3.5344827586206895 33.0 101.0 0.0 68.0 8205.0 
434.0004081532582 3.5344827586206895 34.0 103.0 0.0 68.0 8205.0 
436.0004081532582 3.5166666666666666 35.0 103.0 0.0 70.0 8429.0 
438.0004081532582 3.5166666666666666 33.0 103.0 0.0 70.0 8429.0 
440.0004081532582 3.5081967213114753 32.0 103.0 0.0 71.0 8531.0 
442.0004081532582 3.5081967213114753 33.0 104.0 0.0 71.0 8531.0 
444.0004081532582 3.507936507936508 32.0 104.0 0.0 73.0 8880.0 
446.0004081532582 3.507936507936508 32.0 105.0 0.0 73.0 8880.0 
448.0004081532582 3.5 32.0 105.0 0.0 74.0 8982.0 
450.0004081532582 3.5 31.0 105.0 0.0 74.0 8982.0 
452.0004081532582 3.5 31.0 105.0 0.0 74.0 8982.0 
454.0004081532582 3.5 32.0 106.0 0.0 74.0 8982.0 
456.0004081532582 3.5 32.0 106.0 0.0 74.0 8982.0 
458.0004081532582 3.5 32.0 106.0 0.0 74.0 8982.0 
460.0004081532582 3.5384615384615383 31.0 107.0 0.0 76.0 9254.0 
462.0004081532582 3.5846153846153848 30.0 108.0 0.0 77.0 9357.0 
464.0004081532582 3.567164179104478 31.0 109.0 0.0 79.0 9858.0 
466.0004081532582 3.567164179104478 30.0 109.0 0.0 79.0 9858.0 
468.0004081532582 3.567164179104478 30.0 109.0 0.0 79.0 9858.0 
470.0004081532582 3.567164179104478 30.0 111.0 0.0 79.0 9858.0 
472.0004081532582 3.567164179104478 32.0 111.0 0.0 79.0 9858.0 
474.0004081532582 3.567164179104478 32.0 112.0 0.0 79.0 9858.0 
476.0004081532582 3.567164179104478 33.0 112.0 0.0 79.0 9858.0 
478.0004081532582 3.567164179104478 33.0 112.0 0.0 79.0 9858.0 
480.0004081532582 3.567164179104478 33.0 112.0 0.0 79.0 9858.0 
482.0004081532582 3.550724637681159 33.0 112.0 0.0 81.0 10063.0 
484.0004081532582 3.550724637681159 32.0 113.0 0.0 81.0 10063.0 
486.0004081532582 3.5942028985507246 32.0 113.0 0.0 82.0 10166.0 
488.0004081532582 3.5942028985507246 32.0 114.0 0.0 82.0 10166.0 
490.0004081532582 3.5942028985507246 33.0 115.0 0.0 82.0 10166.0 
492.0004081532582 3.5942028985507246 33.0 115.0 0.0 82.0 10166.0 
494.0004081532582 3.5942028985507246 34.0 116.0 0.0 82.0 10166.0 
496.0004081532582 3.63768115942029 33.0 116.0 0.0 83.0 10268.0 
498.0004081532582 3.63768115942029 33.0 116.0 0.0 83.0 10268.0 
500.0004081532582 3.63768115942029 33.0 116.0 0.0 83.0 10268.0 
502.0004081532582 3.681159420289855 32.0 116.0 0.0 84.0 10371.0 
504.0004081532582 3.681159420289855 32.0 116.0 0.0 84.0 10371.0 
506.0004081532582 3.681159420289855 32.0 116.0 0.0 84.0 10371.0 
508.0004081532582 3.704225352112676 29.0 116.0 0.0 87.0 10679.0 
510.0004081532582 3.746478873239437 28.0 116.0 0.0 88.0 10781.0 
512.0004081532581 3.7162162162162167 26.0 116.0 0.0 91.0 11089.0 
514.0004081532581 3.7162162162162167 26.0 117.0 0.0 91.0 11089.0 
516.0004081532581 3.6973684210526314 25.0 117.0 0.0 93.0 11602.0 
518.0004081532581 3.6973684210526314 24.0 117.0 0.0 93.0 11602.0 
520.0004081532581 3.6973684210526314 24.0 117.0 0.0 93.0 11602.0 
522.0004081532581 3.6973684210526314 24.0 117.0 0.0 93.0 11602.0 
524.0004081532581 3.6973684210526314 24.0 118.0 0.0 93.0 11602.0 
526.0004081532581 3.688311688311688 25.0 118.0 0.0 94.0 11704.0 
528.0004081532581 3.688311688311688 24.0 118.0 0.0 94.0 11704.0 
530.0004081532581 3.688311688311688 24.0 118.0 0.0 94.0 11704.0 
532.0004081532581 3.688311688311688 24.0 118.0 0.0 94.0 11704.0 
534.0004081532581 3.688311688311688 24.0 118.0 0.0 94.0 11704.0 
536.0004081532581 3.7272727272727275 24.0 118.0 0.0 95.0 11807.0 
538.0004081532581 3.7272727272727275 24.0 119.0 0.0 95.0 11807.0 
540.0004081532581 3.7272727272727275 24.0 119.0 0.0 95.0 11807.0 
542.0004081532581 3.7272727272727275 25.0 120.0 0.0 95.0 11807.0 
544.0004081532581 3.7272727272727275 25.0 120.0 0.0 95.0 11807.0 
546.0004081532581 3.7272727272727275 25.0 120.0 0.0 95.0 11807.0 
548.0004081532581 3.7662337662337664 26.0 121.0 0.0 96.0 11909.0 
550.0004081532581 3.7662337662337664 26.0 122.0 0.0 96.0 11909.0 
552.0004081532581 3.7662337662337664 26.0 122.0 0.0 96.0 11909.0 
554.0004081532581 3.7662337662337664 26.0 122.0 0.0 96.0 11909.0 
556.0004081532581 3.7564102564102564 26.0 123.0 0.0 97.0 12011.0 
558.0004081532581 3.7564102564102564 27.0 125.0 0.0 97.0 12011.0 
560.0004081532581 3.7948717948717947 28.0 126.0 0.0 98.0 12188.0 
562.0004081532581 3.833333333333333 29.0 127.0 0.0 99.0 12291.0 
564.0004081532581 3.833333333333333 28.0 128.0 0.0 99.0 12291.0 
566.0004081532581 3.8227848101265827 28.0 128.0 0.0 100.0 12626.0 
568.0004081532581 3.8125 27.0 128.0 0.0 101.0 12731.0 
570.0004081532581 3.8125 27.0 128.0 0.0 101.0 12731.0 
572.0004081532581 3.8125 27.0 128.0 0.0 101.0 12731.0 
574.0004081532581 3.8875 25.0 128.0 0.0 103.0 12937.0 
576.0004081532581 3.8875 25.0 128.0 0.0 103.0 12937.0 
578.0004081532581 3.8875 25.0 128.0 0.0 103.0 12937.0 
580.0004081532581 3.8875 25.0 128.0 0.0 103.0 12937.0 
582.0004081532581 3.8875 25.0 128.0 0.0 103.0 12937.0 
584.0004081532581 3.8765432098765435 25.0 128.0 0.0 104.0 13240.0 
586.0004081532581 3.8658536585365857 23.0 128.0 0.0 105.0 13342.0 
588.0004081532581 3.8658536585365857 23.0 128.0 0.0 105.0 13342.0 
590.0004081532581 3.902439024390244 24.0 130.0 0.0 106.0 13444.0 
592.0004081532581 3.9390243902439024 23.0 131.0 0.0 107.0 13546.0 
594.0004081532581 3.9390243902439024 26.0 133.0 0.0 107.0 13546.0 
596.0004081532581 3.9390243902439024 26.0 133.0 0.0 107.0 13546.0 
598.0004081532581 3.9390243902439024 26.0 133.0 0.0 107.0 13546.0 
600.0004081532581 3.9390243902439024 26.0 133.0 0.0 107.0 13546.0 
602.0004081532581 3.9390243902439024 26.0 133.0 0.0 107.0 13546.0 
604.0004081532581 3.9390243902439024 27.0 134.0 0.0 107.0 13546.0 
606.0004081532581 3.9390243902439024 27.0 134.0 0.0 107.0 13546.0 
608.0004081532581 3.9390243902439024 27.0 134.0 0.0 107.0 13546.0 
610.0004081532581 3.9390243902439024 28.0 135.0 0.0 107.0 13546.0 
612.0004081532581 3.9390243902439024 29.0 136.0 0.0 107.0 13546.0 
614.0004081532581 3.9390243902439024 29.0 136.0 0.0 107.0 13546.0 
616.0004081532581 3.9277108433734944 29.0 136.0 0.0 108.0 13699.0 
618.0004081532581 3.9277108433734944 28.0 136.0 0.0 108.0 13699.0 
620.0004081532581 3.9277108433734944 29.0 138.0 0.0 108.0 13699.0 
622.0004081532581 3.9277108433734944 30.0 139.0 0.0 108.0 13699.0 
624.0004081532581 3.9277108433734944 31.0 139.0 0.0 108.0 13699.0 
626.0004081532581 3.9277108433734944 31.0 139.0 0.0 108.0 13699.0 
628.0004081532581 3.916666666666667 31.0 141.0 0.0 109.0 13802.0 
630.0004081532581 3.916666666666667 32.0 141.0 0.0 109.0 13802.0 
632.0004081532581 3.916666666666667 33.0 142.0 0.0 109.0 13802.0 
634.0004081532581 3.916666666666667 33.0 142.0 0.0 109.0 13802.0 
636.0004081532581 3.916666666666667 33.0 142.0 0.0 109.0 13802.0 
638.0004081532581 3.916666666666667 33.0 142.0 0.0 109.0 13802.0 
640.0004081532581 3.9058823529411764 35.0 144.0 0.0 110.0 13904.0 
642.0004081532581 3.9058823529411764 34.0 144.0 0.0 110.0 13904.0 
644.0004081532581 3.9411764705882355 34.0 144.0 0.0 111.0 14007.0 
646.0004081532581 3.9411764705882355 33.0 145.0 0.0 111.0 14007.0 
648.0004081532581 3.9195402298850572 33.0 145.0 0.0 113.0 14486.0 
650.0004081532581 3.9090909090909087 32.0 145.0 0.0 114.0 14588.0 
652.0004081532581 3.9431818181818183 32.0 146.0 0.0 115.0 14690.0 
654.0004081532581 3.9431818181818183 31.0 146.0 0.0 115.0 14690.0 
656.0004081532581 3.9431818181818183 31.0 146.0 0.0 115.0 14690.0 
658.0004081532581 3.9772727272727275 31.0 146.0 0.0 116.0 14793.0 
660.0004081532581 3.966292134831461 29.0 146.0 0.0 117.0 14895.0 
662.0004081532581 4.033707865168539 27.0 147.0 0.0 119.0 15100.0 
664.0004081532581 4.022222222222222 29.0 150.0 0.0 120.0 15202.0 
666.0004081532581 4.022222222222222 30.0 151.0 0.0 120.0 15202.0 
668.0004081532581 4.055555555555555 30.0 151.0 0.0 121.0 15305.0 
670.0004081532581 4.055555555555555 30.0 151.0 0.0 121.0 15305.0 
672.0004081532581 4.055555555555555 30.0 151.0 0.0 121.0 15305.0 
674.0004081532581 4.055555555555555 31.0 152.0 0.0 121.0 15305.0 
676.0004081532581 4.055555555555555 33.0 154.0 0.0 121.0 15305.0 
678.0004081532581 4.055555555555555 34.0 155.0 0.0 121.0 15305.0 
680.0004081532581 4.055555555555555 35.0 156.0 0.0 121.0 15305.0 
682.0004081532581 4.055555555555555 36.0 157.0 0.0 121.0 15305.0 
684.0004081532581 4.055555555555555 36.0 157.0 0.0 121.0 15305.0 
686.0004081532581 4.055555555555555 36.0 157.0 0.0 121.0 15305.0 
688.0004081532581 4.055555555555555 39.0 160.0 0.0 121.0 15305.0 
690.0004081532581 4.055555555555555 39.0 160.0 0.0 121.0 15305.0 
692.0004081532581 4.088888888888889 40.0 161.0 0.0 122.0 15407.0 
694.0004081532581 4.122222222222222 38.0 161.0 0.0 123.0 15510.0 
696.0004081532581 4.155555555555556 38.0 162.0 0.0 124.0 15613.0 
698.0004081532581 4.155555555555556 39.0 163.0 0.0 124.0 15613.0 
700.0004081532581 4.155555555555556 39.0 163.0 0.0 124.0 15613.0 
702.0004081532581 4.155555555555556 40.0 164.0 0.0 124.0 15613.0 
704.0004081532581 4.155555555555556 40.0 164.0 0.0 124.0 15613.0 
706.0004081532581 4.188888888888889 39.0 164.0 0.0 125.0 15715.0 
708.0004081532581 4.188888888888889 39.0 164.0 0.0 125.0 15715.0 
710.0004081532581 4.188888888888889 39.0 164.0 0.0 125.0 15715.0 
712.0004081532581 4.188888888888889 39.0 164.0 0.0 125.0 15715.0 
714.0004081532581 4.175824175824176 38.0 164.0 0.0 126.0 15817.0 
716.0004081532581 4.175824175824176 38.0 165.0 0.0 126.0 15817.0 
718.0004081532581 4.175824175824176 40.0 166.0 0.0 126.0 15817.0 
720.0004081532581 4.208791208791209 40.0 166.0 0.0 127.0 15944.0 
722.0004081532581 4.195652173913044 39.0 166.0 0.0 128.0 16046.0 
724.0004081532581 4.182795698924731 37.0 166.0 0.0 129.0 16149.0 
726.0004081532581 4.182795698924731 38.0 167.0 0.0 129.0 16149.0 
728.0004081532581 4.212765957446808 37.0 167.0 0.0 131.0 16538.0 
730.0004081532581 4.24468085106383 35.0 168.0 0.0 132.0 16640.0 
732.0004081532581 4.276595744680851 35.0 168.0 0.0 133.0 16743.0 
734.0004081532581 4.308510638297872 34.0 168.0 0.0 134.0 16845.0 
736.0004081532581 4.308510638297872 35.0 169.0 0.0 134.0 16845.0 
738.0004081532581 4.308510638297872 35.0 169.0 0.0 134.0 16845.0 
740.0004081532581 4.308510638297872 35.0 169.0 0.0 134.0 16845.0 
742.0004081532581 4.372340425531915 35.0 169.0 0.0 136.0 17051.0 
744.0004081532581 4.372340425531915 33.0 169.0 0.0 136.0 17051.0 
746.0004081532581 4.372340425531915 33.0 169.0 0.0 136.0 17051.0 
748.0004081532581 4.372340425531915 33.0 169.0 0.0 136.0 17051.0 
750.0004081532581 4.3578947368421055 33.0 170.0 0.0 137.0 17154.0 
752.0004081532581 4.3578947368421055 33.0 170.0 0.0 137.0 17154.0 
754.0004081532581 4.375 31.0 170.0 0.0 139.0 17496.0 
756.0004081532581 4.375 31.0 170.0 0.0 139.0 17496.0 
758.0004081532581 4.375 31.0 170.0 0.0 139.0 17496.0 
760.0004081532581 4.375 31.0 170.0 0.0 139.0 17496.0 
762.0004081532581 4.375 31.0 170.0 0.0 139.0 17496.0 
764.0004081532581 4.375 31.0 170.0 0.0 139.0 17496.0 
766.0004081532581 4.377551020408164 29.0 170.0 0.0 142.0 17803.0 
768.0004081532581 4.408163265306122 28.0 171.0 0.0 143.0 17906.0 
770.0004081532581 4.393939393939394 28.0 172.0 0.0 144.0 18009.0 
772.0004081532581 4.393939393939394 30.0 174.0 0.0 144.0 18009.0 
774.0004081532581 4.41 30.0 175.0 0.0 146.0 18648.0 
776.0004081532581 4.41 29.0 175.0 0.0 146.0 18648.0 
778.0004081532581 4.47 31.0 178.0 0.0 148.0 18853.0 
780.0004081532581 4.47 30.0 178.0 0.0 148.0 18853.0 
782.0004081532581 4.5 29.0 178.0 0.0 149.0 18955.0 
784.0004081532581 4.529999999999999 30.0 181.0 0.0 150.0 19057.0 
786.0004081532581 4.529999999999999 31.0 181.0 0.0 150.0 19057.0 
788.0004081532581 4.529999999999999 32.0 182.0 0.0 150.0 19057.0 
790.0004081532581 4.574257425742575 32.0 183.0 0.0 153.0 19365.0 
792.0004081532581 4.574257425742575 31.0 184.0 0.0 153.0 19365.0 
794.0004081532581 4.588235294117647 30.0 184.0 0.0 155.0 19820.0 
796.0004081532581 4.588235294117647 29.0 184.0 0.0 155.0 19820.0 
798.0004081532581 4.588235294117647 29.0 184.0 0.0 155.0 19820.0 
800.0004081532581 4.647058823529411 28.0 184.0 0.0 157.0 20025.0 
802.0004081532581 4.647058823529411 28.0 185.0 0.0 157.0 20025.0 
804.0004081532581 4.631067961165049 29.0 186.0 0.0 158.0 20127.0 
806.0004081532581 4.631067961165049 29.0 187.0 0.0 158.0 20127.0 
808.0004081532581 4.631067961165049 29.0 187.0 0.0 158.0 20127.0 
810.0004081532581 4.631067961165049 29.0 187.0 0.0 158.0 20127.0 
812.0004081532581 4.631067961165049 30.0 188.0 0.0 158.0 20127.0 
814.0004081532581 4.631067961165049 30.0 188.0 0.0 158.0 20127.0 
816.0004081532581 4.631067961165049 31.0 190.0 0.0 158.0 20127.0 
818.0004081532581 4.631067961165049 32.0 190.0 0.0 158.0 20127.0 
820.0004081532581 4.615384615384615 32.0 191.0 0.0 159.0 20230.0 
822.0004081532581 4.615384615384615 33.0 192.0 0.0 159.0 20230.0 
824.0004081532581 4.615384615384615 33.0 192.0 0.0 159.0 20230.0 
826.0004081532581 4.615384615384615 33.0 192.0 0.0 159.0 20230.0 
828.0004081532581 4.644230769230769 32.0 193.0 0.0 160.0 20332.0 
830.0004081532581 4.644230769230769 34.0 194.0 0.0 160.0 20332.0 
832.0004081532581 4.644230769230769 34.0 194.0 0.0 160.0 20332.0 
834.0004081532581 4.673076923076923 34.0 195.0 0.0 161.0 20435.0 
836.0004081532581 4.673076923076923 34.0 197.0 0.0 161.0 20435.0 
838.0004081532581 4.673076923076923 36.0 198.0 0.0 161.0 20435.0 
840.0004081532581 4.673076923076923 37.0 198.0 0.0 161.0 20435.0 
842.0004081532581 4.673076923076923 37.0 199.0 0.0 161.0 20435.0 
844.0004081532581 4.673076923076923 38.0 199.0 0.0 161.0 20435.0 
846.0004081532581 4.673076923076923 38.0 200.0 0.0 161.0 20435.0 
848.0004081532581 4.673076923076923 39.0 200.0 0.0 161.0 20435.0 
850.0004081532581 4.673076923076923 40.0 201.0 0.0 161.0 20435.0 
852.0004081532581 4.673076923076923 40.0 201.0 0.0 161.0 20435.0 
854.0004081532581 4.673076923076923 40.0 201.0 0.0 161.0 20435.0 
856.0004081532581 4.673076923076923 41.0 202.0 0.0 161.0 20435.0 
858.0004081532581 4.673076923076923 41.0 202.0 0.0 161.0 20435.0 
860.0004081532581 4.673076923076923 41.0 202.0 0.0 161.0 20435.0 
862.0004081532581 4.673076923076923 42.0 203.0 0.0 161.0 20435.0 
864.0004081532581 4.673076923076923 43.0 204.0 0.0 161.0 20435.0 
866.0004081532581 4.673076923076923 43.0 204.0 0.0 161.0 20435.0 
868.0004081532581 4.673076923076923 44.0 205.0 0.0 161.0 20435.0 
870.0004081532581 4.701923076923077 45.0 206.0 0.0 162.0 20538.0 
872.0004081532581 4.759615384615385 44.0 206.0 0.0 164.0 20816.0 
874.0004081532581 4.8173076923076925 42.0 206.0 0.0 166.0 21022.0 
876.0004081532581 4.8 39.0 206.0 0.0 167.0 21219.0 
878.0004081532581 4.8 39.0 206.0 0.0 167.0 21219.0 
880.0004081532581 4.859813084112149 37.0 206.0 0.0 171.0 21912.0 
882.0004081532581 4.859813084112149 35.0 206.0 0.0 171.0 21912.0 
884.0004081532581 4.859813084112149 35.0 206.0 0.0 171.0 21912.0 
886.0004081532581 4.88785046728972 34.0 207.0 0.0 172.0 22014.0 
888.0004081532581 4.925925925925926 33.0 207.0 0.0 175.0 22834.0 
890.0004081532581 4.953703703703704 34.0 209.0 0.0 176.0 22937.0 
892.0004081532581 5.0092592592592595 33.0 210.0 0.0 178.0 23040.0 
894.0004081532581 5.037037037037036 31.0 210.0 0.0 179.0 23142.0 
896.0004081532581 5.037037037037036 31.0 210.0 0.0 179.0 23142.0 
898.0004081532581 5.064814814814815 31.0 210.0 0.0 180.0 23431.0 
900.0004081532581 5.064814814814815 30.0 210.0 0.0 180.0 23431.0 
#####################################################################
# End of data export. Simulation finished at: 2020-02-11T16:27+0000 #
#####################################################################
