#####################################################################
# Alchemist log file - simulation started at: 2020-01-31T09:50+0000 #
#####################################################################
# seed = 50.0, taskFrequency = 0.01778, cloudcost = 3.0, algorithm = false
#
# The columns have the following meaning: 
# time taskHops[Mean] hasTask[Sum] tasks[Sum] completedTasks[Sum] giveupTasks[Sum] taskLatency[Sum] 
0.0 NaN 0.0 0.0 0.0 0.0 0.0 
2.012017294136071 NaN 8.0 10.0 0.0 0.0 0.0 
4.012017294136071 NaN 13.0 14.0 0.0 0.0 0.0 
6.012017294136071 NaN 16.0 17.0 0.0 0.0 0.0 
8.012017294136072 NaN 19.0 19.0 0.0 0.0 0.0 
10.012017294136072 NaN 20.0 20.0 0.0 0.0 0.0 
12.012017294136072 0.0 25.0 28.0 1.0 0.0 11.0 
14.012017294136072 0.0 29.0 31.0 1.0 0.0 11.0 
16.012017294136072 0.0 33.0 35.0 1.0 0.0 11.0 
18.012017294136072 0.0 38.0 39.0 1.0 0.0 11.0 
20.012017294136072 0.0 39.0 40.0 1.0 0.0 11.0 
22.012017294136072 0.0 42.0 44.0 1.0 0.0 11.0 
24.012017294136072 0.0 46.0 48.0 1.0 0.0 11.0 
26.012017294136072 0.0 48.0 51.0 1.0 0.0 11.0 
28.012017294136072 0.0 54.0 56.0 1.0 0.0 11.0 
30.012017294136072 0.0 58.0 60.0 1.0 0.0 11.0 
32.01201729413607 0.0 64.0 65.0 1.0 0.0 11.0 
34.01201729413607 0.0 68.0 69.0 1.0 0.0 11.0 
36.01201729413607 0.0 70.0 72.0 1.0 0.0 11.0 
38.01201729413607 0.0 72.0 73.0 1.0 0.0 11.0 
40.01201729413607 0.0 74.0 75.0 1.0 0.0 11.0 
42.01201729413607 0.0 75.0 76.0 1.0 0.0 11.0 
44.01201729413607 0.0 76.0 77.0 1.0 0.0 11.0 
46.01201729413607 0.0 77.0 78.0 1.0 0.0 11.0 
48.01201729413607 0.0 78.0 79.0 1.0 0.0 11.0 
50.01201729413607 0.0 80.0 81.0 1.0 0.0 11.0 
52.01201729413607 0.0 83.0 84.0 1.0 0.0 11.0 
54.01201729413607 0.0 84.0 86.0 1.0 0.0 11.0 
56.01201729413607 0.0 85.0 86.0 1.0 0.0 11.0 
58.01201729413607 0.0 85.0 86.0 1.0 0.0 11.0 
60.01201729413607 0.0 86.0 87.0 1.0 0.0 11.0 
62.01201729413607 0.0 88.0 89.0 1.0 0.0 11.0 
64.01201729413607 0.0 89.0 90.0 1.0 0.0 11.0 
66.01201729413607 0.0 90.0 91.0 1.0 0.0 11.0 
68.01201729413607 0.0 91.0 92.0 1.0 0.0 11.0 
70.01201729413607 0.0 92.0 93.0 1.0 0.0 11.0 
72.01201729413607 0.0 93.0 94.0 1.0 0.0 11.0 
74.01201729413607 0.0 94.0 96.0 1.0 0.0 11.0 
76.01201729413607 0.0 96.0 97.0 1.0 0.0 11.0 
78.01201729413607 0.0 97.0 98.0 1.0 0.0 11.0 
80.01201729413607 0.0 98.0 99.0 1.0 0.0 11.0 
82.01201729413607 0.0 98.0 99.0 1.0 0.0 11.0 
84.01201729413607 0.0 98.0 99.0 1.0 0.0 11.0 
86.01201729413607 0.0 98.0 99.0 1.0 0.0 11.0 
88.01201729413607 0.0 99.0 100.0 1.0 0.0 11.0 
90.01201729413607 0.0 99.0 101.0 1.0 0.0 11.0 
92.01201729413607 0.0 100.0 101.0 1.0 0.0 11.0 
94.01201729413607 0.0 101.0 102.0 1.0 0.0 11.0 
96.01201729413607 0.0 101.0 103.0 1.0 0.0 11.0 
98.01201729413607 0.0 102.0 104.0 1.0 0.0 11.0 
100.01201729413607 0.0 103.0 104.0 1.0 0.0 11.0 
102.01201729413607 0.0 103.0 104.0 1.0 0.0 11.0 
104.01201729413607 2.4 103.0 106.0 1.0 4.0 420.0 
106.01201729413607 2.625 101.0 107.0 1.0 7.0 730.0 
108.01201729413607 2.727272727272727 100.0 109.0 1.0 10.0 1041.0 
110.01201729413607 2.7857142857142856 98.0 110.0 1.0 13.0 1352.0 
112.01201729413607 2.8125 95.0 110.0 1.0 15.0 1564.0 
114.01201729413607 2.8636363636363638 91.0 110.0 1.0 21.0 2185.0 
116.01201729413607 2.875 87.0 110.0 1.0 23.0 2391.0 
118.01201729413607 2.9 83.0 110.0 1.0 29.0 3020.0 
120.01201729413607 2.909090909090909 79.0 111.0 1.0 32.0 3328.0 
122.01201729413607 2.911764705882353 78.0 112.0 1.0 33.0 3431.0 
124.01201729413607 2.9166666666666665 77.0 113.0 1.0 35.0 3639.0 
126.01201729413607 2.925 75.0 113.0 1.0 39.0 4054.0 
128.01201729413606 2.926829268292683 73.0 114.0 1.0 40.0 4156.0 
130.01201729413606 2.9361702127659575 68.0 114.0 1.0 46.0 4772.0 
132.01201729413606 2.9615384615384617 65.0 115.0 1.0 51.0 5298.0 
134.01201729413606 2.9655172413793105 62.0 117.0 1.0 57.0 5912.0 
136.01201729413606 2.9672131147540983 56.0 117.0 1.0 60.0 6218.0 
138.01201729413606 2.9682539682539684 58.0 119.0 1.0 62.0 6423.0 
140.01201729413606 2.96875 55.0 119.0 1.0 63.0 6526.0 
142.01201729413606 2.9696969696969697 55.0 119.0 1.0 65.0 6731.0 
144.01201729413606 2.970149253731343 53.0 119.0 1.0 66.0 6834.0 
146.01201729413606 2.971014492753623 52.0 121.0 1.0 68.0 7078.0 
148.01201729413606 3.0142857142857142 51.0 122.0 1.0 70.0 7294.0 
150.01201729413606 3.0140845070422535 50.0 122.0 1.0 71.0 7396.0 
152.01201729413606 3.0136986301369864 51.0 124.0 1.0 73.0 7601.0 
154.01201729413606 3.013157894736842 50.0 124.0 1.0 76.0 7910.0 
156.01201729413606 3.012987012987013 48.0 125.0 1.0 77.0 8013.0 
158.01201729413606 3.0128205128205128 49.0 128.0 2.0 78.0 8128.0 
160.01201729413606 3.0128205128205128 48.0 129.0 2.0 78.0 8128.0 
162.01201729413606 3.0126582278481013 49.0 130.0 2.0 79.0 8230.0 
164.01201729413606 3.0123456790123457 49.0 131.0 2.0 81.0 8435.0 
166.01201729413606 3.0121951219512195 49.0 133.0 2.0 82.0 8538.0 
168.00610191541534 3.0120481927710845 53.0 138.0 2.0 83.0 8640.0 
170.01201729413606 3.011904761904762 56.0 143.0 2.0 84.0 8742.0 
172.01201729413606 3.011764705882353 56.0 143.0 2.0 85.0 8844.0 
174.00226422852788 3.011627906976744 55.0 144.0 2.0 86.0 8946.0 
176.01201729413606 3.0114942528735633 57.0 145.0 2.0 87.0 9048.0 
178.01201729413606 3.0112359550561796 54.0 145.0 2.0 89.0 9253.0 
180.01201729413606 3.011111111111111 54.0 145.0 2.0 90.0 9355.0 
182.01201729413606 3.010989010989011 53.0 146.0 2.0 91.0 9457.0 
184.01201729413606 3.010989010989011 54.0 147.0 2.0 91.0 9457.0 
186.01201729413606 3.010989010989011 54.0 147.0 2.0 91.0 9457.0 
188.01201729413606 3.010989010989011 57.0 150.0 2.0 91.0 9457.0 
190.01201729413606 3.010752688172043 56.0 150.0 2.0 93.0 9712.0 
192.01201729413606 3.010752688172043 58.0 154.0 2.0 93.0 9712.0 
194.01201729413606 3.010752688172043 60.0 156.0 2.0 93.0 9712.0 
196.01201729413606 3.0106382978723403 61.0 157.0 2.0 94.0 9814.0 
198.01201729413606 3.0106382978723403 62.0 158.0 2.0 94.0 9814.0 
200.01201729413606 3.0105263157894737 62.0 159.0 2.0 95.0 9917.0 
202.01201729413606 3.0104166666666665 61.0 159.0 2.0 96.0 10020.0 
204.01201729413606 3.0104166666666665 61.0 159.0 2.0 96.0 10020.0 
206.01201729413606 3.0103092783505154 60.0 159.0 2.0 97.0 10122.0 
208.01201729413606 3.010204081632653 59.0 159.0 2.0 98.0 10224.0 
210.01201729413606 3.01 58.0 159.0 2.0 100.0 10428.0 
212.01201729413606 3.00990099009901 56.0 159.0 2.0 101.0 10530.0 
214.01201729413606 3.00990099009901 56.0 160.0 2.0 101.0 10530.0 
216.01201729413606 3.00990099009901 58.0 161.0 2.0 101.0 10530.0 
218.01201729413606 3.00990099009901 59.0 162.0 2.0 101.0 10530.0 
220.01201729413606 3.00990099009901 60.0 163.0 2.0 101.0 10530.0 
222.01201729413606 3.0098039215686274 60.0 163.0 2.0 102.0 10709.0 
224.01201729413606 3.0098039215686274 60.0 164.0 2.0 102.0 10709.0 
226.01201729413606 3.0686274509803924 58.0 164.0 2.0 104.0 10914.0 
228.01201729413606 3.0686274509803924 59.0 166.0 2.0 104.0 10914.0 
230.01201729413606 3.0679611650485437 62.0 168.0 2.0 105.0 11016.0 
232.01201729413606 3.0679611650485437 64.0 171.0 2.0 105.0 11016.0 
234.01201729413606 3.0673076923076925 64.0 172.0 2.0 106.0 11118.0 
236.01201729413606 3.0952380952380953 65.0 173.0 2.0 108.0 11444.0 
238.01201729413606 3.0943396226415096 64.0 175.0 2.0 109.0 11547.0 
240.01201729413606 3.121495327102804 66.0 177.0 2.0 111.0 11752.0 
242.01201729413606 3.1203703703703702 64.0 178.0 2.0 112.0 11904.0 
244.01201729413606 3.1203703703703702 66.0 181.0 2.0 112.0 11904.0 
246.01201729413606 3.1203703703703702 67.0 182.0 2.0 112.0 11904.0 
248.01201729413606 3.148148148148148 70.0 184.0 2.0 113.0 12006.0 
250.01201729413606 3.148148148148148 69.0 185.0 2.0 113.0 12006.0 
252.01201729413606 3.175925925925926 69.0 185.0 2.0 114.0 12109.0 
254.01201729413606 3.2037037037037037 71.0 187.0 2.0 115.0 12211.0 
256.01201729413606 3.2037037037037037 70.0 187.0 2.0 115.0 12211.0 
258.01201729413606 3.2314814814814814 71.0 188.0 2.0 116.0 12314.0 
260.01201729413606 3.2844036697247705 70.0 189.0 2.0 119.0 12622.0 
262.01201729413606 3.2844036697247705 68.0 189.0 2.0 119.0 12622.0 
264.01201729413606 3.3090909090909095 66.0 189.0 2.0 121.0 12827.0 
266.01201729413606 3.336363636363637 66.0 190.0 2.0 122.0 12929.0 
268.01201729413606 3.3603603603603602 66.0 191.0 2.0 124.0 13133.0 
270.01201729413606 3.4035087719298245 63.0 194.0 2.0 129.0 13708.0 
272.01201729413606 3.508771929824561 62.0 195.0 2.0 133.0 14116.0 
274.01201729413606 3.5304347826086957 59.0 196.0 2.0 135.0 14322.0 
276.01201729413606 3.5304347826086957 61.0 198.0 2.0 135.0 14322.0 
278.01201729413606 3.5826086956521737 62.0 200.0 2.0 137.0 14528.0 
280.01201729413606 3.5826086956521737 63.0 202.0 2.0 137.0 14528.0 
282.01201729413606 3.5826086956521737 63.0 203.0 2.0 137.0 14528.0 
284.01201729413606 3.6086956521739126 63.0 203.0 2.0 138.0 14630.0 
286.01201729413606 3.6347826086956525 64.0 204.0 2.0 139.0 14733.0 
288.01201729413606 3.6347826086956525 64.0 205.0 2.0 139.0 14733.0 
290.01201729413606 3.6551724137931036 63.0 205.0 2.0 141.0 14938.0 
292.01201729413606 3.6551724137931036 62.0 205.0 2.0 141.0 14938.0 
294.01201729413606 3.7327586206896557 61.0 206.0 2.0 144.0 15244.0 
296.01201729413606 3.784482758620689 58.0 206.0 2.0 146.0 15449.0 
298.01201729413606 3.8034188034188032 57.0 206.0 2.0 148.0 15655.0 
300.01201729413606 3.829059829059829 55.0 206.0 2.0 149.0 15757.0 
302.01201729413606 3.8547008547008543 55.0 207.0 2.0 150.0 15859.0 
304.01201729413606 3.8547008547008543 55.0 207.0 2.0 150.0 15859.0 
306.01201729413606 3.8547008547008543 56.0 209.0 2.0 150.0 15859.0 
308.01201729413606 3.8547008547008543 57.0 209.0 2.0 150.0 15859.0 
310.00467694982945 3.8547008547008543 58.0 212.0 2.0 150.0 15859.0 
312.01201729413606 3.8547008547008543 62.0 214.0 2.0 150.0 15859.0 
314.01201729413606 3.8547008547008543 62.0 215.0 2.0 150.0 15859.0 
316.01201729413606 3.8547008547008543 63.0 216.0 2.0 150.0 15859.0 
318.01201729413606 3.9059829059829054 64.0 217.0 2.0 152.0 16065.0 
320.01201729413606 3.9237288135593222 63.0 218.0 2.0 154.0 16368.0 
322.01201729413606 3.9237288135593222 63.0 219.0 2.0 154.0 16368.0 
324.01201729413606 3.9237288135593222 63.0 219.0 2.0 154.0 16368.0 
326.01201729413606 3.9491525423728806 62.0 219.0 2.0 155.0 16470.0 
328.01201729413606 3.9491525423728806 62.0 219.0 2.0 155.0 16470.0 
330.01201729413606 3.9745762711864407 63.0 221.0 2.0 156.0 16611.0 
332.01201729413606 4.016806722689076 63.0 223.0 2.0 159.0 16919.0 
334.01201729413606 4.092436974789916 60.0 223.0 2.0 162.0 17226.0 
336.01201729413606 4.117647058823529 60.0 224.0 2.0 163.0 17329.0 
338.01201729413606 4.117647058823529 62.0 227.0 2.0 163.0 17329.0 
340.01201729413606 4.168067226890757 64.0 229.0 2.0 165.0 17534.0 
342.01201729413606 4.218487394957984 63.0 231.0 2.0 167.0 17738.0 
344.01201729413606 4.218487394957984 63.0 232.0 2.0 167.0 17738.0 
346.01201729413606 4.294117647058824 62.0 233.0 2.0 170.0 18046.0 
348.01201729413606 4.319327731092438 61.0 235.0 2.0 171.0 18149.0 
350.01201729413606 4.420168067226891 61.0 237.0 2.0 175.0 18587.0 
352.01201729413606 4.420168067226891 61.0 239.0 2.0 175.0 18587.0 
354.0111832202634 4.4453781512605035 62.0 241.0 2.0 176.0 18690.0 
356.01201729413606 4.49579831932773 63.0 242.0 2.0 178.0 18895.0 
358.01201729413606 4.49579831932773 62.0 242.0 2.0 178.0 18895.0 
360.01201729413606 4.521008403361345 62.0 243.0 2.0 179.0 18997.0 
362.01201729413606 4.546218487394958 62.0 243.0 2.0 180.0 19100.0 
364.01201729413606 4.546218487394958 61.0 244.0 2.0 180.0 19100.0 
366.01201729413606 4.546218487394958 63.0 245.0 2.0 180.0 19100.0 
368.01201729413606 4.571428571428572 62.0 245.0 2.0 181.0 19202.0 
370.01201729413606 4.5966386554621845 61.0 246.0 2.0 182.0 19304.0 
372.01201729413606 4.647058823529411 61.0 247.0 2.0 184.0 19508.0 
374.01201729413606 4.697478991596638 62.0 251.0 2.0 186.0 19713.0 
376.01201729413606 4.7478991596638656 63.0 251.0 2.0 188.0 19956.0 
378.01201729413606 4.773109243697479 62.0 252.0 2.0 189.0 20058.0 
380.01201729413606 4.823529411764706 61.0 253.0 2.0 191.0 20263.0 
382.01201729413606 4.873949579831932 61.0 255.0 2.0 193.0 20468.0 
384.01201729413606 4.873949579831932 62.0 258.0 2.0 193.0 20468.0 
386.01201729413606 4.899159663865547 63.0 261.0 2.0 194.0 20571.0 
388.01201729413606 4.92436974789916 66.0 262.0 2.0 195.0 20674.0 
390.01201729413606 4.949579831932773 65.0 264.0 2.0 196.0 20776.0 
392.01201729413606 4.949579831932773 68.0 266.0 2.0 196.0 20776.0 
394.01201729413606 4.949579831932773 69.0 267.0 2.0 196.0 20776.0 
396.003219702637 4.974789915966387 69.0 268.0 2.0 197.0 20878.0 
398.01201729413606 4.974789915966387 70.0 269.0 2.0 197.0 20878.0 
400.01201729413606 4.974789915966387 71.0 270.0 2.0 197.0 20878.0 
402.01201729413606 4.974789915966387 72.0 272.0 2.0 197.0 20878.0 
404.01201729413606 5.0 73.0 272.0 2.0 198.0 20980.0 
406.01201729413606 5.0 73.0 273.0 2.0 198.0 20980.0 
408.01201729413606 5.025210084033613 74.0 274.0 2.0 199.0 21083.0 
410.01201729413606 5.050420168067227 75.0 277.0 2.0 200.0 21186.0 
412.01201729413606 5.033333333333333 78.0 281.0 2.0 201.0 21288.0 
414.01201729413606 5.133333333333334 75.0 281.0 2.0 205.0 21698.0 
416.01201729413606 5.133333333333334 75.0 282.0 2.0 205.0 21698.0 
418.01201729413606 5.158333333333333 74.0 282.0 2.0 206.0 21801.0 
420.01201729413606 5.208333333333334 74.0 283.0 2.0 208.0 22007.0 
422.01201729413606 5.258333333333334 73.0 283.0 2.0 210.0 22304.0 
424.01201729413606 5.283333333333333 73.0 287.0 2.0 211.0 22406.0 
426.01201729413606 5.283333333333333 75.0 288.0 2.0 211.0 22406.0 
428.01201729413606 5.283333333333333 77.0 290.0 2.0 211.0 22406.0 
430.01201729413606 5.283333333333333 78.0 291.0 2.0 211.0 22406.0 
432.01201729413606 5.3583333333333325 78.0 293.0 2.0 214.0 22610.0 
434.01201729413606 5.383333333333334 76.0 294.0 2.0 215.0 22712.0 
436.01201729413606 5.408333333333333 78.0 296.0 2.0 216.0 22815.0 
438.01201729413606 5.433333333333334 78.0 296.0 2.0 217.0 22918.0 
440.01201729413606 5.508333333333334 76.0 296.0 2.0 220.0 23224.0 
442.01201729413606 5.558333333333334 74.0 297.0 2.0 222.0 23428.0 
444.01201729413606 5.608333333333333 72.0 297.0 2.0 224.0 23633.0 
446.01201729413606 5.633333333333334 72.0 298.0 2.0 225.0 23735.0 
448.01201729413606 5.658333333333333 73.0 300.0 2.0 226.0 23908.0 
450.01201729413606 5.683333333333334 72.0 301.0 2.0 227.0 24010.0 
452.01201729413606 5.733333333333333 71.0 302.0 2.0 229.0 24215.0 
454.01201729413606 5.783333333333333 71.0 303.0 2.0 231.0 24421.0 
456.01201729413606 5.809917355371901 70.0 304.0 2.0 234.0 25062.0 
458.01201729413606 5.859504132231406 67.0 304.0 2.0 236.0 25266.0 
460.01201729413606 5.859504132231406 66.0 304.0 2.0 236.0 25266.0 
462.01201729413606 5.859504132231406 66.0 305.0 2.0 236.0 25266.0 
464.01201729413606 5.859504132231406 69.0 308.0 2.0 236.0 25266.0 
466.01201729413606 5.859504132231406 70.0 308.0 2.0 236.0 25266.0 
468.01201729413606 5.909090909090908 70.0 309.0 2.0 238.0 25472.0 
470.01201729413606 5.909090909090908 70.0 310.0 2.0 238.0 25472.0 
472.01201729413606 5.909090909090908 71.0 311.0 2.0 238.0 25472.0 
474.01201729413606 5.958677685950414 69.0 311.0 2.0 240.0 25677.0 
476.01201729413606 6.008264462809917 68.0 311.0 2.0 242.0 25881.0 
478.01201729413606 6.0578512396694215 65.0 312.0 2.0 244.0 26087.0 
480.01201729413606 6.082644628099173 67.0 314.0 2.0 245.0 26189.0 
482.01201729413606 6.082644628099173 68.0 315.0 2.0 245.0 26189.0 
484.01201729413606 6.132231404958677 69.0 316.0 2.0 247.0 26394.0 
486.01201729413606 6.181818181818182 70.0 320.0 2.0 249.0 26599.0 
488.01201729413606 6.256198347107438 68.0 323.0 2.0 252.0 26912.0 
490.0061163476622 6.330578512396694 66.0 324.0 2.0 255.0 27220.0 
492.01201729413606 6.355371900826446 66.0 324.0 2.0 256.0 27322.0 
494.01201729413606 6.429752066115702 63.0 324.0 2.0 259.0 27629.0 
496.01201729413606 6.454545454545455 65.0 328.0 2.0 260.0 27731.0 
498.01201729413606 6.454545454545455 66.0 328.0 2.0 260.0 27731.0 
500.01201729413606 6.5041322314049586 65.0 328.0 2.0 262.0 27935.0 
502.01201729413606 6.528925619834711 64.0 329.0 2.0 263.0 28037.0 
504.01201729413606 6.553719008264463 65.0 330.0 2.0 264.0 28140.0 
506.01201729413606 6.578512396694215 65.0 332.0 2.0 265.0 28243.0 
508.01201729413606 6.6033057851239665 66.0 333.0 2.0 266.0 28345.0 
510.01201729413606 6.62809917355372 65.0 334.0 2.0 267.0 28447.0 
512.0120172941361 6.702479338842975 65.0 337.0 2.0 270.0 28754.0 
514.0120172941361 6.776859504132231 64.0 338.0 2.0 273.0 29061.0 
516.0120172941361 6.801652892561984 63.0 339.0 2.0 274.0 29164.0 
518.0120172941361 6.8264462809917354 64.0 340.0 2.0 275.0 29267.0 
520.0120172941361 6.8264462809917354 63.0 340.0 2.0 275.0 29267.0 
522.0120172941361 6.851239669421487 63.0 341.0 2.0 276.0 29369.0 
524.0120172941361 6.851239669421487 64.0 343.0 2.0 276.0 29369.0 
526.0120172941361 6.925619834710743 65.0 344.0 2.0 279.0 29675.0 
528.0120172941361 6.975206611570249 62.0 344.0 2.0 281.0 29881.0 
530.0120172941361 7.024793388429751 60.0 345.0 2.0 283.0 30086.0 
532.0120172941361 7.0495867768595035 59.0 345.0 2.0 284.0 30188.0 
534.0120172941361 7.0495867768595035 60.0 346.0 2.0 284.0 30188.0 
536.0120172941361 7.0495867768595035 60.0 346.0 2.0 284.0 30188.0 
538.0120172941361 7.12396694214876 60.0 347.0 2.0 287.0 30497.0 
540.0120172941361 7.12396694214876 60.0 349.0 2.0 287.0 30497.0 
542.0120172941361 7.12396694214876 63.0 352.0 2.0 287.0 30497.0 
544.0120172941361 7.148760330578513 64.0 353.0 2.0 288.0 30599.0 
546.0120172941361 7.148760330578513 63.0 353.0 2.0 288.0 30599.0 
548.0120172941361 7.1735537190082646 62.0 354.0 2.0 289.0 30701.0 
550.0120172941361 7.223140495867769 64.0 357.0 2.0 291.0 30905.0 
552.0120172941361 7.24793388429752 64.0 358.0 2.0 292.0 31007.0 
554.0120172941361 7.237704918032787 65.0 360.0 2.0 294.0 31511.0 
556.0120172941361 7.262295081967213 64.0 361.0 2.0 295.0 31613.0 
558.0120172941361 7.286885245901638 64.0 362.0 2.0 296.0 31715.0 
560.0120172941361 7.286885245901638 64.0 362.0 2.0 296.0 31715.0 
562.0120172941361 7.286885245901638 65.0 363.0 2.0 296.0 31715.0 
564.0120172941361 7.286885245901638 65.0 363.0 2.0 296.0 31715.0 
566.0120172941361 7.360655737704919 63.0 364.0 3.0 299.0 32035.0 
568.0120172941361 7.385245901639344 61.0 364.0 3.0 300.0 32138.0 
570.0120172941361 7.409836065573771 62.0 365.0 3.0 301.0 32240.0 
572.0120172941361 7.434426229508196 61.0 366.0 3.0 302.0 32342.0 
574.0120172941361 7.459016393442623 63.0 368.0 3.0 303.0 32445.0 
576.0120172941361 7.459016393442623 63.0 369.0 3.0 303.0 32445.0 
578.0120172941361 7.459016393442623 63.0 369.0 3.0 303.0 32445.0 
580.0120172941361 7.459016393442623 65.0 372.0 3.0 303.0 32445.0 
582.0120172941361 7.532786885245901 69.0 376.0 3.0 306.0 32752.0 
584.0120172941361 7.557377049180328 68.0 377.0 3.0 307.0 32855.0 
586.0120172941361 7.581967213114753 66.0 377.0 3.0 308.0 32957.0 
588.0120172941361 7.6557377049180335 63.0 377.0 3.0 311.0 33263.0 
590.0120172941361 7.704918032786885 63.0 378.0 3.0 313.0 33468.0 
592.0120172941361 7.778688524590163 62.0 380.0 3.0 316.0 33777.0 
594.0120172941361 7.778688524590163 62.0 381.0 3.0 316.0 33777.0 
596.0120172941361 7.778688524590163 64.0 383.0 3.0 316.0 33777.0 
598.0120172941361 7.827868852459017 64.0 385.0 3.0 318.0 33981.0 
600.0120172941361 7.9016393442622945 61.0 385.0 3.0 321.0 34355.0 
602.0120172941361 7.9016393442622945 61.0 385.0 3.0 321.0 34355.0 
604.0120172941361 7.926229508196722 61.0 385.0 3.0 322.0 34457.0 
606.0120172941361 7.950819672131148 61.0 387.0 3.0 323.0 34559.0 
608.0120172941361 8.0 61.0 387.0 3.0 325.0 34764.0 
610.0120172941361 8.024590163934427 59.0 388.0 3.0 326.0 34866.0 
612.0120172941361 8.049180327868852 59.0 389.0 3.0 327.0 34968.0 
614.0120172941361 8.098360655737705 60.0 392.0 3.0 329.0 35173.0 
616.0120172941361 8.12295081967213 59.0 393.0 3.0 330.0 35276.0 
618.0120172941361 8.172131147540984 60.0 395.0 3.0 332.0 35481.0 
620.0120172941361 8.196721311475411 60.0 395.0 3.0 333.0 35584.0 
622.0120172941361 8.196721311475411 62.0 398.0 3.0 333.0 35584.0 
624.0120172941361 8.221311475409836 62.0 399.0 3.0 334.0 35686.0 
626.0120172941361 8.221311475409836 64.0 401.0 3.0 334.0 35686.0 
628.0120172941361 8.270491803278688 63.0 402.0 3.0 336.0 35891.0 
630.0120172941361 8.270491803278688 65.0 404.0 3.0 336.0 35891.0 
632.0120172941361 8.270491803278688 67.0 406.0 3.0 336.0 35891.0 
634.0120172941361 8.295081967213115 66.0 406.0 3.0 337.0 35994.0 
636.0120172941361 8.319672131147541 67.0 408.0 3.0 338.0 36096.0 
638.0120172941361 8.319672131147541 68.0 410.0 3.0 338.0 36096.0 
640.0120172941361 8.344262295081966 68.0 410.0 3.0 339.0 36198.0 
642.0120172941361 8.393442622950818 68.0 411.0 3.0 341.0 36403.0 
644.0120172941361 8.467213114754099 65.0 412.0 3.0 344.0 36709.0 
646.0120172941361 8.491803278688526 66.0 414.0 3.0 345.0 36811.0 
648.0120172941361 8.491803278688526 67.0 415.0 3.0 345.0 36811.0 
650.0120172941361 8.491803278688526 68.0 418.0 3.0 345.0 36811.0 
652.0070056076822 8.59016393442623 68.0 421.0 3.0 349.0 37221.0 
654.0120172941361 8.614754098360656 70.0 422.0 3.0 350.0 37323.0 
656.0120172941361 8.639344262295081 68.0 423.0 3.0 351.0 37425.0 
658.0120172941361 8.663934426229508 70.0 424.0 3.0 352.0 37527.0 
660.0120172941361 8.688524590163933 70.0 426.0 3.0 353.0 37629.0 
662.0120172941361 8.688524590163933 71.0 427.0 3.0 353.0 37629.0 
664.0120172941361 8.71311475409836 72.0 428.0 3.0 354.0 37731.0 
666.0120172941361 8.71311475409836 71.0 428.0 3.0 354.0 37731.0 
668.0120172941361 8.71311475409836 71.0 428.0 3.0 354.0 37731.0 
670.0120172941361 8.762295081967213 69.0 428.0 3.0 356.0 38157.0 
672.0120172941361 8.78688524590164 69.0 428.0 3.0 357.0 38260.0 
674.0120172941361 8.811475409836067 69.0 429.0 3.0 358.0 38363.0 
676.0120172941361 8.860655737704919 67.0 430.0 3.0 360.0 38567.0 
678.0120172941361 8.885245901639344 67.0 430.0 3.0 361.0 38669.0 
680.0120172941361 8.885245901639344 67.0 431.0 3.0 361.0 38669.0 
682.0120172941361 8.934426229508198 66.0 433.0 3.0 363.0 38873.0 
684.0120172941361 9.032786885245901 67.0 435.0 3.0 367.0 39283.0 
686.0120172941361 9.057377049180328 65.0 435.0 3.0 368.0 39386.0 
688.0120172941361 9.057377049180328 65.0 436.0 3.0 368.0 39386.0 
690.0120172941361 9.057377049180328 67.0 438.0 3.0 368.0 39386.0 
692.0120172941361 9.057377049180328 69.0 440.0 3.0 368.0 39386.0 
694.0120172941361 9.106557377049182 68.0 440.0 3.0 370.0 39591.0 
696.0120172941361 9.131147540983607 67.0 441.0 3.0 371.0 39693.0 
698.0120172941361 9.180327868852459 66.0 441.0 3.0 373.0 39897.0 
700.0120172941361 9.204918032786885 66.0 442.0 3.0 374.0 40000.0 
702.0120172941361 9.204918032786885 65.0 442.0 3.0 374.0 40000.0 
704.0120172941361 9.204918032786885 66.0 443.0 3.0 374.0 40000.0 
706.0120172941361 9.204918032786885 66.0 443.0 3.0 374.0 40000.0 
708.0120172941361 9.254098360655737 65.0 443.0 3.0 376.0 40204.0 
710.0120172941361 9.254098360655737 66.0 445.0 3.0 376.0 40204.0 
712.0120172941361 9.278688524590162 67.0 446.0 3.0 377.0 40307.0 
714.0120172941361 9.252032520325205 64.0 447.0 3.0 379.0 41100.0 
716.0120172941361 9.300813008130081 63.0 447.0 3.0 381.0 41304.0 
718.0120172941361 9.300813008130081 63.0 447.0 3.0 381.0 41304.0 
720.0120172941361 9.373983739837398 61.0 447.0 3.0 384.0 41612.0 
722.0120172941361 9.373983739837398 60.0 448.0 3.0 384.0 41612.0 
724.0120172941361 9.447154471544716 61.0 449.0 3.0 387.0 41919.0 
726.0120172941361 9.471544715447155 60.0 451.0 3.0 388.0 42021.0 
728.0120172941361 9.520325203252034 60.0 451.0 3.0 390.0 42226.0 
730.0120172941361 9.54471544715447 59.0 453.0 3.0 391.0 42328.0 
732.0120172941361 9.59349593495935 61.0 455.0 3.0 393.0 42532.0 
734.0023041941239 9.642276422764228 58.0 456.0 3.0 395.0 42737.0 
736.0120172941361 9.642276422764228 58.0 456.0 3.0 395.0 42737.0 
738.0120172941361 9.666666666666668 59.0 457.0 3.0 396.0 42840.0 
740.0120172941361 9.715447154471544 57.0 457.0 3.0 398.0 43045.0 
742.0120172941361 9.739837398373982 56.0 460.0 3.0 399.0 43148.0 
744.0120172941361 9.764227642276422 58.0 462.0 3.0 400.0 43251.0 
746.0120172941361 9.764227642276422 59.0 463.0 3.0 400.0 43251.0 
748.0120172941361 9.83739837398374 61.0 465.0 3.0 403.0 43558.0 
750.0120172941361 9.86178861788618 60.0 467.0 3.0 404.0 43660.0 
752.0120172941361 9.886178861788617 60.0 468.0 3.0 405.0 43762.0 
754.0120172941361 9.959349593495935 58.0 468.0 3.0 408.0 44071.0 
756.0120172941361 10.032520325203253 55.0 468.0 3.0 411.0 44379.0 
758.0120172941361 10.032520325203253 54.0 468.0 3.0 411.0 44379.0 
760.0120172941361 10.08130081300813 54.0 469.0 3.0 413.0 44584.0 
762.0120172941361 10.130081300813007 53.0 470.0 3.0 415.0 44788.0 
764.0120172941361 10.178861788617887 53.0 471.0 3.0 417.0 45065.0 
766.0120172941361 10.203252032520325 51.0 471.0 3.0 418.0 45168.0 
768.0120172941361 10.227642276422765 51.0 473.0 3.0 419.0 45353.0 
770.0120172941361 10.227642276422765 51.0 474.0 3.0 419.0 45353.0 
772.0120172941361 10.227642276422765 53.0 475.0 3.0 419.0 45353.0 
774.0120172941361 10.227642276422765 54.0 476.0 3.0 419.0 45353.0 
776.0120172941361 10.252032520325205 59.0 483.0 3.0 420.0 45455.0 
778.0115154265861 10.252032520325205 62.0 485.0 3.0 420.0 45455.0 
780.0120172941361 10.276422764227641 62.0 486.0 3.0 421.0 45558.0 
782.0120172941361 10.300813008130081 62.0 487.0 3.0 422.0 45661.0 
784.0120172941361 10.32520325203252 62.0 487.0 3.0 423.0 45764.0 
786.0120172941361 10.398373983739837 63.0 491.0 3.0 426.0 46072.0 
788.0120172941361 10.398373983739837 64.0 495.0 3.0 426.0 46072.0 
790.0120172941361 10.422764227642276 66.0 497.0 3.0 427.0 46174.0 
792.0120172941361 10.471544715447155 68.0 499.0 3.0 429.0 46378.0 
794.0120172941361 10.520325203252034 68.0 501.0 3.0 431.0 46582.0 
796.0107448119959 10.520325203252034 68.0 502.0 3.0 431.0 46582.0 
798.0120172941361 10.54471544715447 68.0 503.0 3.0 432.0 46684.0 
800.0120172941361 10.54471544715447 68.0 503.0 3.0 432.0 46684.0 
802.0120172941361 10.56910569105691 69.0 504.0 3.0 433.0 46786.0 
804.0120172941361 10.56910569105691 68.0 504.0 3.0 433.0 46786.0 
806.0120172941361 10.59349593495935 68.0 504.0 3.0 434.0 46889.0 
808.0120172941361 10.59349593495935 67.0 507.0 4.0 434.0 46902.0 
810.0120172941361 10.59349593495935 71.0 509.0 4.0 434.0 46902.0 
812.0120172941361 10.642276422764228 72.0 510.0 4.0 436.0 47107.0 
814.0120172941361 10.666666666666668 72.0 512.0 4.0 437.0 47210.0 
816.0120172941361 10.666666666666668 71.0 512.0 4.0 437.0 47210.0 
818.0120172941361 10.691056910569106 71.0 513.0 4.0 438.0 47313.0 
820.0120172941361 10.691056910569106 71.0 514.0 4.0 438.0 47313.0 
822.0120172941361 10.691056910569106 72.0 514.0 4.0 438.0 47313.0 
824.0120172941361 10.691056910569106 75.0 519.0 4.0 438.0 47313.0 
826.0120172941361 10.715447154471544 76.0 520.0 4.0 439.0 47416.0 
828.0120172941361 10.739837398373982 76.0 520.0 4.0 440.0 47518.0 
830.0120172941361 10.764227642276422 76.0 521.0 4.0 441.0 47621.0 
832.0120172941361 10.8130081300813 76.0 522.0 4.0 443.0 47826.0 
834.0120172941361 10.86178861788618 74.0 522.0 4.0 445.0 48030.0 
836.0120172941361 10.86178861788618 74.0 523.0 4.0 445.0 48030.0 
838.0120172941361 10.886178861788617 73.0 523.0 4.0 446.0 48133.0 
840.0120172941361 10.910569105691058 72.0 523.0 4.0 447.0 48235.0 
842.0080688076974 10.910569105691058 73.0 524.0 4.0 447.0 48235.0 
844.0120172941361 10.934959349593495 73.0 525.0 4.0 448.0 48337.0 
846.0120172941361 10.983739837398375 72.0 526.0 4.0 450.0 48543.0 
848.0120172941361 11.056910569105693 70.0 526.0 4.0 453.0 49000.0 
850.0109233315143 11.08130081300813 68.0 528.0 4.0 454.0 49103.0 
852.0120172941361 11.105691056910567 71.0 530.0 4.0 455.0 49205.0 
854.0120172941361 11.154471544715445 70.0 530.0 4.0 457.0 49410.0 
856.0120172941361 11.154471544715445 72.0 533.0 4.0 457.0 49410.0 
858.0120172941361 11.154471544715445 72.0 535.0 4.0 457.0 49410.0 
860.0120172941361 11.154471544715445 74.0 535.0 4.0 457.0 49410.0 
862.0120172941361 11.178861788617887 73.0 535.0 4.0 458.0 49512.0 
864.0120172941361 11.203252032520325 73.0 536.0 4.0 459.0 49614.0 
866.0120172941361 11.227642276422765 73.0 536.0 4.0 460.0 49716.0 
868.0120172941361 11.252032520325205 75.0 539.0 4.0 461.0 49837.0 
870.0120172941361 11.300813008130083 75.0 540.0 4.0 463.0 50043.0 
872.0120172941361 11.300813008130083 73.0 540.0 4.0 463.0 50043.0 
874.0120172941361 11.349593495934958 72.0 541.0 4.0 465.0 50249.0 
876.0120172941361 11.373983739837398 72.0 541.0 4.0 466.0 50351.0 
878.0120172941361 11.495934959349592 68.0 542.0 4.0 471.0 50861.0 
880.0120172941361 11.56910569105691 64.0 542.0 4.0 474.0 51169.0 
882.0072428288769 11.56910569105691 65.0 543.0 4.0 474.0 51169.0 
884.0120172941361 11.59349593495935 66.0 545.0 4.0 475.0 51271.0 
886.0120172941361 11.59349593495935 66.0 545.0 4.0 475.0 51271.0 
888.0120172941361 11.691056910569106 66.0 547.0 4.0 479.0 51680.0 
890.0120172941361 11.739837398373982 64.0 548.0 4.0 481.0 51884.0 
892.0120172941361 11.8130081300813 62.0 550.0 4.0 484.0 52192.0 
894.0120172941361 11.886178861788617 60.0 550.0 4.0 487.0 52500.0 
896.0120172941361 11.934959349593495 58.0 550.0 4.0 489.0 52719.0 
898.0120172941361 11.959349593495935 59.0 552.0 4.0 490.0 52821.0 
900.0120172941361 11.983739837398375 59.0 554.0 4.0 491.0 52923.0 
#####################################################################
# End of data export. Simulation finished at: 2020-01-31T09:51+0000 #
#####################################################################
