#####################################################################
# Alchemist log file - simulation started at: 2020-01-16T20:27+0000 #
#####################################################################
# seed = 9.0, taskFrequency = 2.4E-4, cloudcost = 50.0, algorithm = true
#
# The columns have the following meaning: 
# time taskHops[Mean] hasTask[Sum] tasks[Sum] completedTasks[Sum] giveupTasks[Sum] taskLatency[Sum] 
0.0 NaN 0.0 0.0 0.0 0.0 0.0 
2.007825810686062 NaN 0.0 0.0 0.0 0.0 0.0 
4.007825810686062 NaN 0.0 0.0 0.0 0.0 0.0 
6.007825810686062 NaN 0.0 0.0 0.0 0.0 0.0 
8.007825810686061 NaN 0.0 0.0 0.0 0.0 0.0 
10.007825810686061 NaN 0.0 0.0 0.0 0.0 0.0 
12.007825810686061 NaN 0.0 0.0 0.0 0.0 0.0 
14.007825810686061 NaN 0.0 0.0 0.0 0.0 0.0 
16.00782581068606 NaN 0.0 0.0 0.0 0.0 0.0 
18.00782581068606 NaN 0.0 0.0 0.0 0.0 0.0 
20.00782581068606 NaN 0.0 0.0 0.0 0.0 0.0 
22.00782581068606 NaN 0.0 0.0 0.0 0.0 0.0 
24.00782581068606 NaN 0.0 0.0 0.0 0.0 0.0 
26.00782581068606 NaN 0.0 0.0 0.0 0.0 0.0 
28.00782581068606 NaN 0.0 0.0 0.0 0.0 0.0 
30.00782581068606 NaN 0.0 0.0 0.0 0.0 0.0 
32.00782581068606 NaN 0.0 0.0 0.0 0.0 0.0 
34.00782581068606 NaN 0.0 0.0 0.0 0.0 0.0 
36.00782581068606 NaN 0.0 0.0 0.0 0.0 0.0 
38.00782581068606 NaN 0.0 0.0 0.0 0.0 0.0 
40.00782581068606 NaN 0.0 0.0 0.0 0.0 0.0 
42.00782581068606 NaN 0.0 0.0 0.0 0.0 0.0 
44.00782581068606 NaN 0.0 0.0 0.0 0.0 0.0 
46.00782581068606 NaN 0.0 0.0 0.0 0.0 0.0 
48.00782581068606 NaN 0.0 0.0 0.0 0.0 0.0 
50.00782581068606 NaN 0.0 0.0 0.0 0.0 0.0 
52.00782581068606 NaN 0.0 0.0 0.0 0.0 0.0 
54.00782581068606 NaN 0.0 0.0 0.0 0.0 0.0 
56.00782581068606 NaN 0.0 0.0 0.0 0.0 0.0 
58.00782581068606 NaN 0.0 0.0 0.0 0.0 0.0 
60.00782581068606 NaN 0.0 0.0 0.0 0.0 0.0 
62.00782581068606 NaN 0.0 0.0 0.0 0.0 0.0 
64.00782581068606 NaN 0.0 0.0 0.0 0.0 0.0 
66.00782581068606 NaN 0.0 0.0 0.0 0.0 0.0 
68.00782581068606 NaN 1.0 1.0 0.0 0.0 0.0 
70.00782581068606 NaN 1.0 1.0 0.0 0.0 0.0 
72.00782581068606 NaN 1.0 1.0 0.0 0.0 0.0 
74.00782581068606 NaN 1.0 1.0 0.0 0.0 0.0 
76.00782581068606 NaN 1.0 1.0 0.0 0.0 0.0 
78.00782581068606 NaN 1.0 1.0 0.0 0.0 0.0 
80.00782581068606 2.0 1.0 1.0 1.0 0.0 13.0 
82.00782581068606 2.0 0.0 1.0 1.0 0.0 13.0 
84.00782581068606 2.0 0.0 1.0 1.0 0.0 13.0 
86.00782581068606 2.0 0.0 1.0 1.0 0.0 13.0 
88.00782581068606 2.0 0.0 1.0 1.0 0.0 13.0 
90.00782581068606 2.0 0.0 1.0 1.0 0.0 13.0 
92.00782581068606 2.0 0.0 1.0 1.0 0.0 13.0 
94.00782581068606 2.0 0.0 1.0 1.0 0.0 13.0 
96.00782581068606 2.0 0.0 1.0 1.0 0.0 13.0 
98.00782581068606 2.0 0.0 1.0 1.0 0.0 13.0 
100.00782581068606 2.0 1.0 2.0 1.0 0.0 13.0 
102.00782581068606 2.0 1.0 2.0 1.0 0.0 13.0 
104.00782581068606 2.0 1.0 2.0 1.0 0.0 13.0 
106.00782581068606 2.0 1.0 2.0 1.0 0.0 13.0 
108.00782581068606 2.0 1.0 2.0 1.0 0.0 13.0 
110.00782581068606 2.0 1.0 2.0 1.0 0.0 13.0 
112.00782581068606 2.0 1.0 2.0 1.0 0.0 13.0 
114.00782581068606 2.0 0.0 2.0 2.0 0.0 27.0 
116.00782581068606 2.0 0.0 2.0 2.0 0.0 27.0 
118.00782581068606 2.0 0.0 2.0 2.0 0.0 27.0 
120.00782581068606 2.0 0.0 2.0 2.0 0.0 27.0 
122.00782581068606 2.0 0.0 2.0 2.0 0.0 27.0 
124.00782581068606 2.0 0.0 2.0 2.0 0.0 27.0 
126.00782581068606 2.0 0.0 2.0 2.0 0.0 27.0 
128.00782581068606 2.0 0.0 2.0 2.0 0.0 27.0 
130.00782581068606 2.0 0.0 2.0 2.0 0.0 27.0 
132.00782581068606 2.0 0.0 2.0 2.0 0.0 27.0 
134.00782581068606 2.0 0.0 3.0 2.0 0.0 27.0 
136.00782581068606 2.0 1.0 3.0 2.0 0.0 27.0 
138.00782581068606 2.0 1.0 3.0 2.0 0.0 27.0 
140.00782581068606 2.0 1.0 3.0 2.0 0.0 27.0 
142.00782581068606 2.0 2.0 4.0 2.0 0.0 27.0 
144.00782581068606 2.0 2.0 4.0 2.0 0.0 27.0 
146.00782581068606 2.0 2.0 4.0 2.0 0.0 27.0 
148.00782581068606 1.6666666666666667 2.0 4.0 3.0 0.0 41.0 
150.00782581068606 1.6666666666666667 1.0 4.0 3.0 0.0 41.0 
152.00782581068606 1.6666666666666667 1.0 4.0 3.0 0.0 41.0 
154.00782581068606 1.5 1.0 4.0 4.0 0.0 54.0 
156.00782581068606 1.5 0.0 4.0 4.0 0.0 54.0 
158.00782581068606 1.5 0.0 4.0 4.0 0.0 54.0 
160.00782581068606 1.5 0.0 4.0 4.0 0.0 54.0 
162.00782581068606 1.5 0.0 4.0 4.0 0.0 54.0 
164.00782581068606 1.5 1.0 5.0 4.0 0.0 54.0 
166.00782581068606 1.5 1.0 5.0 4.0 0.0 54.0 
168.00782581068606 1.5 1.0 5.0 4.0 0.0 54.0 
170.00782581068606 1.5 1.0 5.0 4.0 0.0 54.0 
172.00782581068606 1.5 1.0 5.0 4.0 0.0 54.0 
174.00782581068606 1.5 1.0 5.0 4.0 0.0 54.0 
176.00782581068606 1.5 1.0 5.0 4.0 0.0 54.0 
178.00782581068606 1.4 0.0 5.0 5.0 0.0 68.0 
180.00782581068606 1.4 0.0 6.0 5.0 0.0 68.0 
182.00782581068606 1.4 1.0 6.0 5.0 0.0 68.0 
184.00782581068606 1.4 1.0 6.0 5.0 0.0 68.0 
186.00782581068606 1.4 1.0 6.0 5.0 0.0 68.0 
188.00782581068606 1.4 1.0 6.0 5.0 0.0 68.0 
190.00782581068606 1.4 1.0 6.0 5.0 0.0 68.0 
192.00782581068606 1.4 1.0 6.0 5.0 0.0 68.0 
194.00782581068606 1.3333333333333333 1.0 6.0 6.0 0.0 82.0 
196.00782581068606 1.3333333333333333 0.0 6.0 6.0 0.0 82.0 
198.00782581068606 1.3333333333333333 0.0 6.0 6.0 0.0 82.0 
200.00782581068606 1.3333333333333333 0.0 6.0 6.0 0.0 82.0 
202.00782581068606 1.3333333333333333 0.0 6.0 6.0 0.0 82.0 
204.00782581068606 1.3333333333333333 0.0 6.0 6.0 0.0 82.0 
206.00782581068606 1.3333333333333333 0.0 6.0 6.0 0.0 82.0 
208.00782581068606 1.3333333333333333 0.0 6.0 6.0 0.0 82.0 
210.00782581068606 1.3333333333333333 0.0 7.0 6.0 0.0 82.0 
212.00782581068606 1.3333333333333333 1.0 7.0 6.0 0.0 82.0 
214.00782581068606 1.3333333333333333 1.0 7.0 6.0 0.0 82.0 
216.00782581068606 1.3333333333333333 1.0 7.0 6.0 0.0 82.0 
218.00782581068606 1.3333333333333333 2.0 8.0 6.0 0.0 82.0 
220.00782581068606 1.3333333333333333 2.0 8.0 6.0 0.0 82.0 
222.00782581068606 1.3333333333333333 2.0 8.0 6.0 0.0 82.0 
224.00782581068606 1.2857142857142858 2.0 8.0 7.0 0.0 96.0 
226.00782581068606 1.2857142857142858 1.0 8.0 7.0 0.0 96.0 
228.00782581068606 1.2857142857142858 1.0 8.0 7.0 0.0 96.0 
230.00782581068606 1.2857142857142858 1.0 8.0 7.0 0.0 96.0 
232.00782581068606 1.25 0.0 8.0 8.0 0.0 110.0 
234.00782581068606 1.25 0.0 8.0 8.0 0.0 110.0 
236.00782581068606 1.25 0.0 8.0 8.0 0.0 110.0 
238.00782581068606 1.25 0.0 8.0 8.0 0.0 110.0 
240.00782581068606 1.25 0.0 8.0 8.0 0.0 110.0 
242.00782581068606 1.25 0.0 8.0 8.0 0.0 110.0 
244.00782581068606 1.25 0.0 8.0 8.0 0.0 110.0 
246.00782581068606 1.25 0.0 8.0 8.0 0.0 110.0 
248.00782581068606 1.25 0.0 8.0 8.0 0.0 110.0 
250.00782581068606 1.25 0.0 8.0 8.0 0.0 110.0 
252.00782581068606 1.25 0.0 8.0 8.0 0.0 110.0 
254.00782581068606 1.25 0.0 8.0 8.0 0.0 110.0 
256.0078258106861 1.25 0.0 8.0 8.0 0.0 110.0 
258.0078258106861 1.25 0.0 8.0 8.0 0.0 110.0 
260.0078258106861 1.25 0.0 8.0 8.0 0.0 110.0 
262.0078258106861 1.25 0.0 8.0 8.0 0.0 110.0 
264.0078258106861 1.25 0.0 8.0 8.0 0.0 110.0 
266.0078258106861 1.25 0.0 8.0 8.0 0.0 110.0 
268.0078258106861 1.25 0.0 8.0 8.0 0.0 110.0 
270.0078258106861 1.25 0.0 8.0 8.0 0.0 110.0 
272.0078258106861 1.25 0.0 8.0 8.0 0.0 110.0 
274.0078258106861 1.25 0.0 8.0 8.0 0.0 110.0 
276.0078258106861 1.25 0.0 8.0 8.0 0.0 110.0 
278.0078258106861 1.25 0.0 8.0 8.0 0.0 110.0 
280.0078258106861 1.25 0.0 8.0 8.0 0.0 110.0 
282.0078258106861 1.25 0.0 8.0 8.0 0.0 110.0 
284.0078258106861 1.25 0.0 8.0 8.0 0.0 110.0 
286.0078258106861 1.25 0.0 8.0 8.0 0.0 110.0 
288.0078258106861 1.25 0.0 8.0 8.0 0.0 110.0 
290.0078258106861 1.25 0.0 8.0 8.0 0.0 110.0 
292.0078258106861 1.25 0.0 8.0 8.0 0.0 110.0 
294.0078258106861 1.25 1.0 9.0 8.0 0.0 110.0 
296.0078258106861 1.25 1.0 9.0 8.0 0.0 110.0 
298.0078258106861 1.25 1.0 9.0 8.0 0.0 110.0 
300.0078258106861 1.25 1.0 9.0 8.0 0.0 110.0 
302.0078258106861 1.25 1.0 9.0 8.0 0.0 110.0 
304.0078258106861 1.25 1.0 9.0 8.0 0.0 110.0 
306.0078258106861 1.3333333333333333 1.0 9.0 9.0 0.0 123.0 
308.0078258106861 1.3333333333333333 0.0 9.0 9.0 0.0 123.0 
310.0078258106861 1.3333333333333333 0.0 9.0 9.0 0.0 123.0 
312.0078258106861 1.3333333333333333 0.0 9.0 9.0 0.0 123.0 
314.0078258106861 1.3333333333333333 0.0 9.0 9.0 0.0 123.0 
316.0078258106861 1.3333333333333333 0.0 9.0 9.0 0.0 123.0 
318.0078258106861 1.3333333333333333 1.0 10.0 9.0 0.0 123.0 
320.0078258106861 1.3333333333333333 1.0 10.0 9.0 0.0 123.0 
322.0078258106861 1.3333333333333333 1.0 10.0 9.0 0.0 123.0 
324.0078258106861 1.3333333333333333 1.0 10.0 9.0 0.0 123.0 
326.0078258106861 1.3333333333333333 1.0 10.0 9.0 0.0 123.0 
328.0078258106861 1.3333333333333333 2.0 11.0 9.0 0.0 123.0 
330.0078258106861 1.4444444444444444 2.0 11.0 10.0 0.0 136.0 
332.0078258106861 1.4444444444444444 1.0 11.0 10.0 0.0 136.0 
334.0078258106861 1.4444444444444444 1.0 11.0 10.0 0.0 136.0 
336.0078258106861 1.4444444444444444 1.0 11.0 10.0 0.0 136.0 
338.0078258106861 1.4444444444444444 1.0 11.0 10.0 0.0 136.0 
340.0078258106861 1.4444444444444444 1.0 11.0 10.0 0.0 136.0 
342.0078258106861 1.5 1.0 12.0 11.0 0.0 150.0 
344.0078258106861 1.5 1.0 12.0 11.0 0.0 150.0 
346.0078258106861 1.5 1.0 12.0 11.0 0.0 150.0 
348.0078258106861 1.5 1.0 12.0 11.0 0.0 150.0 
350.0078258106861 1.5 1.0 13.0 11.0 0.0 150.0 
352.0078258106861 1.5 2.0 13.0 11.0 0.0 150.0 
354.0078258106861 1.5 2.0 13.0 11.0 0.0 150.0 
356.0078258106861 1.5454545454545454 1.0 13.0 12.0 0.0 163.0 
358.0078258106861 1.5454545454545454 1.0 13.0 12.0 0.0 163.0 
360.0078258106861 1.5454545454545454 1.0 13.0 12.0 0.0 163.0 
362.0078258106861 1.5454545454545454 1.0 13.0 12.0 0.0 163.0 
364.0078258106861 1.5 1.0 13.0 13.0 0.0 177.0 
366.0078258106861 1.5 0.0 13.0 13.0 0.0 177.0 
368.0078258106861 1.5 0.0 13.0 13.0 0.0 177.0 
370.0078258106861 1.5 0.0 13.0 13.0 0.0 177.0 
372.0078258106861 1.5 0.0 13.0 13.0 0.0 177.0 
374.0078258106861 1.5 0.0 13.0 13.0 0.0 177.0 
376.0078258106861 1.5 0.0 13.0 13.0 0.0 177.0 
378.0078258106861 1.5 0.0 13.0 13.0 0.0 177.0 
380.0078258106861 1.5 0.0 13.0 13.0 0.0 177.0 
382.0078258106861 1.5 0.0 13.0 13.0 0.0 177.0 
384.0078258106861 1.5 0.0 13.0 13.0 0.0 177.0 
386.0078258106861 1.5 0.0 13.0 13.0 0.0 177.0 
388.0078258106861 1.5 0.0 13.0 13.0 0.0 177.0 
390.0078258106861 1.5 0.0 13.0 13.0 0.0 177.0 
392.0078258106861 1.5 0.0 13.0 13.0 0.0 177.0 
394.0078258106861 1.5 0.0 13.0 13.0 0.0 177.0 
396.0078258106861 1.5 0.0 13.0 13.0 0.0 177.0 
398.0078258106861 1.5 0.0 13.0 13.0 0.0 177.0 
400.0078258106861 1.5 0.0 13.0 13.0 0.0 177.0 
402.0078258106861 1.5 0.0 13.0 13.0 0.0 177.0 
404.0078258106861 1.5 0.0 13.0 13.0 0.0 177.0 
406.0078258106861 1.5 0.0 13.0 13.0 0.0 177.0 
408.0078258106861 1.5 0.0 13.0 13.0 0.0 177.0 
410.0078258106861 1.5 0.0 13.0 13.0 0.0 177.0 
412.0078258106861 1.5 0.0 13.0 13.0 0.0 177.0 
414.0078258106861 1.5 0.0 13.0 13.0 0.0 177.0 
416.0078258106861 1.5 0.0 13.0 13.0 0.0 177.0 
418.0078258106861 1.5 0.0 13.0 13.0 0.0 177.0 
420.0078258106861 1.5 0.0 13.0 13.0 0.0 177.0 
422.0078258106861 1.5 0.0 13.0 13.0 0.0 177.0 
424.0078258106861 1.5 0.0 13.0 13.0 0.0 177.0 
426.0078258106861 1.5 1.0 14.0 13.0 0.0 177.0 
428.0078258106861 1.5 1.0 14.0 13.0 0.0 177.0 
430.0078258106861 1.5 1.0 14.0 13.0 0.0 177.0 
432.0078258106861 1.5 1.0 15.0 13.0 0.0 177.0 
434.0078258106861 1.5 2.0 15.0 13.0 0.0 177.0 
436.0078258106861 1.5 2.0 15.0 13.0 0.0 177.0 
438.0078258106861 1.5 2.0 15.0 13.0 0.0 177.0 
440.0078258106861 1.5 2.0 15.0 13.0 0.0 177.0 
442.0078258106861 1.5 2.0 15.0 13.0 0.0 177.0 
444.0078258106861 1.5 2.0 15.0 13.0 0.0 177.0 
446.0078258106861 1.7857142857142858 2.0 16.0 15.0 0.0 210.0 
448.0078258106861 1.7857142857142858 2.0 17.0 15.0 0.0 210.0 
450.0078258106861 1.7857142857142858 2.0 17.0 15.0 0.0 210.0 
452.0078258106861 1.7857142857142858 2.0 17.0 15.0 0.0 210.0 
454.0078258106861 1.7857142857142858 2.0 17.0 15.0 0.0 210.0 
456.0078258106861 1.7857142857142858 2.0 17.0 15.0 0.0 210.0 
458.0078258106861 1.7333333333333334 2.0 17.0 16.0 0.0 223.0 
460.0078258106861 1.7333333333333334 1.0 17.0 16.0 0.0 223.0 
462.0078258106861 1.8125 0.0 17.0 17.0 0.0 237.0 
464.0078258106861 1.8125 0.0 17.0 17.0 0.0 237.0 
466.0078258106861 1.8125 0.0 17.0 17.0 0.0 237.0 
468.0078258106861 1.8125 0.0 17.0 17.0 0.0 237.0 
470.0078258106861 1.8125 0.0 17.0 17.0 0.0 237.0 
472.0078258106861 1.8125 0.0 17.0 17.0 0.0 237.0 
474.0078258106861 1.8125 0.0 17.0 17.0 0.0 237.0 
476.0078258106861 1.8125 0.0 17.0 17.0 0.0 237.0 
478.0078258106861 1.8125 0.0 17.0 17.0 0.0 237.0 
480.0078258106861 1.8125 0.0 17.0 17.0 0.0 237.0 
482.0078258106861 1.8125 0.0 17.0 17.0 0.0 237.0 
484.0078258106861 1.8125 0.0 17.0 17.0 0.0 237.0 
486.0078258106861 1.8125 0.0 17.0 17.0 0.0 237.0 
488.0078258106861 1.8125 0.0 17.0 17.0 0.0 237.0 
490.0078258106861 1.8125 0.0 17.0 17.0 0.0 237.0 
492.0078258106861 1.8125 0.0 17.0 17.0 0.0 237.0 
494.0078258106861 1.8125 0.0 17.0 17.0 0.0 237.0 
496.0078258106861 1.8125 0.0 17.0 17.0 0.0 237.0 
498.0078258106861 1.8125 0.0 17.0 17.0 0.0 237.0 
500.0078258106861 1.8125 0.0 17.0 17.0 0.0 237.0 
502.0078258106861 1.8125 0.0 17.0 17.0 0.0 237.0 
504.0078258106861 1.8125 0.0 17.0 17.0 0.0 237.0 
506.0078258106861 1.8125 0.0 17.0 17.0 0.0 237.0 
508.0078258106861 1.8125 0.0 17.0 17.0 0.0 237.0 
510.0078258106861 1.8125 1.0 18.0 17.0 0.0 237.0 
512.0078258106861 1.8125 2.0 19.0 17.0 0.0 237.0 
514.0078258106861 1.8125 2.0 19.0 17.0 0.0 237.0 
516.0078258106861 1.8125 2.0 19.0 17.0 0.0 237.0 
518.0078258106861 1.8125 2.0 19.0 17.0 0.0 237.0 
520.0078258106861 1.8125 2.0 19.0 17.0 0.0 237.0 
522.0078258106861 1.8125 2.0 19.0 17.0 0.0 237.0 
524.0078258106861 1.8125 2.0 19.0 17.0 0.0 237.0 
526.0078258106861 1.8235294117647058 1.0 19.0 18.0 0.0 251.0 
528.0078258106861 1.8888888888888888 1.0 19.0 19.0 0.0 270.0 
530.0078258106861 1.8888888888888888 0.0 19.0 19.0 0.0 270.0 
532.0078258106861 1.8888888888888888 0.0 19.0 19.0 0.0 270.0 
534.0078258106861 1.8888888888888888 0.0 19.0 19.0 0.0 270.0 
536.0078258106861 1.8888888888888888 0.0 19.0 19.0 0.0 270.0 
538.0078258106861 1.8888888888888888 0.0 19.0 19.0 0.0 270.0 
540.0078258106861 1.8888888888888888 0.0 19.0 19.0 0.0 270.0 
542.0078258106861 1.8888888888888888 0.0 19.0 19.0 0.0 270.0 
544.0078258106861 1.8888888888888888 0.0 19.0 19.0 0.0 270.0 
546.0078258106861 1.8888888888888888 0.0 19.0 19.0 0.0 270.0 
548.0078258106861 1.8888888888888888 0.0 19.0 19.0 0.0 270.0 
550.0078258106861 1.8888888888888888 0.0 19.0 19.0 0.0 270.0 
552.0078258106861 1.8888888888888888 0.0 19.0 19.0 0.0 270.0 
554.0078258106861 1.8888888888888888 0.0 19.0 19.0 0.0 270.0 
556.0078258106861 1.8888888888888888 0.0 19.0 19.0 0.0 270.0 
558.0078258106861 1.8888888888888888 0.0 19.0 19.0 0.0 270.0 
560.0078258106861 1.8888888888888888 0.0 19.0 19.0 0.0 270.0 
562.0078258106861 1.8888888888888888 0.0 19.0 19.0 0.0 270.0 
564.0078258106861 1.8888888888888888 0.0 19.0 19.0 0.0 270.0 
566.0078258106861 1.8888888888888888 0.0 19.0 19.0 0.0 270.0 
568.0078258106861 1.8888888888888888 0.0 19.0 19.0 0.0 270.0 
570.0078258106861 1.8888888888888888 0.0 19.0 19.0 0.0 270.0 
572.0078258106861 1.8888888888888888 0.0 19.0 19.0 0.0 270.0 
574.0078258106861 1.8888888888888888 0.0 19.0 19.0 0.0 270.0 
576.0078258106861 1.8888888888888888 0.0 19.0 19.0 0.0 270.0 
578.0078258106861 1.8888888888888888 0.0 19.0 19.0 0.0 270.0 
580.0078258106861 1.8888888888888888 0.0 19.0 19.0 0.0 270.0 
582.0078258106861 1.8888888888888888 0.0 19.0 19.0 0.0 270.0 
584.0078258106861 1.8888888888888888 0.0 19.0 19.0 0.0 270.0 
586.0078258106861 1.8888888888888888 0.0 19.0 19.0 0.0 270.0 
588.0078258106861 1.8888888888888888 0.0 19.0 19.0 0.0 270.0 
590.0078258106861 1.8888888888888888 0.0 19.0 19.0 0.0 270.0 
592.0078258106861 1.8888888888888888 0.0 19.0 19.0 0.0 270.0 
594.0078258106861 1.8888888888888888 0.0 19.0 19.0 0.0 270.0 
596.0078258106861 1.8888888888888888 0.0 19.0 19.0 0.0 270.0 
598.0078258106861 1.8888888888888888 0.0 19.0 19.0 0.0 270.0 
600.0078258106861 1.8888888888888888 0.0 19.0 19.0 0.0 270.0 
602.0078258106861 1.8888888888888888 0.0 19.0 19.0 0.0 270.0 
604.0078258106861 1.8888888888888888 0.0 19.0 19.0 0.0 270.0 
606.0078258106861 1.8888888888888888 1.0 20.0 19.0 0.0 270.0 
608.0078258106861 1.8888888888888888 1.0 20.0 19.0 0.0 270.0 
610.0078258106861 1.8888888888888888 1.0 20.0 19.0 0.0 270.0 
612.0078258106861 1.8888888888888888 1.0 20.0 19.0 0.0 270.0 
614.0078258106861 1.8888888888888888 1.0 20.0 19.0 0.0 270.0 
616.0078258106861 1.8888888888888888 1.0 20.0 19.0 0.0 270.0 
618.0078258106861 1.8888888888888888 1.0 20.0 19.0 0.0 270.0 
620.0078258106861 1.8421052631578947 0.0 20.0 20.0 0.0 284.0 
622.0078258106861 1.8421052631578947 0.0 20.0 20.0 0.0 284.0 
624.0078258106861 1.8421052631578947 0.0 20.0 20.0 0.0 284.0 
626.0078258106861 1.8421052631578947 0.0 20.0 20.0 0.0 284.0 
628.0078258106861 1.8421052631578947 0.0 20.0 20.0 0.0 284.0 
630.0078258106861 1.8421052631578947 0.0 20.0 20.0 0.0 284.0 
632.0078258106861 1.8421052631578947 0.0 20.0 20.0 0.0 284.0 
634.0078258106861 1.8421052631578947 0.0 20.0 20.0 0.0 284.0 
636.0078258106861 1.8421052631578947 0.0 20.0 20.0 0.0 284.0 
638.0078258106861 1.8421052631578947 0.0 20.0 20.0 0.0 284.0 
640.0078258106861 1.8421052631578947 0.0 20.0 20.0 0.0 284.0 
642.0078258106861 1.8421052631578947 0.0 20.0 20.0 0.0 284.0 
644.0078258106861 1.8421052631578947 0.0 20.0 20.0 0.0 284.0 
646.0078258106861 1.8421052631578947 0.0 20.0 20.0 0.0 284.0 
648.0078258106861 1.8421052631578947 0.0 20.0 20.0 0.0 284.0 
650.0078258106861 1.8421052631578947 0.0 20.0 20.0 0.0 284.0 
652.0078258106861 1.8421052631578947 0.0 20.0 20.0 0.0 284.0 
654.0078258106861 1.8421052631578947 0.0 20.0 20.0 0.0 284.0 
656.0078258106861 1.8421052631578947 0.0 20.0 20.0 0.0 284.0 
658.0078258106861 1.8421052631578947 0.0 20.0 20.0 0.0 284.0 
660.0078258106861 1.8421052631578947 0.0 20.0 20.0 0.0 284.0 
662.0078258106861 1.8421052631578947 0.0 20.0 20.0 0.0 284.0 
664.0078258106861 1.8421052631578947 0.0 20.0 20.0 0.0 284.0 
666.0078258106861 1.8421052631578947 0.0 20.0 20.0 0.0 284.0 
668.0078258106861 1.8421052631578947 1.0 21.0 20.0 0.0 284.0 
670.0078258106861 1.8421052631578947 1.0 21.0 20.0 0.0 284.0 
672.0078258106861 1.8421052631578947 1.0 21.0 20.0 0.0 284.0 
674.0078258106861 1.8421052631578947 1.0 21.0 20.0 0.0 284.0 
676.0078258106861 1.8421052631578947 1.0 21.0 20.0 0.0 284.0 
678.0078258106861 1.8421052631578947 1.0 21.0 20.0 0.0 284.0 
680.0078258106861 1.8421052631578947 1.0 21.0 20.0 0.0 284.0 
682.0078258106861 1.85 0.0 21.0 21.0 0.0 297.0 
684.0078258106861 1.85 0.0 21.0 21.0 0.0 297.0 
686.0078258106861 1.85 0.0 21.0 21.0 0.0 297.0 
688.0078258106861 1.85 0.0 22.0 21.0 0.0 297.0 
690.0078258106861 1.85 1.0 22.0 21.0 0.0 297.0 
692.0078258106861 1.85 1.0 22.0 21.0 0.0 297.0 
694.0078258106861 1.85 1.0 22.0 21.0 0.0 297.0 
696.0078258106861 1.85 1.0 22.0 21.0 0.0 297.0 
698.0078258106861 1.85 1.0 22.0 21.0 0.0 297.0 
700.0078258106861 1.85 1.0 22.0 21.0 0.0 297.0 
702.0078258106861 1.8571428571428572 1.0 22.0 22.0 0.0 311.0 
704.0078258106861 1.8571428571428572 0.0 22.0 22.0 0.0 311.0 
706.0078258106861 1.8571428571428572 0.0 22.0 22.0 0.0 311.0 
708.0078258106861 1.8571428571428572 0.0 22.0 22.0 0.0 311.0 
710.0078258106861 1.8571428571428572 0.0 22.0 22.0 0.0 311.0 
712.0078258106861 1.8571428571428572 0.0 22.0 22.0 0.0 311.0 
714.0078258106861 1.8571428571428572 0.0 22.0 22.0 0.0 311.0 
716.0078258106861 1.8571428571428572 0.0 22.0 22.0 0.0 311.0 
718.0078258106861 1.8571428571428572 0.0 22.0 22.0 0.0 311.0 
720.0078258106861 1.8571428571428572 0.0 22.0 22.0 0.0 311.0 
722.0078258106861 1.8571428571428572 0.0 22.0 22.0 0.0 311.0 
724.0078258106861 1.8571428571428572 0.0 22.0 22.0 0.0 311.0 
726.0078258106861 1.8571428571428572 0.0 22.0 22.0 0.0 311.0 
728.0078258106861 1.8571428571428572 0.0 22.0 22.0 0.0 311.0 
730.0078258106861 1.8571428571428572 0.0 22.0 22.0 0.0 311.0 
732.0078258106861 1.8571428571428572 0.0 22.0 22.0 0.0 311.0 
734.0078258106861 1.8571428571428572 0.0 22.0 22.0 0.0 311.0 
736.0078258106861 1.8571428571428572 0.0 22.0 22.0 0.0 311.0 
738.0078258106861 1.8571428571428572 0.0 22.0 22.0 0.0 311.0 
740.0078258106861 1.8571428571428572 0.0 22.0 22.0 0.0 311.0 
742.0078258106861 1.8571428571428572 0.0 22.0 22.0 0.0 311.0 
744.0078258106861 1.8571428571428572 0.0 22.0 22.0 0.0 311.0 
746.0078258106861 1.8571428571428572 0.0 22.0 22.0 0.0 311.0 
748.0078258106861 1.8571428571428572 0.0 22.0 22.0 0.0 311.0 
750.0078258106861 1.8571428571428572 0.0 22.0 22.0 0.0 311.0 
752.0078258106861 1.8571428571428572 0.0 22.0 22.0 0.0 311.0 
754.0078258106861 1.8571428571428572 0.0 22.0 22.0 0.0 311.0 
756.0078258106861 1.8571428571428572 0.0 22.0 22.0 0.0 311.0 
758.0078258106861 1.8571428571428572 0.0 22.0 22.0 0.0 311.0 
760.0078258106861 1.8571428571428572 0.0 22.0 22.0 0.0 311.0 
762.0078258106861 1.8571428571428572 0.0 22.0 22.0 0.0 311.0 
764.0078258106861 1.8571428571428572 0.0 22.0 22.0 0.0 311.0 
766.0078258106861 1.8571428571428572 0.0 22.0 22.0 0.0 311.0 
768.0078258106861 1.8571428571428572 0.0 22.0 22.0 0.0 311.0 
770.0078258106861 1.8571428571428572 0.0 22.0 22.0 0.0 311.0 
772.0078258106861 1.8571428571428572 0.0 22.0 22.0 0.0 311.0 
774.0078258106861 1.8571428571428572 0.0 22.0 22.0 0.0 311.0 
776.0078258106861 1.8571428571428572 0.0 22.0 22.0 0.0 311.0 
778.0078258106861 1.8571428571428572 0.0 22.0 22.0 0.0 311.0 
780.0078258106861 1.8571428571428572 0.0 22.0 22.0 0.0 311.0 
782.0078258106861 1.8571428571428572 0.0 22.0 22.0 0.0 311.0 
784.0078258106861 1.8571428571428572 0.0 22.0 22.0 0.0 311.0 
786.0078258106861 1.8571428571428572 0.0 22.0 22.0 0.0 311.0 
788.0078258106861 1.8571428571428572 0.0 22.0 22.0 0.0 311.0 
790.0078258106861 1.8571428571428572 0.0 22.0 22.0 0.0 311.0 
792.0078258106861 1.8571428571428572 0.0 22.0 22.0 0.0 311.0 
794.0078258106861 1.8571428571428572 0.0 22.0 22.0 0.0 311.0 
796.0078258106861 1.8571428571428572 0.0 22.0 22.0 0.0 311.0 
798.0078258106861 1.8571428571428572 0.0 22.0 22.0 0.0 311.0 
800.0078258106861 1.8571428571428572 0.0 22.0 22.0 0.0 311.0 
802.0078258106861 1.8571428571428572 0.0 22.0 22.0 0.0 311.0 
804.0078258106861 1.8571428571428572 0.0 22.0 22.0 0.0 311.0 
806.0078258106861 1.8571428571428572 0.0 22.0 22.0 0.0 311.0 
808.0078258106861 1.8571428571428572 0.0 22.0 22.0 0.0 311.0 
810.0078258106861 1.8571428571428572 0.0 22.0 22.0 0.0 311.0 
812.0078258106861 1.8571428571428572 0.0 22.0 22.0 0.0 311.0 
814.0078258106861 1.8571428571428572 0.0 22.0 22.0 0.0 311.0 
816.0078258106861 1.8571428571428572 0.0 22.0 22.0 0.0 311.0 
818.0078258106861 1.8571428571428572 0.0 22.0 22.0 0.0 311.0 
820.0078258106861 1.8571428571428572 0.0 22.0 22.0 0.0 311.0 
822.0078258106861 1.8571428571428572 0.0 22.0 22.0 0.0 311.0 
824.0078258106861 1.8571428571428572 0.0 22.0 22.0 0.0 311.0 
826.0078258106861 1.8571428571428572 0.0 22.0 22.0 0.0 311.0 
828.0078258106861 1.8571428571428572 0.0 22.0 22.0 0.0 311.0 
830.0078258106861 1.8571428571428572 0.0 22.0 22.0 0.0 311.0 
832.0078258106861 1.8571428571428572 0.0 22.0 22.0 0.0 311.0 
834.0078258106861 1.8571428571428572 0.0 22.0 22.0 0.0 311.0 
836.0078258106861 1.8571428571428572 0.0 22.0 22.0 0.0 311.0 
838.0078258106861 1.8571428571428572 0.0 22.0 22.0 0.0 311.0 
840.0078258106861 1.8571428571428572 0.0 22.0 22.0 0.0 311.0 
842.0078258106861 1.8571428571428572 0.0 22.0 22.0 0.0 311.0 
844.0078258106861 1.8571428571428572 0.0 22.0 22.0 0.0 311.0 
846.0078258106861 1.8571428571428572 0.0 22.0 22.0 0.0 311.0 
848.0078258106861 1.8571428571428572 0.0 22.0 22.0 0.0 311.0 
850.0078258106861 1.8571428571428572 0.0 22.0 22.0 0.0 311.0 
852.0078258106861 1.8571428571428572 0.0 22.0 22.0 0.0 311.0 
854.0078258106861 1.8571428571428572 0.0 22.0 22.0 0.0 311.0 
856.0078258106861 1.8571428571428572 0.0 22.0 22.0 0.0 311.0 
858.0078258106861 1.8571428571428572 0.0 22.0 22.0 0.0 311.0 
860.0078258106861 1.8571428571428572 0.0 22.0 22.0 0.0 311.0 
862.0078258106861 1.8571428571428572 0.0 22.0 22.0 0.0 311.0 
864.0078258106861 1.8571428571428572 0.0 22.0 22.0 0.0 311.0 
866.0078258106861 1.8571428571428572 0.0 22.0 22.0 0.0 311.0 
868.0078258106861 1.8571428571428572 0.0 23.0 22.0 0.0 311.0 
870.0078258106861 1.8571428571428572 1.0 23.0 22.0 0.0 311.0 
872.0078258106861 1.8571428571428572 1.0 23.0 22.0 0.0 311.0 
874.0078258106861 1.8571428571428572 1.0 23.0 22.0 0.0 311.0 
876.0078258106861 1.8571428571428572 1.0 23.0 22.0 0.0 311.0 
878.0078258106861 1.8571428571428572 1.0 23.0 22.0 0.0 311.0 
880.0078258106861 1.8571428571428572 1.0 23.0 22.0 0.0 311.0 
882.0078258106861 1.8181818181818181 2.0 24.0 23.0 0.0 325.0 
884.0078258106861 1.8181818181818181 1.0 24.0 23.0 0.0 325.0 
886.0078258106861 1.8181818181818181 1.0 24.0 23.0 0.0 325.0 
888.0078258106861 1.8181818181818181 1.0 24.0 23.0 0.0 325.0 
890.0078258106861 1.8181818181818181 1.0 24.0 23.0 0.0 325.0 
892.0078258106861 1.8181818181818181 1.0 24.0 23.0 0.0 325.0 
894.0078258106861 1.8181818181818181 1.0 24.0 23.0 0.0 325.0 
896.0078258106861 1.826086956521739 0.0 24.0 24.0 0.0 339.0 
898.0078258106861 1.826086956521739 1.0 25.0 24.0 0.0 339.0 
900.0078258106861 1.826086956521739 1.0 25.0 24.0 0.0 339.0 
#####################################################################
# End of data export. Simulation finished at: 2020-01-16T20:28+0000 #
#####################################################################
