#####################################################################
# Alchemist log file - simulation started at: 2020-01-15T13:44+0000 #
#####################################################################
# seed = 4.0, taskFrequency = 0.00316, cloudcost = 0.0, algorithm = false
#
# The columns have the following meaning: 
# time taskHops[Mean] hasTask[Sum] tasks[Sum] completedTasks[Sum] giveupTasks[Sum] taskLatency[Sum] 
0.0 NaN 0.0 0.0 0.0 0.0 0.0 
2.0048193674555734 NaN 2.0 2.0 0.0 0.0 0.0 
4.004819367455573 NaN 3.0 3.0 0.0 0.0 0.0 
6.004819367455573 NaN 3.0 3.0 0.0 0.0 0.0 
8.004819367455573 NaN 3.0 4.0 0.0 0.0 0.0 
10.004819367455573 NaN 6.0 6.0 0.0 0.0 0.0 
12.004819367455573 NaN 7.0 7.0 0.0 0.0 0.0 
14.004819367455573 NaN 8.0 8.0 0.0 0.0 0.0 
16.004819367455575 NaN 9.0 9.0 0.0 0.0 0.0 
18.004819367455575 NaN 10.0 10.0 0.0 0.0 0.0 
20.004819367455575 NaN 10.0 10.0 0.0 0.0 0.0 
22.004819367455575 NaN 10.0 10.0 0.0 0.0 0.0 
24.004819367455575 NaN 12.0 12.0 0.0 0.0 0.0 
26.004819367455575 NaN 12.0 12.0 0.0 0.0 0.0 
28.004819367455575 NaN 13.0 14.0 0.0 0.0 0.0 
30.004819367455575 NaN 15.0 16.0 0.0 0.0 0.0 
32.004819367455575 NaN 16.0 16.0 0.0 0.0 0.0 
34.004819367455575 NaN 16.0 17.0 0.0 0.0 0.0 
36.004819367455575 NaN 17.0 17.0 0.0 0.0 0.0 
38.004819367455575 NaN 19.0 19.0 0.0 0.0 0.0 
40.004819367455575 NaN 20.0 20.0 0.0 0.0 0.0 
42.004819367455575 NaN 21.0 21.0 0.0 0.0 0.0 
44.004819367455575 NaN 22.0 22.0 0.0 0.0 0.0 
46.004819367455575 NaN 22.0 22.0 0.0 0.0 0.0 
48.004819367455575 NaN 23.0 23.0 0.0 0.0 0.0 
50.004819367455575 NaN 23.0 23.0 0.0 0.0 0.0 
52.004819367455575 NaN 23.0 23.0 0.0 0.0 0.0 
54.004819367455575 NaN 25.0 25.0 0.0 0.0 0.0 
56.004819367455575 NaN 25.0 25.0 0.0 0.0 0.0 
58.004819367455575 NaN 25.0 25.0 0.0 0.0 0.0 
60.004819367455575 NaN 25.0 25.0 0.0 0.0 0.0 
62.004819367455575 NaN 25.0 26.0 0.0 0.0 0.0 
64.00481936745558 NaN 28.0 28.0 0.0 0.0 0.0 
66.00481936745558 NaN 29.0 29.0 0.0 0.0 0.0 
68.00481936745558 NaN 29.0 29.0 0.0 0.0 0.0 
70.00481936745558 NaN 29.0 29.0 0.0 0.0 0.0 
72.00481936745558 NaN 29.0 30.0 0.0 0.0 0.0 
74.00481936745558 NaN 30.0 31.0 0.0 0.0 0.0 
76.00481936745558 NaN 31.0 32.0 0.0 0.0 0.0 
78.00481936745558 NaN 33.0 34.0 0.0 0.0 0.0 
80.00481936745558 NaN 36.0 36.0 0.0 0.0 0.0 
82.00481936745558 NaN 36.0 36.0 0.0 0.0 0.0 
84.00481936745558 NaN 37.0 37.0 0.0 0.0 0.0 
86.00481936745558 NaN 38.0 38.0 0.0 0.0 0.0 
88.00481936745558 NaN 38.0 38.0 0.0 0.0 0.0 
90.00481936745558 NaN 38.0 38.0 0.0 0.0 0.0 
92.00481936745558 NaN 38.0 38.0 0.0 0.0 0.0 
94.00481936745558 NaN 38.0 38.0 0.0 0.0 0.0 
96.00481936745558 NaN 38.0 38.0 0.0 0.0 0.0 
98.00481936745558 NaN 38.0 38.0 0.0 0.0 0.0 
100.00481936745558 NaN 38.0 38.0 0.0 0.0 0.0 
102.00481936745558 NaN 38.0 38.0 0.0 0.0 0.0 
104.00481936745558 NaN 39.0 39.0 0.0 0.0 0.0 
106.00481936745558 0.0 39.0 39.0 0.0 1.0 102.0 
108.00481936745558 0.0 39.0 40.0 0.0 1.0 102.0 
110.00481936745558 0.0 39.0 40.0 0.0 1.0 102.0 
112.00481936745558 0.0 39.0 41.0 0.0 3.0 307.0 
114.00481936745558 0.0 39.0 42.0 0.0 3.0 307.0 
116.00481936745558 0.0 39.0 42.0 0.0 3.0 307.0 
118.00481936745558 0.0 39.0 42.0 0.0 4.0 409.0 
120.00481936745558 0.0 38.0 42.0 0.0 5.0 512.0 
122.00481936745558 0.0 39.0 44.0 0.0 5.0 512.0 
124.00481936745558 0.0 39.0 44.0 0.0 5.0 512.0 
126.00481936745558 0.0 38.0 44.0 0.0 7.0 738.0 
128.00481936745558 0.0 37.0 44.0 0.0 7.0 738.0 
130.00481936745558 0.0 38.0 45.0 0.0 8.0 866.0 
132.00481936745558 0.0 38.0 47.0 0.0 10.0 1072.0 
134.00481936745558 0.0 36.0 47.0 0.0 11.0 1175.0 
136.00481936745558 0.0 37.0 48.0 0.0 11.0 1175.0 
138.00481936745558 0.0 36.0 48.0 0.0 13.0 1411.0 
140.00481936745558 0.0 34.0 48.0 0.0 15.0 1615.0 
142.00481936745558 0.0 32.0 49.0 0.0 16.0 1717.0 
144.00481936745558 0.0 32.0 51.0 0.0 17.0 1819.0 
146.00481936745558 0.0 35.0 52.0 0.0 18.0 1921.0 
148.00481936745558 0.0 34.0 52.0 0.0 18.0 1921.0 
150.00481936745558 0.0 33.0 52.0 0.0 19.0 2023.0 
152.00481936745558 0.0 33.0 52.0 0.0 19.0 2023.0 
154.00481936745558 0.0 34.0 53.0 0.0 19.0 2023.0 
156.00481936745558 0.0 34.0 53.0 0.0 20.0 2126.0 
158.00481936745558 0.0 33.0 53.0 0.0 20.0 2126.0 
160.00481936745558 0.0 33.0 53.0 0.0 20.0 2126.0 
162.00481936745558 0.0 36.0 56.0 0.0 20.0 2126.0 
164.00481936745558 0.0 38.0 59.0 0.0 20.0 2126.0 
166.00481936745558 0.0 39.0 59.0 0.0 22.0 2331.0 
168.00481936745558 0.0 38.0 60.0 0.0 23.0 2434.0 
170.00481936745558 0.0 37.0 61.0 0.0 23.0 2434.0 
172.00481936745558 0.0 38.0 61.0 0.0 23.0 2434.0 
174.00481936745558 0.0 39.0 62.0 0.0 23.0 2434.0 
176.00481936745558 0.0 38.0 63.0 0.0 24.0 2537.0 
178.00481936745558 0.0 39.0 64.0 0.0 25.0 2640.0 
180.00481936745558 0.0 37.0 64.0 0.0 27.0 2845.0 
182.00481936745558 0.03448275862068967 37.0 65.0 0.0 29.0 3051.0 
184.00481936745558 0.03448275862068967 36.0 66.0 0.0 29.0 3051.0 
186.00481936745558 0.03333333333333334 37.0 67.0 0.0 30.0 3153.0 
188.00481936745558 0.03225806451612905 37.0 67.0 0.0 31.0 3256.0 
190.00481936745558 0.03225806451612905 37.0 69.0 0.0 31.0 3256.0 
192.00481936745558 0.03225806451612905 38.0 69.0 0.0 31.0 3256.0 
194.00481936745558 0.03225806451612905 38.0 69.0 0.0 31.0 3256.0 
196.00481936745558 0.03225806451612905 39.0 71.0 0.0 31.0 3256.0 
198.00481936745558 0.03225806451612905 40.0 72.0 0.0 31.0 3256.0 
200.00481936745558 0.03225806451612905 41.0 72.0 0.0 31.0 3256.0 
202.00481936745558 0.03225806451612905 42.0 73.0 0.0 31.0 3256.0 
204.00481936745558 0.03225806451612905 42.0 73.0 0.0 31.0 3256.0 
206.00481936745558 0.03125 44.0 76.0 0.0 32.0 3358.0 
208.00481936745558 0.03125 44.0 76.0 0.0 32.0 3358.0 
210.00481936745558 0.03030303030303032 45.0 77.0 0.0 33.0 3460.0 
212.00481936745558 0.03030303030303032 44.0 77.0 0.0 33.0 3460.0 
214.00481936745558 0.028571428571428564 44.0 77.0 0.0 35.0 3743.0 
216.00481936745558 0.028571428571428564 42.0 77.0 0.0 35.0 3743.0 
218.00481936745558 0.028571428571428564 43.0 78.0 0.0 35.0 3743.0 
220.00481936745558 0.028571428571428564 43.0 78.0 0.0 35.0 3743.0 
222.00481936745558 0.028571428571428564 43.0 78.0 0.0 35.0 3743.0 
224.00481936745558 0.02702702702702705 42.0 78.0 0.0 37.0 3947.0 
226.00481936745558 0.02702702702702705 41.0 78.0 0.0 37.0 3947.0 
228.00481936745558 0.02702702702702705 42.0 79.0 0.0 37.0 3947.0 
230.00481936745558 0.02702702702702705 42.0 79.0 0.0 37.0 3947.0 
232.00481936745558 0.026315789473684226 42.0 80.0 0.0 38.0 4049.0 
234.00481936745558 0.02564102564102563 42.0 80.0 0.0 40.0 4255.0 
236.00481936745558 0.02564102564102563 40.0 80.0 0.0 40.0 4255.0 
238.00481936745558 0.024999999999999988 41.0 81.0 0.0 41.0 4357.0 
240.00481936745558 0.024999999999999988 40.0 82.0 0.0 41.0 4357.0 
242.00481936745558 0.024999999999999988 41.0 82.0 0.0 41.0 4357.0 
244.00481936745558 0.024390243902439015 40.0 83.0 0.0 42.0 4592.0 
246.00481936745558 0.02380952380952379 41.0 84.0 0.0 43.0 4695.0 
248.00481936745558 0.02173913043478262 38.0 85.0 0.0 47.0 5171.0 
250.00481936745558 0.02173913043478262 38.0 85.0 0.0 47.0 5171.0 
252.00481936745558 0.02173913043478262 40.0 87.0 0.0 47.0 5171.0 
254.00481936745558 0.02173913043478262 40.0 87.0 0.0 47.0 5171.0 
256.0048193674556 0.021276595744680847 41.0 88.0 0.0 48.0 5273.0 
258.0048193674556 0.021276595744680847 40.0 88.0 0.0 48.0 5273.0 
260.0048193674556 0.021276595744680847 40.0 88.0 0.0 48.0 5273.0 
262.0048193674556 0.021276595744680847 40.0 88.0 0.0 48.0 5273.0 
264.0048193674556 0.020408163265306107 41.0 89.0 0.0 51.0 5582.0 
266.0048193674556 0.01960784313725489 37.0 89.0 0.0 53.0 5786.0 
268.0048193674556 0.01960784313725489 36.0 89.0 0.0 53.0 5786.0 
270.0048193674556 0.01923076923076922 37.0 90.0 0.0 54.0 5888.0 
272.0048193674556 0.01886792452830189 35.0 90.0 0.0 55.0 6097.0 
274.0048193674556 0.018518518518518535 34.0 90.0 0.0 56.0 6200.0 
276.0048193674556 0.018181818181818174 34.0 90.0 0.0 57.0 6302.0 
278.0048193674556 0.018181818181818174 33.0 90.0 0.0 57.0 6302.0 
280.0048193674556 0.01754385964912279 32.0 91.0 0.0 59.0 6507.0 
282.0048193674556 0.01754385964912279 32.0 91.0 0.0 59.0 6507.0 
284.0048193674556 0.016949152542372895 30.0 91.0 0.0 61.0 6778.0 
286.0048193674556 0.016949152542372895 31.0 92.0 0.0 61.0 6778.0 
288.0048193674556 0.01666666666666665 30.0 92.0 0.0 63.0 6984.0 
290.0048193674556 0.01666666666666665 29.0 92.0 0.0 63.0 6984.0 
292.0048193674556 0.01639344262295081 29.0 93.0 0.0 64.0 7086.0 
294.0048193674556 0.016129032258064526 28.0 93.0 0.0 65.0 7189.0 
296.0048193674556 0.016129032258064526 28.0 93.0 0.0 65.0 7189.0 
298.0048193674556 0.015873015873015893 28.0 94.0 0.0 66.0 7291.0 
300.0048193674556 0.015873015873015893 27.0 95.0 0.0 67.0 7394.0 
302.0048193674556 0.015873015873015893 28.0 95.0 0.0 67.0 7394.0 
304.0048193674556 0.015625 28.0 95.0 0.0 68.0 7497.0 
306.0048193674556 0.015625 27.0 95.0 0.0 68.0 7497.0 
308.0048193674556 0.015151515151515162 25.0 96.0 0.0 70.0 7701.0 
310.0048193674556 0.015151515151515162 25.0 96.0 0.0 71.0 7804.0 
312.0048193674556 0.014925373134328346 25.0 96.0 0.0 72.0 7906.0 
314.0048193674556 0.014925373134328346 27.0 99.0 0.0 72.0 7906.0 
316.0048193674556 0.014925373134328346 27.0 100.0 0.0 72.0 7906.0 
318.0048193674556 0.014925373134328346 28.0 100.0 0.0 72.0 7906.0 
320.0048193674556 0.014705882352941194 28.0 101.0 0.0 73.0 8008.0 
322.0048193674556 0.014705882352941194 29.0 102.0 0.0 73.0 8008.0 
324.0048193674556 0.014705882352941194 29.0 102.0 0.0 73.0 8008.0 
326.0048193674556 0.014705882352941194 29.0 102.0 0.0 73.0 8008.0 
328.0048193674556 0.014705882352941194 31.0 104.0 0.0 73.0 8008.0 
330.0048193674556 0.014492753623188422 30.0 104.0 0.0 74.0 8110.0 
332.0048193674556 0.014492753623188422 30.0 104.0 0.0 74.0 8110.0 
334.0048193674556 0.014285714285714303 29.0 104.0 0.0 75.0 8279.0 
336.0048193674556 0.014285714285714303 29.0 104.0 0.0 75.0 8279.0 
338.0048193674556 0.014285714285714303 29.0 104.0 0.0 75.0 8279.0 
340.0048193674556 0.014084507042253532 29.0 105.0 0.0 76.0 8381.0 
342.0048193674556 0.014084507042253532 29.0 105.0 0.0 76.0 8381.0 
344.0048193674556 0.013888888888888902 28.0 106.0 0.0 78.0 8815.0 
346.0048193674556 0.013888888888888902 29.0 107.0 0.0 78.0 8815.0 
348.0048193674556 0.013698630136986283 29.0 108.0 0.0 79.0 8918.0 
350.0048193674556 0.013698630136986283 30.0 109.0 0.0 79.0 8918.0 
352.0048193674556 0.013698630136986283 30.0 110.0 0.0 79.0 8918.0 
354.0048193674556 0.01333333333333335 31.0 111.0 0.0 81.0 9122.0 
356.0048193674556 0.01333333333333335 30.0 112.0 0.0 81.0 9122.0 
358.0048193674556 0.026315789473684202 31.0 112.0 0.0 82.0 9225.0 
360.0048193674556 0.026315789473684202 31.0 113.0 0.0 82.0 9225.0 
362.0048193674556 0.026315789473684202 31.0 113.0 0.0 82.0 9225.0 
364.0048193674556 0.026315789473684202 32.0 114.0 0.0 82.0 9225.0 
366.0048193674556 0.026315789473684202 33.0 115.0 0.0 83.0 9327.0 
368.0048193674556 0.026315789473684202 34.0 117.0 0.0 83.0 9327.0 
370.0048193674556 0.026315789473684202 34.0 117.0 0.0 83.0 9327.0 
372.0048193674556 0.02597402597402597 33.0 117.0 0.0 84.0 9429.0 
374.0048193674556 0.02597402597402597 33.0 117.0 0.0 84.0 9429.0 
376.0048193674556 0.02597402597402597 35.0 119.0 0.0 84.0 9429.0 
378.0048193674556 0.02597402597402597 35.0 119.0 0.0 84.0 9429.0 
380.0048193674556 0.02597402597402597 36.0 120.0 0.0 84.0 9429.0 
382.0048193674556 0.02597402597402597 36.0 121.0 0.0 85.0 9531.0 
384.0048193674556 0.02597402597402597 36.0 121.0 0.0 85.0 9531.0 
386.0048193674556 0.02597402597402597 38.0 123.0 0.0 85.0 9531.0 
388.0048193674556 0.025641025641025657 37.0 123.0 0.0 86.0 9633.0 
390.0048193674556 0.025641025641025657 37.0 123.0 0.0 86.0 9633.0 
392.0048193674556 0.025641025641025657 37.0 123.0 0.0 86.0 9633.0 
394.0048193674556 0.025641025641025657 37.0 123.0 0.0 86.0 9633.0 
396.0048193674556 0.025641025641025657 36.0 123.0 0.0 87.0 9797.0 
398.0048193674556 0.025641025641025657 37.0 124.0 0.0 87.0 9797.0 
400.0048193674556 0.025316455696202545 37.0 125.0 0.0 88.0 9899.0 
402.0048193674556 0.025316455696202545 37.0 125.0 0.0 88.0 9899.0 
404.0048193674556 0.02500000000000002 36.0 125.0 0.0 89.0 10002.0 
406.0048193674556 0.02500000000000002 36.0 125.0 0.0 89.0 10002.0 
408.0048193674556 0.02500000000000002 36.0 125.0 0.0 89.0 10002.0 
410.0048193674556 0.02500000000000002 36.0 125.0 0.0 89.0 10002.0 
412.0048193674556 0.02500000000000002 36.0 126.0 0.0 90.0 10105.0 
414.0048193674556 0.02500000000000002 36.0 126.0 0.0 90.0 10105.0 
416.0048193674556 0.02500000000000002 36.0 126.0 0.0 93.0 10413.0 
418.0048193674556 0.02500000000000002 33.0 126.0 0.0 93.0 10413.0 
420.0048193674556 0.02500000000000002 33.0 126.0 0.0 93.0 10413.0 
422.0048193674556 0.024691358024691325 34.0 127.0 0.0 94.0 10515.0 
424.0048193674556 0.024390243902439008 33.0 127.0 0.0 95.0 10617.0 
426.0048193674556 0.024390243902439008 32.0 127.0 0.0 95.0 10617.0 
428.0048193674556 0.024390243902439008 32.0 127.0 0.0 95.0 10617.0 
430.0048193674556 0.024390243902439008 32.0 128.0 0.0 97.0 10821.0 
432.0048193674556 0.024390243902439008 31.0 128.0 0.0 97.0 10821.0 
434.0048193674556 0.024390243902439008 31.0 128.0 0.0 97.0 10821.0 
436.0048193674556 0.024390243902439008 31.0 128.0 0.0 97.0 10821.0 
438.0048193674556 0.024390243902439008 31.0 128.0 0.0 97.0 10821.0 
440.0048193674556 0.024096385542168662 31.0 128.0 0.0 98.0 11013.0 
442.0048193674556 0.024096385542168662 30.0 129.0 0.0 99.0 11115.0 
444.0048193674556 0.024096385542168662 30.0 130.0 0.0 99.0 11115.0 
446.0048193674556 0.024096385542168662 31.0 130.0 0.0 99.0 11115.0 
448.0048193674556 0.02380952380952382 29.0 130.0 0.0 101.0 11320.0 
450.0048193674556 0.023529411764705892 29.0 130.0 0.0 102.0 11422.0 
452.0048193674556 0.023255813953488344 27.0 130.0 0.0 103.0 11524.0 
454.0048193674556 0.023255813953488344 28.0 131.0 0.0 103.0 11524.0 
456.0048193674556 0.023255813953488344 27.0 131.0 0.0 105.0 11730.0 
458.0048193674556 0.023255813953488344 27.0 132.0 0.0 105.0 11730.0 
460.0048193674556 0.02298850574712646 26.0 132.0 0.0 106.0 11833.0 
462.0048193674556 0.02298850574712646 27.0 133.0 0.0 107.0 11935.0 
464.0048193674556 0.02298850574712646 26.0 133.0 0.0 107.0 11935.0 
466.0048193674556 0.02298850574712646 26.0 133.0 0.0 107.0 11935.0 
468.0048193674556 0.02298850574712646 26.0 134.0 0.0 108.0 12037.0 
470.0048193674556 0.022727272727272745 26.0 134.0 0.0 110.0 12243.0 
472.0048193674556 0.022727272727272745 24.0 134.0 0.0 110.0 12243.0 
474.0048193674556 0.022727272727272745 24.0 134.0 0.0 110.0 12243.0 
476.0048193674556 0.022727272727272745 25.0 135.0 0.0 110.0 12243.0 
478.0048193674556 0.02247191011235951 27.0 137.0 0.0 111.0 12345.0 
480.0048193674556 0.02247191011235951 27.0 138.0 0.0 111.0 12345.0 
482.0048193674556 0.02247191011235951 27.0 139.0 0.0 112.0 12447.0 
484.0048193674556 0.022222222222222237 27.0 139.0 0.0 114.0 12717.0 
486.0048193674556 0.022222222222222237 25.0 139.0 0.0 114.0 12717.0 
488.0048193674556 0.022222222222222237 27.0 142.0 0.0 115.0 12819.0 
490.0048193674556 0.022222222222222237 27.0 142.0 0.0 115.0 12819.0 
492.0048193674556 0.022222222222222237 27.0 142.0 0.0 115.0 12819.0 
494.0048193674556 0.022222222222222237 27.0 142.0 0.0 115.0 12819.0 
496.0048193674556 0.022222222222222237 29.0 144.0 0.0 115.0 12819.0 
498.0048193674556 0.022222222222222237 29.0 144.0 0.0 115.0 12819.0 
500.0048193674556 0.021978021978021994 30.0 145.0 0.0 116.0 12922.0 
502.0048193674556 0.021978021978021994 29.0 147.0 0.0 117.0 13024.0 
504.0048193674556 0.021978021978021994 30.0 147.0 0.0 117.0 13024.0 
506.0048193674556 0.02173913043478259 30.0 147.0 0.0 118.0 13285.0 
508.0048193674556 0.02173913043478259 29.0 147.0 0.0 118.0 13285.0 
510.0048193674556 0.02173913043478259 29.0 147.0 0.0 118.0 13285.0 
512.0048193674556 0.02173913043478259 30.0 148.0 0.0 118.0 13285.0 
514.0048193674556 0.02150537634408604 30.0 150.0 0.0 119.0 13387.0 
516.0048193674556 0.02150537634408604 31.0 150.0 0.0 119.0 13387.0 
518.0048193674556 0.02150537634408604 31.0 150.0 0.0 119.0 13387.0 
520.0048193674556 0.02150537634408604 32.0 151.0 0.0 119.0 13387.0 
522.0048193674556 0.02150537634408604 32.0 151.0 0.0 119.0 13387.0 
524.0048193674556 0.021276595744680864 32.0 152.0 0.0 120.0 13489.0 
526.0048193674556 0.021276595744680864 33.0 153.0 0.0 120.0 13489.0 
528.0048193674556 0.021276595744680864 33.0 153.0 0.0 120.0 13489.0 
530.0048193674556 0.021276595744680864 33.0 153.0 0.0 120.0 13489.0 
532.0048193674556 0.021276595744680864 33.0 153.0 0.0 121.0 13592.0 
534.0048193674556 0.021276595744680864 32.0 153.0 0.0 121.0 13592.0 
536.0048193674556 0.021276595744680864 32.0 153.0 0.0 121.0 13592.0 
538.0048193674556 0.021276595744680864 32.0 153.0 0.0 121.0 13592.0 
540.0048193674556 0.021276595744680864 32.0 154.0 0.0 121.0 13592.0 
542.0048193674556 0.021276595744680864 33.0 154.0 0.0 121.0 13592.0 
544.0048193674556 0.021276595744680864 33.0 154.0 0.0 121.0 13592.0 
546.0048193674556 0.021276595744680864 33.0 155.0 0.0 122.0 13695.0 
548.0048193674556 0.021276595744680864 33.0 155.0 0.0 122.0 13695.0 
550.0048193674556 0.021276595744680864 35.0 157.0 0.0 122.0 13695.0 
552.0048193674556 0.021276595744680864 35.0 157.0 0.0 122.0 13695.0 
554.0048193674556 0.021276595744680864 36.0 158.0 0.0 122.0 13695.0 
556.0048193674556 0.021276595744680864 36.0 159.0 0.0 123.0 13798.0 
558.0048193674556 0.021276595744680864 36.0 159.0 0.0 123.0 13798.0 
560.0048193674556 0.021052631578947368 36.0 160.0 0.0 124.0 13901.0 
562.0048193674556 0.021052631578947368 36.0 160.0 0.0 124.0 13901.0 
564.0048193674556 0.020833333333333343 36.0 160.0 0.0 125.0 14003.0 
566.0048193674556 0.020833333333333343 35.0 160.0 0.0 125.0 14003.0 
568.0048193674556 0.020833333333333343 35.0 160.0 0.0 125.0 14003.0 
570.0048193674556 0.020618556701030934 35.0 160.0 0.0 126.0 14106.0 
572.0048193674556 0.020618556701030934 34.0 160.0 0.0 126.0 14106.0 
574.0048193674556 0.020618556701030934 34.0 160.0 0.0 126.0 14106.0 
576.0048193674556 0.020618556701030934 34.0 161.0 0.0 126.0 14106.0 
578.0048193674556 0.020408163265306103 34.0 161.0 0.0 127.0 14208.0 
580.0048193674556 0.020408163265306103 33.0 161.0 0.0 129.0 14412.0 
582.0048193674556 0.020408163265306103 32.0 162.0 0.0 130.0 14514.0 
584.0048193674556 0.020408163265306103 32.0 162.0 0.0 130.0 14514.0 
586.0048193674556 0.02020202020202022 31.0 163.0 0.0 131.0 14617.0 
588.0048193674556 0.02020202020202022 33.0 165.0 0.0 131.0 14617.0 
590.0048193674556 0.019999999999999987 33.0 165.0 0.0 133.0 14821.0 
592.0048193674556 0.019999999999999987 32.0 166.0 0.0 134.0 14924.0 
594.0048193674556 0.019999999999999987 32.0 166.0 0.0 134.0 14924.0 
596.0048193674556 0.019999999999999987 32.0 166.0 0.0 134.0 14924.0 
598.0048193674556 0.019999999999999987 32.0 166.0 0.0 136.0 15130.0 
600.0048193674556 0.019999999999999987 31.0 167.0 0.0 136.0 15130.0 
602.0048193674556 0.019999999999999987 31.0 168.0 0.0 138.0 15448.0 
604.0048193674556 0.01980198019801979 31.0 169.0 0.0 139.0 15551.0 
606.0048193674556 0.01980198019801979 30.0 170.0 0.0 140.0 15654.0 
608.0048193674556 0.01980198019801979 30.0 170.0 0.0 140.0 15654.0 
610.0048193674556 0.01960784313725491 29.0 170.0 0.0 141.0 15819.0 
612.0048193674556 0.019417475728155345 31.0 172.0 0.0 142.0 16233.0 
614.0048193674556 0.019417475728155345 30.0 172.0 0.0 143.0 16336.0 
616.0048193674556 0.019417475728155345 29.0 172.0 0.0 144.0 16439.0 
618.0048193674556 0.019417475728155345 27.0 173.0 0.0 145.0 16542.0 
620.0048193674556 0.019417475728155345 28.0 173.0 0.0 145.0 16542.0 
622.0048193674556 0.019230769230769235 27.0 173.0 0.0 146.0 16645.0 
624.0048193674556 0.019230769230769235 27.0 173.0 0.0 146.0 16645.0 
626.0048193674556 0.019230769230769235 27.0 173.0 0.0 146.0 16645.0 
628.0048193674556 0.01904761904761905 26.0 173.0 0.0 147.0 16747.0 
630.0048193674556 0.01904761904761905 27.0 174.0 0.0 147.0 16747.0 
632.0048193674556 0.01904761904761905 28.0 175.0 0.0 147.0 16747.0 
634.0048193674556 0.01904761904761905 28.0 175.0 0.0 147.0 16747.0 
636.0048193674556 0.01904761904761905 28.0 175.0 0.0 147.0 16747.0 
638.0048193674556 0.01904761904761905 29.0 176.0 0.0 147.0 16747.0 
640.0048193674556 0.01904761904761905 30.0 177.0 0.0 147.0 16747.0 
642.0048193674556 0.01904761904761905 30.0 177.0 0.0 147.0 16747.0 
644.0048193674556 0.01904761904761905 30.0 178.0 0.0 148.0 16850.0 
646.0048193674556 0.01904761904761905 30.0 178.0 0.0 148.0 16850.0 
648.0048193674556 0.01904761904761905 30.0 178.0 0.0 149.0 16952.0 
650.0048193674556 0.01904761904761905 29.0 178.0 0.0 149.0 16952.0 
652.0048193674556 0.01904761904761905 31.0 180.0 0.0 150.0 17054.0 
654.0048193674556 0.01904761904761905 30.0 180.0 0.0 150.0 17054.0 
656.0048193674556 0.01904761904761905 29.0 181.0 0.0 151.0 17156.0 
658.0048193674556 0.01904761904761905 31.0 183.0 0.0 151.0 17156.0 
660.0048193674556 0.01904761904761905 32.0 184.0 0.0 152.0 17292.0 
662.0048193674556 0.01904761904761905 32.0 184.0 0.0 152.0 17292.0 
664.0048193674556 0.01904761904761905 32.0 185.0 0.0 153.0 17395.0 
666.0048193674556 0.01904761904761905 32.0 185.0 0.0 153.0 17395.0 
668.0048193674556 0.01904761904761905 32.0 185.0 0.0 153.0 17395.0 
670.0048193674556 0.01904761904761905 32.0 185.0 0.0 153.0 17395.0 
672.0048193674556 0.01904761904761905 33.0 186.0 0.0 153.0 17395.0 
674.0048193674556 0.01904761904761905 33.0 186.0 0.0 153.0 17395.0 
676.0048193674556 0.01904761904761905 33.0 187.0 0.0 153.0 17395.0 
678.0048193674556 0.01904761904761905 34.0 187.0 0.0 153.0 17395.0 
680.0048193674556 0.01904761904761905 33.0 187.0 0.0 154.0 17498.0 
682.0048193674556 0.01904761904761905 33.0 187.0 0.0 154.0 17498.0 
684.0048193674556 0.01904761904761905 32.0 187.0 0.0 155.0 17600.0 
686.0048193674556 0.01904761904761905 32.0 187.0 0.0 155.0 17600.0 
688.0048193674556 0.01904761904761905 31.0 187.0 0.0 156.0 17731.0 
690.0048193674556 0.01904761904761905 31.0 187.0 0.0 157.0 17833.0 
692.0048193674556 0.01904761904761905 29.0 187.0 0.0 158.0 17936.0 
694.0048193674556 0.01904761904761905 29.0 187.0 0.0 159.0 18039.0 
696.0048193674556 0.01904761904761905 28.0 187.0 0.0 159.0 18039.0 
698.0048193674556 0.01904761904761905 28.0 187.0 0.0 159.0 18039.0 
700.0048193674556 0.01904761904761905 28.0 188.0 0.0 159.0 18039.0 
702.0048193674556 0.01904761904761905 28.0 188.0 0.0 160.0 18141.0 
704.0048193674556 0.01904761904761905 28.0 188.0 0.0 161.0 18244.0 
706.0048193674556 0.01886792452830189 28.0 190.0 0.0 162.0 18346.0 
708.0048193674556 0.01886792452830189 27.0 190.0 0.0 163.0 18448.0 
710.0048193674556 0.01886792452830189 27.0 190.0 0.0 163.0 18448.0 
712.0048193674556 0.01886792452830189 27.0 190.0 0.0 163.0 18448.0 
714.0048193674556 0.018691588785046724 27.0 191.0 0.0 165.0 18652.0 
716.0048193674556 0.018691588785046724 26.0 191.0 0.0 166.0 18818.0 
718.0048193674556 0.018691588785046724 25.0 192.0 0.0 166.0 18818.0 
720.0048193674556 0.018691588785046724 26.0 192.0 0.0 166.0 18818.0 
722.0048193674556 0.018691588785046724 26.0 194.0 0.0 167.0 18921.0 
724.0048193674556 0.018691588785046724 28.0 195.0 0.0 167.0 18921.0 
726.0048193674556 0.018691588785046724 28.0 195.0 0.0 167.0 18921.0 
728.0048193674556 0.018691588785046724 28.0 195.0 0.0 167.0 18921.0 
730.0048193674556 0.018691588785046724 28.0 195.0 0.0 167.0 18921.0 
732.0048193674556 0.018691588785046724 28.0 195.0 0.0 168.0 19023.0 
734.0048193674556 0.018691588785046724 28.0 196.0 0.0 168.0 19023.0 
736.0048193674556 0.018691588785046724 29.0 197.0 0.0 168.0 19023.0 
738.0048193674556 0.018691588785046724 29.0 198.0 0.0 168.0 19023.0 
740.0048193674556 0.018691588785046724 30.0 199.0 0.0 169.0 19125.0 
742.0048193674556 0.018691588785046724 29.0 199.0 0.0 170.0 19227.0 
744.0048193674556 0.018691588785046724 30.0 200.0 0.0 170.0 19227.0 
746.0048193674556 0.018691588785046724 29.0 200.0 0.0 171.0 19329.0 
748.0048193674556 0.018691588785046724 32.0 203.0 0.0 171.0 19329.0 
750.0048193674556 0.018691588785046724 32.0 203.0 0.0 171.0 19329.0 
752.0048193674556 0.018691588785046724 33.0 204.0 0.0 171.0 19329.0 
754.0048193674556 0.018691588785046724 32.0 205.0 0.0 173.0 19533.0 
756.0048193674556 0.018691588785046724 32.0 206.0 0.0 173.0 19533.0 
758.0048193674556 0.018691588785046724 35.0 208.0 0.0 173.0 19533.0 
760.0048193674556 0.01851851851851851 34.0 209.0 0.0 175.0 19738.0 
762.0048193674556 0.01851851851851851 34.0 210.0 0.0 176.0 19841.0 
764.0048193674556 0.01851851851851851 33.0 210.0 0.0 177.0 19944.0 
766.0048193674556 0.01851851851851851 34.0 211.0 0.0 178.0 20047.0 
768.0048193674556 0.01851851851851851 33.0 211.0 0.0 178.0 20047.0 
770.0048193674556 0.01834862385321104 32.0 211.0 0.0 179.0 20524.0 
772.0048193674556 0.01834862385321104 33.0 212.0 0.0 179.0 20524.0 
774.0048193674556 0.01834862385321104 33.0 212.0 0.0 180.0 20627.0 
776.0048193674556 0.01834862385321104 33.0 213.0 0.0 180.0 20627.0 
778.0048193674556 0.01834862385321104 34.0 214.0 0.0 180.0 20627.0 
780.0048193674556 0.01834862385321104 34.0 214.0 0.0 180.0 20627.0 
782.0048193674556 0.01834862385321104 34.0 214.0 0.0 180.0 20627.0 
784.0048193674556 0.01834862385321104 35.0 215.0 0.0 180.0 20627.0 
786.0048193674556 0.01834862385321104 36.0 217.0 0.0 180.0 20627.0 
788.0048193674556 0.01834862385321104 37.0 217.0 0.0 180.0 20627.0 
790.0048193674556 0.01834862385321104 37.0 217.0 0.0 180.0 20627.0 
792.0048193674556 0.01834862385321104 38.0 218.0 0.0 180.0 20627.0 
794.0048193674556 0.01834862385321104 40.0 220.0 0.0 180.0 20627.0 
796.0048193674556 0.01834862385321104 40.0 221.0 0.0 180.0 20627.0 
798.0048193674556 0.01834862385321104 41.0 221.0 0.0 180.0 20627.0 
800.0048193674556 0.01834862385321104 41.0 221.0 0.0 180.0 20627.0 
802.0048193674556 0.01834862385321104 41.0 221.0 0.0 180.0 20627.0 
804.0048193674556 0.01834862385321104 41.0 221.0 0.0 180.0 20627.0 
806.0048193674556 0.01834862385321104 42.0 222.0 0.0 180.0 20627.0 
808.0048193674556 0.01834862385321104 42.0 222.0 0.0 181.0 20730.0 
810.0048193674556 0.01834862385321104 42.0 223.0 0.0 181.0 20730.0 
812.0048193674556 0.01834862385321104 42.0 223.0 0.0 181.0 20730.0 
814.0048193674556 0.01834862385321104 42.0 223.0 0.0 181.0 20730.0 
816.0048193674556 0.01834862385321104 41.0 224.0 0.0 182.0 20832.0 
818.0048193674556 0.01834862385321104 42.0 224.0 0.0 182.0 20832.0 
820.0048193674556 0.01834862385321104 42.0 224.0 0.0 182.0 20832.0 
822.0048193674556 0.01834862385321104 41.0 224.0 0.0 183.0 20935.0 
824.0048193674556 0.01834862385321104 41.0 224.0 0.0 184.0 21038.0 
826.0048193674556 0.01834862385321104 40.0 225.0 0.0 185.0 21141.0 
828.0048193674556 0.01834862385321104 40.0 225.0 0.0 185.0 21141.0 
830.0048193674556 0.01834862385321104 40.0 225.0 0.0 185.0 21141.0 
832.0048193674556 0.01834862385321104 40.0 225.0 0.0 185.0 21141.0 
834.0048193674556 0.01834862385321104 40.0 225.0 0.0 185.0 21141.0 
836.0048193674556 0.018181818181818205 40.0 225.0 0.0 187.0 21447.0 
838.0048193674556 0.018181818181818205 37.0 225.0 0.0 188.0 21561.0 
840.0048193674556 0.018181818181818205 37.0 225.0 0.0 188.0 21561.0 
842.0048193674556 0.018181818181818205 36.0 225.0 0.0 189.0 21664.0 
844.0048193674556 0.018181818181818205 35.0 225.0 0.0 190.0 21767.0 
846.0048193674556 0.018181818181818205 35.0 225.0 0.0 191.0 21869.0 
848.0048193674556 0.018181818181818205 34.0 225.0 0.0 191.0 21869.0 
850.0048193674556 0.018181818181818205 33.0 225.0 0.0 195.0 22290.0 
852.0048193674556 0.018181818181818205 30.0 225.0 0.0 195.0 22290.0 
854.0048193674556 0.01801801801801799 28.0 225.0 0.0 197.0 22545.0 
856.0048193674556 0.01801801801801799 29.0 226.0 0.0 198.0 22647.0 
858.0048193674556 0.01801801801801799 30.0 228.0 0.0 198.0 22647.0 
860.0048193674556 0.01801801801801799 29.0 228.0 0.0 201.0 22955.0 
862.0048193674556 0.017857142857142856 27.0 228.0 0.0 202.0 23058.0 
864.0048193674556 0.017699115044247763 26.0 229.0 0.0 203.0 23160.0 
866.0048193674556 0.017699115044247763 26.0 229.0 0.0 203.0 23160.0 
868.0048193674556 0.017699115044247763 27.0 230.0 0.0 204.0 23263.0 
870.0048193674556 0.017699115044247763 27.0 231.0 0.0 204.0 23263.0 
872.0048193674556 0.017543859649122764 31.0 235.0 0.0 205.0 24112.0 
874.0048193674556 0.017543859649122764 30.0 235.0 0.0 206.0 24214.0 
876.0048193674556 0.017543859649122764 29.0 235.0 0.0 206.0 24214.0 
878.0048193674556 0.017543859649122764 31.0 237.0 0.0 207.0 24316.0 
880.0048193674556 0.017543859649122764 30.0 237.0 0.0 208.0 24419.0 
882.0048193674556 0.017543859649122764 29.0 237.0 0.0 208.0 24419.0 
884.0048193674556 0.017543859649122764 28.0 237.0 0.0 209.0 24596.0 
886.0048193674556 0.017391304347826108 28.0 237.0 0.0 210.0 24699.0 
888.0048193674556 0.017391304347826108 27.0 238.0 0.0 211.0 24801.0 
890.0048193674556 0.017391304347826108 26.0 238.0 0.0 212.0 24904.0 
892.0048193674556 0.017391304347826108 26.0 238.0 0.0 212.0 24904.0 
894.0048193674556 0.017391304347826108 26.0 238.0 0.0 213.0 25006.0 
896.0048193674556 0.017391304347826108 23.0 238.0 0.0 215.0 25210.0 
898.0048193674556 0.017391304347826108 23.0 238.0 0.0 215.0 25210.0 
900.0048193674556 0.017391304347826108 23.0 238.0 0.0 215.0 25210.0 
#####################################################################
# End of data export. Simulation finished at: 2020-01-15T13:45+0000 #
#####################################################################
