#####################################################################
# Alchemist log file - simulation started at: 2020-02-19T12:24+0000 #
#####################################################################
# seed = 75.0, taskFrequency = 0.1, cloudcost = 1.0, algorithm = false
#
# The columns have the following meaning: 
# time taskHops[Mean] hasTask[Sum] tasks[Sum] completedTasks[Sum] giveupTasks[Sum] taskLatency[Sum] 
0.0 NaN 0.0 0.0 0.0 0.0 0.0 
2.019660515070382 NaN 15.0 20.0 0.0 0.0 0.0 
4.002901363956428 NaN 43.0 45.0 0.0 0.0 0.0 
6.019660515070382 NaN 63.0 66.0 0.0 0.0 0.0 
8.019660515070381 NaN 75.0 79.0 0.0 0.0 0.0 
10.000928100299184 NaN 84.0 87.0 0.0 0.0 0.0 
12.019660515070381 NaN 91.0 94.0 0.0 0.0 0.0 
14.019660515070381 NaN 96.0 97.0 0.0 0.0 0.0 
16.01966051507038 NaN 101.0 102.0 0.0 0.0 0.0 
18.01966051507038 NaN 105.0 105.0 0.0 0.0 0.0 
20.01966051507038 NaN 108.0 111.0 0.0 0.0 0.0 
22.01966051507038 NaN 114.0 114.0 0.0 0.0 0.0 
24.01966051507038 NaN 117.0 118.0 0.0 0.0 0.0 
26.000607283219104 NaN 121.0 121.0 0.0 0.0 0.0 
28.01966051507038 NaN 121.0 121.0 0.0 0.0 0.0 
30.01966051507038 NaN 121.0 121.0 0.0 0.0 0.0 
32.019660515070385 NaN 122.0 123.0 0.0 0.0 0.0 
34.0142444288067 NaN 123.0 123.0 0.0 0.0 0.0 
36.019660515070385 NaN 123.0 123.0 0.0 0.0 0.0 
38.019660515070385 NaN 123.0 123.0 0.0 0.0 0.0 
40.019660515070385 NaN 123.0 123.0 0.0 0.0 0.0 
42.019660515070385 NaN 123.0 123.0 0.0 0.0 0.0 
44.019660515070385 NaN 123.0 123.0 0.0 0.0 0.0 
46.013633206810816 NaN 123.0 123.0 0.0 0.0 0.0 
48.019660515070385 NaN 123.0 123.0 0.0 0.0 0.0 
50.019660515070385 NaN 123.0 124.0 0.0 0.0 0.0 
52.019660515070385 NaN 124.0 124.0 0.0 0.0 0.0 
54.019660515070385 NaN 124.0 124.0 0.0 0.0 0.0 
56.019660515070385 NaN 125.0 125.0 0.0 0.0 0.0 
58.019660515070385 NaN 125.0 125.0 0.0 0.0 0.0 
60.019660515070385 NaN 125.0 125.0 0.0 0.0 0.0 
62.019660515070385 NaN 125.0 125.0 0.0 0.0 0.0 
64.01966051507038 NaN 125.0 125.0 0.0 0.0 0.0 
66.01966051507038 NaN 125.0 125.0 0.0 0.0 0.0 
68.01966051507038 NaN 125.0 125.0 0.0 0.0 0.0 
70.01966051507038 NaN 125.0 125.0 0.0 0.0 0.0 
72.01966051507038 NaN 125.0 125.0 0.0 0.0 0.0 
74.01966051507038 NaN 125.0 125.0 0.0 0.0 0.0 
76.0081444817013 NaN 125.0 125.0 0.0 0.0 0.0 
78.01966051507038 NaN 125.0 125.0 0.0 0.0 0.0 
80.01966051507038 NaN 125.0 125.0 0.0 0.0 0.0 
82.01966051507038 NaN 125.0 125.0 0.0 0.0 0.0 
84.01966051507038 NaN 125.0 125.0 0.0 0.0 0.0 
86.01966051507038 NaN 125.0 125.0 0.0 0.0 0.0 
88.00880061321236 NaN 125.0 125.0 0.0 0.0 0.0 
90.01966051507038 NaN 125.0 125.0 0.0 0.0 0.0 
92.01966051507038 NaN 125.0 125.0 0.0 0.0 0.0 
94.01966051507038 NaN 125.0 125.0 0.0 0.0 0.0 
96.01966051507038 NaN 125.0 125.0 0.0 0.0 0.0 
98.01966051507038 NaN 125.0 125.0 0.0 0.0 0.0 
100.01966051507038 NaN 125.0 125.0 0.0 0.0 0.0 
102.01196169657521 NaN 125.0 125.0 0.0 0.0 0.0 
104.01966051507038 1.0 124.0 125.0 0.0 10.0 1026.0 
106.01966051507038 1.0 104.0 125.0 0.0 37.0 3804.0 
108.01966051507038 1.0178571428571428 83.0 126.0 0.0 56.0 5759.0 
110.00318521666938 1.0294117647058822 64.0 129.0 0.0 69.0 6993.0 
112.00897107346687 1.0263157894736843 57.0 131.0 0.0 77.0 7818.0 
114.01966051507038 1.0240963855421688 52.0 134.0 0.0 84.0 8537.0 
116.01966051507038 1.0227272727272727 52.0 141.0 0.0 89.0 9051.0 
118.0120345756419 1.021505376344086 54.0 147.0 0.0 94.0 9563.0 
120.01966051507038 1.0208333333333333 57.0 157.0 0.0 97.0 9870.0 
122.01966051507038 1.0204081632653061 64.0 162.0 0.0 99.0 10075.0 
124.01966051507038 1.0192307692307692 66.0 168.0 0.0 105.0 10691.0 
126.00799623396897 1.0186915887850467 62.0 170.0 0.0 108.0 10998.0 
128.01966051507037 1.018181818181818 64.0 174.0 0.0 111.0 11306.0 
130.01966051507037 1.018181818181818 72.0 185.0 0.0 111.0 11306.0 
132.01966051507037 1.018181818181818 78.0 191.0 0.0 111.0 11306.0 
134.0061938792248 1.018018018018018 81.0 194.0 0.0 112.0 11408.0 
136.01966051507037 1.0178571428571428 85.0 200.0 0.0 113.0 11511.0 
138.01966051507037 1.0178571428571428 91.0 206.0 0.0 113.0 11511.0 
140.01966051507037 1.0178571428571428 96.0 211.0 0.0 113.0 11511.0 
142.00617259565965 1.0178571428571428 100.0 217.0 0.0 113.0 11511.0 
144.01966051507037 1.0178571428571428 105.0 220.0 1.0 113.0 11524.0 
146.01966051507037 1.0178571428571428 110.0 224.0 1.0 113.0 11524.0 
148.00631069132808 1.0178571428571428 112.0 226.0 1.0 113.0 11524.0 
150.01966051507037 1.0178571428571428 114.0 228.0 1.0 113.0 11524.0 
152.00279211299366 1.0178571428571428 114.0 228.0 1.0 113.0 11524.0 
154.01966051507037 1.0176991150442478 114.0 230.0 1.0 114.0 11627.0 
156.01966051507037 1.0176991150442478 116.0 231.0 1.0 114.0 11627.0 
158.01966051507037 1.0175438596491229 117.0 232.0 1.0 115.0 11729.0 
160.01966051507037 1.0175438596491229 117.0 234.0 2.0 115.0 11741.0 
162.0024005818479 1.0175438596491229 119.0 236.0 2.0 115.0 11741.0 
164.01966051507037 1.0175438596491229 119.0 236.0 2.0 115.0 11741.0 
166.0115722863136 1.0175438596491229 119.0 236.0 2.0 115.0 11741.0 
168.01966051507037 1.0175438596491229 120.0 237.0 2.0 115.0 11741.0 
170.00169671847848 1.0175438596491229 120.0 238.0 2.0 115.0 11741.0 
172.01966051507037 1.0175438596491229 122.0 239.0 2.0 115.0 11741.0 
174.01966051507037 1.0175438596491229 122.0 239.0 2.0 115.0 11741.0 
176.01966051507037 1.0175438596491229 123.0 240.0 2.0 115.0 11741.0 
178.01966051507037 1.0175438596491229 123.0 240.0 2.0 115.0 11741.0 
180.01966051507037 1.0175438596491229 123.0 240.0 2.0 115.0 11741.0 
182.01966051507037 1.0175438596491229 123.0 240.0 2.0 115.0 11741.0 
184.00296368399347 1.0175438596491229 124.0 241.0 2.0 115.0 11741.0 
186.01966051507037 1.0175438596491229 124.0 241.0 2.0 115.0 11741.0 
188.01966051507037 1.0175438596491229 125.0 242.0 2.0 115.0 11741.0 
190.01966051507037 1.0175438596491229 125.0 242.0 2.0 115.0 11741.0 
192.01966051507037 1.0175438596491229 125.0 242.0 2.0 115.0 11741.0 
194.01966051507037 1.0175438596491229 125.0 242.0 2.0 115.0 11741.0 
196.01966051507037 1.0175438596491229 125.0 242.0 2.0 115.0 11741.0 
198.00955029506375 1.0175438596491229 125.0 242.0 2.0 115.0 11741.0 
200.01966051507037 1.0175438596491229 125.0 242.0 2.0 115.0 11741.0 
202.01966051507037 1.0175438596491229 125.0 242.0 2.0 115.0 11741.0 
204.01179471897814 1.0175438596491229 125.0 242.0 2.0 115.0 11741.0 
206.01966051507037 1.0175438596491229 125.0 242.0 2.0 115.0 11741.0 
208.01966051507037 1.0175438596491229 125.0 242.0 2.0 115.0 11741.0 
210.01966051507037 1.017391304347826 125.0 242.0 2.0 116.0 11946.0 
212.01966051507037 1.043103448275862 123.0 242.0 2.0 120.0 12458.0 
214.01966051507037 1.0512820512820513 120.0 242.0 2.0 122.0 12772.0 
216.01966051507037 1.076271186440678 117.0 242.0 2.0 126.0 13291.0 
218.01966051507037 1.1260504201680672 111.0 243.0 2.0 133.0 14104.0 
220.01966051507037 1.1833333333333333 105.0 243.0 2.0 141.0 15036.0 
222.01966051507037 1.2416666666666667 98.0 244.0 2.0 148.0 15752.0 
224.01966051507037 1.3083333333333333 89.0 245.0 2.0 156.0 16573.0 
226.01966051507037 1.3583333333333334 86.0 247.0 2.0 162.0 17188.0 
228.01966051507037 1.3636363636363638 83.0 250.0 2.0 164.0 17510.0 
230.01831330080438 1.4049586776859504 85.0 254.0 2.0 169.0 18027.0 
232.01966051507037 1.4793388429752066 82.0 256.0 2.0 178.0 18948.0 
234.01966051507037 1.5206611570247934 76.0 260.0 2.0 183.0 19460.0 
236.01966051507037 1.5454545454545454 76.0 264.0 2.0 186.0 19768.0 
238.01966051507037 1.5950413223140496 78.0 270.0 2.0 192.0 20381.0 
240.00438702703798 1.6528925619834711 75.0 274.0 2.0 198.0 20997.0 
242.01966051507037 1.6942148760330578 74.0 278.0 2.0 203.0 21512.0 
244.01966051507037 1.71900826446281 75.0 281.0 2.0 206.0 21821.0 
246.01966051507037 1.7685950413223142 74.0 289.0 2.0 212.0 22436.0 
248.01966051507037 1.8181818181818181 78.0 297.0 2.0 217.0 22947.0 
250.01966051507037 1.8264462809917354 82.0 302.0 2.0 218.0 23049.0 
252.01966051507037 1.8429752066115703 84.0 307.0 2.0 220.0 23254.0 
254.01966051507037 1.8429752066115703 86.0 309.0 2.0 220.0 23254.0 
256.01953059685974 1.8512396694214877 92.0 315.0 2.0 221.0 23356.0 
258.01966051507037 1.8677685950413223 94.0 319.0 2.0 223.0 23562.0 
260.01966051507037 1.8760330578512396 96.0 324.0 2.0 224.0 23664.0 
262.01966051507037 1.884297520661157 100.0 327.0 2.0 225.0 23767.0 
264.01966051507037 1.9008264462809916 99.0 328.0 2.0 227.0 23972.0 
266.00812096553665 1.9008264462809916 102.0 332.0 2.0 227.0 23972.0 
268.01966051507037 1.9008264462809916 104.0 333.0 2.0 227.0 23972.0 
270.01966051507037 1.9090909090909092 107.0 337.0 2.0 228.0 24074.0 
272.01966051507037 1.9090909090909092 108.0 340.0 2.0 228.0 24074.0 
274.01966051507037 1.9256198347107438 109.0 341.0 2.0 230.0 24279.0 
276.01966051507037 1.9256198347107438 112.0 345.0 2.0 230.0 24279.0 
278.01966051507037 1.9338842975206612 113.0 345.0 2.0 231.0 24381.0 
280.01966051507037 1.9338842975206612 113.0 346.0 2.0 231.0 24381.0 
282.01966051507037 1.9338842975206612 114.0 349.0 2.0 231.0 24381.0 
284.01966051507037 1.9338842975206612 117.0 350.0 2.0 231.0 24381.0 
286.01966051507037 1.9421487603305785 117.0 351.0 2.0 232.0 24484.0 
288.01966051507037 1.9421487603305785 117.0 351.0 2.0 232.0 24484.0 
290.00239219119334 1.950413223140496 118.0 352.0 2.0 233.0 24586.0 
292.01966051507037 1.950413223140496 118.0 353.0 2.0 233.0 24586.0 
294.01966051507037 1.950413223140496 120.0 355.0 2.0 233.0 24586.0 
296.01966051507037 1.950413223140496 121.0 357.0 2.0 233.0 24586.0 
298.01966051507037 1.950413223140496 122.0 357.0 2.0 233.0 24586.0 
300.01966051507037 1.950413223140496 122.0 357.0 2.0 233.0 24586.0 
302.01966051507037 1.950413223140496 123.0 358.0 2.0 233.0 24586.0 
304.01966051507037 1.950413223140496 123.0 358.0 2.0 233.0 24586.0 
306.0118515331816 1.950413223140496 123.0 358.0 2.0 233.0 24586.0 
308.01966051507037 1.950413223140496 123.0 358.0 2.0 233.0 24586.0 
310.01966051507037 1.950413223140496 123.0 358.0 2.0 233.0 24586.0 
312.01966051507037 1.950413223140496 123.0 358.0 2.0 233.0 24586.0 
314.00555813315236 1.950413223140496 123.0 358.0 2.0 233.0 24586.0 
316.01966051507037 1.950413223140496 123.0 358.0 2.0 233.0 24586.0 
318.01966051507037 1.9426229508196722 123.0 358.0 2.0 234.0 24884.0 
320.0091535502172 1.9508196721311477 122.0 358.0 2.0 235.0 24986.0 
322.01966051507037 1.9508196721311477 123.0 360.0 2.0 235.0 24986.0 
324.01966051507037 1.959016393442623 122.0 360.0 2.0 236.0 25088.0 
326.01966051507037 1.959016393442623 122.0 360.0 2.0 236.0 25088.0 
328.01966051507037 1.9754098360655736 121.0 360.0 2.0 238.0 25294.0 
330.01966051507037 1.983606557377049 119.0 360.0 2.0 239.0 25396.0 
332.00265926895656 2.0163934426229506 116.0 361.0 2.0 243.0 25806.0 
334.01966051507037 2.040983606557377 114.0 361.0 2.0 246.0 26114.0 
336.01966051507037 2.081967213114754 112.0 362.0 2.0 251.0 26720.0 
338.01966051507037 2.105691056910569 105.0 362.0 2.0 256.0 27472.0 
340.01966051507037 2.154471544715447 102.0 363.0 2.0 262.0 28088.0 
342.00852432618007 2.186991869918699 97.0 364.0 2.0 266.0 28498.0 
344.01966051507037 2.2113821138211383 96.0 366.0 2.0 269.0 28806.0 
346.01966051507037 2.252032520325203 95.0 369.0 2.0 274.0 29319.0 
348.01966051507037 2.3170731707317076 89.0 371.0 2.0 282.0 30255.0 
350.00789929277863 2.3577235772357725 88.0 376.0 2.0 287.0 30767.0 
352.01966051507037 2.4227642276422765 85.0 379.0 2.0 295.0 31603.0 
354.01966051507037 2.4471544715447155 84.0 383.0 2.0 298.0 31911.0 
356.01966051507037 2.471544715447154 83.0 386.0 2.0 301.0 32220.0 
358.00596764771393 2.5121951219512195 83.0 390.0 2.0 306.0 32733.0 
360.01966051507037 2.5447154471544717 81.0 391.0 2.0 310.0 33145.0 
362.01966051507037 2.5772357723577235 82.0 397.0 2.0 314.0 33556.0 
364.01966051507037 2.6097560975609757 80.0 401.0 2.0 318.0 33966.0 
366.01146203947513 2.617886178861789 83.0 406.0 2.0 319.0 34069.0 
368.01966051507037 2.6504065040650406 86.0 409.0 2.0 323.0 34480.0 
370.01966051507037 2.666666666666667 85.0 412.0 2.0 325.0 34685.0 
372.01966051507037 2.6991869918699187 88.0 418.0 2.0 329.0 35095.0 
374.01966051507037 2.707317073170732 92.0 425.0 2.0 330.0 35197.0 
376.01966051507037 2.7235772357723578 96.0 429.0 2.0 332.0 35402.0 
378.01966051507037 2.7398373983739837 93.0 430.0 2.0 334.0 35606.0 
380.01966051507037 2.747967479674797 95.0 433.0 2.0 335.0 35709.0 
382.01966051507037 2.7560975609756095 96.0 435.0 2.0 336.0 35811.0 
384.01966051507037 2.764227642276423 98.0 436.0 2.0 337.0 35913.0 
386.0193988590359 2.7886178861788613 97.0 439.0 2.0 340.0 36222.0 
388.01966051507037 2.7886178861788613 102.0 444.0 2.0 340.0 36222.0 
390.01966051507037 2.796747967479675 101.0 446.0 2.0 341.0 36325.0 
392.01966051507037 2.8048780487804876 105.0 448.0 2.0 342.0 36427.0 
394.01966051507037 2.8130081300813012 105.0 450.0 2.0 343.0 36530.0 
396.01966051507037 2.829268292682927 104.0 450.0 2.0 345.0 36734.0 
398.01966051507037 2.8373983739837394 103.0 450.0 2.0 346.0 36837.0 
400.01966051507037 2.845528455284553 103.0 453.0 2.0 347.0 36940.0 
402.01966051507037 2.845528455284553 105.0 454.0 2.0 347.0 36940.0 
404.01966051507037 2.8536585365853657 106.0 455.0 2.0 348.0 37042.0 
406.0074011958034 2.8536585365853657 107.0 459.0 2.0 348.0 37042.0 
408.01966051507037 2.8536585365853657 110.0 460.0 2.0 348.0 37042.0 
410.01966051507037 2.8536585365853657 110.0 460.0 2.0 348.0 37042.0 
412.01966051507037 2.8536585365853657 112.0 462.0 2.0 348.0 37042.0 
414.00075605151494 2.8536585365853657 114.0 465.0 2.0 348.0 37042.0 
416.00983146062606 2.8536585365853657 117.0 468.0 2.0 348.0 37042.0 
418.01966051507037 2.8536585365853657 118.0 468.0 2.0 348.0 37042.0 
420.01966051507037 2.8536585365853657 118.0 468.0 2.0 348.0 37042.0 
422.01966051507037 2.8536585365853657 119.0 469.0 2.0 348.0 37042.0 
424.0019528492165 2.8617886178861793 118.0 469.0 2.0 349.0 37144.0 
426.0012207401368 2.8617886178861793 119.0 470.0 2.0 349.0 37144.0 
428.01966051507037 2.8617886178861793 120.0 471.0 2.0 349.0 37144.0 
430.0089314164247 2.8617886178861793 121.0 472.0 2.0 349.0 37144.0 
432.01966051507037 2.8617886178861793 122.0 473.0 2.0 349.0 37144.0 
434.00643430611944 2.8699186991869916 121.0 473.0 2.0 350.0 37246.0 
436.00472152156027 2.8699186991869916 122.0 474.0 2.0 350.0 37246.0 
438.01966051507037 2.8780487804878048 122.0 474.0 2.0 351.0 37348.0 
440.01966051507037 2.8780487804878048 121.0 474.0 2.0 351.0 37348.0 
442.01966051507037 2.8780487804878048 122.0 475.0 2.0 351.0 37348.0 
444.01966051507037 2.8861788617886175 122.0 476.0 2.0 352.0 37451.0 
446.01966051507037 2.902439024390244 121.0 476.0 2.0 354.0 37656.0 
448.01966051507037 2.9268292682926833 119.0 476.0 2.0 357.0 37963.0 
450.01966051507037 2.9430894308943087 117.0 477.0 2.0 359.0 38168.0 
452.01966051507037 2.9756097560975605 114.0 478.0 2.0 363.0 38579.0 
454.00734320586406 3.008130081300813 112.0 480.0 2.0 367.0 38990.0 
456.01966051507037 3.040650406504065 109.0 481.0 2.0 371.0 39399.0 
458.01966051507037 3.0650406504065044 109.0 482.0 2.0 374.0 39806.0 
460.01966051507037 3.097560975609756 106.0 483.0 2.0 378.0 40217.0 
462.01966051507037 3.1219512195121957 101.0 483.0 2.0 381.0 40649.0 
464.01966051507037 3.1626016260162606 99.0 484.0 2.0 386.0 41161.0 
466.01966051507037 3.1951219512195124 95.0 485.0 2.0 390.0 41570.0 
468.01966051507037 3.2276422764227646 95.0 489.0 2.0 394.0 41980.0 
470.01966051507037 3.2682926829268295 92.0 492.0 2.0 399.0 42493.0 
472.0013528574771 3.290322580645161 87.0 492.0 2.0 405.0 43767.0 
474.00910968379634 3.3225806451612905 85.0 494.0 2.0 409.0 44176.0 
476.01966051507037 3.370967741935484 81.0 497.0 2.0 415.0 44790.0 
478.01966051507037 3.419354838709677 79.0 500.0 2.0 421.0 45405.0 
480.01966051507037 3.419354838709677 79.0 503.0 2.0 421.0 45405.0 
482.01575369280374 3.443548387096774 84.0 514.0 2.0 424.0 45713.0 
484.01966051507037 3.459677419354839 91.0 520.0 2.0 426.0 45919.0 
486.01966051507037 3.475806451612903 92.0 524.0 2.0 428.0 46124.0 
488.01966051507037 3.5 92.0 525.0 2.0 431.0 46568.0 
490.01966051507037 3.5483870967741935 89.0 528.0 2.0 437.0 47181.0 
492.01966051507037 3.5483870967741935 90.0 529.0 2.0 437.0 47181.0 
494.0116670721579 3.580645161290323 89.0 531.0 2.0 441.0 47591.0 
496.01966051507037 3.5887096774193545 94.0 540.0 2.0 442.0 47693.0 
498.0091706380049 3.596774193548387 99.0 544.0 2.0 443.0 47796.0 
500.01966051507037 3.596774193548387 101.0 546.0 2.0 443.0 47796.0 
502.01966051507037 3.6129032258064515 102.0 549.0 3.0 445.0 48013.0 
504.01562169142204 3.629032258064516 102.0 553.0 3.0 447.0 48218.0 
506.008986050812 3.6370967741935485 104.0 554.0 3.0 448.0 48321.0 
508.01966051507037 3.653225806451613 105.0 558.0 3.0 450.0 48526.0 
510.01966051507037 3.6774193548387095 103.0 559.0 3.0 453.0 48835.0 
512.0196605150704 3.6774193548387095 104.0 560.0 3.0 453.0 48835.0 
514.0160273261199 3.693548387096774 105.0 563.0 3.0 455.0 49040.0 
516.0196605150704 3.709677419354839 106.0 564.0 3.0 457.0 49244.0 
518.0196605150704 3.733870967741935 105.0 568.0 3.0 460.0 49552.0 
520.0196605150704 3.7419354838709675 105.0 569.0 3.0 461.0 49655.0 
522.0196605150704 3.7419354838709675 105.0 569.0 3.0 461.0 49655.0 
524.0196605150704 3.7419354838709675 107.0 571.0 3.0 461.0 49655.0 
526.010872795753 3.7419354838709675 107.0 572.0 3.0 461.0 49655.0 
528.0196605150704 3.75 108.0 575.0 3.0 462.0 49757.0 
530.002456020465 3.7580645161290325 112.0 577.0 3.0 463.0 49860.0 
532.0196605150704 3.766129032258065 110.0 577.0 3.0 464.0 49962.0 
534.0196605150704 3.7741935483870974 114.0 581.0 3.0 465.0 50065.0 
536.0196605150704 3.7741935483870974 113.0 582.0 3.0 465.0 50065.0 
538.0196605150704 3.7822580645161294 115.0 583.0 3.0 466.0 50168.0 
540.0196605150704 3.7822580645161294 115.0 584.0 3.0 466.0 50168.0 
542.0196605150704 3.7822580645161294 115.0 584.0 3.0 466.0 50168.0 
544.0196605150704 3.790322580645161 117.0 586.0 3.0 467.0 50271.0 
546.0196605150704 3.7983870967741935 117.0 588.0 3.0 468.0 50373.0 
548.0012242023292 3.7983870967741935 119.0 591.0 3.0 468.0 50373.0 
550.0196605150704 3.7983870967741935 120.0 591.0 3.0 468.0 50373.0 
552.0041628445222 3.806451612903226 121.0 592.0 3.0 469.0 50476.0 
554.0196605150704 3.806451612903226 122.0 594.0 3.0 469.0 50476.0 
556.0196605150704 3.8306451612903225 120.0 594.0 3.0 472.0 50784.0 
558.018437556504 3.8387096774193545 119.0 594.0 3.0 473.0 50886.0 
560.0196605150704 3.8467741935483866 119.0 595.0 3.0 474.0 50988.0 
562.0196605150704 3.854838709677419 119.0 596.0 3.0 475.0 51091.0 
564.0196605150704 3.854838709677419 118.0 596.0 3.0 475.0 51091.0 
566.0060368319691 3.862903225806451 118.0 596.0 3.0 476.0 51193.0 
568.0196605150704 3.870967741935484 116.0 596.0 3.0 477.0 51295.0 
570.0196605150704 3.9032258064516134 115.0 596.0 3.0 481.0 51705.0 
572.0196605150704 3.911290322580646 113.0 598.0 3.0 482.0 51807.0 
574.0196605150704 3.9193548387096775 114.0 600.0 3.0 483.0 51910.0 
576.0196605150704 3.9354838709677415 113.0 600.0 3.0 485.0 52115.0 
578.0196605150704 3.9354838709677415 114.0 602.0 3.0 485.0 52115.0 
580.0196605150704 3.9758064516129026 112.0 603.0 3.0 490.0 52627.0 
582.0196605150704 3.9919354838709675 111.0 605.0 3.0 492.0 52831.0 
584.0196605150704 4.040322580645162 105.0 608.0 3.0 498.0 53444.0 
586.0062752466279 4.112903225806452 103.0 611.0 3.0 507.0 54369.0 
588.0196605150704 4.137096774193548 99.0 611.0 3.0 510.0 54678.0 
590.0196605150704 4.169354838709678 97.0 613.0 3.0 514.0 55155.0 
592.0196605150704 4.177419354838709 98.0 616.0 3.0 515.0 55257.0 
594.0196605150704 4.201612903225806 101.0 621.0 3.0 518.0 55571.0 
596.0196605150704 4.209677419354838 103.0 627.0 3.0 519.0 55674.0 
598.0196605150704 4.266129032258065 104.0 627.0 3.0 526.0 56391.0 
600.0196605150704 4.314516129032259 95.0 629.0 3.0 532.0 57006.0 
602.0196605150704 4.330645161290322 95.0 633.0 3.0 534.0 57210.0 
604.0196605150704 4.346774193548387 96.0 634.0 3.0 536.0 57663.0 
606.0196605150704 4.379032258064516 96.0 637.0 3.0 540.0 58073.0 
608.0140928928876 4.395161290322581 95.0 640.0 3.0 542.0 58278.0 
610.0196605150704 4.419354838709678 97.0 643.0 3.0 545.0 58587.0 
612.0196605150704 4.419354838709678 95.0 643.0 3.0 545.0 58587.0 
614.0132950286672 4.435483870967741 94.0 644.0 3.0 547.0 58792.0 
616.0196605150704 4.451612903225806 97.0 648.0 3.0 549.0 58998.0 
618.0196605150704 4.46774193548387 95.0 649.0 3.0 551.0 59202.0 
620.0196605150704 4.483870967741935 95.0 649.0 3.0 553.0 59407.0 
622.0080485357269 4.5 93.0 650.0 3.0 555.0 59613.0 
624.0196605150704 4.5 95.0 653.0 3.0 555.0 59613.0 
626.0196605150704 4.516129032258065 96.0 657.0 3.0 557.0 59818.0 
628.0015394761461 4.516129032258065 100.0 660.0 3.0 557.0 59818.0 
630.0196605150704 4.53225806451613 100.0 661.0 3.0 559.0 60023.0 
632.0196605150704 4.564516129032259 98.0 666.0 3.0 563.0 60434.0 
634.014314633882 4.564516129032259 103.0 669.0 3.0 563.0 60434.0 
636.0076571719496 4.596774193548386 105.0 673.0 3.0 567.0 60843.0 
638.0045661159076 4.596774193548386 104.0 676.0 3.0 567.0 60843.0 
640.0196605150704 4.612903225806452 105.0 677.0 3.0 569.0 61048.0 
642.0196605150704 4.620967741935484 106.0 678.0 3.0 570.0 61150.0 
644.0196605150704 4.620967741935484 106.0 679.0 3.0 570.0 61150.0 
646.0196605150704 4.637096774193548 109.0 682.0 3.0 572.0 61355.0 
648.0196605150704 4.645161290322581 107.0 682.0 3.0 573.0 61457.0 
650.0196605150704 4.669354838709678 108.0 685.0 3.0 576.0 61765.0 
652.0067761890456 4.677419354838709 105.0 686.0 3.0 577.0 61867.0 
654.0182980449151 4.685483870967741 108.0 689.0 3.0 578.0 61970.0 
656.0173923659189 4.701612903225806 108.0 690.0 4.0 580.0 62187.0 
658.0019795031957 4.701612903225806 107.0 691.0 4.0 580.0 62187.0 
660.0196605150704 4.701612903225806 107.0 692.0 4.0 580.0 62187.0 
662.0196605150704 4.709677419354838 110.0 695.0 4.0 581.0 62290.0 
664.014559824632 4.725806451612903 109.0 695.0 4.0 583.0 62580.0 
666.0196605150704 4.725806451612903 110.0 697.0 4.0 583.0 62580.0 
668.0196605150704 4.725806451612903 111.0 698.0 4.0 583.0 62580.0 
670.0173985883027 4.725806451612903 113.0 701.0 4.0 583.0 62580.0 
672.0196605150704 4.725806451612903 115.0 704.0 4.0 583.0 62580.0 
674.0196605150704 4.733870967741935 117.0 705.0 4.0 584.0 62682.0 
676.0196605150704 4.758064516129032 116.0 706.0 4.0 587.0 62990.0 
678.0196605150704 4.758064516129032 117.0 709.0 4.0 587.0 62990.0 
680.0196605150704 4.774193548387097 118.0 709.0 4.0 589.0 63195.0 
682.0196605150704 4.78225806451613 116.0 709.0 4.0 590.0 63298.0 
684.0196605150704 4.806451612903227 114.0 710.0 4.0 593.0 63717.0 
686.0196605150704 4.806451612903227 113.0 711.0 4.0 593.0 63717.0 
688.0196605150704 4.846774193548386 109.0 711.0 4.0 598.0 64230.0 
690.0196605150704 4.854838709677419 110.0 713.0 4.0 599.0 64333.0 
692.0141849694371 4.870967741935484 109.0 713.0 4.0 601.0 64537.0 
694.0196605150704 4.895161290322581 106.0 713.0 4.0 604.0 65172.0 
696.0196605150704 4.927419354838709 106.0 716.0 4.0 608.0 65582.0 
698.0196605150704 4.975806451612902 103.0 719.0 4.0 614.0 66538.0 
700.0196605150704 5.0 99.0 721.0 4.0 617.0 66847.0 
702.0196605150704 5.008064516129032 100.0 722.0 4.0 618.0 66949.0 
704.0196605150704 5.040322580645162 99.0 724.0 4.0 622.0 67456.0 
706.0196605150704 5.056451612903227 100.0 728.0 4.0 624.0 67661.0 
708.0196605150704 5.080645161290322 97.0 728.0 4.0 627.0 67967.0 
710.0196605150704 5.088709677419354 98.0 730.0 4.0 628.0 68069.0 
712.0196605150704 5.112903225806452 99.0 734.0 4.0 631.0 68377.0 
714.0196605150704 5.120967741935484 98.0 736.0 4.0 632.0 68480.0 
716.0196605150704 5.137096774193548 103.0 739.0 4.0 634.0 68705.0 
718.0196605150704 5.169354838709678 102.0 741.0 4.0 638.0 69213.0 
720.0196605150704 5.185483870967741 102.0 745.0 4.0 640.0 69419.0 
722.0196605150704 5.193548387096773 101.0 747.0 4.0 641.0 69532.0 
724.0196605150704 5.201612903225806 104.0 751.0 4.0 642.0 69634.0 
726.0196605150704 5.225806451612903 104.0 753.0 4.0 645.0 69941.0 
728.0196605150704 5.241935483870968 104.0 754.0 4.0 647.0 70146.0 
730.0196605150704 5.28225806451613 103.0 758.0 4.0 652.0 70659.0 
732.0196605150704 5.290322580645162 101.0 758.0 4.0 653.0 70761.0 
734.0136177591364 5.306451612903227 101.0 760.0 4.0 655.0 70965.0 
736.0196605150704 5.354838709677419 103.0 766.0 4.0 661.0 71582.0 
738.0177283358606 5.379032258064516 101.0 767.0 4.0 664.0 71891.0 
740.0196605150704 5.395161290322581 99.0 768.0 4.0 666.0 72096.0 
742.0017052050621 5.419354838709678 96.0 768.0 4.0 669.0 72405.0 
744.0196605150704 5.427419354838709 97.0 770.0 4.0 670.0 72507.0 
746.0008778460892 5.427419354838709 100.0 774.0 5.0 670.0 72519.0 
748.0053771277012 5.451612903225806 100.0 777.0 5.0 673.0 72826.0 
750.0196605150704 5.451612903225806 103.0 781.0 5.0 673.0 72826.0 
752.0196605150704 5.475806451612902 106.0 786.0 5.0 676.0 73133.0 
754.0196605150704 5.475806451612902 107.0 789.0 5.0 676.0 73133.0 
756.005696124773 5.5 106.0 791.0 5.0 679.0 73440.0 
758.0196605150704 5.516129032258065 108.0 793.0 5.0 681.0 73645.0 
760.0196605150704 5.524193548387098 109.0 795.0 5.0 682.0 73747.0 
762.0029335165358 5.524193548387098 109.0 797.0 5.0 682.0 73747.0 
764.0196605150704 5.548387096774194 107.0 797.0 5.0 685.0 74054.0 
766.0196605150704 5.556451612903227 106.0 797.0 5.0 686.0 74157.0 
768.0000636778552 5.564516129032259 107.0 799.0 5.0 687.0 74259.0 
770.0196605150704 5.572580645161291 107.0 800.0 5.0 688.0 74361.0 
772.0196605150704 5.588709677419354 106.0 801.0 5.0 690.0 74566.0 
774.0196605150704 5.604838709677419 108.0 805.0 5.0 692.0 74772.0 
776.0196605150704 5.620967741935484 108.0 807.0 5.0 694.0 74978.0 
778.0196605150704 5.637096774193548 107.0 808.0 5.0 696.0 75183.0 
780.0196605150704 5.653225806451614 106.0 810.0 5.0 698.0 75388.0 
782.0196605150704 5.661290322580646 108.0 812.0 5.0 699.0 75491.0 
784.0076947348704 5.661290322580646 108.0 812.0 5.0 699.0 75491.0 
786.0196605150704 5.661290322580646 111.0 816.0 5.0 699.0 75491.0 
788.0196605150704 5.669354838709678 112.0 818.0 5.0 700.0 75594.0 
790.0196605150704 5.677419354838709 112.0 818.0 5.0 701.0 75697.0 
792.0196605150704 5.693548387096773 112.0 820.0 5.0 703.0 75901.0 
794.0196605150704 5.693548387096773 113.0 821.0 5.0 703.0 75901.0 
796.0196605150704 5.693548387096773 114.0 822.0 5.0 703.0 75901.0 
798.0196605150704 5.709677419354838 115.0 824.0 5.0 705.0 76105.0 
800.0196605150704 5.741935483870968 112.0 824.0 5.0 709.0 76514.0 
802.0196605150704 5.758064516129032 111.0 825.0 5.0 711.0 76753.0 
804.0196605150704 5.766129032258065 109.0 826.0 5.0 712.0 76855.0 
806.0196605150704 5.774193548387098 109.0 826.0 5.0 713.0 76957.0 
808.0071548840587 5.798387096774195 107.0 828.0 5.0 716.0 77265.0 
810.016807256538 5.806451612903227 108.0 831.0 5.0 717.0 77368.0 
812.0196605150704 5.814516129032259 108.0 831.0 5.0 718.0 77470.0 
814.0196605150704 5.838709677419354 108.0 833.0 5.0 721.0 77779.0 
816.0196605150704 5.854838709677419 105.0 833.0 5.0 723.0 77985.0 
818.0196605150704 5.895161290322581 104.0 835.0 5.0 728.0 78499.0 
820.0196605150704 5.911290322580645 104.0 838.0 5.0 730.0 78703.0 
822.0196605150704 5.943548387096773 101.0 840.0 6.0 734.0 79124.0 
824.0136297533259 5.951612903225805 100.0 841.0 6.0 735.0 79226.0 
826.0196605150704 5.983870967741935 102.0 844.0 6.0 739.0 79635.0 
828.0196605150704 6.0 100.0 848.0 6.0 741.0 79841.0 
830.0196605150704 6.008064516129032 103.0 851.0 6.0 742.0 79944.0 
832.0196605150704 6.040322580645162 99.0 851.0 6.0 746.0 80353.0 
834.0196605150704 6.048387096774194 100.0 855.0 6.0 747.0 80456.0 
836.0196605150704 6.056451612903227 102.0 857.0 6.0 748.0 80558.0 
838.0196605150704 6.096774193548386 101.0 858.0 6.0 753.0 81070.0 
840.0196605150704 6.104838709677419 103.0 863.0 6.0 754.0 81173.0 
842.0196605150704 6.120967741935484 103.0 865.0 6.0 756.0 81378.0 
844.0196605150704 6.120967741935484 105.0 868.0 6.0 756.0 81378.0 
846.0196605150704 6.137096774193548 107.0 870.0 6.0 758.0 81582.0 
848.0003779567646 6.169354838709678 109.0 875.0 6.0 762.0 81991.0 
850.0196605150704 6.193548387096773 106.0 877.0 6.0 765.0 82297.0 
852.0196605150704 6.225806451612903 104.0 877.0 6.0 769.0 82707.0 
854.0196101081351 6.258064516129032 101.0 879.0 6.0 773.0 83116.0 
856.0196605150704 6.274193548387097 102.0 883.0 6.0 775.0 83320.0 
858.0196605150704 6.290322580645162 101.0 885.0 6.0 777.0 83526.0 
860.0196605150704 6.314516129032259 101.0 885.0 6.0 780.0 83833.0 
862.0196605150704 6.338709677419354 100.0 887.0 6.0 783.0 84391.0 
864.0196605150704 6.346774193548387 100.0 889.0 6.0 784.0 84494.0 
866.0196605150704 6.354838709677419 100.0 891.0 6.0 785.0 84597.0 
868.0171752092153 6.354838709677419 101.0 892.0 6.0 785.0 84597.0 
870.0196605150704 6.362903225806452 103.0 895.0 6.0 786.0 84700.0 
872.0196605150704 6.370967741935483 103.0 897.0 6.0 787.0 84803.0 
874.0185788168616 6.379032258064517 105.0 900.0 6.0 788.0 84906.0 
876.0170998718431 6.411290322580646 104.0 902.0 6.0 792.0 85316.0 
878.0196605150704 6.435483870967741 102.0 902.0 6.0 795.0 85624.0 
880.0196605150704 6.443548387096773 101.0 903.0 6.0 796.0 85727.0 
882.0196605150704 6.443548387096773 103.0 906.0 6.0 796.0 85727.0 
884.0196605150704 6.475806451612902 104.0 910.0 6.0 800.0 86139.0 
886.0196605150704 6.475806451612902 107.0 913.0 6.0 800.0 86139.0 
888.0122033985272 6.5 108.0 916.0 6.0 803.0 86445.0 
890.0058585213455 6.516129032258065 106.0 917.0 6.0 805.0 86650.0 
892.0196605150704 6.524193548387098 106.0 919.0 6.0 806.0 86753.0 
894.0081755655831 6.53225806451613 109.0 921.0 6.0 807.0 86856.0 
896.0196605150704 6.548387096774195 109.0 923.0 6.0 809.0 87061.0 
898.0196605150704 6.556451612903227 111.0 926.0 6.0 810.0 87164.0 
900.0196605150704 6.572580645161292 109.0 927.0 6.0 812.0 87369.0 
#####################################################################
# End of data export. Simulation finished at: 2020-02-19T12:26+0000 #
#####################################################################
