#####################################################################
# Alchemist log file - simulation started at: 2020-02-13T22:37+0000 #
#####################################################################
# seed = 68.0, taskFrequency = 0.0075, cloudcost = 2.0, algorithm = true
#
# The columns have the following meaning: 
# time taskHops[Mean] hasTask[Sum] tasks[Sum] completedTasks[Sum] giveupTasks[Sum] taskLatency[Sum] 
0.0 NaN 0.0 0.0 0.0 0.0 0.0 
2.001699698410083 NaN 1.0 1.0 0.0 0.0 0.0 
4.001699698410083 NaN 4.0 6.0 0.0 0.0 0.0 
6.001699698410083 NaN 9.0 9.0 0.0 0.0 0.0 
8.001699698410082 NaN 9.0 9.0 0.0 0.0 0.0 
10.001699698410082 NaN 9.0 9.0 0.0 0.0 0.0 
12.001699698410082 NaN 9.0 9.0 0.0 0.0 0.0 
14.001699698410082 NaN 10.0 10.0 0.0 0.0 0.0 
16.001699698410082 1.5 9.0 11.0 2.0 0.0 26.0 
18.001699698410082 1.4285714285714286 8.0 12.0 7.0 0.0 93.0 
20.001699698410082 1.6666666666666667 5.0 13.0 9.0 0.0 122.0 
22.001699698410082 1.6666666666666667 6.0 15.0 9.0 0.0 122.0 
24.001699698410082 1.6666666666666667 6.0 15.0 9.0 0.0 122.0 
26.001699698410082 1.6666666666666667 6.0 15.0 9.0 0.0 122.0 
28.001699698410082 1.7 6.0 16.0 10.0 0.0 136.0 
30.001699698410082 1.6363636363636365 6.0 16.0 11.0 0.0 150.0 
32.00169969841008 1.7272727272727273 6.0 18.0 12.0 0.0 151.0 
34.00169969841008 1.6428571428571428 6.0 20.0 15.0 0.0 194.0 
36.00169969841008 1.6428571428571428 7.0 22.0 15.0 0.0 194.0 
38.00169969841008 1.6428571428571428 11.0 26.0 15.0 0.0 194.0 
40.00169969841008 1.6666666666666667 11.0 28.0 16.0 0.0 212.0 
42.00169969841008 1.6666666666666667 15.0 32.0 16.0 0.0 212.0 
44.00169969841008 1.6666666666666667 18.0 35.0 16.0 0.0 212.0 
46.00169969841008 1.625 21.0 38.0 17.0 0.0 231.0 
48.00169969841008 1.5555555555555556 22.0 41.0 19.0 0.0 258.0 
50.00169969841008 1.7 21.0 41.0 22.0 0.0 305.0 
52.00169969841008 1.6818181818181819 18.0 42.0 24.0 0.0 332.0 
54.00169969841008 1.6818181818181819 21.0 46.0 24.0 0.0 332.0 
56.00169969841008 1.7307692307692308 21.0 47.0 28.0 0.0 396.0 
58.00169969841008 1.7 17.0 48.0 32.0 0.0 460.0 
60.00169969841008 1.7 16.0 48.0 32.0 0.0 460.0 
62.00169969841008 1.6875 18.0 51.0 34.0 0.0 487.0 
64.00169969841008 1.75 18.0 53.0 35.0 0.0 508.0 
66.00169969841008 1.7428571428571429 17.0 53.0 38.0 0.0 561.0 
68.00169969841008 1.7222222222222223 16.0 55.0 39.0 0.0 577.0 
70.00169969841008 1.7222222222222223 17.0 56.0 39.0 0.0 577.0 
72.00169969841008 1.6842105263157894 17.0 57.0 41.0 0.0 607.0 
74.00169969841008 1.7560975609756098 17.0 58.0 44.0 0.0 676.0 
76.00169969841008 1.7380952380952381 13.0 58.0 45.0 0.0 690.0 
78.00169969841008 1.7209302325581397 15.0 62.0 46.0 0.0 704.0 
80.00169969841008 1.7209302325581397 17.0 63.0 46.0 0.0 704.0 
82.00169969841008 1.7954545454545456 18.0 65.0 48.0 0.0 756.0 
84.00169969841008 1.7916666666666665 16.0 67.0 52.0 0.0 835.0 
86.00169969841008 1.7916666666666665 17.0 69.0 52.0 0.0 835.0 
88.00169969841008 1.8541666666666665 16.0 69.0 53.0 0.0 853.0 
90.00169969841008 1.8999999999999997 16.0 70.0 55.0 0.0 916.0 
92.00169969841008 1.92 15.0 71.0 56.0 0.0 930.0 
94.00169969841008 1.9019607843137252 15.0 72.0 57.0 0.0 943.0 
96.00169969841008 1.8888888888888886 13.0 72.0 60.0 0.0 998.0 
98.00169969841008 1.9454545454545455 11.0 73.0 62.0 0.0 1055.0 
100.00169969841008 1.9642857142857142 11.0 74.0 64.0 0.0 1089.0 
102.00169969841008 1.9649122807017545 10.0 76.0 65.0 0.0 1113.0 
104.00169969841008 1.9482758620689655 11.0 76.0 66.0 0.0 1126.0 
106.00169969841008 2.064516129032258 8.0 76.0 70.0 0.0 1241.0 
108.00169969841008 2.064516129032258 9.0 80.0 70.0 0.0 1241.0 
110.00169969841008 2.064516129032258 11.0 81.0 70.0 0.0 1241.0 
112.00169969841008 2.064516129032258 11.0 81.0 70.0 0.0 1241.0 
114.00169969841008 2.0476190476190474 11.0 84.0 71.0 0.0 1260.0 
116.00169969841008 2.078125 14.0 86.0 74.0 0.0 1305.0 
118.00169969841008 2.078125 16.0 90.0 74.0 0.0 1305.0 
120.00169969841008 2.1076923076923078 16.0 91.0 76.0 0.0 1374.0 
122.00169969841008 2.074626865671642 15.0 93.0 78.0 0.0 1400.0 
124.00169969841008 2.1176470588235294 18.0 96.0 80.0 0.0 1433.0 
126.00169969841008 2.1176470588235294 18.0 99.0 80.0 0.0 1433.0 
128.00169969841008 2.1159420289855073 19.0 100.0 82.0 0.0 1461.0 
130.00169969841008 2.1594202898550723 20.0 103.0 83.0 0.0 1475.0 
132.00169969841008 2.2285714285714286 20.0 105.0 85.0 0.0 1511.0 
134.00169969841008 2.2285714285714286 22.0 107.0 85.0 0.0 1511.0 
136.00169969841008 2.2253521126760565 22.0 108.0 86.0 0.0 1529.0 
138.00169969841008 2.236111111111111 21.0 108.0 87.0 0.0 1548.0 
140.00169969841008 2.236111111111111 23.0 110.0 87.0 0.0 1548.0 
142.00169969841008 2.2837837837837838 23.0 112.0 90.0 0.0 1607.0 
144.00169969841008 2.2837837837837838 22.0 112.0 90.0 0.0 1607.0 
146.00169969841008 2.3513513513513518 21.0 114.0 92.0 0.0 1639.0 
148.00169969841008 2.3866666666666667 21.0 114.0 94.0 0.0 1698.0 
150.00169969841008 2.4473684210526314 18.0 116.0 97.0 0.0 1764.0 
152.00169969841008 2.4473684210526314 19.0 116.0 97.0 0.0 1764.0 
154.00169969841008 2.454545454545454 18.0 116.0 99.0 0.0 1806.0 
156.00169969841008 2.4615384615384617 17.0 116.0 100.0 0.0 1836.0 
158.00169969841008 2.4683544303797467 16.0 117.0 102.0 0.0 1880.0 
160.00169969841008 2.4625 16.0 118.0 103.0 0.0 1917.0 
162.00169969841008 2.4567901234567904 15.0 118.0 104.0 0.0 1933.0 
164.00169969841008 2.4567901234567904 15.0 119.0 104.0 0.0 1933.0 
166.00169969841008 2.4691358024691357 17.0 121.0 105.0 0.0 1958.0 
168.00169969841008 2.5185185185185186 15.0 122.0 108.0 0.0 2033.0 
170.00169969841008 2.5185185185185186 16.0 124.0 108.0 0.0 2033.0 
172.00169969841008 2.5121951219512195 18.0 126.0 109.0 0.0 2055.0 
174.00169969841008 2.4939759036144578 17.0 128.0 110.0 0.0 2069.0 
176.00169969841008 2.5180722891566267 17.0 128.0 111.0 0.0 2123.0 
178.00169969841008 2.5180722891566267 20.0 131.0 111.0 0.0 2123.0 
180.00169969841008 2.5301204819277108 19.0 131.0 112.0 0.0 2137.0 
182.00169969841008 2.5357142857142856 20.0 134.0 113.0 0.0 2155.0 
184.00169969841008 2.5595238095238093 23.0 136.0 114.0 0.0 2181.0 
186.00169969841008 2.5833333333333335 22.0 137.0 115.0 0.0 2194.0 
188.00169969841008 2.5833333333333335 22.0 138.0 115.0 0.0 2194.0 
190.00169969841008 2.5833333333333335 24.0 139.0 115.0 0.0 2194.0 
192.00169969841008 2.5833333333333335 25.0 140.0 115.0 0.0 2194.0 
194.00169969841008 2.5952380952380953 26.0 142.0 116.0 0.0 2269.0 
196.00169969841008 2.5952380952380953 28.0 145.0 116.0 0.0 2269.0 
198.00169969841008 2.6547619047619047 29.0 148.0 118.0 0.0 2317.0 
200.00169969841008 2.6547619047619047 32.0 151.0 118.0 0.0 2317.0 
202.00169969841008 2.6470588235294117 32.0 151.0 120.0 0.0 2350.0 
204.00169969841008 2.7093023255813953 33.0 153.0 121.0 0.0 2415.0 
206.00169969841008 2.7093023255813953 32.0 154.0 121.0 0.0 2415.0 
208.00169969841008 2.7093023255813953 33.0 154.0 121.0 0.0 2415.0 
210.00169969841008 2.7093023255813953 34.0 155.0 121.0 0.0 2415.0 
212.00169969841008 2.7674418604651163 36.0 157.0 122.0 0.0 2459.0 
214.00169969841008 2.7471264367816093 37.0 159.0 123.0 0.0 2482.0 
216.00169969841008 2.7586206896551726 35.0 159.0 124.0 0.0 2515.0 
218.00169969841008 2.839080459770115 36.0 160.0 125.0 1.0 2628.0 
220.00169969841008 2.862068965517241 34.0 161.0 126.0 1.0 2651.0 
222.00169969841008 2.862068965517241 35.0 163.0 126.0 1.0 2651.0 
224.00169969841008 2.8636363636363638 38.0 165.0 128.0 1.0 2696.0 
226.00169969841008 2.8863636363636362 36.0 166.0 129.0 1.0 2723.0 
228.00169969841008 2.898876404494382 35.0 166.0 129.0 3.0 2831.0 
230.00169969841008 2.9775280898876404 35.0 169.0 130.0 3.0 2878.0 
232.00169969841008 3.01123595505618 34.0 169.0 132.0 3.0 2958.0 
234.00169969841008 3.01123595505618 35.0 170.0 132.0 3.0 2958.0 
236.00169969841008 3.0 36.0 172.0 133.0 4.0 3090.0 
238.00169969841008 3.0 38.0 175.0 133.0 4.0 3090.0 
240.00169969841008 3.0 39.0 176.0 133.0 4.0 3090.0 
242.00169969841008 3.032608695652174 38.0 177.0 134.0 5.0 3236.0 
244.00169969841008 3.0543478260869565 38.0 178.0 134.0 6.0 3282.0 
246.00169969841008 3.0543478260869565 39.0 179.0 134.0 6.0 3282.0 
248.00169969841008 3.0652173913043477 39.0 180.0 135.0 6.0 3299.0 
250.00169969841008 3.075268817204301 38.0 180.0 138.0 6.0 3349.0 
252.00169969841008 3.172043010752688 35.0 181.0 141.0 6.0 3452.0 
254.00169969841008 3.1808510638297873 33.0 181.0 142.0 6.0 3491.0 
256.0016996984101 3.1808510638297873 33.0 181.0 142.0 6.0 3491.0 
258.0016996984101 3.223404255319149 32.0 181.0 143.0 6.0 3525.0 
260.0016996984101 3.2842105263157895 31.0 183.0 146.0 6.0 3643.0 
262.0016996984101 3.2842105263157895 32.0 185.0 146.0 6.0 3643.0 
264.0016996984101 3.2842105263157895 34.0 186.0 146.0 6.0 3643.0 
266.0016996984101 3.357894736842105 31.0 186.0 149.0 6.0 3771.0 
268.0016996984101 3.395833333333333 30.0 187.0 151.0 7.0 3925.0 
270.0016996984101 3.416666666666667 28.0 187.0 151.0 8.0 3933.0 
272.0016996984101 3.387755102040816 27.0 187.0 151.0 10.0 4117.0 
274.0016996984101 3.438775510204082 26.0 190.0 152.0 11.0 4233.0 
276.0016996984101 3.438775510204082 27.0 190.0 152.0 11.0 4233.0 
278.0016996984101 3.4343434343434343 26.0 190.0 153.0 12.0 4352.0 
280.0016996984101 3.48 24.0 191.0 154.0 14.0 4641.0 
282.0016996984101 3.51 24.0 193.0 155.0 14.0 4682.0 
284.0016996984101 3.5346534653465347 23.0 193.0 155.0 16.0 4785.0 
286.0016996984101 3.5346534653465347 22.0 193.0 155.0 16.0 4785.0 
288.0016996984101 3.5346534653465347 22.0 193.0 155.0 16.0 4785.0 
290.0016996984101 3.5841584158415842 22.0 194.0 156.0 16.0 4874.0 
292.0016996984101 3.5841584158415842 22.0 194.0 156.0 16.0 4874.0 
294.0016996984101 3.5940594059405937 23.0 196.0 157.0 16.0 4945.0 
296.0016996984101 3.5922330097087376 23.0 197.0 158.0 18.0 5172.0 
298.0016996984101 3.6310679611650487 22.0 198.0 159.0 18.0 5196.0 
300.0016996984101 3.6346153846153846 18.0 198.0 161.0 19.0 5302.0 
302.0016996984101 3.619047619047619 19.0 200.0 161.0 20.0 5403.0 
304.0016996984101 3.619047619047619 19.0 200.0 161.0 20.0 5403.0 
306.0016996984101 3.6285714285714286 20.0 203.0 162.0 20.0 5473.0 
308.0016996984101 3.666666666666667 20.0 204.0 164.0 20.0 5504.0 
310.0016996984101 3.688679245283019 18.0 204.0 164.0 23.0 5636.0 
312.0016996984101 3.7735849056603774 16.0 204.0 164.0 27.0 5999.0 
314.0016996984101 3.8598130841121496 15.0 207.0 167.0 28.0 6130.0 
316.0016996984101 3.8256880733944953 11.0 209.0 170.0 28.0 6176.0 
318.0016996984101 3.8256880733944953 11.0 209.0 170.0 28.0 6176.0 
320.0016996984101 3.8256880733944953 11.0 209.0 170.0 28.0 6176.0 
322.0016996984101 3.8256880733944953 13.0 212.0 170.0 28.0 6176.0 
324.0016996984101 3.8256880733944953 14.0 212.0 170.0 28.0 6176.0 
326.0016996984101 3.871559633027523 17.0 215.0 171.0 28.0 6235.0 
328.0016996984101 3.8636363636363638 15.0 215.0 172.0 29.0 6358.0 
330.0016996984101 3.855855855855856 16.0 217.0 173.0 29.0 6375.0 
332.0016996984101 3.855855855855856 17.0 220.0 173.0 29.0 6375.0 
334.0016996984101 3.864864864864865 20.0 223.0 174.0 29.0 6402.0 
336.0016996984101 3.90990990990991 19.0 224.0 177.0 29.0 6449.0 
338.0016996984101 3.90990990990991 18.0 224.0 177.0 29.0 6449.0 
340.0016996984101 3.90990990990991 18.0 225.0 177.0 29.0 6449.0 
342.0016996984101 3.964285714285714 19.0 225.0 179.0 29.0 6505.0 
344.0016996984101 3.964285714285714 18.0 227.0 179.0 29.0 6505.0 
346.0016996984101 3.973214285714286 19.0 229.0 180.0 29.0 6518.0 
348.0016996984101 4.044642857142857 19.0 231.0 182.0 29.0 6624.0 
350.0016996984101 4.089285714285714 19.0 231.0 185.0 29.0 6680.0 
352.0016996984101 4.098214285714286 19.0 234.0 186.0 29.0 6703.0 
354.0016996984101 4.107142857142857 21.0 237.0 187.0 29.0 6717.0 
356.0016996984101 4.125 22.0 239.0 188.0 29.0 6739.0 
358.0016996984101 4.133928571428571 24.0 242.0 189.0 29.0 6752.0 
360.0016996984101 4.106194690265487 25.0 244.0 190.0 29.0 6779.0 
362.0016996984101 4.11504424778761 27.0 247.0 191.0 29.0 6793.0 
364.0016996984101 4.150442477876107 26.0 248.0 193.0 29.0 6830.0 
366.0016996984101 4.1946902654867255 27.0 252.0 196.0 29.0 6879.0 
368.0016996984101 4.212389380530974 28.0 253.0 197.0 29.0 6893.0 
370.0016996984101 4.274336283185841 28.0 257.0 201.0 29.0 6995.0 
372.0016996984101 4.300884955752212 28.0 258.0 203.0 29.0 7027.0 
374.0016996984101 4.298245614035087 24.0 258.0 205.0 30.0 7157.0 
376.0016996984101 4.359649122807017 25.0 260.0 206.0 31.0 7207.0 
378.0016996984101 4.385964912280702 23.0 262.0 208.0 31.0 7242.0 
380.0016996984101 4.43859649122807 25.0 264.0 209.0 31.0 7317.0 
382.0016996984101 4.43859649122807 25.0 265.0 209.0 31.0 7317.0 
384.0016996984101 4.447368421052632 25.0 266.0 210.0 31.0 7331.0 
386.0016996984101 4.447368421052632 25.0 266.0 210.0 31.0 7331.0 
388.0016996984101 4.447368421052632 27.0 268.0 210.0 31.0 7331.0 
390.0016996984101 4.535087719298246 24.0 269.0 214.0 31.0 7420.0 
392.0016996984101 4.535087719298246 26.0 271.0 214.0 31.0 7420.0 
394.0016996984101 4.5438596491228065 26.0 271.0 215.0 31.0 7448.0 
396.0016996984101 4.5964912280701755 26.0 272.0 218.0 31.0 7496.0 
398.0016996984101 4.631578947368421 23.0 272.0 219.0 31.0 7519.0 
400.0016996984101 4.631578947368421 22.0 272.0 219.0 31.0 7519.0 
402.0016996984101 4.649122807017544 22.0 272.0 220.0 31.0 7540.0 
404.0016996984101 4.657894736842105 22.0 273.0 221.0 31.0 7553.0 
406.0016996984101 4.684210526315789 22.0 274.0 222.0 31.0 7568.0 
408.0016996984101 4.833333333333334 20.0 275.0 227.0 31.0 7721.0 
410.0016996984101 4.833333333333334 18.0 276.0 227.0 31.0 7721.0 
412.0016996984101 4.833333333333334 20.0 278.0 227.0 31.0 7721.0 
414.0016996984101 4.833333333333334 21.0 279.0 227.0 31.0 7721.0 
416.0016996984101 4.850877192982456 21.0 279.0 229.0 31.0 7780.0 
418.0016996984101 4.87719298245614 19.0 280.0 230.0 31.0 7819.0 
420.0016996984101 4.87719298245614 19.0 280.0 230.0 31.0 7819.0 
422.0016996984101 4.87719298245614 19.0 280.0 230.0 31.0 7819.0 
424.0016996984101 4.843478260869565 18.0 280.0 231.0 31.0 7832.0 
426.0016996984101 4.878260869565217 19.0 282.0 234.0 31.0 7927.0 
428.0016996984101 4.905172413793103 16.0 283.0 237.0 31.0 8125.0 
430.0016996984101 4.905172413793103 16.0 284.0 237.0 31.0 8125.0 
432.0016996984101 4.905172413793103 16.0 285.0 237.0 31.0 8125.0 
434.0016996984101 4.956896551724138 15.0 286.0 239.0 32.0 8284.0 
436.0016996984101 4.982758620689655 14.0 286.0 239.0 33.0 8385.0 
438.0016996984101 4.982758620689655 15.0 287.0 239.0 33.0 8385.0 
440.0016996984101 4.982758620689655 17.0 290.0 239.0 33.0 8385.0 
442.0016996984101 4.982758620689655 19.0 291.0 239.0 33.0 8385.0 
444.0016996984101 5.017241379310345 19.0 292.0 240.0 33.0 8417.0 
446.0016996984101 5.051724137931034 20.0 293.0 241.0 33.0 8496.0 
448.0016996984101 5.086206896551724 19.0 294.0 242.0 33.0 8517.0 
450.0016996984101 5.086206896551724 19.0 295.0 242.0 33.0 8517.0 
452.0016996984101 5.120689655172414 22.0 299.0 244.0 33.0 8570.0 
454.0016996984101 5.120689655172414 23.0 301.0 244.0 33.0 8570.0 
456.0016996984101 5.120689655172414 24.0 301.0 244.0 33.0 8570.0 
458.0016996984101 5.111111111111111 25.0 302.0 245.0 33.0 8589.0 
460.0016996984101 5.153846153846154 23.0 303.0 245.0 34.0 8691.0 
462.0016996984101 5.186440677966101 27.0 307.0 246.0 36.0 8914.0 
464.0016996984101 5.23728813559322 26.0 309.0 248.0 37.0 8962.0 
466.0016996984101 5.296610169491525 22.0 310.0 250.0 38.0 9004.0 
468.0016996984101 5.296610169491525 24.0 312.0 250.0 38.0 9004.0 
470.0016996984101 5.322033898305085 25.0 313.0 252.0 38.0 9039.0 
472.0016996984101 5.389830508474577 24.0 314.0 254.0 38.0 9080.0 
474.0016996984101 5.389830508474577 22.0 315.0 254.0 38.0 9080.0 
476.0016996984101 5.389830508474577 25.0 317.0 254.0 38.0 9080.0 
478.0016996984101 5.432203389830509 24.0 318.0 256.0 38.0 9176.0 
480.0016996984101 5.491525423728813 23.0 318.0 260.0 38.0 9249.0 
482.0016996984101 5.508474576271187 20.0 319.0 261.0 38.0 9270.0 
484.0016996984101 5.525423728813559 19.0 319.0 263.0 38.0 9306.0 
486.0016996984101 5.5423728813559325 18.0 319.0 264.0 38.0 9325.0 
488.0016996984101 5.567796610169491 16.0 319.0 265.0 39.0 9445.0 
490.0016996984101 5.610169491525423 14.0 320.0 266.0 40.0 9566.0 
492.0016996984101 5.610169491525423 14.0 321.0 266.0 40.0 9566.0 
494.0016996984101 5.705882352941176 15.0 323.0 269.0 40.0 9681.0 
496.0016996984101 5.705882352941176 15.0 324.0 269.0 40.0 9681.0 
498.0016996984101 5.7142857142857135 15.0 325.0 270.0 40.0 9702.0 
500.0016996984101 5.731092436974789 15.0 328.0 271.0 40.0 9724.0 
502.0016996984101 5.731092436974789 19.0 330.0 271.0 40.0 9724.0 
504.0016996984101 5.7563025210084025 20.0 331.0 273.0 40.0 9760.0 
506.0016996984101 5.7333333333333325 19.0 333.0 275.0 40.0 9833.0 
508.0016996984101 5.75 18.0 333.0 276.0 40.0 9848.0 
510.0016996984101 5.758333333333334 19.0 335.0 277.0 40.0 9866.0 
512.0016996984101 5.7666666666666675 18.0 335.0 278.0 40.0 9904.0 
514.0016996984101 5.8 17.0 337.0 279.0 40.0 9924.0 
516.0016996984101 5.816666666666666 18.0 337.0 280.0 40.0 9998.0 
518.0016996984101 5.833333333333334 17.0 338.0 281.0 40.0 10014.0 
520.0016996984101 5.841666666666666 17.0 339.0 282.0 40.0 10028.0 
522.0016996984101 5.9 17.0 340.0 284.0 40.0 10076.0 
524.0016996984101 5.950000000000001 15.0 341.0 286.0 40.0 10160.0 
526.0016996984101 5.966666666666666 16.0 343.0 287.0 40.0 10185.0 
528.0016996984101 5.975 17.0 345.0 288.0 40.0 10209.0 
530.0016996984101 5.9833333333333325 19.0 348.0 289.0 40.0 10239.0 
532.0016996984101 5.9833333333333325 21.0 350.0 289.0 40.0 10239.0 
534.0016996984101 6.0166666666666675 21.0 350.0 291.0 40.0 10359.0 
536.0016996984101 6.008264462809917 20.0 353.0 293.0 40.0 10392.0 
538.0016996984101 6.024793388429751 22.0 356.0 293.0 41.0 10392.0 
540.0016996984101 6.0578512396694215 21.0 356.0 295.0 41.0 10445.0 
542.0016996984101 6.148760330578513 20.0 358.0 297.0 42.0 10574.0 
544.0016996984101 6.190082644628099 20.0 359.0 297.0 43.0 10675.0 
546.0016996984101 6.231404958677686 18.0 360.0 299.0 43.0 10710.0 
548.0016996984101 6.213114754098362 19.0 363.0 301.0 43.0 10746.0 
550.0016996984101 6.245901639344263 20.0 365.0 303.0 43.0 10780.0 
552.0016996984101 6.262295081967213 20.0 367.0 305.0 43.0 10813.0 
554.0016996984101 6.286885245901638 19.0 368.0 307.0 43.0 10858.0 
556.0016996984101 6.286885245901638 19.0 370.0 307.0 43.0 10858.0 
558.0016996984101 6.260162601626017 20.0 371.0 308.0 43.0 10906.0 
560.0016996984101 6.276422764227641 20.0 371.0 309.0 43.0 10925.0 
562.0016996984101 6.2926829268292686 20.0 372.0 310.0 43.0 10941.0 
564.0016996984101 6.341463414634146 19.0 374.0 313.0 43.0 10993.0 
566.0016996984101 6.341463414634146 18.0 374.0 313.0 43.0 10993.0 
568.0016996984101 6.341463414634146 18.0 375.0 313.0 43.0 10993.0 
570.0016996984101 6.3739837398373975 20.0 377.0 315.0 43.0 11028.0 
572.0016996984101 6.43089430894309 16.0 377.0 318.0 43.0 11096.0 
574.0016996984101 6.43089430894309 17.0 378.0 318.0 43.0 11096.0 
576.0016996984101 6.43089430894309 17.0 378.0 318.0 43.0 11096.0 
578.0016996984101 6.495934959349594 17.0 378.0 320.0 43.0 11150.0 
580.0016996984101 6.528455284552846 15.0 379.0 321.0 43.0 11174.0 
582.0016996984101 6.544715447154471 16.0 380.0 322.0 43.0 11200.0 
584.0016996984101 6.544715447154471 16.0 381.0 322.0 43.0 11200.0 
586.0016996984101 6.577235772357723 16.0 381.0 324.0 43.0 11230.0 
588.0016996984101 6.6260162601626025 17.0 385.0 326.0 43.0 11280.0 
590.0016996984101 6.642276422764228 17.0 386.0 327.0 43.0 11306.0 
592.0016996984101 6.682926829268292 15.0 387.0 328.0 43.0 11362.0 
594.0016996984101 6.715447154471545 17.0 388.0 329.0 43.0 11420.0 
596.0016996984101 6.731707317073171 16.0 388.0 331.0 43.0 11450.0 
598.0016996984101 6.756097560975609 16.0 390.0 332.0 43.0 11480.0 
600.0016996984101 6.780487804878049 16.0 391.0 333.0 43.0 11493.0 
602.0016996984101 6.780487804878049 16.0 395.0 333.0 43.0 11493.0 
604.0016996984101 6.780487804878049 21.0 397.0 333.0 43.0 11493.0 
606.0016996984101 6.796747967479675 25.0 402.0 335.0 43.0 11530.0 
608.0016996984101 6.845528455284554 23.0 403.0 339.0 43.0 11623.0 
610.0016996984101 6.869918699186991 22.0 404.0 340.0 43.0 11636.0 
612.0016996984101 6.8861788617886175 25.0 410.0 340.0 44.0 11643.0 
614.0016996984101 6.91869918699187 28.0 412.0 341.0 45.0 11766.0 
616.0016996984101 6.97560975609756 24.0 412.0 343.0 47.0 11910.0 
618.0016996984101 7.032520325203253 19.0 412.0 346.0 48.0 11955.0 
620.0016996984101 7.105691056910569 19.0 414.0 348.0 48.0 12086.0 
622.0016996984101 7.138211382113821 19.0 415.0 349.0 48.0 12106.0 
624.0016996984101 7.16260162601626 20.0 417.0 350.0 49.0 12131.0 
626.0016996984101 7.178861788617886 19.0 419.0 351.0 49.0 12150.0 
628.0016996984101 7.186991869918699 18.0 419.0 352.0 49.0 12164.0 
630.0016996984101 7.211382113821138 19.0 420.0 353.0 49.0 12183.0 
632.0016996984101 7.235772357723578 17.0 420.0 355.0 49.0 12221.0 
634.0016996984101 7.235772357723578 17.0 421.0 355.0 49.0 12221.0 
636.0016996984101 7.252032520325204 17.0 422.0 356.0 49.0 12245.0 
638.0016996984101 7.252032520325204 19.0 424.0 356.0 49.0 12245.0 
640.0016996984101 7.268292682926829 20.0 425.0 358.0 49.0 12276.0 
642.0016996984101 7.284552845528455 18.0 426.0 359.0 49.0 12291.0 
644.0016996984101 7.284552845528455 19.0 427.0 359.0 49.0 12291.0 
646.0016996984101 7.317073170731708 19.0 430.0 360.0 49.0 12324.0 
648.0016996984101 7.317073170731708 21.0 430.0 360.0 49.0 12324.0 
650.0016996984101 7.317073170731708 24.0 434.0 360.0 49.0 12324.0 
652.0016996984101 7.325203252032521 24.0 435.0 361.0 49.0 12338.0 
654.0016996984101 7.325203252032521 26.0 436.0 361.0 49.0 12338.0 
656.0016996984101 7.357723577235772 25.0 438.0 364.0 49.0 12395.0 
658.0016996984101 7.422764227642277 24.0 438.0 366.0 49.0 12445.0 
660.0016996984101 7.422764227642277 25.0 440.0 366.0 49.0 12445.0 
662.0016996984101 7.439024390243903 25.0 440.0 367.0 49.0 12461.0 
664.0016996984101 7.471544715447154 24.0 440.0 368.0 49.0 12523.0 
666.0016996984101 7.536585365853659 23.0 441.0 371.0 49.0 12615.0 
668.0016996984101 7.5772357723577235 23.0 443.0 373.0 49.0 12649.0 
670.0016996984101 7.617886178861789 21.0 445.0 374.0 50.0 12764.0 
672.0016996984101 7.642276422764228 24.0 450.0 375.0 51.0 12876.0 
674.0016996984101 7.642276422764228 25.0 452.0 375.0 51.0 12876.0 
676.0016996984101 7.642276422764228 26.0 453.0 375.0 51.0 12876.0 
678.0016996984101 7.642276422764228 27.0 453.0 375.0 51.0 12876.0 
680.0016996984101 7.691056910569106 26.0 455.0 377.0 51.0 12925.0 
682.0016996984101 7.691056910569106 29.0 458.0 377.0 51.0 12925.0 
684.0016996984101 7.7073170731707314 31.0 460.0 377.0 52.0 13027.0 
686.0016996984101 7.739837398373983 30.0 461.0 379.0 52.0 13058.0 
688.0016996984101 7.796747967479675 31.0 462.0 381.0 53.0 13223.0 
690.0016996984101 7.869918699186991 26.0 463.0 383.0 53.0 13281.0 
692.0016996984101 7.869918699186991 27.0 464.0 383.0 53.0 13281.0 
694.0016996984101 7.91869918699187 27.0 465.0 385.0 53.0 13320.0 
696.0016996984101 7.91869918699187 29.0 468.0 385.0 53.0 13320.0 
698.0016996984101 7.951219512195122 30.0 468.0 386.0 53.0 13346.0 
700.0016996984101 7.975609756097561 31.0 471.0 387.0 53.0 13366.0 
702.0016996984101 8.0 31.0 471.0 388.0 53.0 13388.0 
704.0016996984101 8.016260162601625 30.0 474.0 389.0 53.0 13408.0 
706.0016996984101 8.073170731707318 32.0 476.0 391.0 55.0 13574.0 
708.0016996984101 8.121951219512194 35.0 481.0 393.0 56.0 13632.0 
710.0016996984101 8.16260162601626 32.0 483.0 395.0 56.0 13676.0 
712.0016996984101 8.16260162601626 32.0 483.0 395.0 56.0 13676.0 
714.0016996984101 8.16260162601626 32.0 483.0 395.0 56.0 13676.0 
716.0016996984101 8.170731707317072 32.0 483.0 396.0 56.0 13693.0 
718.0016996984101 8.1869918699187 31.0 484.0 397.0 56.0 13715.0 
720.0016996984101 8.284552845528456 32.0 487.0 401.0 56.0 13811.0 
722.0016996984101 8.274193548387096 30.0 488.0 402.0 57.0 13935.0 
724.0016996984101 8.274193548387096 29.0 489.0 402.0 57.0 13935.0 
726.0016996984101 8.290322580645162 29.0 489.0 403.0 57.0 13952.0 
728.0016996984101 8.32258064516129 29.0 492.0 405.0 57.0 13993.0 
730.0016996984101 8.32258064516129 32.0 494.0 405.0 57.0 13993.0 
732.0016996984101 8.362903225806452 31.0 496.0 408.0 57.0 14105.0 
734.0016996984101 8.370967741935484 31.0 497.0 409.0 57.0 14128.0 
736.0016996984101 8.370967741935484 32.0 498.0 409.0 57.0 14128.0 
738.0016996984101 8.419354838709678 33.0 500.0 411.0 58.0 14273.0 
740.0016996984101 8.443548387096774 31.0 501.0 412.0 58.0 14292.0 
742.0016996984101 8.451612903225806 31.0 503.0 413.0 58.0 14365.0 
744.0016996984101 8.491935483870968 34.0 506.0 415.0 59.0 14508.0 
746.0016996984101 8.508064516129032 31.0 506.0 415.0 60.0 14520.0 
748.0016996984101 8.57258064516129 28.0 506.0 417.0 62.0 14606.0 
750.0016996984101 8.552 26.0 507.0 419.0 62.0 14788.0 
752.0016996984101 8.6 26.0 508.0 420.0 64.0 14970.0 
754.0016996984101 8.64 24.0 509.0 422.0 64.0 15009.0 
756.0016996984101 8.656 23.0 510.0 422.0 65.0 15029.0 
758.0016996984101 8.712 23.0 511.0 424.0 66.0 15161.0 
760.0016996984101 8.712 24.0 515.0 424.0 66.0 15161.0 
762.0016996984101 8.728 27.0 517.0 424.0 67.0 15258.0 
764.0016996984101 8.728 27.0 519.0 424.0 67.0 15258.0 
766.0016996984101 8.728 28.0 519.0 424.0 67.0 15258.0 
768.0016996984101 8.76 28.0 519.0 426.0 67.0 15336.0 
770.0016996984101 8.856 23.0 520.0 431.0 67.0 15440.0 
772.0016996984101 8.856 23.0 521.0 431.0 67.0 15440.0 
774.0016996984101 8.856 23.0 521.0 431.0 67.0 15440.0 
776.0016996984101 8.872 22.0 521.0 433.0 67.0 15486.0 
778.0016996984101 8.872 24.0 524.0 433.0 67.0 15486.0 
780.0016996984101 8.912 23.0 524.0 435.0 67.0 15609.0 
782.0016996984101 8.912 22.0 524.0 435.0 67.0 15609.0 
784.0016996984101 8.936 22.0 524.0 436.0 68.0 15678.0 
786.0016996984101 8.984 19.0 526.0 437.0 69.0 15807.0 
788.0016996984101 8.984 20.0 526.0 437.0 69.0 15807.0 
790.0016996984101 9.0 21.0 528.0 437.0 70.0 15909.0 
792.0016996984101 9.032 22.0 531.0 438.0 70.0 16019.0 
794.0016996984101 9.032 24.0 533.0 438.0 70.0 16019.0 
796.0016996984101 9.048 26.0 534.0 439.0 70.0 16038.0 
798.0016996984101 9.048 26.0 535.0 439.0 70.0 16038.0 
800.0016996984101 9.096 25.0 535.0 440.0 70.0 16076.0 
802.0016996984101 9.12 25.0 535.0 441.0 70.0 16134.0 
804.0016996984101 9.128 24.0 536.0 442.0 70.0 16147.0 
806.0016996984101 9.192 23.0 537.0 444.0 71.0 16275.0 
808.0016996984101 9.24 21.0 537.0 445.0 72.0 16319.0 
810.0016996984101 9.256 21.0 539.0 445.0 73.0 16325.0 
812.0016996984101 9.296 19.0 539.0 447.0 73.0 16449.0 
814.0016996984101 9.296 20.0 540.0 447.0 73.0 16449.0 
816.0016996984101 9.296 21.0 541.0 447.0 73.0 16449.0 
818.0016996984101 9.328 20.0 541.0 449.0 73.0 16497.0 
820.0016996984101 9.328 19.0 541.0 449.0 73.0 16497.0 
822.0016996984101 9.344 19.0 541.0 449.0 74.0 16599.0 
824.0016996984101 9.384 19.0 542.0 450.0 74.0 16664.0 
826.0016996984101 9.408 18.0 543.0 451.0 75.0 16801.0 
828.0016996984101 9.44 17.0 544.0 452.0 75.0 16819.0 
830.0016996984101 9.44 17.0 545.0 452.0 75.0 16819.0 
832.0016996984101 9.488 18.0 546.0 452.0 77.0 17013.0 
834.0016996984101 9.512 18.0 547.0 454.0 77.0 17081.0 
836.0016996984101 9.528 17.0 549.0 455.0 77.0 17102.0 
838.0016996984101 9.528 17.0 549.0 455.0 77.0 17102.0 
840.0016996984101 9.528 17.0 549.0 455.0 77.0 17102.0 
842.0016996984101 9.528 18.0 550.0 455.0 77.0 17102.0 
844.0016996984101 9.544 18.0 551.0 456.0 77.0 17176.0 
846.0016996984101 9.56 19.0 553.0 457.0 77.0 17199.0 
848.0016996984101 9.576 19.0 553.0 458.0 77.0 17255.0 
850.0016996984101 9.6 18.0 553.0 460.0 77.0 17296.0 
852.0016996984101 9.6 18.0 555.0 460.0 77.0 17296.0 
854.0016996984101 9.6 18.0 556.0 460.0 77.0 17296.0 
856.0016996984101 9.672 19.0 556.0 461.0 77.0 17343.0 
858.0016996984101 9.672 20.0 558.0 461.0 77.0 17343.0 
860.0016996984101 9.712 19.0 559.0 462.0 78.0 17458.0 
862.0016996984101 9.712 19.0 559.0 462.0 78.0 17458.0 
864.0016996984101 9.712 19.0 560.0 462.0 78.0 17458.0 
866.0016996984101 9.728 20.0 560.0 462.0 79.0 17560.0 
868.0016996984101 9.76 17.0 561.0 463.0 80.0 17664.0 
870.0016996984101 9.76 20.0 563.0 463.0 80.0 17664.0 
872.0016996984101 9.776 19.0 563.0 463.0 81.0 17707.0 
874.0016996984101 9.832 21.0 565.0 465.0 81.0 17846.0 
876.0016996984101 9.872 20.0 566.0 466.0 81.0 17886.0 
878.0016996984101 9.88 19.0 568.0 467.0 81.0 17906.0 
880.0016996984101 9.88 23.0 571.0 467.0 81.0 17906.0 
882.0016996984101 9.88 24.0 572.0 467.0 81.0 17906.0 
884.0016996984101 9.896 25.0 574.0 468.0 81.0 17926.0 
886.0016996984101 9.928 27.0 576.0 469.0 81.0 17960.0 
888.0016996984101 9.943999999999999 27.0 577.0 470.0 81.0 17980.0 
890.0016996984101 9.976 29.0 580.0 471.0 81.0 18018.0 
892.0016996984101 9.976 28.0 580.0 471.0 81.0 18018.0 
894.0016996984101 10.072 28.0 581.0 474.0 81.0 18113.0 
896.0016996984101 10.128 27.0 582.0 474.0 82.0 18215.0 
898.0016996984101 10.208 25.0 585.0 475.0 86.0 18457.0 
900.0016996984101 10.224 26.0 587.0 475.0 87.0 18459.0 
#####################################################################
# End of data export. Simulation finished at: 2020-02-13T23:05+0000 #
#####################################################################
