#####################################################################
# Alchemist log file - simulation started at: 2020-01-17T18:47+0000 #
#####################################################################
# seed = 12.0, taskFrequency = 0.04217, cloudcost = 2.0, algorithm = true
#
# The columns have the following meaning: 
# time taskHops[Mean] hasTask[Sum] tasks[Sum] completedTasks[Sum] giveupTasks[Sum] taskLatency[Sum] 
0.0 NaN 0.0 0.0 0.0 0.0 0.0 
2.000559074655966 NaN 6.0 9.0 0.0 0.0 0.0 
4.000559074655966 NaN 16.0 20.0 0.0 0.0 0.0 
6.000559074655966 NaN 26.0 29.0 0.0 0.0 0.0 
8.000559074655966 NaN 37.0 40.0 0.0 0.0 0.0 
10.000559074655966 NaN 46.0 48.0 0.0 0.0 0.0 
12.000559074655966 NaN 57.0 58.0 0.0 0.0 0.0 
14.000559074655966 3.0 61.0 62.0 1.0 0.0 13.0 
16.000559074655968 1.8333333333333333 62.0 67.0 6.0 0.0 80.0 
18.000559074655968 1.7142857142857142 64.0 71.0 7.0 0.0 93.0 
20.000559074655968 1.625 67.0 76.0 8.0 0.0 106.0 
22.000559074655968 1.6363636363636365 70.0 84.0 11.0 0.0 154.0 
24.000559074655968 1.6428571428571428 73.0 88.0 14.0 0.0 203.0 
26.000559074655968 1.6428571428571428 78.0 92.0 14.0 0.0 203.0 
28.000559074655968 1.7333333333333334 82.0 99.0 15.0 0.0 224.0 
30.000559074655968 1.8125 88.0 103.0 16.0 0.0 243.0 
32.00055907465597 1.85 84.0 105.0 20.0 0.0 343.0 
34.00055907465597 1.8571428571428572 85.0 105.0 21.0 0.0 366.0 
36.00055907465597 1.8571428571428572 86.0 107.0 21.0 0.0 366.0 
38.00055907465597 1.8695652173913042 87.0 109.0 23.0 0.0 402.0 
40.00055907465597 1.8888888888888888 86.0 113.0 28.0 0.0 506.0 
42.00055907465597 1.8571428571428572 85.0 114.0 29.0 0.0 519.0 
44.00055907465597 1.8571428571428572 85.0 114.0 29.0 0.0 519.0 
46.00055907465597 1.8571428571428572 86.0 116.0 29.0 0.0 519.0 
48.00055907465597 2.103448275862069 86.0 118.0 31.0 0.0 579.0 
50.00055907465597 2.096774193548387 88.0 122.0 33.0 0.0 614.0 
52.00055907465597 2.21875 91.0 125.0 34.0 0.0 642.0 
54.00055907465597 2.212121212121212 92.0 127.0 35.0 0.0 668.0 
56.00055907465597 2.212121212121212 95.0 132.0 35.0 0.0 668.0 
58.00055907465597 2.2941176470588234 97.0 134.0 38.0 0.0 736.0 
60.00055907465597 2.2941176470588234 97.0 136.0 38.0 0.0 736.0 
62.00055907465597 2.2941176470588234 99.0 137.0 38.0 0.0 736.0 
64.00055907465597 2.3823529411764706 101.0 140.0 39.0 0.0 762.0 
66.00055907465597 2.4444444444444446 100.0 141.0 43.0 0.0 868.0 
68.00055907465597 2.4444444444444446 99.0 142.0 43.0 0.0 868.0 
70.00055907465597 2.4444444444444446 100.0 143.0 43.0 0.0 868.0 
72.00055907465597 2.4473684210526314 99.0 143.0 46.0 0.0 927.0 
74.00055907465597 2.4615384615384617 101.0 147.0 48.0 0.0 978.0 
76.00055907465597 2.45 99.0 148.0 49.0 0.0 997.0 
78.00055907465597 2.45 100.0 150.0 49.0 0.0 997.0 
80.00055907465597 2.45 101.0 151.0 49.0 0.0 997.0 
82.00055907465597 2.4390243902439024 102.0 151.0 50.0 0.0 1054.0 
84.00055907465597 2.4318181818181817 102.0 155.0 53.0 0.0 1127.0 
86.00055907465597 2.4318181818181817 104.0 157.0 53.0 0.0 1127.0 
88.00055907465597 2.644444444444445 102.0 158.0 56.0 0.0 1241.0 
90.00055907465597 2.6086956521739126 103.0 159.0 57.0 0.0 1268.0 
92.00055907465597 2.717391304347826 104.0 162.0 58.0 0.0 1296.0 
94.00055907465597 2.7391304347826084 103.0 162.0 59.0 0.0 1312.0 
96.00055907465597 2.765957446808511 102.0 162.0 60.0 0.0 1382.0 
98.00055907465597 2.765957446808511 104.0 164.0 60.0 0.0 1382.0 
100.00055907465597 2.872340425531915 104.0 165.0 62.0 0.0 1422.0 
102.00055907465597 2.872340425531915 103.0 167.0 62.0 0.0 1422.0 
104.00055907465597 2.807692307692308 104.0 167.0 63.0 5.0 1928.0 
106.00055907465597 2.7352941176470593 90.0 168.0 66.0 22.0 3422.0 
108.00055907465597 2.734177215189873 76.0 169.0 66.0 37.0 4615.0 
110.00055907465597 2.7619047619047614 64.0 170.0 66.0 45.0 5252.0 
112.00055907465597 2.8333333333333335 54.0 171.0 67.0 60.0 6563.0 
114.00055907465597 2.8235294117647056 38.0 171.0 68.0 67.0 7084.0 
116.00055907465597 2.8431372549019605 37.0 172.0 69.0 67.0 7103.0 
118.00055907465597 2.898148148148148 38.0 179.0 70.0 75.0 7691.0 
120.00055907465597 2.918918918918919 31.0 182.0 71.0 79.0 8025.0 
122.00055907465597 3.0 31.0 185.0 72.0 84.0 8318.0 
124.00055907465597 2.991379310344828 29.0 188.0 72.0 88.0 8618.0 
126.00055907465597 2.982905982905983 30.0 190.0 72.0 89.0 8720.0 
128.00055907465597 3.051282051282051 34.0 197.0 72.0 91.0 8821.0 
130.00055907465597 3.1440677966101696 31.0 198.0 74.0 93.0 8984.0 
132.00055907465597 3.2016806722689077 31.0 203.0 74.0 98.0 9174.0 
134.00055907465597 3.226890756302521 34.0 207.0 75.0 99.0 9181.0 
136.00055907465597 3.235294117647059 39.0 213.0 76.0 99.0 9233.0 
138.00055907465597 3.2689075630252105 37.0 214.0 78.0 99.0 9270.0 
140.00055907465597 3.2689075630252105 39.0 220.0 78.0 99.0 9270.0 
142.00055907465597 3.2583333333333337 43.0 221.0 78.0 100.0 9372.0 
144.00055907465597 3.291666666666667 43.0 225.0 79.0 101.0 9404.0 
146.00055907465597 3.291666666666667 53.0 235.0 79.0 101.0 9404.0 
148.00055907465597 3.3666666666666663 56.0 242.0 81.0 103.0 9484.0 
150.00055907465597 3.4000000000000004 61.0 249.0 81.0 105.0 9600.0 
152.00055907465597 3.447154471544716 60.0 252.0 81.0 113.0 9946.0 
154.00055907465597 3.5483870967741935 54.0 254.0 82.0 120.0 10087.0 
156.00055907465597 3.5645161290322585 54.0 257.0 83.0 120.0 10106.0 
158.00055907465597 3.645161290322581 53.0 259.0 83.0 125.0 10165.0 
160.00055907465597 3.75 47.0 260.0 84.0 130.0 10269.0 
162.00055907465597 3.768 49.0 265.0 86.0 131.0 10385.0 
164.00055907465597 3.8480000000000003 49.0 270.0 86.0 136.0 10500.0 
166.00055907465597 3.8480000000000003 50.0 273.0 86.0 136.0 10500.0 
168.00055907465597 3.904 55.0 278.0 88.0 137.0 10541.0 
170.00055907465597 3.92 53.0 280.0 88.0 138.0 10561.0 
172.00055907465597 3.9279999999999995 54.0 281.0 89.0 138.0 10581.0 
174.00055907465597 3.9279999999999995 57.0 286.0 89.0 138.0 10581.0 
176.00055907465597 3.9279999999999995 61.0 289.0 89.0 138.0 10581.0 
178.00055907465597 3.968 67.0 296.0 91.0 138.0 10623.0 
180.00055907465597 3.968 69.0 298.0 91.0 138.0 10623.0 
182.00055907465597 4.032 72.0 303.0 93.0 140.0 10731.0 
184.00055907465597 4.072 70.0 304.0 94.0 142.0 10815.0 
186.00055907465597 4.144 67.0 306.0 96.0 145.0 10972.0 
188.00055907465597 4.183999999999999 67.0 310.0 97.0 147.0 11133.0 
190.00055907465597 4.279999999999999 63.0 312.0 101.0 147.0 11228.0 
192.00055907465597 4.279999999999999 65.0 313.0 101.0 147.0 11228.0 
194.00055907465597 4.288 67.0 315.0 102.0 147.0 11241.0 
196.00055907465597 4.296 65.0 315.0 103.0 147.0 11262.0 
198.00055907465597 4.367999999999999 63.0 315.0 107.0 147.0 11369.0 
200.00055907465597 4.4 62.0 317.0 107.0 149.0 11475.0 
202.00055907465597 4.464 63.0 320.0 108.0 152.0 11595.0 
204.00055907465597 4.464 64.0 325.0 108.0 152.0 11595.0 
206.00055907465597 4.504000000000001 64.0 325.0 110.0 152.0 11627.0 
208.00055907465597 4.552 64.0 328.0 113.0 152.0 11689.0 
210.00055907465597 4.6240000000000006 65.0 332.0 114.0 155.0 11895.0 
212.00055907465597 4.720000000000001 63.0 336.0 114.0 161.0 12123.0 
214.00055907465597 4.720000000000001 64.0 341.0 114.0 161.0 12123.0 
216.00055907465597 4.744 68.0 344.0 115.0 162.0 12249.0 
218.00055907465597 4.864 66.0 347.0 119.0 165.0 12451.0 
220.00055907465597 4.895999999999999 65.0 349.0 121.0 165.0 12484.0 
222.00055907465597 4.992 62.0 352.0 122.0 169.0 12676.0 
224.00055907465597 5.008 63.0 355.0 122.0 170.0 12692.0 
226.00055907465597 5.128 61.0 358.0 123.0 176.0 12869.0 
228.00055907465597 5.223999999999999 57.0 361.0 123.0 182.0 13090.0 
230.00055907465597 5.312000000000001 53.0 363.0 124.0 186.0 13361.0 
232.00055907465597 5.343999999999999 57.0 371.0 124.0 188.0 13505.0 
234.00055907465597 5.3919999999999995 63.0 376.0 124.0 191.0 13615.0 
236.00055907465597 5.5280000000000005 59.0 379.0 126.0 198.0 14036.0 
238.00055907465597 5.64 52.0 385.0 127.0 204.0 14203.0 
240.00055907465597 5.704 53.0 389.0 127.0 208.0 14245.0 
242.00055907465597 5.752 57.0 393.0 128.0 210.0 14417.0 
244.00055907465597 5.831999999999999 52.0 396.0 128.0 215.0 14607.0 
246.00055907465597 5.88 55.0 400.0 130.0 216.0 14738.0 
248.00055907465597 5.983999999999999 54.0 405.0 131.0 222.0 14984.0 
250.00055907465597 6.111999999999999 48.0 408.0 131.0 230.0 15341.0 
252.00055907465597 6.215999999999999 48.0 411.0 132.0 236.0 15578.0 
254.00055907465597 6.248 47.0 417.0 132.0 238.0 15666.0 
256.00055907465594 6.279999999999999 52.0 422.0 133.0 239.0 15708.0 
258.00055907465594 6.296 53.0 426.0 133.0 240.0 15810.0 
260.00055907465594 6.4079999999999995 50.0 428.0 134.0 245.0 16022.0 
262.00055907465594 6.4719999999999995 50.0 431.0 134.0 249.0 16166.0 
264.00055907465594 6.5200000000000005 49.0 433.0 135.0 251.0 16225.0 
266.00055907465594 6.5680000000000005 48.0 435.0 135.0 254.0 16288.0 
268.00055907465594 6.656000000000001 45.0 437.0 137.0 255.0 16328.0 
270.00055907465594 6.728 44.0 439.0 139.0 258.0 16425.0 
272.00055907465594 6.744 46.0 443.0 139.0 259.0 16455.0 
274.00055907465594 6.784000000000001 42.0 445.0 140.0 261.0 16564.0 
276.00055907465594 6.848000000000001 46.0 450.0 140.0 265.0 16762.0 
278.00055907465594 6.919999999999999 44.0 451.0 141.0 268.0 16834.0 
280.00055907465594 6.983999999999999 48.0 458.0 141.0 272.0 16884.0 
282.00055907465594 7.104000000000001 41.0 463.0 142.0 278.0 16995.0 
284.00055907465594 7.136 46.0 471.0 142.0 280.0 17013.0 
286.00055907465594 7.168 50.0 474.0 142.0 282.0 17060.0 
288.00055907465594 7.192 52.0 477.0 143.0 283.0 17112.0 
290.00055907465594 7.288 50.0 480.0 143.0 289.0 17201.0 
292.00055907465594 7.32 48.0 483.0 144.0 290.0 17209.0 
294.00055907465594 7.32 51.0 485.0 144.0 290.0 17209.0 
296.00055907465594 7.32 53.0 488.0 144.0 290.0 17209.0 
298.00055907465594 7.328 57.0 493.0 145.0 290.0 17225.0 
300.00055907465594 7.343999999999999 63.0 500.0 146.0 290.0 17244.0 
302.00055907465594 7.343999999999999 68.0 506.0 146.0 290.0 17244.0 
304.00055907465594 7.4079999999999995 72.0 510.0 146.0 294.0 17278.0 
306.00055907465594 7.5200000000000005 68.0 514.0 147.0 300.0 17395.0 
308.00055907465594 7.632000000000001 66.0 519.0 150.0 303.0 17611.0 
310.00055907465594 7.688 67.0 524.0 152.0 304.0 17643.0 
312.00055907465594 7.704 72.0 529.0 153.0 304.0 17663.0 
314.00055907465594 7.736 75.0 534.0 153.0 306.0 17787.0 
316.00055907465594 7.944 66.0 537.0 154.0 317.0 18274.0 
318.00055907465594 8.04 61.0 538.0 154.0 323.0 18561.0 
320.00055907465594 8.112 65.0 544.0 156.0 325.0 18624.0 
322.00055907465594 8.176 66.0 548.0 157.0 327.0 18673.0 
324.00055907465594 8.208 68.0 553.0 157.0 329.0 18691.0 
326.00055907465594 8.216 68.0 555.0 158.0 329.0 18707.0 
328.00055907465594 8.264000000000001 68.0 557.0 158.0 332.0 18722.0 
330.00055907465594 8.312000000000001 70.0 564.0 159.0 333.0 18852.0 
332.00055907465594 8.344 73.0 568.0 159.0 335.0 18894.0 
334.00055907465594 8.456 70.0 569.0 159.0 342.0 19229.0 
336.00055907465594 8.576 66.0 570.0 161.0 346.0 19329.0 
338.00055907465594 8.592 64.0 574.0 161.0 347.0 19343.0 
340.00055907465594 8.64 66.0 576.0 161.0 350.0 19473.0 
342.00055907465594 8.784 63.0 582.0 163.0 358.0 19730.0 
344.00055907465594 8.848 60.0 587.0 163.0 362.0 19820.0 
346.00055907465594 8.848 65.0 591.0 163.0 362.0 19820.0 
348.00055907465594 8.991999999999999 64.0 593.0 163.0 371.0 20286.0 
350.00055907465594 9.04 59.0 596.0 164.0 373.0 20331.0 
352.00055907465594 9.104 60.0 600.0 167.0 375.0 20390.0 
354.00055907465594 9.168 60.0 602.0 167.0 379.0 20464.0 
356.00055907465594 9.184000000000001 57.0 605.0 167.0 380.0 20464.0 
358.00055907465594 9.264000000000001 62.0 611.0 167.0 383.0 20585.0 
360.00055907465594 9.4 60.0 614.0 168.0 391.0 21028.0 
362.00055907465594 9.456 60.0 621.0 169.0 393.0 21064.0 
364.00055907465594 9.504000000000001 62.0 625.0 171.0 394.0 21165.0 
366.00055907465594 9.616 61.0 631.0 172.0 400.0 21435.0 
368.00055907465594 9.616 64.0 637.0 172.0 400.0 21435.0 
370.00055907465594 9.672 64.0 638.0 173.0 402.0 21491.0 
372.00055907465594 9.760000000000002 62.0 639.0 175.0 405.0 21639.0 
374.00055907465594 9.872 58.0 642.0 175.0 412.0 21989.0 
376.00055907465594 9.919999999999998 55.0 642.0 176.0 413.0 22017.0 
378.00055907465594 9.936 56.0 645.0 177.0 413.0 22039.0 
380.00055907465594 10.0 53.0 647.0 178.0 416.0 22200.0 
382.00055907465594 10.056000000000001 56.0 653.0 179.0 419.0 22255.0 
384.00055907465594 10.168 54.0 657.0 179.0 426.0 22609.0 
386.00055907465594 10.232 55.0 663.0 179.0 430.0 22670.0 
388.00055907465594 10.303999999999998 52.0 667.0 180.0 434.0 22798.0 
390.00055907465594 10.32 58.0 674.0 180.0 435.0 22831.0 
392.00055907465594 10.4 59.0 679.0 180.0 440.0 23002.0 
394.00055907465594 10.455999999999998 60.0 683.0 182.0 442.0 23140.0 
396.00055907465594 10.455999999999998 64.0 688.0 182.0 442.0 23140.0 
398.00055907465594 10.504000000000001 67.0 693.0 182.0 445.0 23164.0 
400.00055907465594 10.632000000000001 65.0 696.0 182.0 453.0 23613.0 
402.00055907465594 10.68 59.0 696.0 182.0 456.0 23741.0 
404.00055907465594 10.784 56.0 699.0 183.0 462.0 23810.0 
406.00055907465594 10.896 50.0 701.0 183.0 469.0 24077.0 
408.00055907465594 11.04 47.0 708.0 184.0 476.0 24280.0 
410.00055907465594 11.128 49.0 712.0 185.0 480.0 24326.0 
412.00055907465594 11.223999999999998 50.0 718.0 185.0 486.0 24583.0 
414.00055907465594 11.272 49.0 724.0 185.0 489.0 24607.0 
416.00055907465594 11.4 52.0 730.0 185.0 497.0 24704.0 
418.00055907465594 11.4 52.0 736.0 185.0 497.0 24704.0 
420.00055907465594 11.448 53.0 738.0 186.0 499.0 24741.0 
422.00055907465594 11.536 54.0 741.0 186.0 502.0 24774.0 
424.00055907465594 11.632000000000001 54.0 749.0 186.0 508.0 24893.0 
426.00055907465594 11.696000000000002 54.0 751.0 187.0 511.0 25019.0 
428.00055907465594 11.704 60.0 758.0 188.0 511.0 25035.0 
430.00055907465594 11.751999999999999 60.0 762.0 188.0 514.0 25135.0 
432.00055907465594 11.832 61.0 766.0 188.0 519.0 25277.0 
434.00055907465594 11.912 57.0 769.0 188.0 524.0 25364.0 
436.00055907465594 11.943999999999999 56.0 770.0 188.0 525.0 25465.0 
438.00055907465594 12.072 57.0 776.0 189.0 532.0 25810.0 
440.00055907465594 12.080000000000002 57.0 778.0 190.0 532.0 25823.0 
442.00055907465594 12.096 59.0 782.0 191.0 532.0 25828.0 
444.00055907465594 12.256 54.0 783.0 195.0 536.0 26109.0 
446.00055907465594 12.272 54.0 787.0 196.0 536.0 26123.0 
448.00055907465594 12.431999999999999 52.0 792.0 197.0 544.0 26329.0 
450.00055907465594 12.431999999999999 57.0 798.0 197.0 544.0 26329.0 
452.00055907465594 12.464 59.0 801.0 198.0 544.0 26357.0 
454.00055907465594 12.623999999999999 58.0 805.0 198.0 554.0 26545.0 
456.00055907465594 12.656 56.0 810.0 198.0 556.0 26616.0 
458.00055907465594 12.672 58.0 814.0 198.0 557.0 26630.0 
460.00055907465594 12.808 60.0 819.0 199.0 564.0 26997.0 
462.00055907465594 12.896 54.0 822.0 202.0 567.0 27083.0 
464.00055907465594 12.912 57.0 826.0 202.0 568.0 27093.0 
466.00055907465594 12.976 58.0 829.0 202.0 572.0 27200.0 
468.00055907465594 13.032 56.0 831.0 203.0 575.0 27260.0 
470.00055907465594 13.120000000000001 52.0 835.0 205.0 579.0 27511.0 
472.00055907465594 13.152 54.0 841.0 205.0 581.0 27575.0 
474.00055907465594 13.184000000000001 58.0 845.0 205.0 583.0 27595.0 
476.00055907465594 13.208 59.0 847.0 206.0 584.0 27635.0 
478.00055907465594 13.28 56.0 848.0 209.0 586.0 27711.0 
480.00055907465594 13.36 53.0 850.0 209.0 591.0 27970.0 
482.00055907465594 13.424 48.0 853.0 209.0 595.0 28240.0 
484.00055907465594 13.472 51.0 858.0 209.0 598.0 28414.0 
486.00055907465594 13.512 53.0 864.0 210.0 600.0 28467.0 
488.00055907465594 13.616 53.0 870.0 211.0 606.0 28663.0 
490.00055907465594 13.664 53.0 872.0 211.0 609.0 28713.0 
492.00055907465594 13.68 53.0 874.0 211.0 610.0 28715.0 
494.00055907465594 13.888000000000002 51.0 877.0 212.0 619.0 28921.0 
496.00055907465594 13.983999999999998 48.0 883.0 212.0 625.0 29028.0 
498.00055907465594 14.047999999999998 46.0 887.0 212.0 629.0 29159.0 
500.00055907465594 14.080000000000002 49.0 892.0 212.0 631.0 29212.0 
502.00055907465594 14.208 50.0 900.0 212.0 639.0 29455.0 
504.00055907465594 14.272 54.0 905.0 212.0 643.0 29510.0 
506.00055907465594 14.303999999999998 52.0 908.0 213.0 643.0 29532.0 
508.00055907465594 14.32 54.0 911.0 213.0 644.0 29537.0 
510.00055907465594 14.351999999999999 56.0 914.0 213.0 646.0 29649.0 
512.0005590746559 14.424 54.0 918.0 214.0 650.0 29721.0 
514.0005590746559 14.552 52.0 918.0 218.0 654.0 29817.0 
516.0005590746559 14.616 51.0 927.0 219.0 657.0 29947.0 
518.0005590746559 14.744 49.0 930.0 220.0 663.0 30323.0 
520.0005590746559 14.848 45.0 934.0 221.0 669.0 30720.0 
522.0005590746559 14.879999999999999 45.0 937.0 221.0 671.0 30771.0 
524.0005590746559 14.919999999999998 47.0 942.0 222.0 673.0 30835.0 
526.0005590746559 15.040000000000001 47.0 943.0 223.0 677.0 30909.0 
528.0005590746559 15.104 44.0 946.0 224.0 680.0 30960.0 
530.0005590746559 15.104 45.0 950.0 224.0 680.0 30960.0 
532.0005590746559 15.160000000000002 50.0 956.0 227.0 682.0 31052.0 
534.0005590746559 15.303999999999998 48.0 960.0 229.0 690.0 31210.0 
536.0005590746559 15.303999999999998 44.0 963.0 229.0 690.0 31210.0 
538.0005590746559 15.327999999999998 47.0 968.0 230.0 691.0 31259.0 
540.0005590746559 15.424 45.0 969.0 230.0 697.0 31419.0 
542.0005590746559 15.504000000000001 40.0 972.0 230.0 702.0 31478.0 
544.0005590746559 15.536 45.0 978.0 230.0 704.0 31480.0 
546.0005590746559 15.616 44.0 980.0 230.0 709.0 31574.0 
548.0005590746559 15.616 44.0 984.0 230.0 709.0 31574.0 
550.0005590746559 15.72 43.0 987.0 232.0 713.0 31713.0 
552.0005590746559 15.8 42.0 991.0 233.0 717.0 31791.0 
554.0005590746559 15.896 43.0 998.0 234.0 722.0 31962.0 
556.0005590746559 15.928 44.0 1001.0 236.0 722.0 31971.0 
558.0005590746559 16.016 46.0 1007.0 239.0 723.0 32043.0 
560.0005590746559 16.088 49.0 1013.0 241.0 724.0 32117.0 
562.0005590746559 16.104 49.0 1019.0 241.0 725.0 32124.0 
564.0005590746559 16.104 59.0 1027.0 241.0 725.0 32124.0 
566.0005590746559 16.240000000000002 55.0 1029.0 242.0 733.0 32285.0 
568.0005590746559 16.296 56.0 1036.0 244.0 735.0 32364.0 
570.0005590746559 16.336 56.0 1038.0 245.0 737.0 32401.0 
572.0005590746559 16.336 60.0 1044.0 245.0 737.0 32401.0 
574.0005590746559 16.4 63.0 1047.0 245.0 741.0 32620.0 
576.0005590746559 16.536 62.0 1052.0 246.0 749.0 32858.0 
578.0005590746559 16.536 63.0 1058.0 246.0 749.0 32858.0 
580.0005590746559 16.584 65.0 1063.0 249.0 749.0 32915.0 
582.0005590746559 16.624000000000002 67.0 1066.0 251.0 749.0 32951.0 
584.0005590746559 16.688 68.0 1069.0 252.0 751.0 33094.0 
586.0005590746559 16.792 65.0 1072.0 254.0 756.0 33332.0 
588.0005590746559 16.84 63.0 1075.0 256.0 757.0 33435.0 
590.0005590746559 16.863999999999997 62.0 1078.0 257.0 758.0 33565.0 
592.0005590746559 17.016000000000002 59.0 1080.0 259.0 763.0 33726.0 
594.0005590746559 17.144 57.0 1083.0 260.0 770.0 33935.0 
596.0005590746559 17.176 58.0 1088.0 260.0 772.0 33935.0 
598.0005590746559 17.240000000000002 60.0 1093.0 260.0 776.0 34037.0 
600.0005590746559 17.368000000000002 59.0 1103.0 260.0 784.0 34158.0 
602.0005590746559 17.496000000000002 58.0 1104.0 263.0 788.0 34321.0 
604.0005590746559 17.624000000000002 52.0 1109.0 264.0 795.0 34491.0 
606.0005590746559 17.712 48.0 1113.0 265.0 799.0 34587.0 
608.0005590746559 17.784 51.0 1118.0 267.0 802.0 34836.0 
610.0005590746559 17.863999999999997 47.0 1121.0 267.0 807.0 34936.0 
612.0005590746559 17.983999999999998 48.0 1126.0 268.0 813.0 35152.0 
614.0005590746559 18.08 46.0 1131.0 270.0 816.0 35184.0 
616.0005590746559 18.08 47.0 1134.0 270.0 816.0 35184.0 
618.0005590746559 18.112000000000002 49.0 1137.0 270.0 818.0 35236.0 
620.0005590746559 18.128 53.0 1143.0 270.0 819.0 35255.0 
622.0005590746559 18.208 54.0 1147.0 272.0 822.0 35392.0 
624.0005590746559 18.247999999999998 57.0 1152.0 273.0 823.0 35458.0 
626.0005590746559 18.432 54.0 1156.0 274.0 833.0 35799.0 
628.0005590746559 18.496000000000002 49.0 1159.0 274.0 837.0 35865.0 
630.0005590746559 18.552 50.0 1168.0 276.0 839.0 35963.0 
632.0005590746559 18.648 58.0 1177.0 278.0 843.0 36149.0 
634.0005590746559 18.824 52.0 1181.0 282.0 850.0 36358.0 
636.0005590746559 18.872 52.0 1187.0 283.0 852.0 36385.0 
638.0005590746559 18.872 54.0 1191.0 283.0 852.0 36385.0 
640.0005590746559 18.904 56.0 1194.0 284.0 853.0 36403.0 
642.0005590746559 18.983999999999998 55.0 1198.0 284.0 858.0 36481.0 
644.0005590746559 19.056 55.0 1200.0 285.0 862.0 36588.0 
646.0005590746559 19.136000000000003 52.0 1204.0 287.0 866.0 36732.0 
648.0005590746559 19.152 51.0 1205.0 287.0 867.0 36749.0 
650.0005590746559 19.176 52.0 1206.0 288.0 868.0 36856.0 
652.0005590746559 19.232 51.0 1209.0 290.0 870.0 36992.0 
654.0005590746559 19.256 49.0 1210.0 291.0 871.0 37031.0 
656.0005590746559 19.288 50.0 1214.0 291.0 873.0 37046.0 
658.0005590746559 19.36 54.0 1220.0 292.0 876.0 37188.0 
660.0005590746559 19.416 55.0 1225.0 293.0 878.0 37234.0 
662.0005590746559 19.479999999999997 54.0 1228.0 293.0 882.0 37339.0 
664.0005590746559 19.584 54.0 1233.0 294.0 887.0 37630.0 
666.0005590746559 19.672 48.0 1234.0 295.0 891.0 37794.0 
668.0005590746559 19.704 51.0 1237.0 295.0 893.0 37799.0 
670.0005590746559 19.735999999999997 52.0 1242.0 295.0 895.0 37830.0 
672.0005590746559 19.8 54.0 1247.0 295.0 899.0 37887.0 
674.0005590746559 19.863999999999997 57.0 1254.0 296.0 901.0 37923.0 
676.0005590746559 19.912 58.0 1258.0 296.0 904.0 38035.0 
678.0005590746559 19.983999999999998 60.0 1262.0 297.0 908.0 38174.0 
680.0005590746559 20.08 54.0 1268.0 297.0 914.0 38337.0 
682.0005590746559 20.152 59.0 1273.0 298.0 918.0 38361.0 
684.0005590746559 20.256 56.0 1277.0 299.0 923.0 38473.0 
686.0005590746559 20.352 54.0 1278.0 300.0 927.0 38697.0 
688.0005590746559 20.448 51.0 1281.0 300.0 933.0 38887.0 
690.0005590746559 20.584 42.0 1281.0 301.0 940.0 39107.0 
692.0005590746559 20.584 42.0 1283.0 301.0 940.0 39107.0 
694.0005590746559 20.648000000000003 44.0 1288.0 303.0 940.0 39149.0 
696.0005590746559 20.68 47.0 1292.0 303.0 942.0 39212.0 
698.0005590746559 20.712 54.0 1300.0 303.0 944.0 39300.0 
700.0005590746559 20.776 54.0 1305.0 303.0 948.0 39361.0 
702.0005590746559 20.848 54.0 1311.0 305.0 950.0 39515.0 
704.0005590746559 20.912 55.0 1315.0 305.0 954.0 39577.0 
706.0005590746559 20.928 57.0 1318.0 305.0 955.0 39585.0 
708.0005590746559 20.968 59.0 1323.0 306.0 957.0 39650.0 
710.0005590746559 21.08 61.0 1327.0 306.0 964.0 39798.0 
712.0005590746559 21.136000000000003 62.0 1337.0 308.0 966.0 39837.0 
714.0005590746559 21.247999999999998 64.0 1341.0 310.0 968.0 40095.0 
716.0005590746559 21.304 65.0 1344.0 311.0 970.0 40215.0 
718.0005590746559 21.392000000000003 64.0 1349.0 312.0 975.0 40450.0 
720.0005590746559 21.44 65.0 1353.0 313.0 977.0 40483.0 
722.0005590746559 21.456 62.0 1353.0 313.0 978.0 40585.0 
724.0005590746559 21.464 64.0 1356.0 314.0 978.0 40604.0 
726.0005590746559 21.544 63.0 1357.0 315.0 981.0 40828.0 
728.0005590746559 21.552 64.0 1360.0 316.0 981.0 40842.0 
730.0005590746559 21.592 64.0 1365.0 317.0 982.0 40878.0 
732.0005590746559 21.607999999999997 68.0 1369.0 318.0 982.0 40897.0 
734.0005590746559 21.744 69.0 1371.0 319.0 990.0 41149.0 
736.0005590746559 21.896 59.0 1374.0 320.0 997.0 41540.0 
738.0005590746559 21.912 59.0 1379.0 321.0 997.0 41560.0 
740.0005590746559 21.944 66.0 1385.0 321.0 999.0 41565.0 
742.0005590746559 22.040000000000003 68.0 1392.0 321.0 1005.0 41684.0 
744.0005590746559 22.119999999999997 65.0 1396.0 322.0 1009.0 41787.0 
746.0005590746559 22.2 64.0 1400.0 323.0 1013.0 42008.0 
748.0005590746559 22.256 64.0 1400.0 325.0 1014.0 42062.0 
750.0005590746559 22.288 60.0 1401.0 325.0 1016.0 42142.0 
752.0005590746559 22.288 63.0 1404.0 325.0 1016.0 42142.0 
754.0005590746559 22.36 65.0 1406.0 326.0 1019.0 42277.0 
756.0005590746559 22.496000000000002 60.0 1410.0 329.0 1023.0 42465.0 
758.0005590746559 22.528000000000002 58.0 1411.0 329.0 1025.0 42567.0 
760.0005590746559 22.528000000000002 59.0 1414.0 329.0 1025.0 42567.0 
762.0005590746559 22.568 65.0 1419.0 330.0 1026.0 42572.0 
764.0005590746559 22.648000000000003 63.0 1421.0 333.0 1027.0 42650.0 
766.0005590746559 22.696 63.0 1425.0 334.0 1029.0 42674.0 
768.0005590746559 22.712 64.0 1429.0 334.0 1030.0 42688.0 
770.0005590746559 22.727999999999998 70.0 1435.0 334.0 1031.0 42696.0 
772.0005590746559 22.872 67.0 1435.0 335.0 1039.0 43093.0 
774.0005590746559 22.944 65.0 1443.0 337.0 1042.0 43278.0 
776.0005590746559 23.040000000000003 67.0 1446.0 338.0 1045.0 43484.0 
778.0005590746559 23.072 62.0 1449.0 338.0 1047.0 43545.0 
780.0005590746559 23.088 63.0 1450.0 340.0 1047.0 43596.0 
782.0005590746559 23.256 61.0 1451.0 341.0 1055.0 44108.0 
784.0005590746559 23.32 58.0 1456.0 341.0 1059.0 44251.0 
786.0005590746559 23.336 61.0 1464.0 341.0 1060.0 44353.0 
788.0005590746559 23.432 62.0 1466.0 342.0 1065.0 44507.0 
790.0005590746559 23.464 65.0 1472.0 342.0 1067.0 44508.0 
792.0005590746559 23.496000000000002 65.0 1476.0 342.0 1069.0 44553.0 
794.0005590746559 23.496000000000002 68.0 1482.0 342.0 1069.0 44553.0 
796.0005590746559 23.568 70.0 1483.0 345.0 1069.0 44584.0 
798.0005590746559 23.584 69.0 1484.0 345.0 1070.0 44597.0 
800.0005590746559 23.744 67.0 1486.0 347.0 1078.0 44848.0 
802.0005590746559 23.887999999999998 57.0 1491.0 349.0 1086.0 45235.0 
804.0005590746559 23.92 59.0 1495.0 352.0 1086.0 45267.0 
806.0005590746559 24.0 54.0 1498.0 352.0 1091.0 45475.0 
808.0005590746559 24.008000000000003 60.0 1504.0 353.0 1091.0 45489.0 
810.0005590746559 24.056 64.0 1508.0 353.0 1094.0 45678.0 
812.0005590746559 24.184 57.0 1510.0 353.0 1102.0 45899.0 
814.0005590746559 24.432 52.0 1513.0 355.0 1114.0 46389.0 
816.0005590746559 24.464 48.0 1520.0 355.0 1116.0 46422.0 
818.0005590746559 24.464 53.0 1524.0 355.0 1116.0 46422.0 
820.0005590746559 24.528000000000002 52.0 1525.0 356.0 1119.0 46661.0 
822.0005590746559 24.56 50.0 1528.0 356.0 1121.0 46761.0 
824.0005590746559 24.576 52.0 1531.0 356.0 1122.0 46762.0 
826.0005590746559 24.616 53.0 1532.0 357.0 1124.0 46936.0 
828.0005590746559 24.631999999999998 56.0 1537.0 357.0 1125.0 46958.0 
830.0005590746559 24.68 53.0 1538.0 359.0 1126.0 47014.0 
832.0005590746559 24.792 51.0 1541.0 360.0 1131.0 47185.0 
834.0005590746559 24.856 48.0 1543.0 361.0 1134.0 47228.0 
836.0005590746559 24.936 50.0 1548.0 362.0 1138.0 47456.0 
838.0005590746559 24.983999999999998 47.0 1551.0 362.0 1141.0 47571.0 
840.0005590746559 25.008000000000003 50.0 1555.0 363.0 1142.0 47686.0 
842.0005590746559 25.112000000000002 51.0 1562.0 363.0 1147.0 47809.0 
844.0005590746559 25.16 53.0 1569.0 364.0 1149.0 47937.0 
846.0005590746559 25.191999999999997 54.0 1569.0 364.0 1151.0 47973.0 
848.0005590746559 25.191999999999997 55.0 1570.0 364.0 1151.0 47973.0 
850.0005590746559 25.224 56.0 1575.0 365.0 1152.0 48005.0 
852.0005590746559 25.247999999999998 62.0 1580.0 366.0 1152.0 48036.0 
854.0005590746559 25.304 64.0 1582.0 367.0 1154.0 48147.0 
856.0005590746559 25.336 63.0 1587.0 367.0 1156.0 48269.0 
858.0005590746559 25.392000000000003 63.0 1590.0 368.0 1159.0 48474.0 
860.0005590746559 25.44 65.0 1595.0 370.0 1161.0 48512.0 
862.0005590746559 25.456 70.0 1601.0 370.0 1162.0 48532.0 
864.0005590746559 25.584 66.0 1604.0 370.0 1170.0 48882.0 
866.0005590746559 25.631999999999998 65.0 1608.0 370.0 1173.0 48907.0 
868.0005590746559 25.688 65.0 1611.0 371.0 1175.0 48926.0 
870.0005590746559 25.808000000000003 64.0 1612.0 372.0 1180.0 49122.0 
872.0005590746559 25.887999999999998 59.0 1616.0 375.0 1182.0 49226.0 
874.0005590746559 25.896 61.0 1619.0 376.0 1182.0 49239.0 
876.0005590746559 25.935999999999996 66.0 1627.0 377.0 1183.0 49268.0 
878.0005590746559 25.959999999999997 69.0 1629.0 378.0 1183.0 49296.0 
880.0005590746559 25.959999999999997 69.0 1630.0 378.0 1183.0 49296.0 
882.0005590746559 25.959999999999997 70.0 1631.0 378.0 1183.0 49296.0 
884.0005590746559 25.976 72.0 1634.0 378.0 1184.0 49374.0 
886.0005590746559 26.064 75.0 1639.0 379.0 1188.0 49545.0 
888.0005590746559 26.240000000000002 68.0 1640.0 382.0 1194.0 49925.0 
890.0005590746559 26.32 64.0 1642.0 382.0 1199.0 50173.0 
892.0005590746559 26.368000000000002 62.0 1646.0 382.0 1202.0 50349.0 
894.0005590746559 26.496000000000002 59.0 1649.0 382.0 1210.0 50518.0 
896.0005590746559 26.56 59.0 1654.0 382.0 1214.0 50638.0 
898.0005590746559 26.664 54.0 1657.0 384.0 1218.0 50769.0 
900.0005590746559 26.727999999999998 59.0 1663.0 385.0 1219.0 50801.0 
#####################################################################
# End of data export. Simulation finished at: 2020-01-17T21:17+0000 #
#####################################################################
