#####################################################################
# Alchemist log file - simulation started at: 2020-02-13T18:09+0000 #
#####################################################################
# seed = 67.0, taskFrequency = 0.1, cloudcost = 17.0, algorithm = true
#
# The columns have the following meaning: 
# time taskHops[Mean] hasTask[Sum] tasks[Sum] completedTasks[Sum] giveupTasks[Sum] taskLatency[Sum] 
0.0 NaN 0.0 0.0 0.0 0.0 0.0 
2.0012965763048935 NaN 16.0 23.0 0.0 0.0 0.0 
4.0012965763048935 NaN 39.0 41.0 0.0 0.0 0.0 
6.0012965763048935 NaN 53.0 59.0 0.0 0.0 0.0 
8.001296576304894 NaN 67.0 69.0 0.0 0.0 0.0 
10.001296576304894 NaN 72.0 74.0 0.0 0.0 0.0 
12.001296576304894 NaN 84.0 86.0 0.0 0.0 0.0 
14.001296576304894 1.0 89.0 92.0 2.0 0.0 26.0 
16.001296576304895 1.1666666666666667 92.0 97.0 6.0 0.0 80.0 
18.001296576304895 1.2222222222222223 95.0 103.0 9.0 0.0 120.0 
20.001296576304895 1.3 98.0 110.0 10.0 0.0 133.0 
22.001296576304895 1.4615384615384615 102.0 114.0 13.0 0.0 182.0 
24.001296576304895 1.5 105.0 118.0 14.0 0.0 205.0 
26.001296576304895 1.875 108.0 122.0 16.0 0.0 245.0 
28.001296576304895 1.875 107.0 124.0 16.0 0.0 245.0 
30.001296576304895 1.875 108.0 125.0 16.0 0.0 245.0 
32.001296576304895 1.8421052631578947 110.0 128.0 19.0 0.0 295.0 
34.00081094913728 2.0 109.0 129.0 21.0 0.0 344.0 
36.001296576304895 2.0 109.0 131.0 22.0 0.0 360.0 
38.001296576304895 1.92 109.0 134.0 25.0 0.0 433.0 
40.001296576304895 1.8214285714285716 108.0 136.0 28.0 0.0 484.0 
42.001296576304895 1.857142857142857 108.0 136.0 29.0 0.0 500.0 
44.001296576304895 1.8666666666666665 107.0 137.0 31.0 0.0 572.0 
46.001296576304895 1.9 107.0 139.0 32.0 0.0 591.0 
48.001296576304895 1.9333333333333331 111.0 144.0 33.0 0.0 606.0 
50.001296576304895 2.033333333333333 111.0 144.0 34.0 0.0 621.0 
52.001296576304895 2.096774193548387 111.0 146.0 35.0 0.0 658.0 
54.001296576304895 2.1515151515151514 111.0 149.0 37.0 0.0 751.0 
56.001296576304895 2.1515151515151514 113.0 150.0 37.0 0.0 751.0 
58.001296576304895 2.142857142857143 114.0 152.0 39.0 0.0 811.0 
60.001296576304895 2.2285714285714286 114.0 155.0 40.0 0.0 831.0 
62.001296576304895 2.2777777777777777 114.0 157.0 42.0 0.0 895.0 
64.0012965763049 2.388888888888889 115.0 158.0 43.0 0.0 939.0 
66.0012965763049 2.5277777777777777 115.0 159.0 44.0 0.0 959.0 
68.0012965763049 2.5277777777777777 117.0 161.0 44.0 0.0 959.0 
70.0012965763049 2.5555555555555554 117.0 163.0 45.0 0.0 982.0 
72.0012965763049 2.5555555555555554 119.0 164.0 45.0 0.0 982.0 
74.0012965763049 2.5555555555555554 119.0 164.0 45.0 0.0 982.0 
76.0010579269142 2.75 118.0 166.0 48.0 0.0 1046.0 
78.0012965763049 2.7837837837837838 115.0 166.0 51.0 0.0 1136.0 
80.0012965763049 2.7837837837837838 115.0 166.0 51.0 0.0 1136.0 
82.0012965763049 2.810810810810811 116.0 168.0 52.0 0.0 1161.0 
84.0012965763049 2.864864864864865 114.0 169.0 54.0 0.0 1198.0 
86.0012965763049 2.864864864864865 115.0 169.0 54.0 0.0 1198.0 
88.0012965763049 2.864864864864865 115.0 169.0 54.0 0.0 1198.0 
90.0012965763049 2.864864864864865 117.0 171.0 54.0 0.0 1198.0 
92.0012965763049 2.972972972972973 118.0 173.0 55.0 0.0 1229.0 
94.0012965763049 2.9473684210526314 119.0 175.0 56.0 0.0 1315.0 
96.0012965763049 2.9473684210526314 119.0 175.0 56.0 0.0 1315.0 
98.0012965763049 2.973684210526316 119.0 175.0 57.0 0.0 1331.0 
100.0012965763049 3.026315789473684 117.0 175.0 58.0 0.0 1382.0 
102.0012965763049 4.4523809523809526 117.0 175.0 58.0 4.0 1786.0 
104.0012965763049 9.575757575757574 105.0 175.0 59.0 30.0 4187.0 
106.0012965763049 13.204301075268818 68.0 176.0 59.0 65.0 7109.0 
108.0012965763049 15.209090909090909 38.0 180.0 60.0 91.0 9114.0 
110.0012965763049 15.57017543859649 31.0 185.0 60.0 97.0 9547.0 
112.0012965763049 16.17391304347826 31.0 192.0 60.0 102.0 9654.0 
114.0012965763049 16.771186440677965 31.0 198.0 60.0 109.0 9936.0 
116.0012965763049 17.355371900826448 28.0 206.0 61.0 116.0 10276.0 
118.0012965763049 17.68032786885246 34.0 216.0 63.0 119.0 10433.0 
120.0012965763049 18.51639344262295 39.0 225.0 63.0 125.0 10442.0 
122.0012965763049 19.20967741935484 43.0 239.0 65.0 132.0 10664.0 
124.0012965763049 20.18548387096774 47.0 249.0 66.0 139.0 10912.0 
126.0012965763049 20.703999999999997 53.0 261.0 66.0 144.0 11027.0 
128.0012965763049 21.128 55.0 267.0 67.0 147.0 11095.0 
130.0012965763049 21.592 64.0 284.0 68.0 150.0 11191.0 
132.0012965763049 22.408 75.0 296.0 68.0 156.0 11203.0 
134.0012965763049 23.784000000000002 80.0 308.0 69.0 166.0 11258.0 
136.0012965763049 24.192 77.0 316.0 69.0 169.0 11264.0 
138.0012965763049 24.488 78.0 319.0 69.0 171.0 11277.0 
140.0012965763049 24.928 82.0 324.0 70.0 174.0 11315.0 
142.0012965763049 25.368000000000002 82.0 329.0 71.0 177.0 11388.0 
144.0012965763049 25.384 84.0 337.0 72.0 177.0 11388.0 
146.0012965763049 25.536 90.0 341.0 73.0 178.0 11502.0 
148.0012965763049 25.983999999999998 90.0 345.0 74.0 181.0 11670.0 
150.0012965763049 26.447999999999997 90.0 348.0 75.0 184.0 11760.0 
152.0012965763049 26.592000000000002 91.0 351.0 76.0 185.0 11811.0 
154.0012965763049 26.592000000000002 94.0 355.0 76.0 185.0 11811.0 
156.0000000082316 26.768 96.0 360.0 78.0 186.0 11880.0 
158.0012965763049 26.912 97.0 364.0 79.0 187.0 11910.0 
160.0012965763049 27.320000000000004 99.0 367.0 79.0 190.0 12010.0 
162.0012965763049 27.616 100.0 371.0 80.0 192.0 12076.0 
164.0012965763049 28.44 94.0 371.0 81.0 198.0 12272.0 
166.0012965763049 29.128 91.0 375.0 82.0 203.0 12428.0 
168.0012965763049 29.28 89.0 378.0 83.0 204.0 12463.0 
170.0012965763049 29.552 91.0 378.0 83.0 206.0 12526.0 
172.0012965763049 29.96 90.0 383.0 83.0 209.0 12616.0 
174.0012965763049 30.247999999999998 92.0 387.0 85.0 211.0 12723.0 
176.00005251132734 30.672 91.0 392.0 86.0 214.0 12844.0 
178.0012965763049 30.688 93.0 395.0 87.0 214.0 12862.0 
180.0012965763049 30.704 96.0 398.0 89.0 214.0 12902.0 
182.0012965763049 30.704 97.0 400.0 89.0 214.0 12902.0 
184.0012965763049 30.72 99.0 404.0 90.0 214.0 12920.0 
186.0012965763049 30.72 103.0 407.0 90.0 214.0 12920.0 
188.0012965763049 30.735999999999997 104.0 410.0 91.0 214.0 12939.0 
190.0012965763049 30.752000000000002 105.0 411.0 92.0 214.0 12970.0 
192.0012965763049 30.808 108.0 414.0 94.0 214.0 13009.0 
194.0012965763049 30.84 105.0 414.0 97.0 214.0 13057.0 
196.0012965763049 31.384 108.0 419.0 97.0 218.0 13257.0 
198.0012965763049 31.928 103.0 422.0 97.0 222.0 13569.0 
200.0012965763049 31.992 104.0 426.0 99.0 222.0 13628.0 
202.0012965763049 32.032000000000004 107.0 430.0 100.0 222.0 13658.0 
204.0012965763049 32.032000000000004 109.0 431.0 100.0 222.0 13658.0 
206.0012965763049 32.032000000000004 109.0 431.0 100.0 222.0 13658.0 
208.0012965763049 32.048 110.0 433.0 102.0 222.0 13699.0 
210.0012965763049 32.608 111.0 435.0 103.0 226.0 13945.0 
212.0012965763049 33.32 101.0 435.0 105.0 231.0 14413.0 
214.0012965763049 34.136 98.0 438.0 105.0 237.0 14759.0 
216.0012965763049 34.88 95.0 442.0 107.0 242.0 15186.0 
218.0012965763049 36.304 91.0 444.0 108.0 252.0 15806.0 
220.0012965763049 38.792 78.0 447.0 110.0 270.0 17091.0 
222.0012965763049 40.72 62.0 455.0 110.0 284.0 17977.0 
224.0012965763049 41.808 59.0 461.0 110.0 292.0 18181.0 
226.0012965763049 42.896 60.0 468.0 110.0 300.0 18598.0 
228.0012965763049 44.416 57.0 475.0 111.0 311.0 19080.0 
230.0012965763049 46.775999999999996 52.0 485.0 113.0 328.0 19501.0 
232.0012965763049 47.864 46.0 496.0 113.0 336.0 19563.0 
234.0012965763049 49.832 41.0 503.0 115.0 350.0 20264.0 
236.0012965763049 51.736000000000004 42.0 517.0 115.0 364.0 20714.0 
238.0012965763049 52.416 45.0 527.0 115.0 369.0 20726.0 
240.0012965763049 52.96 53.0 539.0 115.0 373.0 20739.0 
242.0012965763049 53.775999999999996 57.0 551.0 115.0 379.0 20817.0 
244.0009091609005 54.32 64.0 563.0 115.0 383.0 20834.0 
246.0012965763049 55.68 66.0 571.0 115.0 393.0 20915.0 
248.0012965763049 57.04 63.0 579.0 115.0 403.0 20977.0 
250.0012965763049 57.448 67.0 587.0 115.0 406.0 21028.0 
252.0012965763049 58.128 69.0 596.0 115.0 411.0 21107.0 
254.0012965763049 58.672 72.0 601.0 115.0 415.0 21141.0 
256.00129657630487 59.544 68.0 604.0 117.0 421.0 21241.0 
258.00129657630487 60.007999999999996 71.0 612.0 119.0 424.0 21407.0 
260.00129657630487 60.856 68.0 621.0 121.0 430.0 21507.0 
262.00129657630487 61.544 75.0 631.0 122.0 435.0 21584.0 
264.00129657630487 61.824 80.0 639.0 123.0 437.0 21702.0 
266.00129657630487 62.272000000000006 80.0 644.0 125.0 440.0 21805.0 
268.00129657630487 62.272000000000006 86.0 654.0 125.0 440.0 21805.0 
270.00129657630487 62.304 91.0 658.0 126.0 440.0 21839.0 
272.0008827352968 62.304 94.0 662.0 126.0 440.0 21839.0 
274.0009752522254 62.592 96.0 666.0 128.0 442.0 21942.0 
276.00129657630487 63.544000000000004 92.0 669.0 128.0 449.0 22114.0 
278.00129657630487 64.248 91.0 673.0 129.0 454.0 22257.0 
280.00129657630487 64.568 92.0 677.0 131.0 456.0 22362.0 
282.00129657630487 64.984 90.0 680.0 132.0 459.0 22441.0 
284.00129657630487 64.984 91.0 682.0 132.0 459.0 22441.0 
286.00129657630487 65.128 93.0 686.0 133.0 460.0 22483.0 
288.00129657630487 66.008 94.0 691.0 135.0 466.0 22573.0 
290.00129657630487 66.568 90.0 694.0 136.0 470.0 22655.0 
292.00129657630487 66.84 88.0 697.0 136.0 472.0 22655.0 
294.00129657630487 66.864 97.0 705.0 138.0 472.0 22699.0 
296.00129657630487 66.888 98.0 709.0 139.0 472.0 22721.0 
298.00129657630487 67.184 97.0 711.0 141.0 474.0 22832.0 
300.00129657630487 68.0 96.0 715.0 141.0 480.0 22954.0 
302.00129657630487 68.0 98.0 719.0 141.0 480.0 22954.0 
304.00129657630487 68.432 97.0 722.0 142.0 483.0 23108.0 
306.00129657630487 68.6 98.0 725.0 144.0 484.0 23179.0 
308.00129657630487 68.752 101.0 730.0 144.0 485.0 23245.0 
310.00129657630487 68.888 103.0 732.0 144.0 486.0 23301.0 
312.00129657630487 68.888 103.0 733.0 144.0 486.0 23301.0 
314.00129657630487 68.944 101.0 736.0 147.0 486.0 23413.0 
316.00129657630487 68.976 102.0 739.0 149.0 486.0 23447.0 
318.00129657630487 69.28 106.0 742.0 150.0 488.0 23591.0 
320.00129657630487 71.08 97.0 744.0 152.0 501.0 24210.0 
322.00129657630487 71.216 95.0 748.0 152.0 502.0 24215.0 
324.00129657630487 71.352 95.0 750.0 152.0 503.0 24284.0 
326.00129657630487 72.03999999999999 98.0 754.0 153.0 508.0 24556.0 
328.00129657630487 73.272 88.0 756.0 154.0 517.0 24975.0 
330.00129657630487 74.49600000000001 84.0 759.0 154.0 526.0 25508.0 
332.00129657630487 77.216 68.0 763.0 154.0 546.0 26686.0 
334.00129657630487 78.168 62.0 770.0 154.0 553.0 27008.0 
336.00129657630487 79.256 63.0 774.0 154.0 561.0 27270.0 
338.00129657630487 79.664 61.0 780.0 154.0 564.0 27410.0 
340.00129657630487 82.52799999999999 58.0 787.0 155.0 585.0 28341.0 
342.00129657630487 84.464 45.0 792.0 156.0 599.0 28708.0 
344.00129657630487 85.824 35.0 802.0 156.0 609.0 28995.0 
346.00129657630487 86.92 45.0 816.0 157.0 617.0 29176.0 
348.00129657630487 88.416 45.0 823.0 157.0 628.0 29360.0 
350.00129657630487 88.824 45.0 836.0 157.0 631.0 29364.0 
352.00129657630487 89.776 56.0 848.0 157.0 638.0 29391.0 
354.00129657630487 91.44800000000001 54.0 854.0 159.0 650.0 29561.0 
356.00129657630487 93.232 50.0 869.0 160.0 663.0 29787.0 
358.00129657630487 93.96799999999999 51.0 877.0 163.0 668.0 29846.0 
360.00129657630487 95.192 53.0 892.0 163.0 677.0 30022.0 
362.00129657630487 96.144 53.0 899.0 163.0 684.0 30113.0 
364.00129657630487 97.096 53.0 906.0 163.0 691.0 30212.0 
366.00129657630487 97.776 54.0 914.0 163.0 696.0 30231.0 
368.00129657630487 98.92 65.0 930.0 165.0 704.0 30355.0 
370.00129657630487 99.408 64.0 936.0 166.0 707.0 30433.0 
372.00129657630487 100.376 61.0 939.0 168.0 714.0 30591.0 
374.00129657630487 100.512 62.0 948.0 168.0 715.0 30591.0 
376.00129657630487 100.648 73.0 958.0 168.0 716.0 30593.0 
378.00129657630487 100.648 79.0 964.0 168.0 716.0 30593.0 
380.00129657630487 101.6 78.0 972.0 168.0 723.0 30671.0 
382.00129657630487 102.576 77.0 978.0 170.0 730.0 30779.0 
384.00129657630487 103.176 81.0 984.0 173.0 734.0 30924.0 
386.00129657630487 103.752 82.0 991.0 175.0 738.0 31020.0 
388.00129657630487 104.464 79.0 997.0 177.0 743.0 31077.0 
390.00129657630487 105.464 87.0 1011.0 177.0 750.0 31158.0 
392.00129657630487 106.024 87.0 1018.0 178.0 754.0 31272.0 
394.00129657630487 106.03999999999999 91.0 1024.0 179.0 754.0 31272.0 
396.00129657630487 106.736 91.0 1028.0 180.0 759.0 31313.0 
398.00129657630487 107.144 93.0 1035.0 180.0 762.0 31361.0 
400.00129657630487 107.55199999999999 96.0 1041.0 180.0 765.0 31407.0 
402.00020892260505 108.376 96.0 1043.0 181.0 771.0 31522.0 
404.00129657630487 108.688 93.0 1047.0 182.0 773.0 31604.0 
406.00129657630487 108.832 94.0 1053.0 183.0 774.0 31624.0 
408.00129657630487 109.512 94.0 1055.0 183.0 779.0 31700.0 
410.00129657630487 109.648 95.0 1058.0 183.0 780.0 31719.0 
412.00129657630487 109.952 91.0 1058.0 185.0 782.0 31791.0 
414.00129657630487 110.376 91.0 1060.0 186.0 785.0 31883.0 
416.00129657630487 110.784 87.0 1063.0 186.0 788.0 31951.0 
418.00129657630487 111.344 94.0 1072.0 187.0 792.0 32078.0 
420.00080123225484 111.352 95.0 1075.0 188.0 792.0 32095.0 
422.00129657630487 111.536 97.0 1081.0 190.0 793.0 32229.0 
424.00129657630487 112.368 99.0 1085.0 191.0 799.0 32434.0 
426.00129657630487 112.816 95.0 1089.0 193.0 802.0 32576.0 
428.00129657630487 112.824 97.0 1092.0 194.0 802.0 32611.0 
430.00129657630487 113.232 96.0 1094.0 194.0 805.0 32767.0 
432.00129657630487 113.672 92.0 1095.0 195.0 808.0 33026.0 
434.00129657630487 114.488 89.0 1098.0 195.0 814.0 33314.0 
436.00129657630487 114.896 91.0 1104.0 195.0 817.0 33479.0 
438.00129657630487 116.03999999999999 88.0 1109.0 199.0 825.0 33932.0 
440.00129657630487 116.896 83.0 1114.0 201.0 831.0 34129.0 
442.00129657630487 117.168 87.0 1121.0 201.0 833.0 34148.0 
444.00129657630487 118.664 84.0 1124.0 201.0 844.0 34643.0 
446.00129657630487 120.312 76.0 1128.0 202.0 856.0 35145.0 
448.00129657630487 123.736 60.0 1133.0 203.0 881.0 36151.0 
450.00129657630487 124.856 52.0 1141.0 203.0 889.0 36273.0 
452.00129657630487 124.856 56.0 1150.0 203.0 889.0 36273.0 
454.00129657630487 126.232 54.0 1153.0 204.0 899.0 36683.0 
456.00129657630487 128.136 54.0 1167.0 204.0 913.0 36875.0 
458.00129657630487 129.512 54.0 1176.0 205.0 923.0 37159.0 
460.00129657630487 131.688 50.0 1187.0 205.0 939.0 37302.0 
462.00129657630487 133.048 48.0 1199.0 205.0 949.0 37555.0 
464.00129657630487 134.68 48.0 1208.0 205.0 961.0 37820.0 
466.00129657630487 135.256 46.0 1222.0 206.0 965.0 37858.0 
468.00129657630487 137.296 54.0 1236.0 206.0 980.0 37972.0 
470.00129657630487 138.792 55.0 1252.0 206.0 991.0 38180.0 
472.00129657630487 140.968 58.0 1271.0 206.0 1007.0 38371.0 
474.00129657630487 141.512 67.0 1284.0 206.0 1011.0 38372.0 
476.00129657630487 143.064 63.0 1291.0 209.0 1022.0 38447.0 
478.00129657630487 145.376 52.0 1298.0 209.0 1039.0 38759.0 
480.00129657630487 146.752 50.0 1307.0 210.0 1049.0 38909.0 
482.00129657630487 147.472 64.0 1325.0 210.0 1054.0 38975.0 
484.00129657630487 148.568 64.0 1334.0 211.0 1062.0 39042.0 
486.00129657630487 149.024 66.0 1342.0 213.0 1065.0 39087.0 
488.0007834927297 150.136 69.0 1350.0 214.0 1073.0 39141.0 
490.00129657630487 150.68 65.0 1357.0 214.0 1077.0 39149.0 
492.00129657630487 151.36 67.0 1362.0 214.0 1082.0 39233.0 
494.00129657630487 152.72 65.0 1368.0 214.0 1092.0 39368.0 
496.00129657630487 153.808 66.0 1376.0 214.0 1100.0 39417.0 
498.00129657630487 153.952 67.0 1385.0 215.0 1101.0 39431.0 
500.0005643293059 154.824 77.0 1397.0 218.0 1107.0 39588.0 
502.00129657630487 155.544 74.0 1403.0 220.0 1112.0 39723.0 
504.00129657630487 155.592 74.0 1409.0 222.0 1112.0 39772.0 
506.00129657630487 155.888 83.0 1420.0 224.0 1114.0 39904.0 
508.00129657630487 156.432 86.0 1428.0 224.0 1118.0 39939.0 
510.00129657630487 157.792 86.0 1436.0 224.0 1128.0 40081.0 
512.0006703055232 158.896 81.0 1440.0 225.0 1136.0 40155.0 
514.0012965763049 158.912 80.0 1443.0 226.0 1136.0 40155.0 
516.0012965763049 158.952 83.0 1448.0 228.0 1136.0 40197.0 
518.0012965763049 159.104 88.0 1455.0 229.0 1137.0 40199.0 
520.0012965763049 159.928 89.0 1459.0 230.0 1143.0 40286.0 
522.0012965763049 159.96 87.0 1461.0 232.0 1143.0 40350.0 
524.0012965763049 160.136 89.0 1466.0 234.0 1144.0 40420.0 
526.0012965763049 160.408 90.0 1469.0 234.0 1146.0 40498.0 
528.0012965763049 160.424 89.0 1471.0 235.0 1146.0 40515.0 
530.0012965763049 160.712 92.0 1478.0 236.0 1148.0 40655.0 
532.0012965763049 160.712 96.0 1481.0 236.0 1148.0 40655.0 
534.0012965763049 160.712 98.0 1484.0 236.0 1148.0 40655.0 
536.0012965763049 160.872 103.0 1490.0 237.0 1149.0 40743.0 
538.0012965763049 161.704 105.0 1495.0 238.0 1155.0 40908.0 
540.0012965763049 161.888 102.0 1498.0 240.0 1156.0 40952.0 
542.0012965763049 161.888 105.0 1501.0 240.0 1156.0 40952.0 
544.0012965763049 162.304 107.0 1505.0 241.0 1159.0 41073.0 
546.0012965763049 162.784 105.0 1508.0 244.0 1162.0 41180.0 
548.0012965763049 164.152 96.0 1509.0 245.0 1172.0 41638.0 
550.0012965763049 164.288 91.0 1509.0 245.0 1173.0 41686.0 
552.0012965763049 164.976 93.0 1516.0 246.0 1178.0 41834.0 
554.0012965763049 165.264 93.0 1520.0 247.0 1180.0 41908.0 
556.0012965763049 166.416 88.0 1524.0 251.0 1188.0 42232.0 
558.0012965763049 167.784 85.0 1527.0 252.0 1198.0 42678.0 
560.0012965763049 168.832 72.0 1529.0 254.0 1205.0 43082.0 
562.0012965763049 169.264 70.0 1534.0 255.0 1208.0 43215.0 
564.0012965763049 171.472 68.0 1540.0 256.0 1224.0 43861.0 
566.0012965763049 173.07999999999998 59.0 1549.0 259.0 1235.0 44574.0 
568.0012965763049 173.624 61.0 1559.0 259.0 1239.0 44780.0 
570.0012965763049 174.464 60.0 1563.0 260.0 1245.0 44932.0 
572.0012965763049 175.28 63.0 1574.0 260.0 1251.0 45172.0 
574.0012965763049 177.352 67.0 1589.0 262.0 1266.0 45437.0 
576.0012965763049 178.048 59.0 1595.0 263.0 1271.0 45637.0 
578.0012965763049 178.592 62.0 1601.0 263.0 1275.0 45728.0 
580.0012965763049 179.032 70.0 1611.0 264.0 1278.0 45737.0 
582.0012965763049 181.208 72.0 1624.0 264.0 1294.0 46047.0 
584.0012965763049 182.296 63.0 1629.0 264.0 1302.0 46228.0 
586.0012965763049 184.232 68.0 1636.0 266.0 1316.0 46445.0 
588.0012965763049 185.064 58.0 1643.0 267.0 1322.0 46561.0 
590.0012965763049 186.848 53.0 1650.0 268.0 1335.0 46944.0 
592.0012965763049 187.568 50.0 1659.0 271.0 1340.0 47060.0 
594.0012965763049 187.744 56.0 1668.0 272.0 1341.0 47123.0 
596.0012965763049 187.88 69.0 1685.0 272.0 1342.0 47128.0 
598.0012965763049 188.904 70.0 1695.0 275.0 1349.0 47272.0 
600.0012965763049 190.44 72.0 1708.0 277.0 1360.0 47415.0 
602.0012965763049 192.784 62.0 1710.0 279.0 1377.0 47879.0 
604.0012965763049 193.344 51.0 1712.0 280.0 1381.0 48046.0 
606.0012965763049 194.432 57.0 1722.0 280.0 1389.0 48218.0 
608.0012965763049 195.94400000000002 58.0 1733.0 281.0 1400.0 48321.0 
610.0012965763049 197.168 48.0 1737.0 281.0 1409.0 48411.0 
612.0012965763049 198.016 50.0 1744.0 282.0 1415.0 48448.0 
614.0012965763049 198.864 49.0 1752.0 283.0 1421.0 48521.0 
616.0012965763049 199.408 54.0 1760.0 283.0 1425.0 48599.0 
618.0012965763049 199.976 53.0 1767.0 284.0 1429.0 48674.0 
620.0012965763049 200.4 57.0 1774.0 285.0 1432.0 48728.0 
622.0012965763049 200.68 61.0 1782.0 286.0 1434.0 48754.0 
624.0012965763049 200.816 71.0 1792.0 286.0 1435.0 48758.0 
626.0012965763049 200.992 75.0 1802.0 289.0 1436.0 48855.0 
628.0012965763049 201.152 77.0 1805.0 290.0 1437.0 48867.0 
630.0012965763049 201.288 83.0 1812.0 290.0 1438.0 48969.0 
632.0012965763049 201.48 85.0 1816.0 292.0 1439.0 49020.0 
634.0012965763049 201.52 87.0 1820.0 294.0 1439.0 49055.0 
636.0012965763049 201.584 89.0 1824.0 297.0 1439.0 49130.0 
638.0012965763049 201.864 89.0 1828.0 298.0 1441.0 49178.0 
640.0012965763049 202.544 88.0 1830.0 298.0 1446.0 49259.0 
642.0012965763049 202.736 87.0 1832.0 301.0 1447.0 49322.0 
644.0012965763049 203.192 87.0 1836.0 304.0 1450.0 49444.0 
646.0012965763049 203.464 85.0 1840.0 304.0 1452.0 49465.0 
648.0012965763049 203.736 86.0 1844.0 304.0 1454.0 49488.0 
650.0012965763049 203.76 91.0 1850.0 307.0 1454.0 49539.0 
652.0012965763049 203.928 92.0 1854.0 310.0 1455.0 49591.0 
654.0012965763049 204.76 90.0 1856.0 311.0 1461.0 49770.0 
656.0012965763049 204.76 88.0 1860.0 311.0 1461.0 49770.0 
658.0012965763049 204.784 89.0 1864.0 312.0 1461.0 49792.0 
660.0012965763049 204.792 95.0 1869.0 313.0 1461.0 49799.0 
662.0012965763049 204.792 97.0 1871.0 313.0 1461.0 49799.0 
664.0012965763049 205.0 98.0 1873.0 317.0 1462.0 49906.0 
666.0012965763049 205.952 96.0 1880.0 317.0 1469.0 50029.0 
668.0012965763049 207.208 95.0 1888.0 319.0 1478.0 50407.0 
670.0012965763049 208.72 83.0 1888.0 320.0 1489.0 50738.0 
672.0012965763049 210.12 78.0 1892.0 322.0 1499.0 51056.0 
674.0012965763049 210.936 74.0 1896.0 322.0 1505.0 51225.0 
676.0012965763049 211.344 70.0 1901.0 322.0 1508.0 51292.0 
678.0012965763049 212.024 68.0 1904.0 322.0 1513.0 51488.0 
680.0012965763049 212.976 78.0 1915.0 322.0 1520.0 51718.0 
682.0012965763049 213.94400000000002 73.0 1921.0 323.0 1527.0 51941.0 
684.0012965763049 215.87199999999999 67.0 1925.0 324.0 1541.0 52765.0 
686.0012965763049 216.552 63.0 1934.0 324.0 1546.0 52977.0 
688.0012965763049 217.424 65.0 1945.0 327.0 1552.0 53205.0 
690.0012965763049 217.424 69.0 1948.0 327.0 1552.0 53205.0 
692.0012965763049 218.12800000000001 73.0 1955.0 328.0 1557.0 53494.0 
694.0012965763049 218.824 74.0 1963.0 329.0 1562.0 53603.0 
696.0012965763049 220.496 67.0 1965.0 330.0 1574.0 53897.0 
698.0012965763049 221.856 59.0 1969.0 330.0 1584.0 54152.0 
700.0012965763049 223.912 57.0 1983.0 331.0 1599.0 54516.0 
702.0012965763049 225.952 47.0 1989.0 331.0 1614.0 55056.0 
704.0012965763049 226.376 47.0 1995.0 332.0 1617.0 55134.0 
706.0012965763049 227.05599999999998 48.0 2003.0 332.0 1622.0 55252.0 
708.0012965763049 228.024 54.0 2012.0 333.0 1629.0 55497.0 
710.0012965763049 228.568 56.0 2023.0 333.0 1633.0 55518.0 
712.0012965763049 228.856 62.0 2034.0 334.0 1635.0 55528.0 
714.0012965763049 229.832 70.0 2042.0 336.0 1642.0 55850.0 
716.0012965763049 231.07999999999998 61.0 2050.0 337.0 1651.0 55910.0 
718.0012965763049 231.528 64.0 2058.0 339.0 1654.0 55966.0 
720.0012965763049 232.48 66.0 2064.0 339.0 1661.0 56082.0 
722.0012965763049 233.296 69.0 2074.0 339.0 1667.0 56143.0 
724.0012965763049 234.304 73.0 2086.0 342.0 1674.0 56372.0 
726.0012965763049 235.552 73.0 2092.0 343.0 1683.0 56620.0 
728.0012965763049 236.376 72.0 2101.0 344.0 1689.0 56724.0 
730.0012965763049 236.832 69.0 2108.0 346.0 1692.0 56779.0 
732.0012965763049 238.192 73.0 2117.0 346.0 1702.0 56951.0 
734.0012965763049 238.752 73.0 2124.0 347.0 1706.0 57007.0 
736.0012965763049 239.16 79.0 2134.0 347.0 1709.0 57008.0 
738.0012965763049 240.424 78.0 2137.0 348.0 1718.0 57158.0 
740.0012965763049 240.6 73.0 2144.0 352.0 1719.0 57220.0 
742.0012965763049 241.296 72.0 2152.0 354.0 1724.0 57283.0 
744.0012965763049 241.848 76.0 2157.0 355.0 1728.0 57355.0 
746.0012965763049 242.94400000000002 75.0 2162.0 356.0 1736.0 57499.0 
748.0012965763049 243.216 72.0 2171.0 356.0 1738.0 57520.0 
750.0012965763049 243.632 82.0 2179.0 357.0 1741.0 57569.0 
752.0012965763049 244.04 81.0 2181.0 357.0 1744.0 57632.0 
754.0012965763049 244.464 83.0 2187.0 358.0 1747.0 57740.0 
756.0012965763049 244.512 84.0 2192.0 359.0 1747.0 57741.0 
758.0012965763049 244.936 88.0 2197.0 360.0 1750.0 57814.0 
760.0012965763049 245.12 91.0 2202.0 362.0 1751.0 57894.0 
762.0012965763049 246.488 85.0 2205.0 363.0 1761.0 58180.0 
764.0012965763049 246.536 82.0 2208.0 365.0 1761.0 58226.0 
766.0012965763049 246.824 86.0 2214.0 367.0 1763.0 58297.0 
768.0012965763049 247.248 83.0 2218.0 368.0 1766.0 58398.0 
770.0012965763049 248.07999999999998 85.0 2225.0 369.0 1772.0 58564.0 
772.0012965763049 248.672 84.0 2231.0 372.0 1776.0 58698.0 
774.0012965763049 248.816 85.0 2235.0 373.0 1777.0 58711.0 
776.0012965763049 249.512 87.0 2242.0 374.0 1782.0 58754.0 
778.0012965763049 250.072 89.0 2247.0 375.0 1786.0 58924.0 
780.0002575544044 250.904 85.0 2252.0 376.0 1792.0 59182.0 
782.0012965763049 251.856 84.0 2256.0 376.0 1799.0 59349.0 
784.0012814617876 253.416 75.0 2259.0 378.0 1810.0 59861.0 
786.0012965763049 254.648 72.0 2264.0 379.0 1819.0 60062.0 
788.0012965763049 255.072 66.0 2267.0 380.0 1822.0 60222.0 
790.0012965763049 255.512 68.0 2274.0 381.0 1825.0 60348.0 
792.0012965763049 255.784 68.0 2277.0 381.0 1827.0 60418.0 
794.0012965763049 256.344 74.0 2285.0 382.0 1831.0 60606.0 
796.0012965763049 257.72 71.0 2294.0 384.0 1841.0 60894.0 
798.0012965763049 258.4 73.0 2302.0 384.0 1846.0 60957.0 
800.0012965763049 258.4 73.0 2303.0 384.0 1846.0 60957.0 
802.0012965763049 258.808 75.0 2308.0 384.0 1849.0 61062.0 
804.0012965763049 259.528 80.0 2319.0 386.0 1854.0 61175.0 
806.0012965763049 260.096 81.0 2328.0 387.0 1858.0 61304.0 
808.0012965763049 260.808 82.0 2334.0 388.0 1863.0 61328.0 
810.0012965763049 261.488 83.0 2340.0 388.0 1868.0 61481.0 
812.0012965763049 262.336 87.0 2349.0 390.0 1874.0 61689.0 
814.0012965763049 263.592 87.0 2355.0 391.0 1883.0 61904.0 
816.0012965763049 266.04 73.0 2360.0 391.0 1901.0 62460.0 
818.0012965763049 266.992 68.0 2366.0 391.0 1908.0 62663.0 
820.0012965763049 268.632 64.0 2370.0 392.0 1920.0 62968.0 
822.0012965763049 269.472 67.0 2384.0 393.0 1926.0 63147.0 
824.0012965763049 269.88 64.0 2389.0 393.0 1929.0 63166.0 
826.0012965763049 271.104 68.0 2396.0 393.0 1938.0 63267.0 
828.0012965763049 272.056 67.0 2404.0 393.0 1945.0 63615.0 
830.0012965763049 272.216 70.0 2411.0 394.0 1946.0 63629.0 
832.0012965763049 272.928 69.0 2414.0 396.0 1951.0 63890.0 
834.0012965763049 273.776 66.0 2418.0 398.0 1957.0 63952.0 
836.0012965763049 274.456 70.0 2427.0 398.0 1962.0 64106.0 
838.0012965763049 275.568 69.0 2435.0 399.0 1970.0 64395.0 
840.0012965763049 276.664 61.0 2438.0 400.0 1978.0 64567.0 
842.0012965763049 277.11199999999997 69.0 2450.0 402.0 1981.0 64632.0 
844.0012965763049 277.656 71.0 2459.0 402.0 1985.0 64716.0 
846.0012965763049 278.216 77.0 2468.0 403.0 1989.0 64756.0 
848.0012965763049 278.784 78.0 2476.0 404.0 1993.0 64904.0 
850.0012965763049 279.464 81.0 2480.0 404.0 1998.0 65118.0 
852.0012965763049 281.79200000000003 71.0 2484.0 405.0 2015.0 65396.0 
854.0012965763049 282.344 68.0 2491.0 406.0 2019.0 65562.0 
856.0012965763049 282.92 67.0 2496.0 407.0 2023.0 65760.0 
858.0012965763049 283.36 66.0 2501.0 409.0 2026.0 65821.0 
860.0012965763049 283.496 67.0 2504.0 409.0 2027.0 65826.0 
862.0012965763049 283.79200000000003 73.0 2510.0 410.0 2029.0 65917.0 
864.0012965763049 283.79200000000003 75.0 2516.0 410.0 2029.0 65917.0 
866.0012965763049 284.352 75.0 2519.0 412.0 2033.0 66045.0 
868.0012965763049 285.456 76.0 2525.0 413.0 2041.0 66414.0 
870.0012965763049 285.48 74.0 2529.0 415.0 2041.0 66446.0 
872.0012965763049 285.752 75.0 2534.0 415.0 2043.0 66495.0 
874.0012965763049 286.312 77.0 2540.0 416.0 2047.0 66578.0 
876.0012965763049 286.728 80.0 2548.0 417.0 2050.0 66615.0 
878.0012965763049 287.608 82.0 2554.0 420.0 2056.0 66956.0 
880.0012965763049 288.424 75.0 2555.0 420.0 2062.0 67077.0 
882.0012965763049 289.104 73.0 2560.0 420.0 2067.0 67211.0 
884.0012965763049 289.56 71.0 2563.0 424.0 2070.0 67340.0 
886.0012965763049 289.696 72.0 2567.0 424.0 2071.0 67346.0 
888.0012965763049 289.744 76.0 2573.0 427.0 2071.0 67422.0 
890.0012965763049 289.976 76.0 2579.0 431.0 2072.0 67521.0 
892.0012965763049 290.28 77.0 2580.0 432.0 2074.0 67705.0 
894.0012965763049 290.432 73.0 2584.0 434.0 2075.0 67795.0 
896.0012965763049 291.44 80.0 2591.0 436.0 2082.0 67968.0 
898.0012965763049 292.68 73.0 2596.0 437.0 2091.0 68278.0 
900.0012965763049 293.79200000000003 65.0 2602.0 438.0 2099.0 68531.0 
#####################################################################
# End of data export. Simulation finished at: 2020-02-13T21:22+0000 #
#####################################################################
