#####################################################################
# Alchemist log file - simulation started at: 2020-01-16T22:02+0000 #
#####################################################################
# seed = 9.0, taskFrequency = 0.0075, cloudcost = 17.0, algorithm = true
#
# The columns have the following meaning: 
# time taskHops[Mean] hasTask[Sum] tasks[Sum] completedTasks[Sum] giveupTasks[Sum] taskLatency[Sum] 
0.0 NaN 0.0 0.0 0.0 0.0 0.0 
2.007825810686062 NaN 0.0 0.0 0.0 0.0 0.0 
4.007825810686062 NaN 2.0 2.0 0.0 0.0 0.0 
6.007825810686062 NaN 4.0 6.0 0.0 0.0 0.0 
8.007825810686061 NaN 8.0 8.0 0.0 0.0 0.0 
10.007825810686061 NaN 9.0 9.0 0.0 0.0 0.0 
12.007825810686061 NaN 12.0 12.0 0.0 0.0 0.0 
14.007825810686061 NaN 13.0 14.0 0.0 0.0 0.0 
16.00782581068606 1.0 16.0 16.0 1.0 0.0 13.0 
18.00782581068606 1.3333333333333333 16.0 18.0 3.0 0.0 39.0 
20.00782581068606 1.2 15.0 19.0 5.0 0.0 67.0 
22.000166263967415 1.1428571428571428 13.0 21.0 7.0 0.0 95.0 
24.00782581068606 1.4444444444444444 13.0 21.0 9.0 0.0 127.0 
26.00782581068606 1.5 11.0 21.0 10.0 0.0 141.0 
28.00782581068606 1.5833333333333333 11.0 22.0 12.0 0.0 168.0 
30.00782581068606 1.5 13.0 25.0 14.0 0.0 196.0 
32.00782581068606 1.6875 13.0 29.0 16.0 0.0 235.0 
34.00782581068606 1.6875 16.0 32.0 16.0 0.0 235.0 
36.00782581068606 1.6842105263157894 15.0 34.0 19.0 0.0 282.0 
38.00782581068606 1.6842105263157894 17.0 36.0 19.0 0.0 282.0 
40.00782581068606 1.7 19.0 38.0 20.0 0.0 302.0 
42.00782581068606 1.6666666666666665 22.0 45.0 21.0 0.0 315.0 
44.00782581068606 1.6363636363636362 25.0 47.0 22.0 0.0 329.0 
46.00782581068606 1.7083333333333335 24.0 48.0 24.0 0.0 370.0 
48.00782581068606 1.6666666666666665 22.0 49.0 27.0 0.0 416.0 
50.00782581068606 1.7333333333333334 22.0 50.0 31.0 0.0 476.0 
52.00782581068606 1.7096774193548385 21.0 54.0 32.0 0.0 489.0 
54.00782581068606 1.6875 23.0 55.0 33.0 0.0 506.0 
56.00782581068606 1.727272727272727 23.0 56.0 35.0 0.0 534.0 
58.00782581068606 1.823529411764706 22.0 57.0 36.0 0.0 561.0 
60.00782581068606 1.823529411764706 24.0 60.0 36.0 0.0 561.0 
62.00782581068606 1.8611111111111112 26.0 63.0 39.0 0.0 617.0 
64.00782581068606 1.9189189189189189 24.0 64.0 40.0 0.0 639.0 
66.00782581068606 1.9210526315789476 26.0 67.0 41.0 0.0 653.0 
68.00782581068606 2.0 25.0 69.0 43.0 0.0 698.0 
70.00782581068606 2.0 27.0 71.0 45.0 0.0 736.0 
72.00782581068606 1.9545454545454544 25.0 72.0 48.0 0.0 795.0 
74.00782581068606 1.9545454545454544 26.0 74.0 48.0 0.0 795.0 
76.00782581068606 2.0681818181818183 26.0 75.0 49.0 0.0 838.0 
78.00782581068606 2.1914893617021276 23.0 75.0 54.0 0.0 944.0 
80.00782581068606 2.1836734693877546 21.0 77.0 56.0 0.0 976.0 
82.00782581068606 2.1346153846153846 21.0 77.0 59.0 0.0 1029.0 
84.00782581068606 2.1346153846153846 18.0 77.0 59.0 0.0 1029.0 
86.00782581068606 2.150943396226415 18.0 78.0 60.0 0.0 1053.0 
88.00782581068606 2.148148148148148 18.0 80.0 62.0 0.0 1084.0 
90.00782581068606 2.145454545454546 19.0 81.0 63.0 0.0 1139.0 
92.00782581068606 2.1428571428571432 21.0 84.0 64.0 0.0 1152.0 
94.00782581068606 2.120689655172414 20.0 86.0 66.0 0.0 1212.0 
96.00782581068606 2.120689655172414 20.0 86.0 66.0 0.0 1212.0 
98.00782581068606 2.203389830508475 21.0 87.0 67.0 0.0 1268.0 
100.00782581068606 2.2542372881355934 18.0 88.0 69.0 0.0 1301.0 
102.00782581068606 2.2542372881355934 21.0 90.0 69.0 0.0 1301.0 
104.00782581068606 2.266666666666667 21.0 91.0 70.0 0.0 1337.0 
106.00782581068606 2.2786885245901636 21.0 94.0 71.0 0.0 1414.0 
108.00782581068606 2.3114754098360657 22.0 94.0 72.0 0.0 1433.0 
110.00782581068606 2.3225806451612905 24.0 97.0 73.0 0.0 1448.0 
112.00782581068606 2.317460317460317 23.0 98.0 75.0 0.0 1480.0 
114.00782581068606 2.307692307692308 23.0 98.0 77.0 0.0 1516.0 
116.00782581068606 2.3692307692307693 24.0 103.0 79.0 0.0 1542.0 
118.00782581068606 2.378787878787879 24.0 104.0 80.0 0.0 1570.0 
120.00782581068606 2.378787878787879 24.0 104.0 80.0 0.0 1570.0 
122.00782581068606 2.4029850746268657 25.0 107.0 82.0 0.0 1620.0 
124.00782581068606 2.4029850746268657 25.0 107.0 82.0 0.0 1620.0 
126.00782581068606 2.455882352941176 23.0 108.0 86.0 0.0 1688.0 
128.00782581068606 2.455882352941176 24.0 110.0 86.0 0.0 1688.0 
130.00782581068606 2.4705882352941178 26.0 112.0 87.0 0.0 1702.0 
132.00782581068606 2.536231884057971 25.0 112.0 88.0 0.0 1729.0 
134.00782581068606 2.536231884057971 24.0 112.0 88.0 0.0 1729.0 
136.00782581068606 2.557142857142857 25.0 114.0 89.0 0.0 1748.0 
138.00782581068606 2.557142857142857 25.0 114.0 89.0 0.0 1748.0 
140.00782581068606 2.5714285714285716 26.0 115.0 90.0 0.0 1767.0 
142.00782581068606 2.5972222222222223 25.0 116.0 93.0 0.0 1840.0 
144.00782581068606 2.916666666666667 22.0 117.0 94.0 1.0 1997.0 
146.00782581068606 2.917808219178082 23.0 119.0 95.0 1.0 2017.0 
148.00782581068606 2.917808219178082 26.0 122.0 95.0 1.0 2017.0 
150.00782581068606 2.918918918918919 27.0 124.0 96.0 1.0 2044.0 
152.00782581068606 3.173333333333333 27.0 127.0 97.0 2.0 2167.0 
154.00782581068606 3.2266666666666666 28.0 128.0 98.0 2.0 2191.0 
156.00782581068606 3.2266666666666666 28.0 128.0 98.0 2.0 2191.0 
158.00782581068606 3.2399999999999998 28.0 128.0 99.0 2.0 2213.0 
160.00782581068606 3.2105263157894735 29.0 130.0 100.0 2.0 2232.0 
162.00782581068606 3.367088607594937 27.0 133.0 102.0 3.0 2373.0 
164.00782581068606 3.567901234567901 25.0 134.0 105.0 4.0 2532.0 
166.00782581068606 3.5365853658536586 26.0 135.0 106.0 4.0 2546.0 
168.00782581068606 3.6987951807228927 26.0 136.0 106.0 5.0 2648.0 
170.00782581068606 3.929411764705882 24.0 138.0 109.0 6.0 2717.0 
172.00782581068606 4.127906976744186 21.0 138.0 111.0 7.0 2856.0 
174.00782581068606 4.33720930232558 21.0 139.0 111.0 8.0 2958.0 
176.00782581068606 4.8977272727272725 22.0 142.0 112.0 11.0 3218.0 
178.00782581068606 4.8977272727272725 19.0 142.0 112.0 11.0 3218.0 
180.00782581068606 4.965909090909091 19.0 143.0 114.0 11.0 3287.0 
182.00782581068606 4.965909090909091 19.0 146.0 114.0 11.0 3287.0 
184.00782581068606 4.977272727272728 22.0 148.0 115.0 11.0 3301.0 
186.00782581068606 4.977272727272728 24.0 150.0 115.0 11.0 3301.0 
188.00782581068606 5.044943820224719 24.0 150.0 119.0 11.0 3430.0 
190.00782581068606 5.056179775280899 19.0 150.0 120.0 11.0 3443.0 
192.00782581068606 5.067415730337079 20.0 151.0 121.0 11.0 3468.0 
194.00782581068606 5.078651685393258 18.0 151.0 122.0 11.0 3481.0 
196.00782581068606 5.123595505617978 18.0 153.0 124.0 11.0 3508.0 
198.00782581068606 5.191011235955055 18.0 156.0 126.0 11.0 3559.0 
200.00782581068606 5.144444444444444 19.0 157.0 127.0 11.0 3576.0 
202.00782581068606 5.155555555555556 19.0 157.0 128.0 11.0 3594.0 
204.00782581068606 5.131868131868132 17.0 157.0 130.0 11.0 3625.0 
206.00782581068606 5.175824175824176 15.0 157.0 131.0 11.0 3656.0 
208.00782581068606 5.175824175824176 16.0 158.0 131.0 11.0 3656.0 
210.00782581068606 5.130434782608695 16.0 159.0 132.0 11.0 3669.0 
212.00782581068606 5.063829787234043 16.0 161.0 134.0 11.0 3794.0 
214.00782581068606 5.1489361702127665 17.0 162.0 136.0 11.0 3860.0 
216.00782581068606 5.105263157894737 15.0 163.0 137.0 11.0 3879.0 
218.00782581068606 5.126315789473684 15.0 164.0 138.0 11.0 3898.0 
220.00782581068606 5.157894736842105 16.0 165.0 139.0 11.0 3991.0 
222.00782581068606 5.125 15.0 166.0 141.0 11.0 4064.0 
224.00782581068606 5.125 16.0 169.0 141.0 11.0 4064.0 
226.00782581068606 5.177083333333333 18.0 171.0 142.0 11.0 4092.0 
228.00782581068606 5.270833333333333 16.0 172.0 145.0 11.0 4251.0 
230.00782581068606 5.291666666666667 18.0 175.0 146.0 11.0 4266.0 
232.00782581068606 5.288659793814434 18.0 176.0 149.0 11.0 4321.0 
234.0061098076186 5.309278350515465 15.0 176.0 150.0 11.0 4342.0 
236.00782581068606 5.381443298969072 16.0 180.0 152.0 11.0 4429.0 
238.00782581068606 5.381443298969072 21.0 185.0 152.0 11.0 4429.0 
240.00782581068606 5.323232323232323 24.0 189.0 155.0 11.0 4529.0 
242.00782581068606 5.363636363636364 23.0 190.0 157.0 11.0 4560.0 
244.00782581068606 5.363636363636364 22.0 190.0 157.0 11.0 4560.0 
246.00782581068606 5.363636363636364 23.0 191.0 157.0 11.0 4560.0 
248.00782581068606 5.3939393939393945 24.0 195.0 159.0 11.0 4605.0 
250.00782581068606 5.4444444444444455 25.0 196.0 161.0 11.0 4643.0 
252.00782581068606 5.484848484848484 24.0 197.0 163.0 11.0 4678.0 
254.00782581068606 5.505050505050505 24.0 201.0 165.0 11.0 4707.0 
256.0078258106861 5.4799999999999995 24.0 203.0 168.0 11.0 4759.0 
258.0078258106861 5.5200000000000005 23.0 204.0 170.0 11.0 4798.0 
260.0078258106861 5.55 23.0 206.0 171.0 11.0 4811.0 
262.0078258106861 5.55 24.0 206.0 171.0 11.0 4811.0 
264.0078258106861 5.580000000000001 25.0 207.0 172.0 11.0 4834.0 
266.0078258106861 5.574257425742575 24.0 210.0 174.0 11.0 4876.0 
268.0078258106861 5.663366336633663 25.0 211.0 177.0 11.0 4950.0 
270.0078258106861 5.663366336633663 24.0 213.0 177.0 11.0 4950.0 
272.0078258106861 5.663366336633663 27.0 215.0 177.0 11.0 4950.0 
274.0078258106861 5.693069306930693 28.0 216.0 179.0 11.0 4991.0 
276.0078258106861 5.676470588235294 28.0 219.0 180.0 11.0 5011.0 
278.0078258106861 5.705882352941177 27.0 219.0 181.0 11.0 5040.0 
280.0078258106861 5.745098039215686 28.0 221.0 183.0 11.0 5083.0 
282.0078258106861 5.745098039215686 28.0 222.0 183.0 11.0 5083.0 
284.0078258106861 5.784313725490197 26.0 222.0 186.0 11.0 5144.0 
286.0078258106861 5.784313725490197 26.0 223.0 186.0 11.0 5144.0 
288.0078258106861 5.784313725490197 26.0 223.0 186.0 11.0 5144.0 
290.0078258106861 5.803921568627451 25.0 224.0 188.0 11.0 5189.0 
292.0078258106861 5.803921568627451 27.0 226.0 188.0 11.0 5189.0 
294.0078258106861 5.852941176470588 25.0 226.0 191.0 11.0 5247.0 
296.0078258106861 5.807692307692308 25.0 228.0 193.0 11.0 5310.0 
298.0078258106861 5.807692307692308 25.0 230.0 193.0 11.0 5310.0 
300.0078258106861 5.846153846153846 26.0 231.0 195.0 11.0 5376.0 
302.0078258106861 5.865384615384616 25.0 232.0 196.0 11.0 5411.0 
304.0078258106861 5.865384615384616 26.0 233.0 196.0 11.0 5411.0 
306.0078258106861 5.865384615384616 27.0 234.0 196.0 11.0 5411.0 
308.0078258106861 5.923076923076924 27.0 236.0 198.0 11.0 5459.0 
310.0078258106861 5.923076923076924 30.0 239.0 198.0 11.0 5459.0 
312.0078258106861 5.932692307692308 31.0 240.0 199.0 11.0 5473.0 
314.0078258106861 6.047169811320754 31.0 243.0 202.0 12.0 5665.0 
316.0078258106861 6.2264150943396235 28.0 243.0 203.0 13.0 5692.0 
318.0078258106861 6.254716981132074 26.0 244.0 204.0 13.0 5710.0 
320.0078258106861 6.254716981132074 28.0 245.0 204.0 13.0 5710.0 
322.0078258106861 6.264150943396227 30.0 247.0 205.0 13.0 5714.0 
324.0078258106861 6.224299065420562 30.0 249.0 206.0 13.0 5741.0 
326.0078258106861 6.2897196261682256 30.0 251.0 209.0 13.0 5796.0 
328.0078258106861 6.2407407407407405 29.0 252.0 210.0 13.0 5809.0 
330.0078258106861 6.2407407407407405 30.0 253.0 210.0 13.0 5809.0 
332.0078258106861 6.453703703703703 28.0 254.0 213.0 14.0 5990.0 
334.0078258106861 6.453703703703703 28.0 256.0 213.0 14.0 5990.0 
336.0078258106861 6.907407407407407 27.0 257.0 216.0 16.0 6272.0 
338.0078258106861 6.945454545454545 25.0 258.0 217.0 17.0 6298.0 
340.0078258106861 7.118181818181819 24.0 260.0 217.0 18.0 6400.0 
342.0078258106861 7.172727272727274 25.0 260.0 218.0 18.0 6504.0 
344.0078258106861 7.209090909090908 24.0 261.0 220.0 18.0 6544.0 
346.0078258106861 7.209090909090908 26.0 264.0 220.0 18.0 6544.0 
348.0078258106861 7.342342342342343 26.0 267.0 222.0 19.0 6674.0 
350.0078258106861 7.657657657657657 26.0 268.0 222.0 21.0 6781.0 
352.0078258106861 7.657657657657657 27.0 270.0 222.0 21.0 6781.0 
354.0078258106861 7.7027027027027035 27.0 273.0 223.0 21.0 6813.0 
356.0078258106861 7.7027027027027035 29.0 274.0 223.0 21.0 6813.0 
358.0078258106861 7.738738738738738 31.0 275.0 225.0 21.0 6848.0 
360.0078258106861 7.765765765765766 29.0 276.0 226.0 21.0 6932.0 
362.0078258106861 7.774774774774774 30.0 277.0 227.0 21.0 7023.0 
364.0078258106861 7.792792792792793 30.0 281.0 228.0 21.0 7041.0 
366.0015406735487 7.810810810810812 32.0 282.0 229.0 21.0 7060.0 
368.0078258106861 7.928571428571428 31.0 283.0 231.0 22.0 7190.0 
370.0078258106861 8.276785714285714 27.0 283.0 233.0 24.0 7383.0 
372.0078258106861 8.371681415929203 26.0 284.0 234.0 25.0 7413.0 
374.0078258106861 8.371681415929203 27.0 287.0 234.0 25.0 7413.0 
376.0078258106861 8.415929203539822 28.0 288.0 235.0 25.0 7493.0 
378.0078258106861 8.442477876106194 29.0 289.0 236.0 25.0 7531.0 
380.0078258106861 8.63157894736842 28.0 291.0 238.0 26.0 7668.0 
382.0078258106861 8.649122807017543 27.0 291.0 239.0 26.0 7696.0 
384.0078258106861 8.833333333333332 26.0 292.0 240.0 27.0 7820.0 
386.0078258106861 8.877192982456142 24.0 293.0 241.0 27.0 7856.0 
388.0078258106861 8.877192982456142 26.0 294.0 241.0 27.0 7856.0 
390.0078258106861 8.877192982456142 26.0 295.0 241.0 27.0 7856.0 
392.0078258106861 8.877192982456142 27.0 296.0 241.0 27.0 7856.0 
394.0078258106861 8.956140350877194 26.0 296.0 244.0 27.0 7929.0 
396.0078258106861 8.973684210526315 29.0 301.0 245.0 27.0 7952.0 
398.0078258106861 9.008771929824562 28.0 302.0 247.0 27.0 8036.0 
400.0078258106861 9.052631578947368 28.0 303.0 249.0 27.0 8099.0 
402.0078258106861 9.052631578947368 27.0 304.0 249.0 27.0 8099.0 
404.0078258106861 9.07017543859649 28.0 304.0 250.0 27.0 8116.0 
406.0078258106861 9.096491228070175 26.0 304.0 251.0 27.0 8157.0 
408.0078258106861 9.122807017543858 26.0 306.0 252.0 27.0 8190.0 
410.0078258106861 9.298245614035087 28.0 307.0 252.0 28.0 8291.0 
412.0078258106861 9.243478260869566 27.0 308.0 254.0 28.0 8383.0 
414.0078258106861 9.26086956521739 25.0 309.0 256.0 28.0 8418.0 
416.0078258106861 9.26086956521739 26.0 310.0 256.0 28.0 8418.0 
418.0078258106861 9.26086956521739 26.0 312.0 256.0 28.0 8418.0 
420.0078258106861 9.339130434782607 31.0 317.0 258.0 28.0 8491.0 
422.0078258106861 9.652173913043478 30.0 318.0 259.0 30.0 8614.0 
424.0078258106861 9.808695652173913 30.0 321.0 259.0 31.0 8715.0 
426.0078258106861 9.808695652173913 32.0 322.0 259.0 31.0 8715.0 
428.0078258106861 9.973913043478259 32.0 322.0 259.0 32.0 8816.0 
430.0078258106861 9.973913043478259 33.0 325.0 259.0 32.0 8816.0 
432.0078258106861 10.034782608695654 35.0 327.0 260.0 32.0 8852.0 
434.0078258106861 10.052173913043479 36.0 329.0 261.0 32.0 8871.0 
436.0078258106861 10.052173913043479 36.0 330.0 261.0 32.0 8871.0 
438.0078258106861 10.060869565217393 37.0 330.0 262.0 32.0 8889.0 
440.0078258106861 10.121739130434783 36.0 332.0 265.0 32.0 8957.0 
442.0078258106861 10.121739130434783 35.0 332.0 265.0 32.0 8957.0 
444.0078258106861 10.051724137931036 35.0 333.0 266.0 32.0 8976.0 
446.0078258106861 10.086206896551724 36.0 336.0 267.0 32.0 9005.0 
448.0078258106861 10.008547008547007 36.0 336.0 268.0 32.0 9018.0 
450.0078258106861 10.41025641025641 32.0 338.0 272.0 34.0 9347.0 
452.0078258106861 10.572649572649572 31.0 340.0 273.0 35.0 9367.0 
454.0032899426536 10.915254237288135 32.0 343.0 273.0 38.0 9470.0 
456.0078258106861 11.059322033898306 35.0 348.0 273.0 39.0 9496.0 
458.0078258106861 11.101694915254237 34.0 349.0 276.0 39.0 9565.0 
460.0078258106861 11.11864406779661 34.0 350.0 277.0 39.0 9626.0 
462.0078258106861 11.152542372881356 34.0 352.0 279.0 39.0 9675.0 
464.0078258106861 11.152542372881356 35.0 353.0 279.0 39.0 9675.0 
466.0078258106861 11.152542372881356 36.0 354.0 279.0 39.0 9675.0 
468.0078258106861 11.305084745762711 37.0 355.0 280.0 40.0 9790.0 
470.0078258106861 11.449152542372882 36.0 356.0 280.0 41.0 9892.0 
472.0078258106861 11.50420168067227 34.0 358.0 281.0 42.0 9997.0 
474.0078258106861 11.591666666666665 34.0 361.0 284.0 43.0 10185.0 
476.0078258106861 11.766666666666667 33.0 362.0 285.0 44.0 10307.0 
478.0078258106861 11.933333333333332 33.0 363.0 286.0 45.0 10349.0 
480.0078258106861 11.966666666666665 31.0 365.0 289.0 45.0 10406.0 
482.0078258106861 12.183333333333332 31.0 366.0 292.0 46.0 10566.0 
484.0078258106861 12.183333333333332 30.0 368.0 292.0 46.0 10566.0 
486.0078258106861 12.325 32.0 372.0 292.0 47.0 10668.0 
488.0078258106861 12.333333333333332 35.0 374.0 293.0 47.0 10682.0 
490.0078258106861 12.4 34.0 376.0 295.0 47.0 10783.0 
492.0078258106861 12.4 36.0 378.0 295.0 47.0 10783.0 
494.0078258106861 12.458333333333332 36.0 379.0 298.0 47.0 10835.0 
496.0078258106861 12.508333333333333 32.0 379.0 300.0 47.0 10906.0 
498.0078258106861 12.834710743801654 31.0 380.0 301.0 50.0 11165.0 
500.0078258106861 12.884297520661157 29.0 380.0 303.0 50.0 11206.0 
502.0078258106861 12.884297520661157 30.0 383.0 303.0 50.0 11206.0 
504.0078258106861 12.917355371900827 30.0 383.0 305.0 50.0 11240.0 
506.0078258106861 12.983471074380166 25.0 383.0 308.0 50.0 11300.0 
508.0078258106861 13.0 26.0 384.0 309.0 50.0 11325.0 
510.0078258106861 13.049180327868852 26.0 387.0 311.0 51.0 11467.0 
512.0078258106861 13.049180327868852 26.0 388.0 311.0 51.0 11467.0 
514.0078258106861 13.049180327868852 28.0 390.0 311.0 51.0 11467.0 
516.0078258106861 13.09016393442623 28.0 390.0 313.0 51.0 11515.0 
518.0078258106861 13.172131147540984 28.0 393.0 315.0 51.0 11569.0 
520.0078258106861 13.311475409836067 27.0 393.0 315.0 52.0 11671.0 
522.0078258106861 13.598360655737704 25.0 393.0 316.0 54.0 11824.0 
524.0078258106861 13.885245901639346 24.0 396.0 317.0 56.0 11919.0 
526.0078258106861 14.081967213114755 22.0 396.0 319.0 57.0 12094.0 
528.0078258106861 14.081967213114755 21.0 397.0 319.0 57.0 12094.0 
530.0078258106861 14.098360655737704 21.0 399.0 320.0 57.0 12113.0 
532.0078258106861 14.098360655737704 22.0 399.0 320.0 57.0 12113.0 
534.0078258106861 14.016129032258064 22.0 400.0 321.0 58.0 12229.0 
536.0078258106861 14.024193548387096 22.0 401.0 322.0 58.0 12242.0 
538.0078258106861 14.040322580645162 20.0 401.0 323.0 58.0 12261.0 
540.0078258106861 14.17741935483871 20.0 402.0 323.0 59.0 12270.0 
542.0078258106861 14.17741935483871 21.0 404.0 323.0 59.0 12270.0 
544.0078258106861 14.233870967741936 20.0 405.0 326.0 59.0 12404.0 
546.0078258106861 14.233870967741936 21.0 406.0 326.0 59.0 12404.0 
548.0078258106861 14.266129032258064 20.0 407.0 327.0 59.0 12515.0 
550.0078258106861 14.403225806451612 22.0 409.0 327.0 60.0 12516.0 
552.0078258106861 14.67741935483871 20.0 409.0 327.0 62.0 12667.0 
554.0078258106861 14.67741935483871 20.0 409.0 327.0 62.0 12667.0 
556.0078258106861 14.67741935483871 20.0 409.0 327.0 62.0 12667.0 
558.0078258106861 14.838709677419354 19.0 409.0 328.0 63.0 12786.0 
560.0078258106861 14.895161290322582 19.0 411.0 329.0 63.0 12892.0 
562.0078258106861 15.21774193548387 17.0 411.0 332.0 65.0 13055.0 
564.0078258106861 15.354838709677418 14.0 411.0 332.0 66.0 13102.0 
566.0078258106861 15.354838709677418 14.0 412.0 332.0 66.0 13102.0 
568.0078258106861 15.354838709677418 14.0 412.0 332.0 66.0 13102.0 
570.0078258106861 15.362903225806454 15.0 415.0 333.0 66.0 13124.0 
572.0078258106861 15.419354838709676 16.0 415.0 335.0 66.0 13165.0 
574.0078258106861 15.419354838709676 15.0 416.0 335.0 66.0 13165.0 
576.0078258106861 15.556451612903226 14.0 416.0 335.0 67.0 13266.0 
578.0078258106861 15.556451612903226 15.0 417.0 335.0 67.0 13266.0 
580.0078258106861 15.56451612903226 16.0 418.0 336.0 67.0 13296.0 
582.0078258106861 15.56451612903226 18.0 423.0 336.0 67.0 13296.0 
584.0078258106861 15.56451612903226 20.0 423.0 336.0 67.0 13296.0 
586.0078258106861 15.588709677419354 21.0 424.0 337.0 67.0 13380.0 
588.0078258106861 15.588709677419354 20.0 424.0 337.0 67.0 13380.0 
590.0078258106861 15.612903225806454 20.0 426.0 339.0 67.0 13419.0 
592.0078258106861 15.620967741935482 19.0 427.0 340.0 67.0 13436.0 
594.0078258106861 15.653225806451612 19.0 428.0 341.0 67.0 13495.0 
596.0078258106861 15.669354838709676 20.0 429.0 342.0 67.0 13508.0 
598.0078258106861 15.67741935483871 20.0 430.0 343.0 67.0 13524.0 
600.0078258106861 15.67741935483871 20.0 430.0 343.0 67.0 13524.0 
602.0078258106861 15.758064516129034 21.0 432.0 345.0 67.0 13584.0 
604.0078258106861 15.90322580645161 20.0 432.0 346.0 68.0 13699.0 
606.0078258106861 15.919354838709676 18.0 433.0 347.0 68.0 13714.0 
608.0078258106861 15.919354838709676 18.0 434.0 347.0 68.0 13714.0 
610.0078258106861 15.951612903225804 19.0 436.0 348.0 68.0 13741.0 
612.0016240853267 16.282258064516128 21.0 442.0 353.0 70.0 13937.0 
614.0078258106861 16.32258064516129 19.0 442.0 354.0 70.0 14043.0 
616.0078258106861 16.32258064516129 19.0 443.0 354.0 70.0 14043.0 
618.0078258106861 16.32258064516129 20.0 444.0 354.0 70.0 14043.0 
620.0078258106861 16.338709677419352 19.0 445.0 356.0 70.0 14137.0 
622.0078258106861 16.354838709677416 20.0 446.0 357.0 70.0 14154.0 
624.0078258106861 16.37096774193548 20.0 448.0 358.0 70.0 14168.0 
626.0078258106861 16.540322580645164 20.0 450.0 359.0 71.0 14282.0 
628.0078258106861 16.951612903225808 18.0 451.0 359.0 74.0 14353.0 
630.0078258106861 16.991935483870964 19.0 454.0 362.0 74.0 14484.0 
632.0078258106861 17.040322580645164 17.0 454.0 364.0 74.0 14523.0 
634.0078258106861 17.040322580645164 16.0 454.0 364.0 74.0 14523.0 
636.0078258106861 17.040322580645164 16.0 454.0 364.0 74.0 14523.0 
638.0078258106861 17.048387096774192 18.0 457.0 365.0 74.0 14536.0 
640.0078258106861 17.096774193548388 17.0 457.0 367.0 74.0 14604.0 
642.0078258106861 17.145161290322584 17.0 459.0 369.0 74.0 14689.0 
644.0078258106861 17.161290322580648 16.0 459.0 371.0 74.0 14725.0 
646.0078258106861 17.169354838709676 15.0 460.0 372.0 74.0 14741.0 
648.0078258106861 17.201612903225808 13.0 460.0 374.0 74.0 14808.0 
650.0078258106861 17.201612903225808 12.0 462.0 374.0 74.0 14808.0 
652.0078258106861 17.201612903225808 14.0 463.0 374.0 74.0 14808.0 
654.0078258106861 17.201612903225808 15.0 466.0 374.0 74.0 14808.0 
656.0078258106861 17.233870967741936 19.0 467.0 375.0 74.0 14827.0 
658.0078258106861 17.274193548387096 21.0 471.0 376.0 74.0 14862.0 
660.0078258106861 17.282258064516128 24.0 474.0 377.0 74.0 14880.0 
662.0078258106861 17.31451612903226 24.0 476.0 379.0 74.0 14896.0 
664.0078258106861 17.330645161290324 23.0 477.0 380.0 74.0 14921.0 
666.0078258106861 17.338709677419352 23.0 477.0 381.0 74.0 14935.0 
668.0078258106861 17.338709677419352 22.0 477.0 381.0 74.0 14935.0 
670.0078258106861 17.338709677419352 22.0 477.0 381.0 74.0 14935.0 
672.0078258106861 17.37903225806452 21.0 477.0 383.0 74.0 14978.0 
674.0078258106861 17.411290322580648 20.0 478.0 386.0 74.0 15016.0 
676.0078258106861 17.443548387096776 18.0 478.0 388.0 74.0 15064.0 
678.0078258106861 17.451612903225808 16.0 480.0 389.0 74.0 15077.0 
680.0078258106861 17.451612903225808 18.0 481.0 389.0 74.0 15077.0 
682.0078258106861 17.451612903225808 19.0 483.0 389.0 74.0 15077.0 
684.0078258106861 17.604838709677416 21.0 487.0 390.0 75.0 15205.0 
686.0078258106861 17.741935483870964 22.0 488.0 390.0 76.0 15207.0 
688.0078258106861 17.741935483870964 23.0 490.0 390.0 76.0 15207.0 
690.0078258106861 17.790322580645164 24.0 491.0 391.0 76.0 15236.0 
692.0078258106861 17.790322580645164 25.0 492.0 391.0 76.0 15236.0 
694.0078258106861 17.798387096774192 25.0 494.0 392.0 76.0 15249.0 
696.0078258106861 17.806451612903224 25.0 494.0 393.0 76.0 15263.0 
698.0078258106861 17.854838709677416 25.0 494.0 396.0 76.0 15317.0 
700.0078258106861 17.87096774193548 23.0 496.0 397.0 76.0 15359.0 
702.0078258106861 17.895161290322584 25.0 499.0 398.0 76.0 15378.0 
704.0078258106861 18.032258064516128 25.0 499.0 398.0 77.0 15480.0 
706.0078258106861 18.306451612903224 22.0 499.0 398.0 79.0 15568.0 
708.0078258106861 18.306451612903224 24.0 501.0 398.0 79.0 15568.0 
710.0078258106861 18.354838709677416 22.0 501.0 401.0 79.0 15660.0 
712.0078258106861 18.272000000000002 21.0 502.0 403.0 79.0 15708.0 
714.0078258106861 18.28 22.0 506.0 404.0 79.0 15722.0 
716.0078258106861 18.28 25.0 509.0 404.0 79.0 15722.0 
718.0078258106861 18.288000000000004 26.0 510.0 405.0 79.0 15745.0 
720.0078258106861 18.296000000000003 27.0 511.0 406.0 79.0 15764.0 
722.0078258106861 18.304 25.0 512.0 407.0 79.0 15803.0 
724.0078258106861 18.304 28.0 514.0 407.0 79.0 15803.0 
726.0078258106861 18.312 27.0 514.0 408.0 79.0 15816.0 
728.0078258106861 18.503999999999998 27.0 516.0 410.0 80.0 15958.0 
730.0078258106861 18.664 26.0 516.0 410.0 81.0 16038.0 
732.0078258106861 18.824 24.0 517.0 411.0 82.0 16156.0 
734.0078258106861 18.887999999999998 24.0 519.0 413.0 82.0 16210.0 
736.0078258106861 18.928000000000004 24.0 519.0 415.0 82.0 16265.0 
738.0078258106861 19.112000000000002 20.0 519.0 417.0 83.0 16442.0 
740.0078258106861 19.247999999999998 19.0 520.0 417.0 84.0 16487.0 
742.0078258106861 19.247999999999998 20.0 521.0 417.0 84.0 16487.0 
744.0078258106861 19.247999999999998 23.0 524.0 417.0 84.0 16487.0 
746.0078258106861 19.272000000000002 26.0 527.0 418.0 84.0 16510.0 
748.0078258106861 19.28 24.0 527.0 419.0 84.0 16530.0 
750.0078258106861 19.28 24.0 527.0 419.0 84.0 16530.0 
752.0078258106861 19.312 24.0 527.0 421.0 84.0 16635.0 
754.0078258106861 19.312 24.0 531.0 421.0 84.0 16635.0 
756.0078258106861 19.503999999999998 26.0 532.0 422.0 85.0 16770.0 
758.0078258106861 19.64 25.0 533.0 422.0 86.0 16810.0 
760.0078258106861 19.672000000000004 26.0 535.0 423.0 86.0 16850.0 
762.0078258106861 19.824 29.0 538.0 424.0 87.0 17056.0 
764.0078258106861 20.095999999999997 29.0 541.0 424.0 89.0 17104.0 
766.0078258106861 20.232 30.0 543.0 424.0 90.0 17136.0 
768.0078258106861 20.272000000000002 29.0 544.0 425.0 90.0 17172.0 
770.0078258106861 20.28 30.0 547.0 426.0 90.0 17188.0 
772.0078258106861 20.28 31.0 547.0 426.0 90.0 17188.0 
774.0078258106861 20.28 31.0 547.0 426.0 90.0 17188.0 
776.0078258106861 20.4 29.0 547.0 430.0 90.0 17333.0 
778.0078258106861 20.4 29.0 549.0 430.0 90.0 17333.0 
780.0078258106861 20.432 28.0 549.0 431.0 90.0 17359.0 
782.0078258106861 20.44 28.0 549.0 432.0 90.0 17378.0 
784.0078258106861 20.479999999999997 26.0 550.0 434.0 90.0 17415.0 
786.0078258106861 20.528000000000002 27.0 551.0 435.0 90.0 17473.0 
788.0078258106861 20.528000000000002 26.0 552.0 435.0 90.0 17473.0 
790.0078258106861 20.664 27.0 554.0 435.0 91.0 17575.0 
792.0078258106861 20.816 28.0 555.0 436.0 92.0 17614.0 
794.0078258106861 20.832 29.0 558.0 437.0 92.0 17638.0 
796.0078258106861 20.839999999999996 31.0 560.0 438.0 92.0 17664.0 
798.0078258106861 20.848 32.0 563.0 439.0 92.0 17677.0 
800.0078258106861 20.848 32.0 564.0 439.0 92.0 17677.0 
802.0078258106861 20.912 33.0 565.0 442.0 92.0 17777.0 
804.0078258106861 20.935999999999996 31.0 566.0 443.0 92.0 17820.0 
806.0078258106861 20.944 31.0 566.0 444.0 92.0 17838.0 
808.0078258106861 20.976 30.0 568.0 445.0 92.0 17876.0 
810.0078258106861 21.008000000000003 31.0 568.0 447.0 92.0 17913.0 
812.0078258106861 21.032000000000004 28.0 568.0 448.0 92.0 17933.0 
814.0078258106861 21.184 28.0 568.0 450.0 93.0 18063.0 
816.0078258106861 21.32 25.0 568.0 450.0 94.0 18138.0 
818.0078258106861 21.32 24.0 568.0 450.0 94.0 18138.0 
820.0078258106861 21.520000000000003 26.0 571.0 452.0 95.0 18201.0 
822.0078258106861 21.592 26.0 573.0 453.0 95.0 18278.0 
824.0078258106861 21.592 26.0 575.0 453.0 95.0 18278.0 
826.0078258106861 21.624000000000002 27.0 576.0 454.0 95.0 18304.0 
828.0078258106861 21.631999999999998 28.0 580.0 455.0 95.0 18323.0 
830.0078258106861 21.631999999999998 30.0 580.0 455.0 95.0 18323.0 
832.0078258106861 21.631999999999998 32.0 582.0 455.0 95.0 18323.0 
834.0078258106861 21.672 35.0 585.0 456.0 95.0 18360.0 
836.0078258106861 21.816 33.0 585.0 457.0 96.0 18475.0 
838.0078258106861 21.967999999999996 31.0 586.0 458.0 97.0 18568.0 
840.0078258106861 21.983999999999998 32.0 587.0 459.0 97.0 18587.0 
842.0078258106861 21.983999999999998 32.0 589.0 459.0 97.0 18587.0 
844.0078258106861 22.191999999999997 33.0 589.0 460.0 98.0 18739.0 
846.0078258106861 22.624000000000002 30.0 591.0 460.0 101.0 18967.0 
848.0078258106861 23.032000000000004 30.0 593.0 460.0 104.0 19191.0 
850.0078258106861 23.032000000000004 31.0 596.0 460.0 104.0 19191.0 
852.0078258106861 23.040000000000003 32.0 597.0 461.0 104.0 19204.0 
854.0078258106861 23.088 31.0 597.0 462.0 104.0 19262.0 
856.0078258106861 23.416 32.0 599.0 464.0 106.0 19507.0 
858.0078258106861 23.416 30.0 601.0 464.0 106.0 19507.0 
860.0078258106861 23.688 34.0 604.0 464.0 108.0 19609.0 
862.0078258106861 23.959999999999997 33.0 605.0 464.0 110.0 19667.0 
864.0078258106861 24.016000000000002 30.0 606.0 467.0 110.0 19739.0 
866.0078258106861 24.048 30.0 607.0 468.0 110.0 19763.0 
868.0078258106861 24.191999999999997 27.0 607.0 469.0 111.0 19885.0 
870.0078258106861 24.191999999999997 27.0 607.0 469.0 111.0 19885.0 
872.0078258106861 24.215999999999998 27.0 607.0 471.0 111.0 19926.0 
874.0078258106861 24.240000000000002 25.0 608.0 473.0 111.0 19957.0 
876.0078258106861 24.28 23.0 608.0 474.0 111.0 20004.0 
878.0078258106861 24.28 24.0 609.0 474.0 111.0 20004.0 
880.0078258106861 24.447999999999997 23.0 609.0 475.0 112.0 20134.0 
882.0078258106861 24.607999999999997 21.0 610.0 476.0 113.0 20181.0 
884.0078258106861 24.624000000000002 22.0 612.0 477.0 113.0 20245.0 
886.0078258106861 24.624000000000002 23.0 614.0 477.0 113.0 20245.0 
888.0078258106861 24.64 25.0 615.0 478.0 113.0 20284.0 
890.0078258106861 24.64 25.0 616.0 478.0 113.0 20284.0 
892.0078258106861 24.792 24.0 616.0 479.0 114.0 20450.0 
894.0078258106861 24.792 23.0 616.0 479.0 114.0 20450.0 
896.0078258106861 24.952 24.0 618.0 479.0 115.0 20551.0 
898.0078258106861 25.008000000000003 25.0 619.0 481.0 115.0 20613.0 
900.0078258106861 25.008000000000003 24.0 620.0 481.0 115.0 20613.0 
#####################################################################
# End of data export. Simulation finished at: 2020-01-16T22:35+0000 #
#####################################################################
