#####################################################################
# Alchemist log file - simulation started at: 2020-02-26T18:04+0000 #
#####################################################################
# seed = 93.0, taskFrequency = 0.0075, cloudcost = 6.0, algorithm = true
#
# The columns have the following meaning: 
# time taskHops[Mean] hasTask[Sum] tasks[Sum] completedTasks[Sum] giveupTasks[Sum] taskLatency[Sum] 
0.0 NaN 0.0 0.0 0.0 0.0 0.0 
2.0034315406546312 NaN 2.0 2.0 0.0 0.0 0.0 
4.003431540654631 NaN 4.0 4.0 0.0 0.0 0.0 
6.003431540654631 NaN 5.0 5.0 0.0 0.0 0.0 
8.003431540654631 NaN 6.0 6.0 0.0 0.0 0.0 
10.003431540654631 NaN 10.0 10.0 0.0 0.0 0.0 
12.003431540654631 NaN 12.0 13.0 0.0 0.0 0.0 
14.003431540654631 NaN 14.0 15.0 0.0 0.0 0.0 
16.00343154065463 1.3333333333333333 16.0 18.0 3.0 0.0 39.0 
18.00343154065463 1.6 14.0 18.0 5.0 0.0 66.0 
20.00343154065463 1.6 13.0 18.0 5.0 0.0 66.0 
22.00343154065463 1.5 14.0 22.0 6.0 0.0 79.0 
24.00343154065463 1.4444444444444444 14.0 23.0 9.0 0.0 119.0 
26.00343154065463 1.4444444444444444 14.0 23.0 9.0 0.0 119.0 
28.00343154065463 1.4545454545454546 13.0 24.0 11.0 0.0 148.0 
30.00343154065463 1.4615384615384615 14.0 27.0 13.0 0.0 175.0 
32.00343154065463 1.75 15.0 30.0 16.0 0.0 240.0 
34.00343154065463 1.7058823529411764 15.0 31.0 17.0 0.0 253.0 
36.00343154065463 1.7222222222222223 14.0 31.0 18.0 0.0 267.0 
38.00343154065463 1.7 13.0 32.0 20.0 0.0 304.0 
40.00343154065463 1.7142857142857142 12.0 32.0 21.0 0.0 329.0 
42.00343154065463 1.7826086956521738 11.0 33.0 23.0 0.0 362.0 
44.00343154065463 1.7826086956521738 10.0 34.0 23.0 0.0 362.0 
46.00343154065463 1.75 13.0 37.0 24.0 0.0 375.0 
48.00343154065463 1.72 12.0 37.0 25.0 0.0 388.0 
50.00343154065463 1.75 12.0 38.0 28.0 0.0 448.0 
52.00343154065463 1.8666666666666667 9.0 41.0 30.0 0.0 492.0 
54.00343154065463 1.8666666666666667 11.0 42.0 30.0 0.0 492.0 
56.00343154065463 1.8387096774193548 12.0 43.0 31.0 0.0 506.0 
58.00343154065463 1.8484848484848484 11.0 43.0 33.0 0.0 559.0 
60.00343154065463 1.8 8.0 44.0 35.0 0.0 586.0 
62.00343154065463 1.8 11.0 46.0 35.0 0.0 586.0 
64.00343154065463 1.864864864864865 10.0 46.0 38.0 0.0 638.0 
66.00343154065463 1.9189189189189189 9.0 47.0 39.0 0.0 652.0 
68.00343154065463 1.9189189189189189 10.0 49.0 39.0 0.0 652.0 
70.00343154065463 1.9189189189189189 12.0 51.0 39.0 0.0 652.0 
72.00343154065463 1.9473684210526316 14.0 53.0 40.0 0.0 672.0 
74.00343154065463 2.0256410256410255 15.0 56.0 42.0 0.0 705.0 
76.00343154065463 2.1 14.0 56.0 43.0 0.0 727.0 
78.00343154065463 2.1 13.0 56.0 43.0 0.0 727.0 
80.00343154065463 2.1463414634146343 13.0 60.0 45.0 0.0 767.0 
82.00343154065463 2.2325581395348837 17.0 65.0 48.0 0.0 801.0 
84.00343154065463 2.255813953488372 17.0 66.0 49.0 0.0 814.0 
86.00343154065463 2.3255813953488373 18.0 68.0 50.0 0.0 827.0 
88.00343154065463 2.3255813953488373 21.0 71.0 50.0 0.0 827.0 
90.00343154065463 2.3255813953488373 21.0 71.0 50.0 0.0 827.0 
92.00343154065463 2.369565217391304 22.0 74.0 53.0 0.0 901.0 
94.00343154065463 2.4565217391304346 20.0 75.0 54.0 0.0 921.0 
96.00343154065463 2.425531914893617 21.0 76.0 55.0 0.0 934.0 
98.00343154065463 2.4468085106382977 20.0 78.0 56.0 0.0 951.0 
100.00343154065463 2.458333333333333 21.0 79.0 58.0 0.0 979.0 
102.00343154065463 2.5306122448979593 22.0 81.0 60.0 0.0 1017.0 
104.00343154065463 2.5294117647058822 21.0 81.0 62.0 0.0 1076.0 
106.00343154065463 2.5294117647058822 19.0 82.0 62.0 0.0 1076.0 
108.00343154065463 2.5294117647058822 21.0 83.0 62.0 0.0 1076.0 
110.00343154065463 2.5283018867924527 19.0 83.0 65.0 0.0 1140.0 
112.00343154065463 2.5283018867924527 19.0 85.0 65.0 0.0 1140.0 
114.00343154065463 2.537037037037037 20.0 86.0 66.0 0.0 1168.0 
116.00343154065463 2.5555555555555554 20.0 87.0 67.0 0.0 1184.0 
118.00343154065463 2.648148148148148 21.0 88.0 68.0 0.0 1214.0 
120.00343154065463 2.648148148148148 21.0 90.0 68.0 0.0 1214.0 
122.00343154065463 2.6607142857142856 22.0 91.0 70.0 0.0 1285.0 
124.00343154065463 2.6607142857142856 22.0 92.0 70.0 0.0 1285.0 
126.00024942485592 2.7142857142857144 22.0 95.0 71.0 0.0 1303.0 
128.00343154065462 2.719298245614035 24.0 97.0 72.0 0.0 1328.0 
130.00343154065462 2.719298245614035 26.0 98.0 72.0 0.0 1328.0 
132.00343154065462 2.736842105263158 27.0 100.0 73.0 0.0 1341.0 
134.00343154065462 2.736842105263158 29.0 102.0 73.0 0.0 1341.0 
136.00343154065462 2.8 28.0 103.0 77.0 0.0 1481.0 
138.00343154065462 2.8 27.0 105.0 77.0 0.0 1481.0 
140.00343154065462 2.790322580645161 29.0 106.0 79.0 0.0 1514.0 
142.00343154065462 2.870967741935484 26.0 106.0 80.0 0.0 1542.0 
144.00343154065462 2.870967741935484 28.0 108.0 80.0 0.0 1542.0 
146.00343154065462 2.903225806451613 29.0 109.0 81.0 0.0 1561.0 
148.00343154065462 2.984375 29.0 112.0 83.0 0.0 1641.0 
150.00343154065462 2.984375 33.0 117.0 83.0 0.0 1641.0 
152.00343154065462 3.046153846153846 33.0 117.0 85.0 0.0 1688.0 
154.00343154065462 3.046153846153846 34.0 119.0 85.0 0.0 1688.0 
156.00343154065462 3.0303030303030303 34.0 119.0 87.0 0.0 1722.0 
158.00343154065462 3.0757575757575757 32.0 120.0 88.0 0.0 1747.0 
160.00343154065462 3.0294117647058822 31.0 121.0 90.0 0.0 1796.0 
162.00343154065462 3.028985507246377 32.0 122.0 92.0 0.0 1825.0 
164.00343154065462 3.1142857142857148 32.0 124.0 94.0 0.0 1926.0 
166.00343154065462 3.1142857142857148 34.0 129.0 94.0 0.0 1926.0 
168.00343154065462 3.1805555555555554 34.0 129.0 97.0 0.0 2006.0 
170.00343154065462 3.208333333333333 34.0 132.0 98.0 0.0 2052.0 
172.00343154065462 3.205479452054795 35.0 134.0 100.0 0.0 2095.0 
174.00343154065462 3.2328767123287667 34.0 135.0 101.0 0.0 2114.0 
176.00343154065462 3.2328767123287667 34.0 135.0 101.0 0.0 2114.0 
178.00343154065462 3.2465753424657535 35.0 136.0 102.0 0.0 2127.0 
180.00343154065462 3.256756756756757 35.0 137.0 103.0 0.0 2195.0 
182.00343154065462 3.253333333333333 34.0 137.0 105.0 0.0 2230.0 
184.00343154065462 3.3797468354430378 27.0 137.0 108.0 2.0 2501.0 
186.00343154065462 3.3625 27.0 138.0 110.0 2.0 2536.0 
188.00343154065462 3.3333333333333335 25.0 138.0 111.0 2.0 2549.0 
190.00343154065462 3.4047619047619047 24.0 140.0 113.0 3.0 2770.0 
192.00343154065462 3.4285714285714284 27.0 143.0 114.0 3.0 2783.0 
194.00343154065462 3.4285714285714284 26.0 143.0 114.0 3.0 2783.0 
196.00343154065462 3.6 26.0 144.0 115.0 5.0 3031.0 
198.00343154065462 3.7126436781609193 24.0 147.0 116.0 7.0 3088.0 
200.00343154065462 3.724137931034483 25.0 149.0 117.0 7.0 3102.0 
202.00343154065462 3.704545454545454 25.0 150.0 119.0 7.0 3145.0 
204.00343154065462 3.7840909090909087 25.0 152.0 120.0 8.0 3259.0 
206.00343154065462 3.7840909090909087 25.0 153.0 120.0 8.0 3259.0 
208.00343154065462 3.7840909090909087 27.0 155.0 120.0 8.0 3259.0 
210.00343154065462 3.764044943820225 28.0 158.0 122.0 8.0 3399.0 
212.00343154065462 3.7752808988764044 27.0 158.0 123.0 8.0 3412.0 
214.00343154065462 3.822222222222222 28.0 161.0 125.0 9.0 3548.0 
216.00343154065462 3.835164835164835 26.0 161.0 128.0 9.0 3596.0 
218.00343154065462 3.89010989010989 23.0 164.0 131.0 9.0 3649.0 
220.00343154065462 3.9347826086956523 23.0 165.0 132.0 9.0 3702.0 
222.00343154065462 3.9247311827956985 23.0 165.0 134.0 9.0 3739.0 
224.00343154065462 3.956989247311828 24.0 167.0 136.0 9.0 3772.0 
226.00343154065462 3.9892473118279574 22.0 168.0 137.0 9.0 3864.0 
228.00343154065462 4.042553191489362 21.0 169.0 138.0 10.0 4043.0 
230.00343154065462 4.042553191489362 21.0 169.0 138.0 10.0 4043.0 
232.00343154065462 4.042553191489362 21.0 169.0 138.0 10.0 4043.0 
234.00343154065462 4.095744680851064 22.0 171.0 140.0 10.0 4079.0 
236.00343154065462 4.170212765957446 19.0 171.0 142.0 10.0 4152.0 
238.00343154065462 4.212765957446808 19.0 173.0 144.0 10.0 4191.0 
240.00343154065462 4.210526315789474 20.0 174.0 145.0 10.0 4217.0 
242.00343154065462 4.210526315789474 19.0 175.0 145.0 10.0 4217.0 
244.00343154065462 4.210526315789474 22.0 178.0 145.0 10.0 4217.0 
246.00343154065462 4.26530612244898 22.0 179.0 147.0 11.0 4423.0 
248.00343154065462 4.353535353535354 18.0 179.0 148.0 13.0 4542.0 
250.00343154065462 4.353535353535354 18.0 179.0 148.0 13.0 4542.0 
252.00343154065462 4.405940594059406 18.0 182.0 150.0 15.0 4693.0 
254.00343154065462 4.405940594059406 17.0 183.0 150.0 15.0 4693.0 
256.0034315406546 4.46078431372549 17.0 183.0 152.0 16.0 4776.0 
258.0034315406546 4.53921568627451 15.0 184.0 154.0 16.0 4922.0 
260.0034315406546 4.53921568627451 17.0 188.0 154.0 16.0 4922.0 
262.0034315406546 4.543689320388349 19.0 189.0 157.0 16.0 4969.0 
264.0034315406546 4.601941747572815 18.0 191.0 157.0 17.0 4971.0 
266.0034315406546 4.650485436893204 17.0 192.0 159.0 17.0 5080.0 
268.0034315406546 4.615384615384616 17.0 194.0 160.0 17.0 5103.0 
270.0034315406546 4.615384615384616 18.0 195.0 160.0 17.0 5103.0 
272.0034315406546 4.692307692307692 18.0 195.0 162.0 17.0 5151.0 
274.0034315406546 4.730769230769231 15.0 197.0 163.0 17.0 5190.0 
276.0034315406546 4.730769230769231 19.0 200.0 163.0 17.0 5190.0 
278.0034315406546 4.759615384615384 19.0 201.0 165.0 17.0 5224.0 
280.0034315406546 4.778846153846154 20.0 204.0 167.0 17.0 5256.0 
282.0034315406546 4.817307692307692 20.0 205.0 168.0 17.0 5284.0 
284.0034315406546 4.826923076923077 19.0 205.0 169.0 17.0 5298.0 
286.0034315406546 4.826923076923077 19.0 205.0 169.0 17.0 5298.0 
288.0034315406546 4.826923076923077 22.0 208.0 169.0 17.0 5298.0 
290.0034315406546 4.828571428571428 20.0 208.0 172.0 17.0 5359.0 
292.0034315406546 4.895238095238096 20.0 210.0 173.0 17.0 5398.0 
294.0034315406546 4.867924528301886 22.0 212.0 174.0 17.0 5418.0 
296.0034315406546 4.877358490566038 23.0 215.0 175.0 17.0 5435.0 
298.0034315406546 4.877358490566038 23.0 215.0 175.0 17.0 5435.0 
300.0034315406546 4.877358490566038 25.0 217.0 175.0 17.0 5435.0 
302.0034315406546 4.962264150943397 25.0 219.0 177.0 17.0 5496.0 
304.0034315406546 5.009433962264151 26.0 221.0 178.0 17.0 5586.0 
306.0034315406546 4.990654205607477 26.0 222.0 179.0 17.0 5618.0 
308.0034315406546 5.009345794392523 27.0 224.0 180.0 17.0 5637.0 
310.0034315406546 5.121495327102804 28.0 226.0 180.0 19.0 5754.0 
312.0034315406546 5.14018691588785 27.0 226.0 181.0 19.0 5773.0 
314.0034315406546 5.158878504672897 28.0 228.0 182.0 19.0 5799.0 
316.0034315406546 5.16822429906542 27.0 228.0 183.0 19.0 5812.0 
318.0034315406546 5.196261682242991 25.0 228.0 185.0 19.0 5847.0 
320.0034315406546 5.196261682242991 25.0 230.0 185.0 19.0 5847.0 
322.0034315406546 5.271028037383177 24.0 231.0 188.0 19.0 5948.0 
324.0034315406546 5.271028037383177 25.0 232.0 188.0 19.0 5948.0 
326.0034315406546 5.299065420560748 24.0 233.0 190.0 19.0 5981.0 
328.0034315406546 5.299065420560748 25.0 234.0 190.0 19.0 5981.0 
330.00336349064 5.299065420560748 27.0 237.0 190.0 19.0 5981.0 
332.0034315406546 5.398148148148148 30.0 239.0 195.0 19.0 6121.0 
334.0034315406546 5.398148148148148 25.0 239.0 195.0 19.0 6121.0 
336.0034315406546 5.416666666666666 25.0 241.0 196.0 19.0 6142.0 
338.0034315406546 5.462962962962964 25.0 241.0 197.0 19.0 6178.0 
340.0034315406546 5.472222222222223 26.0 245.0 198.0 19.0 6197.0 
342.0034315406546 5.564814814814815 27.0 245.0 199.0 20.0 6361.0 
344.0034315406546 5.601851851851852 26.0 245.0 201.0 20.0 6441.0 
346.0034315406546 5.601851851851852 26.0 247.0 201.0 20.0 6441.0 
348.0034315406546 5.638888888888889 27.0 248.0 203.0 20.0 6517.0 
350.0034315406546 5.685185185185185 24.0 249.0 206.0 20.0 6568.0 
352.0034315406546 5.685185185185185 24.0 250.0 206.0 20.0 6568.0 
354.0034315406546 5.712962962962964 24.0 251.0 207.0 20.0 6596.0 
356.0034315406546 5.731481481481482 26.0 254.0 208.0 20.0 6612.0 
358.0034315406546 5.7407407407407405 27.0 255.0 209.0 20.0 6694.0 
360.0034315406546 5.75 27.0 257.0 210.0 20.0 6708.0 
362.0034315406546 5.73394495412844 27.0 259.0 212.0 20.0 6746.0 
364.0034315406546 5.770642201834862 31.0 264.0 214.0 20.0 6766.0 
366.0034315406546 5.779816513761468 29.0 265.0 215.0 20.0 6791.0 
368.0034315406546 5.798165137614679 31.0 266.0 216.0 20.0 6811.0 
370.0034315406546 5.8807339449541285 31.0 268.0 218.0 21.0 6852.0 
372.0034315406546 5.8807339449541285 30.0 269.0 218.0 21.0 6852.0 
374.0034315406546 5.908256880733945 30.0 270.0 219.0 21.0 6886.0 
376.0034315406546 5.872727272727273 29.0 270.0 220.0 21.0 6906.0 
378.0034315406546 5.918181818181818 27.0 270.0 222.0 21.0 7005.0 
380.0034315406546 6.018181818181818 27.0 271.0 222.0 22.0 7106.0 
382.0034315406546 6.045045045045045 29.0 273.0 223.0 23.0 7128.0 
384.0034315406546 6.026785714285714 27.0 275.0 225.0 23.0 7164.0 
386.0034315406546 6.044642857142857 26.0 276.0 226.0 23.0 7189.0 
388.0034315406546 6.116071428571429 26.0 276.0 228.0 24.0 7419.0 
390.0034315406546 6.223214285714286 22.0 276.0 228.0 26.0 7525.0 
392.0034315406546 6.258928571428571 23.0 277.0 230.0 26.0 7572.0 
394.0034315406546 6.2767857142857135 20.0 277.0 231.0 26.0 7609.0 
396.0034315406546 6.383928571428572 20.0 277.0 231.0 28.0 7725.0 
398.0034315406546 6.4017857142857135 17.0 278.0 232.0 28.0 7766.0 
400.0034315406546 6.389380530973451 21.0 282.0 234.0 28.0 7818.0 
402.0034315406546 6.469026548672566 20.0 283.0 234.0 29.0 7919.0 
404.0034315406546 6.469565217391304 19.0 284.0 238.0 30.0 8080.0 
406.0034315406546 6.469565217391304 17.0 286.0 238.0 30.0 8080.0 
408.0034315406546 6.469565217391304 18.0 286.0 238.0 30.0 8080.0 
410.0034315406546 6.469565217391304 18.0 286.0 238.0 30.0 8080.0 
412.0034315406546 6.48695652173913 19.0 287.0 239.0 30.0 8094.0 
414.0034315406546 6.612068965517241 18.0 289.0 241.0 33.0 8281.0 
416.0034315406546 6.629310344827585 17.0 291.0 242.0 33.0 8391.0 
418.0034315406546 6.663793103448275 16.0 294.0 245.0 33.0 8439.0 
420.0034315406546 6.663793103448275 16.0 296.0 245.0 33.0 8439.0 
422.0034315406546 6.741379310344828 18.0 297.0 245.0 34.0 8540.0 
424.0034315406546 6.75 20.0 300.0 246.0 34.0 8557.0 
426.0034315406546 6.75 21.0 301.0 246.0 34.0 8557.0 
428.0034315406546 6.801724137931034 24.0 304.0 246.0 35.0 8658.0 
430.0034315406546 7.086206896551724 19.0 308.0 248.0 40.0 8856.0 
432.0034315406546 7.1465517241379315 20.0 310.0 249.0 41.0 8871.0 
434.0034315406546 7.119658119658119 20.0 313.0 252.0 41.0 9015.0 
436.0034315406546 7.145299145299146 19.0 313.0 253.0 41.0 9035.0 
438.0034315406546 7.213675213675214 19.0 314.0 254.0 42.0 9074.0 
440.0034315406546 7.264957264957265 21.0 317.0 257.0 42.0 9148.0 
442.0034315406546 7.228813559322034 18.0 319.0 259.0 42.0 9186.0 
444.0034315406546 7.279661016949152 19.0 321.0 262.0 42.0 9225.0 
446.0034315406546 7.305084745762712 17.0 322.0 264.0 42.0 9252.0 
448.0034315406546 7.313559322033899 15.0 322.0 265.0 42.0 9269.0 
450.0034315406546 7.3559322033898304 17.0 324.0 267.0 42.0 9304.0 
452.0034315406546 7.3559322033898304 15.0 324.0 267.0 42.0 9304.0 
454.0034315406546 7.3559322033898304 17.0 326.0 267.0 42.0 9304.0 
456.0034315406546 7.389830508474576 14.0 326.0 270.0 42.0 9366.0 
458.0034315406546 7.423728813559322 12.0 326.0 272.0 42.0 9397.0 
460.0034315406546 7.423728813559322 12.0 327.0 272.0 42.0 9397.0 
462.0034315406546 7.516949152542373 11.0 327.0 274.0 43.0 9471.0 
464.0034315406546 7.516949152542373 12.0 331.0 274.0 43.0 9471.0 
466.0034315406546 7.487394957983193 15.0 333.0 277.0 43.0 9519.0 
468.0034315406546 7.487394957983193 13.0 333.0 277.0 43.0 9519.0 
470.0034315406546 7.5210084033613445 13.0 334.0 278.0 43.0 9559.0 
472.0034315406546 7.529411764705882 15.0 337.0 279.0 43.0 9582.0 
474.0034315406546 7.529411764705882 16.0 338.0 279.0 43.0 9582.0 
476.0034315406546 7.529411764705882 17.0 340.0 279.0 43.0 9582.0 
478.0034315406546 7.529411764705882 19.0 342.0 279.0 43.0 9582.0 
480.0034315406546 7.529411764705882 20.0 342.0 279.0 43.0 9582.0 
482.0034315406546 7.546218487394958 20.0 343.0 280.0 43.0 9600.0 
484.0034315406546 7.575 22.0 346.0 282.0 44.0 9648.0 
486.0034315406546 7.591666666666667 19.0 348.0 284.0 44.0 9693.0 
488.0034315406546 7.591666666666667 21.0 349.0 284.0 44.0 9693.0 
490.0034315406546 7.625 22.0 350.0 285.0 44.0 9723.0 
492.0034315406546 7.625 22.0 351.0 285.0 44.0 9723.0 
494.0034315406546 7.625 23.0 353.0 285.0 44.0 9723.0 
496.0034315406546 7.708333333333334 25.0 354.0 287.0 44.0 9806.0 
498.0034315406546 7.75 25.0 356.0 288.0 44.0 9833.0 
500.0034315406546 7.758333333333334 27.0 359.0 289.0 44.0 9847.0 
502.0034315406546 7.758333333333334 26.0 359.0 289.0 44.0 9847.0 
504.0034315406546 7.8 25.0 359.0 291.0 44.0 9896.0 
506.0034315406546 7.816666666666666 25.0 361.0 292.0 44.0 9918.0 
508.0034315406546 7.825 25.0 361.0 293.0 44.0 9931.0 
510.0034315406546 7.866666666666666 24.0 362.0 295.0 44.0 9970.0 
512.0034315406547 7.866666666666666 24.0 363.0 295.0 44.0 9970.0 
514.0034315406547 7.916666666666666 24.0 365.0 297.0 44.0 10026.0 
516.0034315406547 8.025 24.0 367.0 298.0 46.0 10103.0 
518.0034315406547 8.075 23.0 368.0 298.0 47.0 10114.0 
520.0034315406547 8.1 22.0 368.0 299.0 47.0 10133.0 
522.0034315406547 8.1 22.0 368.0 299.0 47.0 10133.0 
524.0034315406547 8.1 23.0 369.0 299.0 47.0 10133.0 
526.0034315406547 8.175 23.0 370.0 299.0 48.0 10234.0 
528.0034315406547 8.341666666666667 21.0 371.0 300.0 50.0 10404.0 
530.0034315406547 8.341666666666667 21.0 372.0 300.0 50.0 10404.0 
532.0034315406547 8.425 22.0 374.0 303.0 50.0 10487.0 
534.0034315406547 8.425 22.0 375.0 303.0 50.0 10487.0 
536.0034315406547 8.433333333333334 21.0 375.0 304.0 50.0 10504.0 
538.0034315406547 8.433333333333334 21.0 376.0 304.0 50.0 10504.0 
540.0034315406547 8.433333333333334 23.0 377.0 304.0 50.0 10504.0 
542.0034315406547 8.458333333333334 23.0 378.0 305.0 50.0 10531.0 
544.0034315406547 8.458333333333334 23.0 378.0 305.0 50.0 10531.0 
546.0034315406547 8.466666666666667 23.0 379.0 306.0 50.0 10576.0 
548.0034315406547 8.466666666666667 24.0 380.0 306.0 50.0 10576.0 
550.0034315406547 8.466666666666667 25.0 383.0 306.0 50.0 10576.0 
552.0034315406547 8.491666666666667 28.0 384.0 307.0 50.0 10595.0 
554.0034315406547 8.541666666666666 26.0 385.0 309.0 50.0 10685.0 
556.0034315406547 8.541666666666666 26.0 385.0 309.0 50.0 10685.0 
558.0034315406547 8.541666666666666 28.0 387.0 309.0 50.0 10685.0 
560.0034315406547 8.583333333333332 30.0 390.0 311.0 50.0 10720.0 
562.0034315406547 8.583333333333332 31.0 392.0 311.0 50.0 10720.0 
564.0034315406547 8.658333333333333 32.0 394.0 312.0 51.0 10902.0 
566.0034315406547 8.644628099173554 31.0 395.0 312.0 52.0 11004.0 
568.0034315406547 8.644628099173554 33.0 397.0 312.0 52.0 11004.0 
570.0034315406547 8.735537190082646 35.0 400.0 314.0 53.0 11217.0 
572.0034315406547 8.90909090909091 30.0 400.0 316.0 56.0 11299.0 
574.0034315406547 8.90909090909091 30.0 402.0 316.0 56.0 11299.0 
576.0034315406547 8.90909090909091 33.0 405.0 316.0 56.0 11299.0 
578.0034315406547 9.024793388429753 33.0 408.0 318.0 58.0 11428.0 
580.0034315406547 9.040983606557377 32.0 409.0 319.0 59.0 11493.0 
582.0034315406547 9.040983606557377 34.0 412.0 319.0 59.0 11493.0 
584.0034315406547 9.065573770491802 34.0 413.0 321.0 59.0 11526.0 
586.0034315406547 9.344262295081966 30.0 415.0 321.0 64.0 11670.0 
588.0034315406547 9.352459016393443 33.0 419.0 322.0 64.0 11699.0 
590.0034315406547 9.434426229508198 32.0 419.0 324.0 64.0 11869.0 
592.0034315406547 9.434426229508198 31.0 419.0 324.0 64.0 11869.0 
594.0034315406547 9.467213114754099 31.0 420.0 326.0 64.0 11918.0 
596.0034315406547 9.51639344262295 29.0 420.0 326.0 65.0 12020.0 
598.0034315406547 9.540983606557377 29.0 420.0 327.0 65.0 12040.0 
600.0034315406547 9.540983606557377 31.0 423.0 327.0 65.0 12040.0 
602.0034315406547 9.565573770491802 31.0 424.0 329.0 65.0 12073.0 
604.0034315406547 9.581967213114755 32.0 426.0 330.0 65.0 12092.0 
606.0034315406547 9.598360655737704 31.0 427.0 331.0 65.0 12112.0 
608.0034315406547 9.631147540983607 32.0 428.0 332.0 65.0 12143.0 
610.0034315406547 9.663934426229508 31.0 429.0 333.0 65.0 12193.0 
612.0034315406547 9.663934426229508 33.0 431.0 333.0 65.0 12193.0 
614.0034315406547 9.713114754098362 32.0 432.0 333.0 66.0 12294.0 
616.0034315406547 9.721311475409836 32.0 432.0 334.0 66.0 12308.0 
618.0034315406547 9.770491803278688 34.0 434.0 334.0 67.0 12375.0 
620.0034315406547 9.901639344262295 30.0 435.0 336.0 69.0 12531.0 
622.0034315406547 9.90983606557377 29.0 435.0 337.0 69.0 12549.0 
624.0034315406547 9.991803278688526 28.0 435.0 338.0 70.0 12673.0 
626.0034315406547 10.10655737704918 28.0 436.0 339.0 72.0 12845.0 
628.0034315406547 10.139344262295081 24.0 436.0 341.0 72.0 12916.0 
630.0034315406547 10.188524590163935 22.0 437.0 343.0 72.0 13005.0 
632.0034315406547 10.204918032786885 23.0 438.0 344.0 72.0 13026.0 
634.0034315406547 10.204918032786885 22.0 438.0 344.0 72.0 13026.0 
636.0034315406547 10.245901639344263 21.0 439.0 346.0 72.0 13116.0 
638.0034315406547 10.262295081967213 22.0 441.0 348.0 72.0 13149.0 
640.0034315406547 10.311475409836065 23.0 444.0 348.0 73.0 13251.0 
642.0034315406547 10.360655737704919 25.0 447.0 348.0 74.0 13282.0 
644.0034315406547 10.475409836065573 23.0 447.0 349.0 76.0 13530.0 
646.0034315406547 10.475409836065573 26.0 451.0 349.0 76.0 13530.0 
648.0034315406547 10.491803278688526 26.0 451.0 351.0 76.0 13560.0 
650.0034315406547 10.639344262295081 23.0 451.0 351.0 79.0 13616.0 
652.0034315406547 10.688524590163935 22.0 453.0 351.0 80.0 13717.0 
654.0034315406547 10.795081967213115 23.0 457.0 352.0 82.0 13743.0 
656.0034315406547 10.811475409836067 23.0 458.0 353.0 82.0 13759.0 
658.0034315406547 10.836065573770492 23.0 460.0 354.0 82.0 13778.0 
660.0034315406547 10.934426229508198 24.0 462.0 354.0 84.0 13894.0 
662.0034315406547 11.01639344262295 23.0 464.0 355.0 85.0 13924.0 
664.0034315406547 11.032786885245901 24.0 466.0 356.0 85.0 13945.0 
666.0034315406547 11.09016393442623 24.0 468.0 359.0 85.0 13979.0 
668.0034315406547 11.139344262295081 24.0 469.0 359.0 86.0 14080.0 
670.0034315406547 11.229508196721312 24.0 469.0 360.0 87.0 14212.0 
672.0034315406547 11.286885245901638 23.0 470.0 361.0 88.0 14234.0 
674.0034315406547 11.286885245901638 22.0 472.0 361.0 88.0 14234.0 
676.0034315406547 11.286885245901638 23.0 472.0 361.0 88.0 14234.0 
678.0034315406547 11.360655737704919 22.0 472.0 362.0 89.0 14393.0 
680.0034315406547 11.360655737704919 21.0 472.0 362.0 89.0 14393.0 
682.0034315406547 11.442622950819672 21.0 473.0 363.0 90.0 14510.0 
684.0034315406547 11.524590163934427 19.0 473.0 364.0 91.0 14553.0 
686.0034315406547 11.532786885245901 18.0 473.0 365.0 91.0 14566.0 
688.0034315406547 11.557377049180328 19.0 477.0 366.0 91.0 14583.0 
690.0034315406547 11.655737704918034 23.0 480.0 366.0 93.0 14707.0 
692.0034315406547 11.704918032786885 23.0 482.0 366.0 94.0 14707.0 
694.0034315406547 11.704918032786885 22.0 483.0 366.0 94.0 14707.0 
696.0034315406547 11.762295081967213 23.0 484.0 366.0 95.0 14808.0 
698.0034315406547 11.827868852459016 22.0 485.0 367.0 96.0 14847.0 
700.0034315406547 11.827868852459016 23.0 486.0 367.0 96.0 14847.0 
702.0034315406547 11.836065573770492 23.0 486.0 368.0 96.0 14861.0 
704.0034315406547 11.893442622950818 23.0 488.0 370.0 96.0 14962.0 
706.0034315406547 11.893442622950818 24.0 490.0 370.0 96.0 14962.0 
708.0034315406547 11.893442622950818 26.0 492.0 370.0 96.0 14962.0 
710.0034315406547 11.934426229508198 28.0 494.0 372.0 96.0 15026.0 
712.0034315406547 11.934426229508198 26.0 494.0 372.0 96.0 15026.0 
714.0034315406547 11.934426229508198 27.0 495.0 372.0 96.0 15026.0 
716.0034315406547 11.959016393442623 27.0 496.0 373.0 96.0 15054.0 
718.0034315406547 11.98360655737705 28.0 497.0 374.0 96.0 15114.0 
720.0034315406547 11.98360655737705 27.0 497.0 374.0 96.0 15114.0 
722.0034315406547 12.0 28.0 500.0 375.0 96.0 15178.0 
724.0034315406547 12.0 30.0 501.0 375.0 96.0 15178.0 
726.0034315406547 12.040983606557377 30.0 502.0 377.0 96.0 15233.0 
728.0034315406547 12.040983606557377 30.0 503.0 377.0 96.0 15233.0 
730.0034315406547 12.081967213114755 30.0 503.0 379.0 96.0 15288.0 
732.0034315406547 12.139344262295081 29.0 506.0 380.0 97.0 15412.0 
734.0034315406547 12.221311475409836 28.0 506.0 382.0 98.0 15516.0 
736.0034315406547 12.295081967213115 25.0 506.0 384.0 98.0 15574.0 
738.0034315406547 12.303278688524589 24.0 506.0 385.0 98.0 15589.0 
740.0034315406547 12.303278688524589 26.0 509.0 385.0 98.0 15589.0 
742.0034315406547 12.303278688524589 27.0 510.0 385.0 98.0 15589.0 
744.0034315406547 12.303278688524589 28.0 511.0 385.0 98.0 15589.0 
746.0034315406547 12.319672131147541 28.0 511.0 386.0 98.0 15604.0 
748.0034315406547 12.418032786885245 27.0 513.0 388.0 99.0 15793.0 
750.0034315406547 12.51639344262295 24.0 514.0 388.0 101.0 15935.0 
752.0034315406547 12.532786885245901 25.0 514.0 389.0 101.0 15956.0 
754.0034315406547 12.696721311475411 23.0 516.0 392.0 103.0 16132.0 
756.0034315406547 12.795081967213115 20.0 517.0 392.0 105.0 16250.0 
758.0034315406547 12.87704918032787 22.0 519.0 392.0 106.0 16352.0 
760.0034315406547 12.942622950819672 22.0 520.0 394.0 106.0 16435.0 
762.0034315406547 12.991803278688526 22.0 522.0 394.0 107.0 16537.0 
764.0034315406547 13.057377049180328 21.0 523.0 396.0 108.0 16632.0 
766.0034315406547 13.057377049180328 19.0 523.0 396.0 108.0 16632.0 
768.0034315406547 13.057377049180328 22.0 526.0 396.0 108.0 16632.0 
770.0034315406547 13.057377049180328 23.0 527.0 396.0 108.0 16632.0 
772.0034315406547 13.114754098360656 23.0 529.0 399.0 108.0 16726.0 
774.0034315406547 13.12295081967213 24.0 531.0 400.0 108.0 16752.0 
776.0034315406547 13.139344262295081 22.0 532.0 402.0 108.0 16779.0 
778.0034315406547 13.188524590163933 21.0 532.0 404.0 108.0 16822.0 
780.0034315406547 13.188524590163933 20.0 534.0 404.0 108.0 16822.0 
782.0034315406547 13.213114754098362 20.0 535.0 406.0 108.0 16854.0 
784.0034315406547 13.221311475409836 22.0 537.0 407.0 108.0 16870.0 
786.0034315406547 13.262295081967213 25.0 541.0 410.0 108.0 16970.0 
788.0034315406547 13.262295081967213 23.0 542.0 410.0 108.0 16970.0 
790.0034315406547 13.170731707317072 22.0 542.0 412.0 108.0 17000.0 
792.0034315406547 13.112903225806452 22.0 542.0 413.0 108.0 17038.0 
794.0034315406547 13.112903225806452 23.0 544.0 413.0 108.0 17038.0 
796.0034315406547 13.120967741935484 24.0 545.0 414.0 108.0 17051.0 
798.0034315406547 13.193548387096774 23.0 547.0 415.0 109.0 17207.0 
800.0034315406547 13.209677419354838 23.0 547.0 416.0 109.0 17227.0 
802.0034315406547 13.225806451612904 23.0 549.0 418.0 109.0 17289.0 
804.0034315406547 13.274193548387096 23.0 550.0 418.0 110.0 17390.0 
806.0034315406547 13.290322580645162 21.0 550.0 419.0 110.0 17410.0 
808.0034315406547 13.298387096774194 21.0 550.0 420.0 110.0 17491.0 
810.0034315406547 13.306451612903226 20.0 550.0 421.0 110.0 17587.0 
812.0034315406547 13.322580645161292 18.0 550.0 423.0 110.0 17617.0 
814.0034315406547 13.346774193548388 16.0 552.0 424.0 110.0 17644.0 
816.0034315406547 13.346774193548388 20.0 555.0 424.0 110.0 17644.0 
818.0034315406547 13.508064516129032 18.0 556.0 427.0 112.0 17939.0 
820.0034315406547 13.604838709677418 17.0 558.0 427.0 114.0 17990.0 
822.0034315406547 13.637096774193548 17.0 559.0 428.0 114.0 18010.0 
824.0034315406547 13.661290322580644 17.0 560.0 429.0 114.0 18048.0 
826.0034315406547 13.68548387096774 19.0 563.0 430.0 114.0 18073.0 
828.0034315406547 13.693548387096774 19.0 565.0 431.0 114.0 18086.0 
830.0034315406547 13.6 20.0 565.0 432.0 114.0 18101.0 
832.0034315406547 13.632000000000001 20.0 567.0 433.0 114.0 18138.0 
834.0034315406547 13.648 20.0 567.0 434.0 114.0 18156.0 
836.0034315406547 13.648 19.0 567.0 434.0 114.0 18156.0 
838.0034315406547 13.672 18.0 567.0 435.0 114.0 18176.0 
840.0034315406547 13.728 15.0 567.0 438.0 114.0 18240.0 
842.0034315406547 13.728 16.0 569.0 438.0 114.0 18240.0 
844.0034315406547 13.728 17.0 569.0 438.0 114.0 18240.0 
846.0034315406547 13.744 17.0 570.0 439.0 114.0 18261.0 
848.0034315406547 13.776 17.0 571.0 440.0 114.0 18306.0 
850.0034315406547 13.815999999999999 16.0 572.0 442.0 114.0 18355.0 
852.0034315406547 13.848 17.0 573.0 443.0 114.0 18356.0 
854.0034315406547 13.848 16.0 573.0 443.0 114.0 18356.0 
856.0034315406547 13.879999999999999 16.0 574.0 445.0 114.0 18459.0 
858.0034315406547 13.92 16.0 575.0 446.0 114.0 18491.0 
860.0034315406547 13.92 17.0 577.0 446.0 114.0 18491.0 
862.0034315406547 13.92 17.0 577.0 446.0 114.0 18491.0 
864.0034315406547 13.968 19.0 579.0 447.0 114.0 18529.0 
866.0034315406547 13.984 17.0 579.0 449.0 114.0 18567.0 
868.0034315406547 13.984 18.0 581.0 449.0 114.0 18567.0 
870.0034315406547 14.024 18.0 582.0 450.0 114.0 18663.0 
872.0034315406547 14.04 18.0 583.0 452.0 114.0 18726.0 
874.0034315406547 14.056000000000001 20.0 586.0 453.0 114.0 18741.0 
876.0034315406547 14.08 21.0 588.0 454.0 114.0 18775.0 
878.0034315406547 14.136000000000001 18.0 589.0 457.0 114.0 18891.0 
880.0034315406547 14.136000000000001 20.0 591.0 457.0 114.0 18891.0 
882.0034315406547 14.168 19.0 592.0 460.0 114.0 18935.0 
884.0034315406547 14.168 18.0 592.0 460.0 114.0 18935.0 
886.0034315406547 14.264000000000001 19.0 593.0 460.0 115.0 19037.0 
888.0034315406547 14.384 18.0 595.0 462.0 116.0 19184.0 
890.0034315406547 14.448 14.0 595.0 464.0 117.0 19222.0 
892.0034315406547 14.479999999999999 14.0 595.0 465.0 117.0 19242.0 
894.0034315406547 14.504000000000001 14.0 596.0 467.0 117.0 19276.0 
896.0034315406547 14.504000000000001 15.0 599.0 467.0 117.0 19276.0 
898.0034315406547 14.544 16.0 600.0 468.0 117.0 19301.0 
900.0034315406547 14.544 15.0 600.0 468.0 117.0 19301.0 
#####################################################################
# End of data export. Simulation finished at: 2020-02-26T20:44+0000 #
#####################################################################
