#####################################################################
# Alchemist log file - simulation started at: 2020-01-15T05:40+0000 #
#####################################################################
# seed = 2.0, taskFrequency = 0.1, cloudcost = 2.0, algorithm = false
#
# The columns have the following meaning: 
# time taskHops[Mean] hasTask[Sum] tasks[Sum] completedTasks[Sum] giveupTasks[Sum] taskLatency[Sum] 
0.0 NaN 0.0 0.0 0.0 0.0 0.0 
2.003288451303821 NaN 21.0 24.0 0.0 0.0 0.0 
4.0032884513038205 NaN 36.0 40.0 0.0 0.0 0.0 
6.0032884513038205 NaN 57.0 62.0 0.0 0.0 0.0 
8.00328845130382 NaN 76.0 79.0 0.0 0.0 0.0 
10.00328845130382 NaN 85.0 85.0 0.0 0.0 0.0 
12.00328845130382 NaN 87.0 88.0 0.0 0.0 0.0 
14.00328845130382 NaN 95.0 95.0 0.0 0.0 0.0 
16.00328845130382 NaN 97.0 99.0 0.0 0.0 0.0 
18.00328845130382 NaN 104.0 105.0 0.0 0.0 0.0 
20.00328845130382 NaN 108.0 109.0 0.0 0.0 0.0 
22.00328845130382 NaN 111.0 112.0 0.0 0.0 0.0 
24.00328845130382 NaN 114.0 114.0 0.0 0.0 0.0 
26.00328845130382 NaN 118.0 118.0 0.0 0.0 0.0 
28.00328845130382 NaN 121.0 122.0 0.0 0.0 0.0 
30.00328845130382 NaN 122.0 122.0 0.0 0.0 0.0 
32.00328845130382 NaN 122.0 123.0 0.0 0.0 0.0 
34.00328845130382 NaN 123.0 123.0 0.0 0.0 0.0 
36.00116394844693 NaN 123.0 123.0 0.0 0.0 0.0 
38.00328845130382 NaN 123.0 123.0 0.0 0.0 0.0 
40.00328845130382 NaN 123.0 123.0 0.0 0.0 0.0 
42.00328845130382 NaN 123.0 123.0 0.0 0.0 0.0 
44.00328845130382 NaN 123.0 123.0 0.0 0.0 0.0 
46.00328845130382 NaN 124.0 125.0 0.0 0.0 0.0 
48.00328845130382 NaN 125.0 125.0 0.0 0.0 0.0 
50.00328845130382 NaN 125.0 125.0 0.0 0.0 0.0 
52.00328845130382 NaN 125.0 125.0 0.0 0.0 0.0 
54.00328845130382 NaN 125.0 125.0 0.0 0.0 0.0 
56.00328845130382 NaN 125.0 125.0 0.0 0.0 0.0 
58.00328845130382 NaN 125.0 125.0 0.0 0.0 0.0 
60.00328845130382 NaN 125.0 125.0 0.0 0.0 0.0 
62.00328845130382 NaN 125.0 125.0 0.0 0.0 0.0 
64.00328845130382 NaN 125.0 125.0 0.0 0.0 0.0 
66.00328845130382 NaN 125.0 125.0 0.0 0.0 0.0 
68.00328845130382 NaN 125.0 125.0 0.0 0.0 0.0 
70.00328845130382 NaN 125.0 125.0 0.0 0.0 0.0 
72.00328845130382 NaN 125.0 125.0 0.0 0.0 0.0 
74.00328845130382 NaN 125.0 125.0 0.0 0.0 0.0 
76.00328845130382 NaN 125.0 125.0 0.0 0.0 0.0 
78.00328845130382 NaN 125.0 125.0 0.0 0.0 0.0 
80.00328845130382 NaN 125.0 125.0 0.0 0.0 0.0 
82.00328845130382 NaN 125.0 125.0 0.0 0.0 0.0 
84.00328845130382 NaN 125.0 125.0 0.0 0.0 0.0 
86.00328845130382 NaN 125.0 125.0 0.0 0.0 0.0 
88.00328845130382 NaN 125.0 125.0 0.0 0.0 0.0 
90.00328845130382 NaN 125.0 125.0 0.0 0.0 0.0 
92.00328845130382 NaN 125.0 125.0 0.0 0.0 0.0 
94.00328845130382 NaN 125.0 125.0 0.0 0.0 0.0 
96.00328845130382 NaN 125.0 125.0 0.0 0.0 0.0 
98.00328845130382 NaN 125.0 125.0 0.0 0.0 0.0 
100.00328845130382 NaN 125.0 125.0 0.0 0.0 0.0 
102.00328845130382 NaN 125.0 125.0 0.0 0.0 0.0 
104.00079866338001 2.0 120.0 125.0 0.0 15.0 1535.0 
106.00328845130382 2.032258064516129 104.0 125.0 0.0 31.0 3180.0 
108.00068327041527 2.019230769230769 88.0 126.0 0.0 52.0 5340.0 
110.00328845130382 2.0144927536231885 68.0 130.0 0.0 69.0 7086.0 
112.00328845130382 2.0256410256410255 56.0 133.0 0.0 78.0 8011.0 
114.00328845130382 2.0246913580246915 56.0 136.0 0.0 81.0 8327.0 
116.00328845130382 2.0224719101123596 54.0 140.0 0.0 89.0 9146.0 
118.00328845130382 2.021978021978022 55.0 145.0 0.0 91.0 9351.0 
120.00328845130382 2.0309278350515463 60.0 155.0 0.0 97.0 9967.0 
122.00328845130382 2.03 60.0 160.0 0.0 100.0 10273.0 
124.00328845130382 2.029126213592233 65.0 170.0 0.0 103.0 10582.0 
126.00328845130382 2.0283018867924527 68.0 172.0 0.0 106.0 10891.0 
128.00328845130383 2.0275229357798166 69.0 176.0 0.0 109.0 11199.0 
130.00328845130383 2.0267857142857144 72.0 185.0 0.0 112.0 11507.0 
132.00328845130383 2.0265486725663715 78.0 193.0 1.0 113.0 11622.0 
134.00328845130383 2.0265486725663715 82.0 198.0 2.0 113.0 11635.0 
136.00328845130383 2.026315789473684 84.0 203.0 2.0 114.0 11738.0 
138.00328845130383 2.026315789473684 91.0 209.0 2.0 114.0 11738.0 
140.00328845130383 2.026315789473684 94.0 212.0 2.0 114.0 11738.0 
142.00328845130383 2.026315789473684 101.0 218.0 2.0 114.0 11738.0 
144.00328845130383 2.026315789473684 104.0 222.0 2.0 114.0 11738.0 
146.00328845130383 2.026315789473684 108.0 225.0 2.0 114.0 11738.0 
148.00328845130383 2.026086956521739 113.0 230.0 2.0 115.0 11841.0 
150.00328845130383 2.0258620689655173 113.0 231.0 2.0 116.0 11944.0 
152.00328845130383 2.0258620689655173 114.0 232.0 2.0 116.0 11944.0 
154.00328845130383 2.0258620689655173 114.0 232.0 2.0 116.0 11944.0 
156.00327544430897 2.0258620689655173 114.0 232.0 2.0 116.0 11944.0 
158.00328845130383 2.0258620689655173 115.0 233.0 2.0 116.0 11944.0 
160.00328845130383 2.0258620689655173 115.0 234.0 2.0 116.0 11944.0 
162.00328845130383 2.0258620689655173 117.0 235.0 2.0 116.0 11944.0 
164.00328845130383 2.0258620689655173 117.0 236.0 2.0 116.0 11944.0 
166.00328845130383 2.0258620689655173 118.0 236.0 2.0 116.0 11944.0 
168.0021389101867 2.0258620689655173 118.0 237.0 2.0 116.0 11944.0 
170.00328845130383 2.0258620689655173 119.0 238.0 2.0 116.0 11944.0 
172.00328845130383 2.0258620689655173 120.0 239.0 2.0 116.0 11944.0 
174.00328845130383 2.0258620689655173 123.0 241.0 2.0 116.0 11944.0 
176.00328845130383 2.0258620689655173 123.0 241.0 2.0 116.0 11944.0 
178.00328845130383 2.0258620689655173 123.0 241.0 2.0 116.0 11944.0 
180.00328845130383 2.0258620689655173 123.0 241.0 2.0 116.0 11944.0 
182.00328845130383 2.0258620689655173 124.0 242.0 2.0 116.0 11944.0 
184.00328845130383 2.0258620689655173 124.0 242.0 2.0 116.0 11944.0 
186.00328845130383 2.0258620689655173 124.0 242.0 2.0 116.0 11944.0 
188.00328845130383 2.0258620689655173 124.0 242.0 2.0 116.0 11944.0 
190.00328845130383 2.0258620689655173 124.0 242.0 2.0 116.0 11944.0 
192.00280496053307 2.0258620689655173 124.0 242.0 2.0 116.0 11944.0 
194.00328845130383 2.0258620689655173 124.0 242.0 2.0 116.0 11944.0 
196.00328845130383 2.0258620689655173 124.0 242.0 2.0 116.0 11944.0 
198.00328845130383 2.0258620689655173 125.0 243.0 2.0 116.0 11944.0 
200.00328845130383 2.0258620689655173 125.0 243.0 2.0 116.0 11944.0 
202.00328845130383 2.0258620689655173 125.0 243.0 2.0 116.0 11944.0 
204.00328845130383 2.0258620689655173 125.0 243.0 2.0 116.0 11944.0 
206.00328845130383 2.0258620689655173 125.0 243.0 2.0 116.0 11944.0 
208.00328845130383 2.0258620689655173 125.0 243.0 2.0 116.0 11944.0 
210.00328845130383 2.0427350427350426 123.0 243.0 2.0 118.0 12247.0 
212.00328845130383 2.076923076923077 123.0 243.0 2.0 120.0 12452.0 
214.00328845130383 2.1260504201680672 117.0 243.0 2.0 125.0 13174.0 
216.00328845130383 2.2083333333333335 114.0 246.0 2.0 131.0 13885.0 
218.00328845130383 2.275 113.0 246.0 2.0 135.0 14296.0 
220.00328845130383 2.325 109.0 248.0 2.0 138.0 14602.0 
222.00328845130383 2.441666666666667 110.0 251.0 2.0 145.0 15321.0 
224.00328845130383 2.475 106.0 253.0 2.0 147.0 15527.0 
226.00328845130383 2.625 103.0 257.0 2.0 156.0 16452.0 
228.00328845130383 2.725 96.0 258.0 2.0 162.0 17069.0 
230.00328845130383 2.8016528925619832 95.0 261.0 2.0 168.0 17815.0 
232.00328845130383 2.900826446280992 90.0 263.0 2.0 174.0 18428.0 
234.00328845130383 3.0826446280991737 82.0 266.0 2.0 185.0 19567.0 
236.00328845130383 3.1557377049180326 81.0 271.0 2.0 191.0 20315.0 
238.00328845130383 3.1951219512195124 75.0 271.0 2.0 195.0 20834.0 
240.00328845130383 3.3252032520325203 73.0 275.0 2.0 202.0 21555.0 
242.00112016383164 3.341463414634146 74.0 278.0 2.0 203.0 21658.0 
244.00328845130383 3.4552845528455283 75.0 282.0 2.0 210.0 22377.0 
246.00129264007916 3.5040650406504064 73.0 292.0 2.0 213.0 22684.0 
248.00328845130383 3.569105691056911 76.0 294.0 2.0 217.0 23094.0 
250.00328845130383 3.6504065040650406 75.0 296.0 2.0 222.0 23605.0 
252.00328845130383 3.6829268292682924 77.0 303.0 2.0 224.0 23811.0 
254.00328845130383 3.6991869918699187 83.0 311.0 2.0 225.0 23914.0 
256.00328845130383 3.6991869918699187 86.0 313.0 2.0 225.0 23914.0 
258.00328845130383 3.6991869918699187 89.0 316.0 2.0 225.0 23914.0 
260.00328845130383 3.715447154471545 90.0 317.0 2.0 226.0 24017.0 
262.00328845130383 3.715447154471545 92.0 322.0 2.0 226.0 24017.0 
264.00328845130383 3.747967479674797 96.0 326.0 2.0 228.0 24222.0 
266.00328845130383 3.747967479674797 101.0 333.0 2.0 228.0 24222.0 
268.00328845130383 3.764227642276423 103.0 334.0 2.0 229.0 24325.0 
270.00328845130383 3.764227642276423 104.0 336.0 2.0 229.0 24325.0 
272.00328845130383 3.7804878048780486 105.0 337.0 2.0 230.0 24428.0 
274.00328845130383 3.796747967479675 105.0 338.0 2.0 231.0 24531.0 
276.00328845130383 3.845528455284553 105.0 342.0 2.0 234.0 24839.0 
278.00328845130383 3.845528455284553 108.0 344.0 2.0 234.0 24839.0 
280.00328845130383 3.845528455284553 109.0 345.0 2.0 234.0 24839.0 
282.00328845130383 3.845528455284553 112.0 349.0 2.0 234.0 24839.0 
284.00328845130383 3.861788617886179 113.0 351.0 2.0 235.0 24941.0 
286.00328845130383 3.861788617886179 114.0 351.0 2.0 235.0 24941.0 
288.00328845130383 3.861788617886179 116.0 354.0 3.0 235.0 24953.0 
290.00328845130383 3.861788617886179 117.0 355.0 3.0 235.0 24953.0 
292.00328845130383 3.861788617886179 119.0 357.0 3.0 235.0 24953.0 
294.00328845130383 3.861788617886179 120.0 358.0 3.0 235.0 24953.0 
296.00203902087446 3.861788617886179 120.0 358.0 3.0 235.0 24953.0 
298.00328845130383 3.861788617886179 121.0 359.0 3.0 235.0 24953.0 
300.00328845130383 3.8780487804878048 121.0 360.0 3.0 236.0 25056.0 
302.00328845130383 3.8780487804878048 121.0 360.0 3.0 236.0 25056.0 
304.00155212682307 3.8780487804878048 121.0 360.0 3.0 236.0 25056.0 
306.00328845130383 3.8780487804878048 121.0 360.0 3.0 236.0 25056.0 
308.00328845130383 3.8780487804878048 122.0 361.0 3.0 236.0 25056.0 
310.00328845130383 3.8780487804878048 123.0 362.0 3.0 236.0 25056.0 
312.00328845130383 3.8780487804878048 123.0 362.0 3.0 236.0 25056.0 
314.00328845130383 3.8780487804878048 123.0 362.0 3.0 236.0 25056.0 
316.00328845130383 3.8780487804878048 123.0 362.0 3.0 236.0 25056.0 
318.00328845130383 3.9105691056910574 123.0 362.0 3.0 238.0 25262.0 
320.00328845130383 3.9268292682926833 122.0 364.0 3.0 239.0 25365.0 
322.00328845130383 3.9593495934959355 122.0 364.0 3.0 241.0 25569.0 
324.00328845130383 4.008130081300813 120.0 365.0 3.0 244.0 25875.0 
326.00328845130383 4.040650406504065 118.0 366.0 3.0 246.0 26079.0 
328.00328845130383 4.0894308943089435 116.0 366.0 3.0 249.0 26387.0 
330.00328845130383 4.121951219512195 114.0 367.0 3.0 251.0 26592.0 
332.00328845130383 4.170731707317073 113.0 367.0 3.0 254.0 26899.0 
334.00328845130383 4.203252032520325 110.0 367.0 3.0 256.0 27104.0 
336.00328845130383 4.219512195121951 110.0 369.0 3.0 257.0 27206.0 
338.00328845130383 4.317073170731708 107.0 371.0 3.0 263.0 27822.0 
340.00328845130383 4.333333333333334 104.0 371.0 3.0 264.0 27925.0 
342.00328845130383 4.349593495934959 104.0 374.0 3.0 265.0 28027.0 
344.00328845130383 4.463414634146341 105.0 378.0 3.0 272.0 28761.0 
346.00328845130383 4.528455284552845 104.0 381.0 3.0 276.0 29172.0 
348.00328845130383 4.626016260162602 98.0 381.0 3.0 282.0 29893.0 
350.00328845130383 4.747967479674797 93.0 384.0 3.0 289.0 30621.0 
352.00328845130383 4.780487804878049 94.0 388.0 3.0 291.0 30825.0 
354.00328845130383 4.902439024390244 94.0 388.0 3.0 298.0 31657.0 
356.00328845130383 5.016260162601626 88.0 392.0 3.0 305.0 32375.0 
358.00328845130383 5.08130081300813 82.0 393.0 3.0 309.0 32785.0 
360.00328845130383 5.1138211382113825 82.0 394.0 3.0 311.0 32990.0 
362.00280459218175 5.130081300813008 79.0 395.0 3.0 312.0 33092.0 
364.00328845130383 5.178861788617886 82.0 398.0 3.0 315.0 33398.0 
366.0029098582837 5.227642276422764 84.0 404.0 3.0 318.0 33707.0 
368.00328845130383 5.32520325203252 79.0 404.0 4.0 324.0 34334.0 
370.00328845130383 5.390243902439025 77.0 408.0 4.0 328.0 34766.0 
372.00328845130383 5.40650406504065 80.0 414.0 4.0 329.0 34869.0 
374.00328845130383 5.4227642276422765 83.0 419.0 4.0 330.0 34972.0 
376.00328845130383 5.411290322580646 86.0 422.0 4.0 332.0 35432.0 
378.00328845130383 5.443548387096774 89.0 427.0 4.0 334.0 35637.0 
380.00328845130383 5.491935483870968 88.0 427.0 4.0 337.0 35945.0 
382.00328845130383 5.508064516129032 89.0 430.0 4.0 338.0 36048.0 
384.00328845130383 5.540322580645162 94.0 439.0 4.0 340.0 36252.0 
386.00328845130383 5.556451612903226 97.0 441.0 4.0 341.0 36355.0 
388.00328845130383 5.57258064516129 98.0 444.0 4.0 342.0 36458.0 
390.00328845130383 5.604838709677419 101.0 448.0 4.0 344.0 36663.0 
392.00328845130383 5.620967741935484 100.0 451.0 4.0 345.0 36766.0 
394.00328845130383 5.653225806451613 104.0 455.0 4.0 347.0 36970.0 
396.00328845130383 5.669354838709678 105.0 457.0 4.0 348.0 37073.0 
398.00328845130383 5.669354838709678 106.0 459.0 4.0 348.0 37073.0 
400.00328845130383 5.685483870967742 108.0 461.0 4.0 349.0 37176.0 
402.00328845130383 5.685483870967742 109.0 463.0 4.0 349.0 37176.0 
404.00328845130383 5.701612903225806 110.0 464.0 4.0 350.0 37279.0 
406.00328845130383 5.701612903225806 111.0 465.0 4.0 350.0 37279.0 
408.00328845130383 5.701612903225806 110.0 465.0 5.0 350.0 37292.0 
410.00328845130383 5.71774193548387 110.0 465.0 5.0 351.0 37394.0 
412.00328845130383 5.733870967741935 108.0 465.0 5.0 352.0 37496.0 
414.00328845130383 5.733870967741935 109.0 466.0 5.0 352.0 37496.0 
416.00328845130383 5.733870967741935 110.0 468.0 5.0 352.0 37496.0 
418.00328845130383 5.733870967741935 114.0 471.0 5.0 352.0 37496.0 
420.000258800696 5.733870967741935 115.0 472.0 5.0 352.0 37496.0 
422.00328845130383 5.766129032258065 114.0 474.0 5.0 354.0 37700.0 
424.00328845130383 5.766129032258065 115.0 474.0 5.0 354.0 37700.0 
426.00328845130383 5.78225806451613 117.0 476.0 5.0 355.0 37802.0 
428.00328845130383 5.798387096774194 116.0 476.0 5.0 356.0 37904.0 
430.00328845130383 5.798387096774194 116.0 477.0 5.0 356.0 37904.0 
432.0001809554508 5.814516129032258 115.0 477.0 5.0 357.0 38006.0 
434.00328845130383 5.814516129032258 116.0 478.0 5.0 357.0 38006.0 
436.00328845130383 5.814516129032258 116.0 478.0 5.0 357.0 38006.0 
438.00328845130383 5.846774193548387 117.0 480.0 5.0 359.0 38211.0 
440.0015508249051 5.879032258064516 115.0 481.0 5.0 361.0 38415.0 
442.00328845130383 5.879032258064516 115.0 481.0 5.0 361.0 38415.0 
444.00328845130383 5.895161290322581 116.0 483.0 5.0 362.0 38517.0 
446.00328845130383 5.975806451612903 114.0 484.0 5.0 367.0 39030.0 
448.00328845130383 6.008064516129032 114.0 486.0 5.0 369.0 39235.0 
450.00328845130383 6.024193548387097 114.0 489.0 5.0 370.0 39338.0 
452.00328845130383 6.056451612903226 113.0 489.0 5.0 372.0 39543.0 
454.00328845130383 6.120967741935484 110.0 491.0 5.0 376.0 39953.0 
456.0000403894751 6.137096774193548 109.0 491.0 5.0 377.0 40056.0 
458.00328845130383 6.201612903225806 109.0 491.0 5.0 381.0 40650.0 
460.00328845130383 6.233870967741935 109.0 495.0 5.0 383.0 40858.0 
462.00328845130383 6.266129032258065 106.0 496.0 5.0 385.0 41141.0 
464.00328845130383 6.266129032258065 107.0 497.0 5.0 385.0 41141.0 
466.00328845130383 6.314516129032258 106.0 498.0 5.0 388.0 41449.0 
468.00328845130383 6.411290322580645 106.0 502.0 5.0 394.0 42062.0 
470.00328845130383 6.427419354838709 103.0 503.0 5.0 395.0 42249.0 
472.00328845130383 6.475806451612903 104.0 505.0 5.0 398.0 42556.0 
474.0028661295589 6.556451612903226 103.0 507.0 5.0 403.0 43070.0 
476.00328845130383 6.620967741935484 95.0 508.0 5.0 407.0 43480.0 
478.00328845130383 6.701612903225806 98.0 512.0 5.0 412.0 44112.0 
480.00328845130383 6.766129032258065 95.0 514.0 5.0 416.0 44522.0 
482.00328845130383 6.814516129032258 92.0 518.0 5.0 419.0 44921.0 
484.00328845130383 6.862903225806452 98.0 522.0 5.0 422.0 45228.0 
486.00328845130383 6.975806451612903 94.0 525.0 5.0 429.0 45944.0 
488.00328845130383 7.024193548387097 92.0 529.0 5.0 432.0 46253.0 
490.00328845130383 7.072580645161291 92.0 530.0 5.0 435.0 46560.0 
492.00328845130383 7.137096774193548 92.0 533.0 5.0 439.0 46969.0 
494.00328845130383 7.153225806451613 92.0 538.0 5.0 440.0 47071.0 
496.00328845130383 7.217741935483871 92.0 540.0 5.0 444.0 47482.0 
498.00328845130383 7.25 94.0 545.0 5.0 446.0 47811.0 
500.00328845130383 7.28225806451613 94.0 549.0 5.0 448.0 48016.0 
502.00328845130383 7.314516129032258 97.0 552.0 5.0 450.0 48222.0 
504.00328845130383 7.346774193548386 99.0 556.0 5.0 452.0 48427.0 
506.00328845130383 7.379032258064516 99.0 559.0 5.0 454.0 48633.0 
508.00328845130383 7.395161290322581 104.0 565.0 5.0 455.0 48736.0 
510.00328845130383 7.395161290322581 107.0 567.0 5.0 455.0 48736.0 
512.0032884513039 7.395161290322581 109.0 569.0 5.0 455.0 48736.0 
514.0032884513039 7.395161290322581 110.0 571.0 5.0 455.0 48736.0 
516.0032884513039 7.411290322580646 111.0 573.0 5.0 456.0 48838.0 
518.0031790174451 7.427419354838709 113.0 574.0 5.0 457.0 48940.0 
520.0032884513039 7.491935483870968 109.0 575.0 5.0 461.0 49349.0 
522.0032884513039 7.508064516129032 110.0 576.0 6.0 462.0 49465.0 
524.0032884513039 7.524193548387097 108.0 578.0 6.0 463.0 49567.0 
526.0032884513039 7.540322580645162 109.0 582.0 6.0 464.0 49670.0 
528.0032884513039 7.572580645161291 112.0 583.0 6.0 466.0 49874.0 
530.0032884513039 7.572580645161291 111.0 583.0 6.0 466.0 49874.0 
532.0031711182063 7.588709677419354 112.0 584.0 6.0 467.0 49977.0 
534.0032884513039 7.588709677419354 111.0 585.0 6.0 467.0 49977.0 
536.0032884513039 7.604838709677419 112.0 586.0 6.0 468.0 50079.0 
538.0032884513039 7.604838709677419 112.0 586.0 6.0 468.0 50079.0 
540.0032884513039 7.620967741935484 113.0 588.0 6.0 469.0 50181.0 
542.0032884513039 7.637096774193548 113.0 589.0 7.0 470.0 50295.0 
544.0032884513039 7.653225806451614 112.0 590.0 7.0 471.0 50398.0 
546.0002402873026 7.685483870967741 110.0 591.0 7.0 473.0 50602.0 
548.0032884513039 7.701612903225806 112.0 593.0 7.0 474.0 50704.0 
550.0032884513039 7.733870967741935 114.0 597.0 7.0 476.0 50909.0 
552.0032884513039 7.766129032258065 114.0 598.0 7.0 478.0 51113.0 
554.0032884513039 7.766129032258065 114.0 600.0 8.0 478.0 51126.0 
556.0032884513039 7.78225806451613 114.0 601.0 8.0 479.0 51228.0 
558.0032884513039 7.798387096774194 113.0 602.0 8.0 480.0 51331.0 
560.0032884513039 7.798387096774194 115.0 603.0 8.0 480.0 51331.0 
562.0032884513039 7.862903225806452 114.0 605.0 8.0 484.0 51740.0 
564.0032884513039 7.862903225806452 114.0 606.0 8.0 484.0 51740.0 
566.0032884513039 7.895161290322581 115.0 608.0 8.0 486.0 51946.0 
568.0032884513039 7.895161290322581 114.0 609.0 8.0 486.0 51946.0 
570.0032884513039 7.943548387096773 115.0 611.0 8.0 489.0 52254.0 
572.0032884513039 7.959677419354838 115.0 613.0 8.0 490.0 52357.0 
574.0032884513039 7.991935483870968 114.0 614.0 8.0 492.0 52658.0 
576.0032884513039 8.040322580645162 111.0 614.0 8.0 495.0 52965.0 
578.0032884513039 8.040322580645162 113.0 616.0 8.0 495.0 52965.0 
580.0032884513039 8.120967741935484 113.0 620.0 8.0 500.0 53476.0 
582.0032884513039 8.153225806451612 113.0 621.0 8.0 502.0 53681.0 
584.0032884513039 8.169354838709676 111.0 621.0 8.0 503.0 53784.0 
586.0032884513039 8.266129032258064 109.0 623.0 8.0 509.0 54400.0 
588.0009741605122 8.28225806451613 108.0 626.0 8.0 510.0 54503.0 
590.0032884513039 8.346774193548388 107.0 627.0 8.0 514.0 55014.0 
592.0032884513039 8.39516129032258 103.0 628.0 8.0 517.0 55328.0 
594.0032884513039 8.443548387096774 103.0 629.0 8.0 520.0 55636.0 
596.0032884513039 8.491935483870968 102.0 631.0 8.0 523.0 55942.0 
598.0032884513039 8.540322580645162 98.0 631.0 8.0 526.0 56250.0 
600.0032884513039 8.588709677419356 97.0 634.0 9.0 529.0 56571.0 
602.0032884513039 8.669354838709676 94.0 638.0 9.0 534.0 57084.0 
604.0032884513039 8.701612903225806 95.0 642.0 9.0 536.0 57290.0 
606.0032884513039 8.78225806451613 97.0 645.0 9.0 541.0 57803.0 
608.0032884513039 8.814516129032258 95.0 648.0 9.0 543.0 58009.0 
610.0032884513039 8.927419354838708 93.0 650.0 9.0 550.0 58733.0 
612.0032884513039 8.975806451612904 93.0 657.0 9.0 553.0 59041.0 
614.0032884513039 9.008064516129032 94.0 659.0 9.0 555.0 59245.0 
616.0006771782474 9.008064516129032 98.0 662.0 9.0 555.0 59245.0 
618.0032884513039 9.040322580645162 100.0 666.0 9.0 557.0 59450.0 
620.0032884513039 9.088709677419356 100.0 668.0 9.0 560.0 59882.0 
622.0032884513039 9.088709677419356 100.0 669.0 9.0 560.0 59882.0 
624.0032884513039 9.104838709677418 100.0 670.0 9.0 561.0 59984.0 
626.0032884513039 9.120967741935484 107.0 678.0 9.0 562.0 60086.0 
628.0032884513039 9.153225806451612 107.0 679.0 9.0 564.0 60292.0 
630.0032884513039 9.21774193548387 106.0 684.0 9.0 568.0 60703.0 
632.0032884513039 9.21774193548387 107.0 684.0 9.0 568.0 60703.0 
634.0032884513039 9.21774193548387 108.0 685.0 9.0 568.0 60703.0 
636.0032884513039 9.21774193548387 110.0 687.0 9.0 568.0 60703.0 
638.0032884513039 9.25 110.0 692.0 9.0 570.0 60908.0 
640.0032884513039 9.25 114.0 694.0 9.0 570.0 60908.0 
642.0032884513039 9.28225806451613 116.0 695.0 9.0 572.0 61112.0 
644.0032884513039 9.298387096774194 114.0 695.0 9.0 573.0 61236.0 
646.0032884513039 9.31451612903226 113.0 696.0 9.0 574.0 61338.0 
648.0032884513039 9.31451612903226 113.0 696.0 9.0 574.0 61338.0 
650.0032884513039 9.346774193548388 111.0 697.0 9.0 576.0 61543.0 
652.0032884513039 9.411290322580644 110.0 697.0 9.0 580.0 61953.0 
654.0032884513039 9.443548387096774 110.0 701.0 9.0 582.0 62158.0 
656.0032884513039 9.459677419354838 111.0 702.0 9.0 583.0 62261.0 
658.0032884513039 9.491935483870968 111.0 705.0 9.0 585.0 62466.0 
660.0032884513039 9.491935483870968 113.0 708.0 9.0 585.0 62466.0 
662.0032884513039 9.540322580645162 114.0 709.0 9.0 588.0 62672.0 
664.0032884513039 9.540322580645162 114.0 711.0 9.0 588.0 62672.0 
666.0032884513039 9.588709677419356 111.0 712.0 9.0 591.0 62980.0 
668.0032884513039 9.620967741935484 112.0 714.0 9.0 593.0 63184.0 
670.0032884513039 9.620967741935484 113.0 716.0 9.0 593.0 63184.0 
672.0032884513039 9.669354838709676 114.0 718.0 9.0 596.0 63492.0 
674.0032884513039 9.701612903225806 112.0 718.0 9.0 598.0 63696.0 
676.0032884513039 9.71774193548387 111.0 721.0 10.0 599.0 63810.0 
678.0032884513039 9.71774193548387 113.0 722.0 10.0 599.0 63810.0 
680.0032884513039 9.75 111.0 723.0 10.0 601.0 64014.0 
682.0032884513039 9.798387096774194 113.0 726.0 10.0 604.0 64320.0 
684.0032884513039 9.830645161290324 113.0 727.0 10.0 606.0 64639.0 
686.0032884513039 9.830645161290324 112.0 728.0 10.0 606.0 64639.0 
688.0032884513039 9.862903225806452 114.0 730.0 10.0 608.0 64845.0 
690.0032884513039 9.895161290322582 110.0 731.0 10.0 610.0 65148.0 
692.0032884513039 9.927419354838708 111.0 733.0 10.0 612.0 65353.0 
694.0032884513039 9.927419354838708 113.0 735.0 10.0 612.0 65353.0 
696.0032884513039 9.975806451612904 112.0 736.0 10.0 615.0 65673.0 
698.0032884513039 10.008064516129032 110.0 737.0 10.0 617.0 65877.0 
700.0032884513039 10.008064516129032 112.0 739.0 10.0 617.0 65877.0 
702.0032884513039 10.024193548387096 114.0 741.0 10.0 618.0 65979.0 
704.0032884513039 10.072580645161292 112.0 742.0 10.0 621.0 66286.0 
706.0032884513039 10.137096774193548 108.0 742.0 10.0 625.0 66696.0 
708.0032884513039 10.21774193548387 107.0 745.0 10.0 630.0 67209.0 
710.0032884513039 10.233870967741936 105.0 746.0 10.0 631.0 67312.0 
712.0032884513039 10.298387096774194 102.0 746.0 10.0 635.0 67847.0 
714.0032884513039 10.395161290322582 99.0 746.0 10.0 641.0 68463.0 
716.0032884513039 10.443548387096774 94.0 748.0 10.0 644.0 68870.0 
718.0032884513039 10.508064516129032 96.0 753.0 10.0 648.0 69281.0 
720.0032884513039 10.572580645161292 95.0 753.0 10.0 652.0 69692.0 
722.0032884513039 10.604838709677418 92.0 755.0 10.0 654.0 69896.0 
724.0032884513039 10.620967741935484 93.0 759.0 10.0 655.0 69998.0 
726.0032884513039 10.653225806451612 93.0 762.0 10.0 657.0 70213.0 
728.0032884513039 10.766129032258064 93.0 763.0 10.0 664.0 70927.0 
730.0032884513039 10.78225806451613 89.0 766.0 10.0 665.0 71030.0 
732.0032884513039 10.846774193548388 95.0 771.0 10.0 669.0 71439.0 
734.0032884513039 10.862903225806452 95.0 776.0 10.0 670.0 71542.0 
736.0032884513039 10.879032258064518 97.0 778.0 10.0 671.0 71644.0 
738.0032884513039 10.911290322580644 95.0 779.0 10.0 673.0 71848.0 
740.0032884513039 10.943548387096772 98.0 783.0 10.0 675.0 72053.0 
742.0032884513039 11.008064516129032 96.0 784.0 10.0 679.0 72464.0 
744.0032884513039 11.024193548387096 96.0 788.0 10.0 680.0 72567.0 
746.0032884513039 11.024193548387096 101.0 793.0 10.0 680.0 72567.0 
748.0032884513039 11.040322580645162 105.0 795.0 10.0 681.0 72670.0 
750.0032884513039 11.056451612903226 105.0 798.0 10.0 682.0 72778.0 
752.0032884513039 11.056451612903226 108.0 800.0 10.0 682.0 72778.0 
754.0032884513039 11.072580645161292 110.0 804.0 10.0 683.0 72881.0 
756.0032884513039 11.137096774193548 113.0 807.0 10.0 687.0 73291.0 
758.0032884513039 11.153225806451612 111.0 808.0 10.0 688.0 73393.0 
760.0032884513039 11.18548387096774 112.0 811.0 10.0 690.0 73597.0 
762.0032884513039 11.233870967741936 111.0 813.0 10.0 693.0 73904.0 
764.0032884513039 11.25 110.0 814.0 10.0 694.0 74007.0 
766.0032884513039 11.266129032258064 109.0 814.0 10.0 695.0 74109.0 
768.0032884513039 11.266129032258064 109.0 814.0 10.0 695.0 74109.0 
770.0032884513039 11.298387096774194 109.0 816.0 10.0 697.0 74314.0 
772.0032884513039 11.346774193548388 108.0 818.0 10.0 700.0 74691.0 
774.0032884513039 11.379032258064516 109.0 822.0 10.0 702.0 74896.0 
776.0032884513039 11.395161290322582 109.0 822.0 10.0 703.0 74999.0 
778.0028932464122 11.427419354838708 110.0 823.0 10.0 705.0 75203.0 
780.0032884513039 11.459677419354838 108.0 825.0 10.0 707.0 75408.0 
782.0032884513039 11.459677419354838 108.0 825.0 10.0 707.0 75408.0 
784.0032884513039 11.524193548387096 107.0 826.0 10.0 711.0 75819.0 
786.0032884513039 11.540322580645162 108.0 830.0 10.0 712.0 75922.0 
788.0032884513039 11.556451612903228 108.0 831.0 10.0 713.0 76024.0 
790.0032884513039 11.588709677419356 108.0 831.0 10.0 715.0 76229.0 
792.0032884513039 11.588709677419356 109.0 834.0 10.0 715.0 76229.0 
794.0032884513039 11.620967741935482 108.0 835.0 10.0 717.0 76434.0 
796.0032884513039 11.669354838709676 106.0 835.0 10.0 720.0 76741.0 
798.0017282496009 11.68548387096774 107.0 837.0 10.0 721.0 76843.0 
800.0032884513039 11.701612903225806 106.0 839.0 10.0 722.0 76945.0 
802.0032884513039 11.733870967741936 107.0 841.0 10.0 724.0 77151.0 
804.0032884513039 11.75 106.0 841.0 10.0 725.0 77253.0 
806.0032884513039 11.766129032258064 108.0 843.0 10.0 726.0 77355.0 
808.0032884513039 11.766129032258064 107.0 844.0 10.0 726.0 77355.0 
810.0032884513039 11.798387096774194 107.0 846.0 10.0 728.0 77559.0 
812.0032884513039 11.81451612903226 107.0 846.0 10.0 729.0 77662.0 
814.0032884513039 11.830645161290324 111.0 852.0 10.0 730.0 77765.0 
816.0032884513039 11.830645161290324 117.0 857.0 10.0 730.0 77765.0 
818.0032884513039 11.862903225806452 117.0 859.0 10.0 732.0 78057.0 
820.0032884513039 11.895161290322582 116.0 861.0 10.0 734.0 78276.0 
822.0032884513039 11.927419354838708 117.0 863.0 10.0 736.0 78482.0 
824.0032884513039 11.959677419354838 117.0 865.0 10.0 738.0 78686.0 
826.0032884513039 12.008064516129032 116.0 865.0 10.0 741.0 78994.0 
828.0032884513039 12.040322580645162 112.0 865.0 10.0 743.0 79199.0 
830.0032884513039 12.088709677419356 111.0 866.0 10.0 746.0 79507.0 
832.0032884513039 12.104838709677418 109.0 867.0 10.0 747.0 79609.0 
834.0017024820818 12.18548387096774 108.0 868.0 10.0 752.0 80122.0 
836.0032884513039 12.25 105.0 870.0 10.0 756.0 80530.0 
838.0032884513039 12.298387096774194 105.0 873.0 10.0 759.0 80838.0 
840.0032884513039 12.298387096774194 105.0 874.0 10.0 759.0 80838.0 
842.0032884513039 12.362903225806454 104.0 874.0 10.0 763.0 81250.0 
844.0032884513039 12.395161290322582 101.0 876.0 10.0 765.0 81456.0 
846.0032884513039 12.443548387096772 100.0 878.0 10.0 768.0 81774.0 
848.0032884513039 12.524193548387096 96.0 879.0 10.0 773.0 82287.0 
850.0032884513039 12.604838709677418 95.0 882.0 10.0 778.0 82818.0 
852.0032884513039 12.637096774193546 95.0 884.0 10.0 780.0 83023.0 
854.0032884513039 12.68548387096774 97.0 889.0 10.0 783.0 83332.0 
856.0032884513039 12.71774193548387 99.0 894.0 10.0 785.0 83537.0 
858.0032884513039 12.766129032258064 96.0 895.0 10.0 788.0 83844.0 
860.0032884513039 12.78225806451613 99.0 900.0 10.0 789.0 83947.0 
862.0032884513039 12.830645161290324 103.0 904.0 10.0 792.0 84296.0 
864.0032884513039 12.862903225806454 101.0 906.0 10.0 794.0 84502.0 
866.0032884513039 12.895161290322582 101.0 906.0 10.0 796.0 84707.0 
868.0032884513039 12.895161290322582 103.0 910.0 10.0 796.0 84707.0 
870.0032884513039 12.895161290322582 105.0 913.0 10.0 796.0 84707.0 
872.002096401191 12.911290322580644 108.0 915.0 10.0 797.0 84809.0 
874.0032884513039 12.927419354838708 108.0 916.0 10.0 798.0 84912.0 
876.0032884513039 12.975806451612904 108.0 918.0 10.0 801.0 85219.0 
878.0032884513039 13.008064516129032 107.0 920.0 10.0 803.0 85425.0 
880.0032884513039 13.024193548387096 107.0 921.0 10.0 804.0 85527.0 
882.0032884513039 13.040322580645162 109.0 923.0 10.0 805.0 85630.0 
884.0032884513039 13.040322580645162 111.0 927.0 11.0 805.0 85643.0 
886.0032884513039 13.056451612903228 110.0 928.0 11.0 806.0 85745.0 
888.0032884513039 13.120967741935482 112.0 931.0 11.0 810.0 86470.0 
890.0032884513039 13.153225806451612 110.0 932.0 11.0 812.0 86675.0 
892.0032884513039 13.153225806451612 109.0 932.0 11.0 812.0 86675.0 
894.0032884513039 13.201612903225806 109.0 933.0 11.0 815.0 86982.0 
896.0032884513039 13.21774193548387 109.0 935.0 11.0 816.0 87085.0 
898.0032884513039 13.21774193548387 113.0 941.0 11.0 816.0 87085.0 
900.0032884513039 13.25 117.0 944.0 11.0 818.0 87289.0 
#####################################################################
# End of data export. Simulation finished at: 2020-01-15T05:41+0000 #
#####################################################################
