#####################################################################
# Alchemist log file - simulation started at: 2020-02-21T13:50+0000 #
#####################################################################
# seed = 78.0, taskFrequency = 0.04217, cloudcost = 17.0, algorithm = true
#
# The columns have the following meaning: 
# time taskHops[Mean] hasTask[Sum] tasks[Sum] completedTasks[Sum] giveupTasks[Sum] taskLatency[Sum] 
0.0 NaN 0.0 0.0 0.0 0.0 0.0 
2.0154057114139863 NaN 8.0 13.0 0.0 0.0 0.0 
4.015405711413987 NaN 20.0 21.0 0.0 0.0 0.0 
6.015405711413987 NaN 30.0 35.0 0.0 0.0 0.0 
8.003032088461609 NaN 43.0 48.0 0.0 0.0 0.0 
10.004112226680512 NaN 53.0 55.0 0.0 0.0 0.0 
12.015405711413987 NaN 62.0 62.0 0.0 0.0 0.0 
14.015405711413987 1.6666666666666667 63.0 63.0 3.0 0.0 39.0 
16.015405711413987 1.6 60.0 69.0 10.0 0.0 135.0 
18.013591137176853 1.5833333333333333 61.0 75.0 12.0 0.0 163.0 
20.01353415881203 1.4666666666666668 64.0 78.0 15.0 0.0 203.0 
22.015405711413987 1.4 62.0 81.0 20.0 0.0 280.0 
24.015405711413987 1.45 63.0 84.0 21.0 0.0 281.0 
26.015405711413987 1.4285714285714286 67.0 89.0 22.0 0.0 295.0 
28.015405711413987 1.4285714285714286 68.0 91.0 22.0 0.0 295.0 
30.015405711413987 1.5384615384615385 70.0 94.0 27.0 0.0 399.0 
32.01540571141399 1.5185185185185186 73.0 103.0 28.0 0.0 412.0 
34.01540571141399 1.5357142857142858 76.0 105.0 29.0 0.0 434.0 
36.01540571141399 1.5357142857142858 81.0 110.0 29.0 0.0 434.0 
38.01540571141399 1.5666666666666667 84.0 116.0 31.0 0.0 483.0 
40.01540571141399 1.5483870967741935 88.0 120.0 32.0 0.0 496.0 
42.01540571141399 1.5454545454545454 88.0 120.0 34.0 0.0 541.0 
44.01540571141399 1.5454545454545454 88.0 122.0 34.0 0.0 541.0 
46.01540571141399 1.5454545454545454 88.0 122.0 34.0 0.0 541.0 
48.01540571141399 1.7142857142857142 88.0 123.0 37.0 0.0 619.0 
50.01540571141399 1.7027027027027026 86.0 125.0 39.0 0.0 651.0 
52.01540571141399 1.7435897435897436 85.0 128.0 42.0 0.0 699.0 
54.01540571141399 1.7435897435897436 87.0 130.0 42.0 0.0 699.0 
56.01540571141399 1.8048780487804879 89.0 132.0 45.0 0.0 755.0 
58.01540571141399 1.8048780487804879 88.0 133.0 45.0 0.0 755.0 
60.01540571141399 1.9523809523809523 87.0 134.0 48.0 0.0 837.0 
62.01540571141399 1.9772727272727273 86.0 137.0 50.0 0.0 901.0 
64.01540571141399 1.9772727272727273 89.0 139.0 50.0 0.0 901.0 
66.01540571141399 2.0 90.0 140.0 52.0 0.0 965.0 
68.01540571141399 2.0 87.0 140.0 53.0 0.0 1021.0 
70.01540571141399 2.0434782608695654 86.0 142.0 55.0 0.0 1048.0 
72.01540571141399 2.0652173913043477 89.0 145.0 56.0 0.0 1066.0 
74.01540571141399 2.127659574468085 87.0 145.0 58.0 0.0 1129.0 
76.01540571141399 2.127659574468085 94.0 152.0 58.0 0.0 1129.0 
78.01540571141399 2.127659574468085 95.0 153.0 58.0 0.0 1129.0 
80.01540571141399 2.25 95.0 154.0 60.0 0.0 1205.0 
82.01540571141399 2.291666666666667 93.0 154.0 61.0 0.0 1225.0 
84.00080021796651 2.306122448979592 94.0 156.0 62.0 0.0 1251.0 
86.01540571141399 2.326530612244898 94.0 156.0 63.0 0.0 1265.0 
88.01540571141399 2.326530612244898 94.0 157.0 63.0 0.0 1265.0 
90.01540571141399 2.4285714285714284 94.0 158.0 66.0 0.0 1325.0 
92.01540571141399 2.4285714285714284 92.0 158.0 66.0 0.0 1325.0 
94.01540571141399 2.4489795918367347 93.0 159.0 67.0 0.0 1344.0 
96.01540571141399 2.510204081632653 95.0 163.0 69.0 0.0 1384.0 
98.01540571141399 2.510204081632653 95.0 165.0 69.0 0.0 1384.0 
100.01540571141399 2.612244897959184 94.0 165.0 71.0 0.0 1437.0 
102.01540571141399 2.7199999999999998 92.0 166.0 74.0 0.0 1599.0 
104.01540571141399 4.072727272727273 94.0 170.0 74.0 5.0 2105.0 
106.01540571141399 6.080645161290322 86.0 173.0 74.0 14.0 2738.0 
108.01540571141399 9.439024390243903 77.0 175.0 76.0 37.0 4692.0 
110.01540571141399 11.387755102040817 49.0 176.0 76.0 57.0 6268.0 
112.01540571141399 12.320388349514564 44.0 180.0 76.0 66.0 6705.0 
114.01540571141399 12.813084112149532 39.0 185.0 76.0 72.0 7068.0 
116.01540571141399 13.140186915887849 36.0 186.0 77.0 74.0 7115.0 
118.01540571141399 13.333333333333332 40.0 192.0 77.0 76.0 7216.0 
120.01540571141399 14.207207207207208 35.0 193.0 78.0 84.0 7720.0 
122.01540571141399 14.99099099099099 32.0 201.0 80.0 89.0 7896.0 
124.01540571141399 14.875 36.0 207.0 81.0 89.0 7915.0 
126.01540571141399 15.04424778761062 40.0 210.0 81.0 91.0 8022.0 
128.015405711414 15.43859649122807 37.0 213.0 83.0 94.0 8172.0 
130.015405711414 15.629310344827585 37.0 218.0 84.0 97.0 8291.0 
132.015405711414 16.224137931034484 42.0 225.0 85.0 101.0 8328.0 
134.015405711414 16.230769230769234 39.0 227.0 85.0 102.0 8387.0 
136.015405711414 16.66949152542373 40.0 230.0 85.0 106.0 8590.0 
138.015405711414 16.852459016393443 36.0 230.0 86.0 111.0 8877.0 
140.015405711414 17.270491803278688 33.0 234.0 86.0 114.0 9002.0 
142.015405711414 17.40983606557377 35.0 237.0 86.0 115.0 9007.0 
144.015405711414 17.639344262295083 35.0 239.0 91.0 116.0 9096.0 
146.015405711414 18.221311475409838 33.0 241.0 92.0 120.0 9148.0 
148.015405711414 18.540983606557376 32.0 246.0 94.0 122.0 9195.0 
150.015405711414 18.540983606557376 36.0 254.0 94.0 122.0 9195.0 
152.015405711414 18.68032786885246 41.0 259.0 94.0 123.0 9297.0 
154.015405711414 19.15573770491803 42.0 262.0 96.0 126.0 9365.0 
156.015405711414 19.303278688524593 45.0 269.0 97.0 127.0 9393.0 
158.015405711414 19.4672131147541 47.0 272.0 98.0 128.0 9422.0 
160.015405711414 19.475409836065573 45.0 274.0 99.0 128.0 9438.0 
162.01066919858238 19.491803278688526 49.0 279.0 101.0 128.0 9457.0 
164.015405711414 19.51639344262295 54.0 283.0 103.0 128.0 9489.0 
166.015405711414 19.524590163934427 51.0 286.0 104.0 128.0 9504.0 
168.015405711414 19.524590163934427 55.0 289.0 104.0 128.0 9504.0 
170.015405711414 19.524590163934427 60.0 294.0 104.0 128.0 9504.0 
172.015405711414 19.524590163934427 65.0 297.0 104.0 128.0 9504.0 
174.015405711414 20.081967213114755 62.0 298.0 104.0 132.0 9551.0 
176.015405711414 20.303278688524593 62.0 301.0 108.0 133.0 9624.0 
178.015405711414 20.63114754098361 61.0 304.0 110.0 135.0 9671.0 
180.015405711414 21.049180327868854 60.0 308.0 110.0 138.0 9707.0 
182.015405711414 20.951219512195124 60.0 311.0 113.0 138.0 9827.0 
184.015405711414 21.11382113821138 61.0 313.0 114.0 139.0 9962.0 
186.015405711414 21.217741935483872 61.0 314.0 114.0 141.0 10037.0 
188.015405711414 21.35483870967742 63.0 319.0 114.0 142.0 10038.0 
190.015405711414 21.37096774193548 63.0 320.0 115.0 142.0 10058.0 
192.015405711414 21.790322580645164 68.0 327.0 116.0 145.0 10154.0 
194.015405711414 21.822580645161292 68.0 331.0 119.0 145.0 10223.0 
196.015405711414 21.792 67.0 333.0 120.0 146.0 10332.0 
198.015405711414 21.928 68.0 334.0 120.0 147.0 10411.0 
200.015405711414 22.224 68.0 339.0 121.0 149.0 10511.0 
202.015405711414 22.288 70.0 342.0 123.0 149.0 10563.0 
204.015405711414 22.320000000000004 73.0 346.0 125.0 149.0 10563.0 
206.015405711414 22.624000000000002 73.0 348.0 126.0 151.0 10709.0 
208.015405711414 22.631999999999998 73.0 351.0 127.0 151.0 10724.0 
210.015405711414 22.768 72.0 351.0 127.0 152.0 10815.0 
212.015405711414 22.928 73.0 355.0 129.0 153.0 10948.0 
214.015405711414 23.119999999999997 75.0 359.0 132.0 154.0 11121.0 
216.015405711414 23.959999999999997 71.0 362.0 133.0 160.0 11376.0 
218.015405711414 24.119999999999997 70.0 364.0 134.0 161.0 11403.0 
220.015405711414 24.935999999999996 67.0 365.0 134.0 167.0 11841.0 
222.015405711414 25.504 63.0 368.0 135.0 171.0 12115.0 
224.015405711414 26.351999999999997 60.0 368.0 137.0 177.0 12458.0 
226.015405711414 27.176000000000002 52.0 371.0 138.0 183.0 12773.0 
228.015405711414 27.447999999999997 51.0 376.0 138.0 185.0 12791.0 
230.015405711414 28.0 53.0 380.0 139.0 189.0 12965.0 
232.015405711414 28.160000000000004 52.0 384.0 141.0 190.0 13032.0 
234.015405711414 28.568 55.0 388.0 141.0 193.0 13337.0 
236.015405711414 28.576000000000004 55.0 391.0 142.0 193.0 13351.0 
238.015405711414 28.576000000000004 58.0 394.0 142.0 193.0 13351.0 
240.015405711414 28.727999999999998 60.0 397.0 144.0 194.0 13395.0 
242.015405711414 28.872 62.0 401.0 145.0 195.0 13414.0 
244.015405711414 29.008 64.0 404.0 145.0 196.0 13458.0 
246.015405711414 29.152 64.0 405.0 146.0 197.0 13538.0 
248.015405711414 29.264 64.0 409.0 151.0 197.0 13637.0 
250.015405711414 29.264 64.0 413.0 151.0 197.0 13637.0 
252.015405711414 30.088 66.0 421.0 152.0 203.0 13804.0 
254.015405711414 30.784000000000002 66.0 422.0 153.0 208.0 14100.0 
256.015405711414 31.872 62.0 426.0 153.0 216.0 14282.0 
258.015405711414 32.431999999999995 55.0 428.0 155.0 220.0 14516.0 
260.015405711414 32.84 54.0 432.0 155.0 223.0 14746.0 
262.00879726629137 33.0 55.0 434.0 156.0 224.0 14793.0 
264.015405711414 34.144 53.0 439.0 158.0 232.0 15331.0 
266.015405711414 34.967999999999996 48.0 444.0 159.0 238.0 15612.0 
268.015405711414 34.967999999999996 49.0 447.0 159.0 238.0 15612.0 
270.015405711414 35.519999999999996 50.0 451.0 160.0 242.0 15679.0 
272.015405711414 35.928 49.0 452.0 160.0 245.0 15799.0 
274.015405711414 36.2 50.0 456.0 160.0 247.0 15961.0 
276.015405711414 36.263999999999996 52.0 460.0 162.0 247.0 16071.0 
278.015405711414 36.296 51.0 463.0 164.0 247.0 16112.0 
280.015405711414 36.727999999999994 50.0 463.0 164.0 250.0 16230.0 
282.015405711414 37.024 51.0 468.0 164.0 252.0 16278.0 
284.015405711414 37.296 51.0 468.0 164.0 254.0 16328.0 
286.015405711414 37.448 50.0 470.0 165.0 255.0 16385.0 
288.015405711414 37.471999999999994 54.0 476.0 166.0 255.0 16415.0 
290.015405711414 37.904 56.0 478.0 167.0 258.0 16544.0 
292.015405711414 38.488 49.0 480.0 169.0 262.0 16673.0 
294.015405711414 39.192 56.0 488.0 170.0 267.0 16766.0 
296.015405711414 40.007999999999996 51.0 491.0 170.0 273.0 17011.0 
298.015405711414 40.28 48.0 495.0 170.0 275.0 17039.0 
300.0071704062843 40.688 56.0 504.0 170.0 278.0 17137.0 
302.015405711414 40.824 60.0 508.0 170.0 279.0 17137.0 
304.015405711414 41.504000000000005 58.0 510.0 170.0 284.0 17211.0 
306.015405711414 41.64 58.0 512.0 170.0 285.0 17312.0 
308.015405711414 42.28 56.0 516.0 173.0 289.0 17552.0 
310.00823659114104 42.824 56.0 520.0 173.0 293.0 17605.0 
312.015405711414 43.096 56.0 524.0 173.0 295.0 17606.0 
314.015405711414 43.152 57.0 528.0 175.0 295.0 17642.0 
316.015405711414 43.152 61.0 533.0 175.0 295.0 17642.0 
318.015405711414 43.696 64.0 536.0 175.0 299.0 17830.0 
320.015405711414 44.104 63.0 542.0 175.0 302.0 18033.0 
322.015405711414 44.408 65.0 545.0 177.0 304.0 18062.0 
324.015405711414 44.424 64.0 550.0 178.0 304.0 18077.0 
326.015405711414 44.848 70.0 554.0 179.0 307.0 18176.0 
328.015405711414 44.872 68.0 556.0 180.0 307.0 18204.0 
330.015405711414 45.007999999999996 68.0 556.0 180.0 308.0 18224.0 
332.00116423497576 45.56 68.0 560.0 181.0 312.0 18423.0 
334.015405711414 46.384 70.0 565.0 182.0 318.0 18604.0 
336.015405711414 46.928 65.0 568.0 182.0 322.0 18772.0 
338.015405711414 46.928 66.0 570.0 182.0 322.0 18772.0 
340.015405711414 47.256 64.0 571.0 184.0 324.0 18913.0 
342.015405711414 47.256 64.0 572.0 184.0 324.0 18913.0 
344.015405711414 47.568000000000005 63.0 573.0 186.0 326.0 19072.0 
346.015405711414 48.016000000000005 59.0 575.0 189.0 329.0 19304.0 
348.015405711414 48.152 56.0 575.0 189.0 330.0 19386.0 
350.015405711414 48.168 60.0 580.0 190.0 330.0 19403.0 
352.015405711414 48.168 64.0 584.0 190.0 330.0 19403.0 
354.015405711414 49.256 62.0 587.0 190.0 338.0 19762.0 
356.015405711414 49.816 56.0 588.0 191.0 342.0 19953.0 
358.015405711414 49.816 57.0 590.0 191.0 342.0 19953.0 
360.015405711414 49.864 58.0 592.0 193.0 342.0 20001.0 
362.015405711414 50.016000000000005 58.0 594.0 194.0 343.0 20115.0 
364.0132432266653 50.696 53.0 596.0 194.0 348.0 20353.0 
366.00298661811127 50.976 59.0 603.0 194.0 350.0 20528.0 
368.015405711414 52.272000000000006 56.0 606.0 197.0 359.0 20921.0 
370.015405711414 52.816 49.0 609.0 197.0 363.0 21107.0 
372.0147865539973 53.224000000000004 50.0 614.0 197.0 366.0 21236.0 
374.015405711414 53.775999999999996 49.0 617.0 198.0 370.0 21356.0 
376.015405711414 53.775999999999996 51.0 620.0 198.0 370.0 21356.0 
378.015405711414 54.328 51.0 621.0 199.0 374.0 21657.0 
380.015405711414 54.376 52.0 625.0 201.0 374.0 21677.0 
382.015405711414 55.056000000000004 51.0 632.0 201.0 379.0 21805.0 
384.015405711414 55.768 49.0 634.0 202.0 384.0 22141.0 
386.015405711414 56.455999999999996 48.0 639.0 203.0 389.0 22304.0 
388.015405711414 56.592000000000006 47.0 642.0 203.0 390.0 22341.0 
390.015405711414 56.727999999999994 52.0 647.0 203.0 391.0 22369.0 
392.015405711414 57.0 54.0 654.0 203.0 393.0 22413.0 
394.015405711414 57.272000000000006 58.0 656.0 203.0 395.0 22547.0 
396.015405711414 57.84 58.0 661.0 205.0 399.0 22662.0 
398.015405711414 58.263999999999996 57.0 666.0 207.0 402.0 22730.0 
400.015405711414 58.70399999999999 56.0 669.0 209.0 405.0 22842.0 
402.015405711414 58.84 57.0 673.0 209.0 406.0 22859.0 
404.0100094531182 59.29600000000001 56.0 678.0 211.0 409.0 22920.0 
406.015405711414 59.568000000000005 60.0 681.0 211.0 411.0 22932.0 
408.015405711414 59.60000000000001 60.0 684.0 212.0 411.0 22974.0 
410.015405711414 59.904 58.0 685.0 214.0 413.0 23225.0 
412.015405711414 60.471999999999994 64.0 693.0 215.0 417.0 23485.0 
414.015405711414 60.656 63.0 696.0 217.0 418.0 23568.0 
416.015405711414 60.93599999999999 60.0 698.0 218.0 420.0 23622.0 
418.015405711414 62.040000000000006 60.0 700.0 220.0 428.0 23842.0 
420.015405711414 62.72 53.0 705.0 220.0 433.0 23959.0 
422.015405711414 63.4 50.0 707.0 220.0 438.0 24107.0 
424.015405711414 63.70399999999999 51.0 712.0 221.0 440.0 24321.0 
426.015405711414 63.888 56.0 717.0 223.0 441.0 24456.0 
428.015405711414 65.28 51.0 720.0 223.0 451.0 24868.0 
430.015405711414 65.576 48.0 724.0 225.0 453.0 24940.0 
432.015405711414 65.712 48.0 727.0 225.0 454.0 24949.0 
434.015405711414 65.712 52.0 734.0 225.0 454.0 24949.0 
436.015405711414 65.848 56.0 736.0 225.0 455.0 24950.0 
438.015405711414 65.888 57.0 738.0 226.0 455.0 24987.0 
440.00122679149786 66.176 56.0 744.0 227.0 457.0 25045.0 
442.015405711414 66.176 63.0 748.0 227.0 457.0 25045.0 
444.015405711414 66.176 65.0 749.0 227.0 457.0 25045.0 
446.0095240796792 66.224 64.0 751.0 229.0 457.0 25142.0 
448.015405711414 66.632 71.0 758.0 229.0 460.0 25145.0 
450.015405711414 66.768 70.0 759.0 229.0 461.0 25170.0 
452.015405711414 67.744 66.0 761.0 229.0 468.0 25348.0 
454.015405711414 68.456 65.0 763.0 230.0 473.0 25519.0 
456.015405711414 69.424 61.0 767.0 232.0 480.0 25734.0 
458.015405711414 69.432 54.0 767.0 233.0 480.0 25757.0 
460.015405711414 69.704 52.0 768.0 233.0 482.0 25802.0 
462.015405711414 69.712 54.0 769.0 234.0 482.0 25825.0 
464.015405711414 69.712 53.0 769.0 234.0 482.0 25825.0 
466.015405711414 69.856 52.0 771.0 235.0 483.0 25859.0 
468.015405711414 70.264 60.0 779.0 235.0 486.0 26034.0 
470.015405711414 70.672 59.0 782.0 235.0 489.0 26111.0 
472.015405711414 71.56 59.0 787.0 237.0 495.0 26549.0 
474.015405711414 72.104 58.0 790.0 237.0 499.0 26565.0 
476.015405711414 72.512 56.0 795.0 237.0 502.0 26650.0 
478.015405711414 72.648 57.0 797.0 237.0 503.0 26658.0 
480.015405711414 72.784 61.0 805.0 237.0 504.0 26760.0 
482.015405711414 73.736 62.0 809.0 237.0 511.0 27136.0 
484.015405711414 74.048 61.0 814.0 239.0 513.0 27204.0 
486.015405711414 74.59200000000001 60.0 815.0 239.0 517.0 27516.0 
488.015405711414 75.0 59.0 817.0 239.0 520.0 27621.0 
490.015405711414 75.272 60.0 822.0 239.0 522.0 27700.0 
492.015405711414 75.848 59.0 825.0 240.0 526.0 27880.0 
494.015405711414 76.264 59.0 828.0 241.0 529.0 28022.0 
496.015405711414 77.632 53.0 832.0 242.0 539.0 28209.0 
498.015405711414 77.792 53.0 837.0 244.0 540.0 28275.0 
500.015405711414 78.61600000000001 50.0 839.0 245.0 546.0 28536.0 
502.015405711414 79.072 45.0 840.0 246.0 549.0 28689.0 
504.015405711414 79.208 45.0 841.0 246.0 550.0 28791.0 
506.015405711414 79.344 45.0 843.0 246.0 551.0 28803.0 
508.015405711414 79.888 47.0 847.0 246.0 555.0 28867.0 
510.015405711414 80.44 50.0 852.0 247.0 559.0 28983.0 
512.015405711414 80.47200000000001 50.0 858.0 248.0 559.0 29013.0 
514.015405711414 81.304 53.0 864.0 249.0 565.0 29325.0 
516.015405711414 82.128 53.0 870.0 250.0 571.0 29557.0 
518.015405711414 82.264 51.0 873.0 250.0 572.0 29557.0 
520.015405711414 82.264 53.0 876.0 250.0 572.0 29557.0 
522.015405711414 82.536 58.0 882.0 250.0 574.0 29588.0 
524.015405711414 83.52000000000001 59.0 885.0 251.0 581.0 29855.0 
526.015405711414 84.816 50.0 890.0 255.0 590.0 30184.0 
528.015405711414 85.36 48.0 894.0 255.0 594.0 30299.0 
530.015405711414 85.904 50.0 899.0 255.0 598.0 30317.0 
532.015405711414 86.72 49.0 903.0 255.0 604.0 30529.0 
534.015405711414 87.416 46.0 909.0 256.0 609.0 30701.0 
536.015405711414 87.688 46.0 912.0 256.0 611.0 30749.0 
538.015405711414 87.96799999999999 44.0 915.0 257.0 613.0 30801.0 
540.015405711414 88.24 49.0 921.0 257.0 615.0 30929.0 
542.015405711414 88.376 50.0 925.0 257.0 616.0 30937.0 
544.015405711414 89.2 49.0 929.0 258.0 622.0 31085.0 
546.015405711414 89.632 51.0 938.0 261.0 625.0 31119.0 
548.015405711414 89.912 52.0 941.0 262.0 627.0 31135.0 
550.015405711414 89.94399999999999 52.0 943.0 263.0 627.0 31140.0 
552.015405711414 90.24 51.0 943.0 265.0 629.0 31216.0 
554.015405711414 90.24 56.0 951.0 265.0 629.0 31216.0 
556.015405711414 90.24 62.0 957.0 265.0 629.0 31216.0 
558.015405711414 90.512 64.0 960.0 265.0 631.0 31319.0 
560.015405711414 90.91999999999999 64.0 964.0 265.0 634.0 31415.0 
562.015405711414 90.99199999999999 67.0 969.0 268.0 634.0 31470.0 
564.015405711414 90.99199999999999 68.0 972.0 268.0 634.0 31470.0 
566.015405711414 91.03200000000001 69.0 973.0 270.0 634.0 31526.0 
568.015405711414 91.47200000000001 69.0 975.0 273.0 637.0 31736.0 
570.015405711414 93.24 63.0 982.0 273.0 650.0 32262.0 
572.015405711414 93.8 57.0 984.0 275.0 654.0 32348.0 
574.000014292646 94.088 56.0 987.0 276.0 656.0 32420.0 
576.015405711414 94.232 57.0 993.0 277.0 657.0 32434.0 
578.015405711414 94.656 57.0 995.0 278.0 660.0 32501.0 
580.015405711414 95.24 54.0 999.0 280.0 664.0 32683.0 
582.015405711414 95.784 56.0 1003.0 280.0 668.0 32755.0 
584.015405711414 96.464 56.0 1009.0 280.0 673.0 32776.0 
586.015405711414 96.736 60.0 1014.0 280.0 675.0 32864.0 
588.015405711414 96.904 59.0 1016.0 282.0 676.0 32959.0 
590.015405711414 96.93599999999999 56.0 1017.0 284.0 676.0 32998.0 
592.015405711414 97.216 57.0 1018.0 285.0 678.0 33122.0 
594.015405711414 98.05600000000001 52.0 1023.0 287.0 684.0 33337.0 
596.015405711414 98.352 53.0 1027.0 288.0 686.0 33515.0 
598.015405711414 98.36 57.0 1034.0 289.0 686.0 33525.0 
600.015405711414 98.656 61.0 1039.0 291.0 688.0 33626.0 
602.015405711414 99.352 62.0 1044.0 292.0 693.0 33824.0 
604.0063429585676 99.8 56.0 1046.0 294.0 696.0 33995.0 
606.015405711414 100.224 55.0 1050.0 295.0 699.0 34052.0 
608.015405711414 100.54400000000001 54.0 1050.0 297.0 701.0 34215.0 
610.015405711414 101.632 56.0 1056.0 297.0 709.0 34313.0 
612.015405711414 101.76799999999999 54.0 1060.0 297.0 710.0 34324.0 
614.015405711414 101.76799999999999 57.0 1067.0 297.0 710.0 34324.0 
616.015405711414 102.904 59.0 1071.0 299.0 718.0 34710.0 
618.015405711414 103.312 53.0 1073.0 299.0 721.0 34831.0 
620.015405711414 103.856 50.0 1076.0 299.0 725.0 34881.0 
622.015405711414 104.424 51.0 1081.0 300.0 729.0 34929.0 
624.015405711414 105.248 53.0 1087.0 301.0 735.0 35191.0 
626.015405711414 105.55199999999999 56.0 1094.0 302.0 737.0 35321.0 
628.015405711414 105.856 55.0 1098.0 304.0 739.0 35380.0 
630.015405711414 106.03200000000001 55.0 1100.0 306.0 740.0 35510.0 
632.015405711414 106.168 57.0 1104.0 306.0 741.0 35538.0 
634.015405711414 106.44 58.0 1107.0 306.0 743.0 35576.0 
636.015405711414 107.52799999999999 58.0 1110.0 306.0 751.0 35972.0 
638.015405711414 108.216 55.0 1116.0 307.0 756.0 36136.0 
640.015405711414 108.24 54.0 1118.0 309.0 756.0 36172.0 
642.015405711414 108.55199999999999 55.0 1124.0 311.0 758.0 36280.0 
644.0125551069027 108.824 57.0 1126.0 311.0 760.0 36482.0 
646.015405711414 109.784 51.0 1127.0 312.0 767.0 36697.0 
648.015405711414 109.8 49.0 1129.0 313.0 767.0 36720.0 
650.015405711414 110.08800000000001 52.0 1135.0 314.0 769.0 36822.0 
652.015405711414 110.096 54.0 1139.0 315.0 769.0 36849.0 
654.015405711414 110.47999999999999 59.0 1148.0 317.0 771.0 36892.0 
656.015405711414 111.304 59.0 1152.0 318.0 777.0 37024.0 
658.0089936091077 111.576 58.0 1156.0 318.0 779.0 37130.0 
660.015405711414 112.94399999999999 56.0 1160.0 319.0 789.0 37381.0 
662.015405711414 112.94399999999999 54.0 1162.0 319.0 789.0 37381.0 
664.015405711414 113.272 56.0 1168.0 322.0 791.0 37521.0 
666.015405711414 114.08800000000001 57.0 1176.0 322.0 797.0 37716.0 
668.015405711414 114.08800000000001 60.0 1182.0 322.0 797.0 37716.0 
670.015405711414 114.376 63.0 1183.0 323.0 799.0 37755.0 
672.015405711414 114.52000000000001 67.0 1190.0 324.0 800.0 37813.0 
674.015405711414 115.08800000000001 60.0 1190.0 326.0 804.0 37970.0 
676.015405711414 115.08800000000001 62.0 1192.0 326.0 804.0 37970.0 
678.015405711414 115.368 63.0 1193.0 327.0 806.0 38008.0 
680.015405711414 115.50399999999999 62.0 1196.0 327.0 807.0 38093.0 
682.015405711414 115.50399999999999 64.0 1198.0 327.0 807.0 38093.0 
684.015405711414 116.048 66.0 1200.0 327.0 811.0 38137.0 
686.015405711414 116.45599999999999 66.0 1206.0 327.0 814.0 38186.0 
688.015405711414 116.47200000000001 67.0 1210.0 328.0 814.0 38205.0 
690.015405711414 116.512 71.0 1214.0 330.0 814.0 38249.0 
692.015405711414 116.512 71.0 1216.0 330.0 814.0 38249.0 
694.015405711414 116.808 73.0 1219.0 332.0 816.0 38392.0 
696.015405711414 116.83999999999999 71.0 1220.0 333.0 816.0 38420.0 
698.015405711414 116.98400000000001 71.0 1222.0 334.0 817.0 38470.0 
700.015405711414 117.12 74.0 1225.0 334.0 818.0 38516.0 
702.015405711414 119.16000000000001 66.0 1228.0 334.0 833.0 39115.0 
704.015405711414 119.176 64.0 1232.0 336.0 833.0 39145.0 
706.007226136333 119.44800000000001 64.0 1237.0 336.0 835.0 39163.0 
708.015405711414 120.176 63.0 1239.0 338.0 840.0 39400.0 
710.015405711414 120.32 61.0 1241.0 339.0 841.0 39471.0 
712.015405711414 121.01599999999999 62.0 1246.0 340.0 846.0 39672.0 
714.015405711414 121.336 60.0 1250.0 342.0 848.0 39744.0 
716.015405711414 121.88 61.0 1253.0 342.0 852.0 39763.0 
718.010798851538 122.832 58.0 1259.0 342.0 859.0 40073.0 
720.015405711414 123.512 58.0 1263.0 342.0 864.0 40299.0 
722.0018826088091 123.8 57.0 1265.0 343.0 866.0 40391.0 
724.015405711414 123.976 56.0 1266.0 345.0 867.0 40500.0 
726.015405711414 124.11200000000001 57.0 1270.0 345.0 868.0 40523.0 
728.015405711414 124.96000000000001 56.0 1272.0 346.0 874.0 40845.0 
730.0043765307618 125.232 52.0 1276.0 346.0 876.0 40952.0 
732.015405711414 126.08000000000001 52.0 1280.0 348.0 882.0 41229.0 
734.015405711414 126.488 50.0 1284.0 348.0 885.0 41488.0 
736.015405711414 126.76 52.0 1287.0 348.0 887.0 41602.0 
738.015405711414 127.44 54.0 1291.0 348.0 892.0 41834.0 
740.015405711414 128.936 43.0 1293.0 348.0 903.0 42251.0 
742.015405711414 129.376 41.0 1296.0 350.0 906.0 42323.0 
744.015405711414 129.648 44.0 1305.0 350.0 908.0 42325.0 
746.015405711414 130.056 49.0 1308.0 350.0 911.0 42330.0 
748.015405711414 130.48 50.0 1314.0 351.0 914.0 42407.0 
750.015405711414 130.768 54.0 1321.0 352.0 916.0 42526.0 
752.015405711414 131.176 56.0 1325.0 352.0 919.0 42690.0 
754.015405711414 131.584 56.0 1330.0 352.0 922.0 42840.0 
756.0131341310458 132.432 55.0 1335.0 353.0 928.0 43014.0 
758.015405711414 132.432 58.0 1339.0 353.0 928.0 43014.0 
760.015405711414 132.568 60.0 1344.0 353.0 929.0 43026.0 
762.015405711414 133.248 66.0 1351.0 353.0 934.0 43283.0 
764.015405711414 133.528 65.0 1354.0 354.0 936.0 43320.0 
766.015405711414 134.224 66.0 1360.0 355.0 941.0 43638.0 
768.015405711414 135.608 58.0 1361.0 356.0 951.0 43845.0 
770.015405711414 136.288 57.0 1369.0 356.0 956.0 44045.0 
772.015405711414 136.984 56.0 1371.0 357.0 961.0 44135.0 
774.015405711414 137.408 54.0 1373.0 359.0 964.0 44277.0 
776.015405711414 137.68 52.0 1378.0 359.0 966.0 44328.0 
778.015405711414 137.952 53.0 1381.0 359.0 968.0 44329.0 
780.015405711414 138.136 56.0 1385.0 361.0 969.0 44380.0 
782.015405711414 138.136 57.0 1387.0 361.0 969.0 44380.0 
784.015405711414 138.552 59.0 1390.0 362.0 972.0 44475.0 
786.015405711414 138.552 58.0 1393.0 362.0 972.0 44475.0 
788.015405711414 139.10399999999998 59.0 1397.0 362.0 976.0 44656.0 
790.015405711414 139.528 58.0 1402.0 363.0 979.0 44711.0 
792.015405711414 140.096 60.0 1407.0 363.0 983.0 44827.0 
794.015405711414 140.504 61.0 1411.0 363.0 986.0 44858.0 
796.015405711414 140.64 65.0 1414.0 363.0 987.0 44867.0 
798.015405711414 140.792 69.0 1423.0 364.0 988.0 44886.0 
800.015405711414 140.96 73.0 1427.0 365.0 989.0 44947.0 
802.015405711414 141.4 73.0 1429.0 365.0 992.0 45062.0 
804.015405711414 142.264 74.0 1433.0 366.0 998.0 45321.0 
806.015405711414 142.808 69.0 1435.0 366.0 1002.0 45384.0 
808.015405711414 143.76 66.0 1440.0 366.0 1009.0 45621.0 
810.015405711414 144.456 62.0 1440.0 367.0 1014.0 45790.0 
812.015405711414 144.744 60.0 1444.0 369.0 1016.0 45934.0 
814.015405711414 145.288 59.0 1448.0 369.0 1020.0 46036.0 
816.015405711414 145.56 59.0 1450.0 369.0 1022.0 46047.0 
818.015405711414 145.576 64.0 1456.0 370.0 1022.0 46066.0 
820.015405711414 145.98399999999998 68.0 1462.0 370.0 1025.0 46122.0 
822.015405711414 147.368 61.0 1465.0 371.0 1035.0 46452.0 
824.0127320857465 147.64 60.0 1469.0 371.0 1037.0 46460.0 
826.015405711414 147.912 68.0 1478.0 371.0 1039.0 46465.0 
828.015405711414 148.184 67.0 1480.0 371.0 1041.0 46512.0 
830.015405711414 148.592 66.0 1480.0 371.0 1044.0 46560.0 
832.015405711414 148.784 65.0 1483.0 373.0 1045.0 46618.0 
834.015405711414 149.328 68.0 1488.0 373.0 1049.0 46808.0 
836.015405711414 150.008 71.0 1496.0 373.0 1054.0 46915.0 
838.015405711414 150.16 70.0 1499.0 374.0 1055.0 46946.0 
840.015405711414 150.976 71.0 1503.0 374.0 1061.0 47265.0 
842.015405711414 151.128 69.0 1508.0 375.0 1062.0 47363.0 
844.015405711414 152.352 68.0 1509.0 375.0 1071.0 47716.0 
846.0070259374277 153.03199999999998 63.0 1514.0 375.0 1076.0 47856.0 
848.015405711414 153.44 67.0 1520.0 375.0 1079.0 48070.0 
850.015405711414 154.12 68.0 1523.0 375.0 1084.0 48289.0 
852.015405711414 155.344 63.0 1524.0 375.0 1093.0 48818.0 
854.015405711414 155.752 57.0 1527.0 375.0 1096.0 48984.0 
856.015405711414 156.304 52.0 1529.0 376.0 1100.0 49094.0 
858.015405711414 157.256 55.0 1533.0 376.0 1107.0 49259.0 
860.015405711414 157.664 52.0 1537.0 376.0 1110.0 49293.0 
862.015405711414 157.664 52.0 1540.0 376.0 1110.0 49293.0 
864.015405711414 158.072 55.0 1543.0 376.0 1113.0 49339.0 
866.015405711414 158.888 54.0 1544.0 376.0 1119.0 49399.0 
868.015405711414 159.568 49.0 1547.0 376.0 1124.0 49595.0 
870.015405711414 159.976 50.0 1553.0 376.0 1127.0 49634.0 
872.015405711414 161.2 48.0 1556.0 376.0 1136.0 49998.0 
874.015405711414 161.2 45.0 1558.0 376.0 1136.0 49998.0 
876.015405711414 161.2 47.0 1561.0 376.0 1136.0 49998.0 
878.015405711414 161.352 51.0 1565.0 377.0 1137.0 50037.0 
880.015405711414 161.89600000000002 52.0 1569.0 377.0 1141.0 50216.0 
882.015405711414 162.03199999999998 53.0 1571.0 377.0 1142.0 50219.0 
884.0116072752564 162.984 48.0 1574.0 377.0 1149.0 50560.0 
886.015405711414 163.392 52.0 1579.0 377.0 1152.0 50600.0 
888.015405711414 163.664 52.0 1583.0 377.0 1154.0 50637.0 
890.015405711414 164.072 55.0 1588.0 377.0 1157.0 50755.0 
892.015405711414 164.48 59.0 1597.0 377.0 1160.0 50790.0 
894.015405711414 165.16 56.0 1601.0 377.0 1165.0 50848.0 
896.015405711414 165.704 58.0 1603.0 377.0 1169.0 50967.0 
898.015405711414 165.84 59.0 1606.0 377.0 1170.0 50977.0 
900.015405711414 165.976 64.0 1612.0 377.0 1171.0 51039.0 
#####################################################################
# End of data export. Simulation finished at: 2020-02-21T16:14+0000 #
#####################################################################
